#chrom	start	end	size	num_data	min	max	mean	median	sum
chr12	1940100	1940691	591	591	20.00	61.00	38.58	41.00	22801.00
chr1	27480473	27481381	908	908	12.00	33.00	23.06	23.00	20940.00
chr15	63112684	63112809	125	125	138.00	237.00	198.26	207.00	24783.00
chr5	149231737	149232254	517	517	7.00	22.00	14.47	15.00	7480.00
chr5	140865429	140867182	1753	1753	12.00	53.00	28.85	29.00	50582.00
chr1	32209793	32209958	165	165	153.00	231.00	183.90	180.00	30344.00
chr16	87873307	87873431	124	124	63.00	192.00	113.77	95.00	14108.00
chr17	34157438	34158175	737	737	1.00	14.00	7.90	8.00	5825.00
chr2	127815619	127816088	469	469	3.00	23.00	11.62	11.00	5450.00
chr1	208212965	208213112	147	147	42.00	67.00	54.55	55.00	8019.00
chr22	19703883	19704666	783	783	8.00	34.00	18.34	19.00	14360.00
chr16	87872319	87872423	104	104	64.00	91.00	75.50	73.50	7852.00
chr9	140055740	140055868	128	128	1131.00	1392.00	1264.84	1259.00	161900.00
chr22	21096515	21096643	128	128	219.00	320.00	254.71	245.50	32603.00
chr9	140056321	140056540	219	219	2.00	1845.00	1110.82	1288.00	243270.00
chr11	78379981	78380253	272	272	3.00	17.00	11.00	12.00	2992.00
chr3	11070420	11070533	113	113	243.00	390.00	329.26	342.00	37206.00
chr1	109812554	109813222	668	668	3.00	261.00	93.00	111.00	62121.00
chr2	220161954	220162155	201	201	374.00	707.00	554.33	556.00	111420.00
chr15	74706887	74707086	199	199	33.00	69.00	48.74	50.00	9699.00
chr17	7318829	7319426	597	597	112.00	384.00	218.53	200.00	130464.00
chr1	21560050	21560154	104	104	36.00	55.00	44.06	44.00	4582.00
chr1	25573799	25573952	153	153	4.00	183.00	118.51	134.00	18132.00
chr14	93198993	93199160	167	167	76.00	138.00	109.61	110.00	18305.00
chr1	205554003	205554119	116	116	127.00	201.00	168.12	177.50	19502.00
chr1	9795005	9795232	227	227	1124.00	1921.00	1542.47	1533.00	350140.00
chr17	42426525	42426670	145	145	36.00	81.00	61.05	62.00	8852.00
chr18	70205887	70206179	292	292	4.00	239.00	90.34	10.00	26378.00
chr1	205553082	205553251	169	169	153.00	235.00	189.00	193.00	31941.00
chr9	140056623	140056766	143	143	14.00	1386.00	698.52	756.00	99889.00
chr6	33412147	33412394	247	247	0.00	817.00	427.98	538.00	105712.00
chr12	89992366	89992547	181	181	5.00	692.00	394.02	354.00	71317.00
chr2	220088827	220089576	749	749	48.00	143.00	80.09	75.00	59991.00
chr14	100763073	100765222	2149	2149	4.00	82.00	18.74	18.00	40280.00
chr1	110740697	110742543	1846	1846	0.00	526.00	267.17	262.00	493194.00
chr1	149878201	149879758	1557	1557	8.00	927.00	184.99	24.00	288024.00
chr3	197264139	197265259	1120	1120	1.00	18.00	7.53	6.00	8437.00
chr8	56449623	56450530	907	907	20.00	71.00	40.54	40.00	36771.00
chr9	139354208	139354326	118	118	23.00	62.00	37.31	34.00	4402.00
chr1	32204908	32205236	328	328	266.00	525.00	386.68	381.00	126831.00
chr7	75608768	75608897	129	129	99.00	150.00	133.02	140.00	17159.00
chr19	45161029	45161178	149	149	40.00	51.00	44.15	44.00	6578.00
chr19	5243911	5244493	582	582	81.00	176.00	118.02	113.00	68685.00
chr6	32119585	32119717	132	132	14.00	669.00	350.25	334.50	46233.00
chr3	42670878	42672067	1189	1189	4.00	35.00	13.04	12.00	15502.00
chr11	45892392	45892485	93	93	83.00	157.00	109.35	106.00	10170.00
chr17	80040789	80040991	202	202	183.00	396.00	244.99	228.00	49487.00
chr2	74902875	74903036	161	161	30.00	45.00	36.67	36.00	5904.00
chr17	38335969	38337946	1977	1977	2.00	199.00	19.36	11.00	38276.00
chr16	87870103	87870253	150	150	71.00	129.00	94.35	89.00	14152.00
chr1	32205947	32206142	195	195	360.00	574.00	474.67	461.00	92561.00
chr6	44117553	44117702	149	149	4.00	264.00	165.93	213.00	24724.00
chr1	159163659	159163830	171	171	780.00	1103.00	947.53	953.00	162028.00
chr3	445565	446023	458	458	5.00	18.00	10.14	9.00	4645.00
chr2	25048913	25048995	82	82	86.00	114.00	107.27	109.00	8796.00
chr10	99504485	99504672	187	187	32.00	62.00	46.26	45.00	8651.00
chr4	54364807	54365010	203	203	111.00	210.00	151.55	145.00	30765.00
chr17	1634367	1634552	185	185	7.00	15.00	10.98	11.00	2032.00
chr7	72416124	72416247	123	123	43.00	86.00	55.39	50.00	6813.00
chr1	208212169	208212329	160	160	36.00	54.00	44.73	44.00	7157.00
chr9	140952500	140952702	202	202	44.00	113.00	69.74	70.50	14088.00
chr6	44197325	44197528	203	203	63.00	98.00	83.88	84.00	17027.00
chr6	44197643	44198218	575	575	12.00	68.00	38.88	39.00	22357.00
chr11	118981972	118982084	112	112	147.00	218.00	185.14	184.50	20736.00
chr5	150503846	150503952	106	106	5.00	1111.00	781.65	992.00	82855.00
chr11	118981761	118981878	117	117	170.00	236.00	202.15	200.00	23652.00
chr11	126314873	126315000	127	127	41.00	68.00	52.72	48.00	6695.00
chr1	159165808	159166244	436	436	3.00	943.00	163.32	9.50	71208.00
chr7	134893542	134893750	208	208	12.00	24.00	19.19	20.00	3991.00
chr9	121976196	121976433	237	237	199.00	347.00	260.71	251.00	61789.00
chr19	54691042	54691169	127	127	155.00	366.00	246.82	221.00	31346.00
chr22	38621430	38621600	170	170	166.00	215.00	193.55	196.00	32903.00
chr13	42035681	42036205	524	524	4.00	19.00	11.51	12.00	6033.00
chr20	1915360	1915413	53	53	6.00	1316.00	868.42	1084.00	46026.00
chr5	14496987	14497126	139	139	146.00	210.00	166.19	161.00	23100.00
chr12	56528125	56528212	87	87	23.00	56.00	38.84	39.00	3379.00
chr3	47466974	47467101	127	127	52.00	74.00	63.66	64.00	8085.00
chr17	7415476	7415663	187	187	72.00	112.00	86.66	84.00	16205.00
chr3	33588037	33589252	1215	1215	4.00	30.00	13.75	14.00	16705.00
chr7	887833	888615	782	782	5.00	63.00	21.87	14.00	17102.00
chr10	24813251	24813693	442	442	14.00	51.00	30.71	34.00	13576.00
chr1	109812045	109812213	168	168	99.00	216.00	148.08	134.00	24878.00
chr19	15276597	15276902	305	305	57.00	101.00	77.53	77.00	23648.00
chr16	2334779	2334999	220	220	94.00	164.00	137.19	145.00	30182.00
chr16	68404761	68405261	500	500	28.00	58.00	39.77	38.00	19884.00
chr4	110969111	110969871	760	760	12.00	38.00	21.31	21.00	16199.00
chr1	145693161	145693996	835	835	2.00	73.00	24.24	21.00	20239.00
chr7	44282848	44282932	84	84	434.00	580.00	515.96	517.00	43341.00
chr2	220164315	220164508	193	193	6.00	374.00	159.19	10.00	30723.00
chr12	50472203	50472360	157	157	67.00	98.00	80.64	80.00	12660.00
chr2	220163768	220163833	65	65	427.00	590.00	517.11	530.00	33612.00
chr2	222289928	222290862	934	934	100.00	236.00	160.51	158.00	149917.00
chr12	57599133	57599268	135	135	145.00	258.00	182.30	169.00	24611.00
chr7	157475416	157475629	213	213	187.00	354.00	260.13	251.00	55407.00
chr1	32203800	32203927	127	127	221.00	653.00	429.37	439.00	54530.00
chr1	109811731	109811912	181	181	133.00	234.00	183.33	184.00	33182.00
chr9	140052830	140052975	145	145	597.00	2389.00	1599.34	1693.00	231904.00
chr2	220161706	220161854	148	148	451.00	857.00	644.77	672.00	95426.00
chr16	29896906	29897070	164	164	336.00	622.00	496.11	529.50	81362.00
chr16	47143393	47143622	229	229	97.00	176.00	135.67	132.00	31068.00
chr11	993753	993985	232	232	109.00	277.00	186.80	167.00	43337.00
chr9	124059698	124061137	1439	1439	0.00	6.00	1.84	2.00	2643.00
chr9	140350140	140350634	494	494	5.00	42.00	23.92	24.00	11818.00
chr11	14504577	14504697	120	120	45.00	66.00	54.53	54.50	6544.00
chr3	49898612	49898733	121	121	430.00	746.00	580.83	570.00	70280.00
chr9	131811659	131811777	118	118	35.00	60.00	48.21	47.00	5689.00
chr9	131810705	131810818	113	113	31.00	54.00	43.21	43.00	4883.00
chr1	223400935	223401080	145	145	41.00	93.00	78.46	83.00	11377.00
chr12	125612185	125612820	635	635	0.00	115.00	19.95	4.00	12671.00
chr2	220088590	220088744	154	154	76.00	101.00	92.45	94.00	14237.00
chr9	70888487	70888750	263	263	5.00	21.00	12.92	13.00	3398.00
chr14	69813756	69813898	142	142	50.00	79.00	62.10	60.00	8818.00
chr2	47399145	47399890	745	745	3.00	484.00	24.84	19.00	18504.00
chr11	62688689	62689041	352	352	13.00	219.00	71.82	21.00	25281.00
chr6	43745205	43745407	202	202	13.00	125.00	110.41	113.00	22303.00
chr3	11072492	11072997	505	505	11.00	568.00	118.93	33.00	60058.00
chr7	2696031	2696168	137	137	183.00	250.00	220.58	225.00	30219.00
chr16	14969196	14969279	83	83	280.00	574.00	461.39	513.00	38295.00
chr17	7377847	7378026	179	179	1.00	5.00	2.51	2.00	450.00
chr12	65639640	65639719	79	79	43.00	79.00	59.76	56.00	4721.00
chr12	50294912	50295108	196	196	532.00	1141.00	722.72	698.00	141653.00
chr19	42485653	42485788	135	135	1120.00	1703.00	1424.67	1387.00	192331.00
chr10	99509230	99509343	113	113	54.00	111.00	75.37	70.00	8517.00
chr22	38883877	38888120	4243	4243	22.00	498.00	137.62	119.00	583928.00
chr12	49416372	49416658	286	286	41.00	82.00	60.03	57.50	17169.00
chr6	24843089	24843782	693	693	31.00	60.00	46.44	46.00	32185.00
chr5	176295561	176295665	104	104	99.00	141.00	113.74	107.00	11829.00
chr10	99510087	99510227	140	140	101.00	158.00	119.73	116.00	16762.00
chr1	159173658	159174770	1112	1112	13.00	128.00	43.90	36.00	48817.00
chr11	1780745	1780869	124	124	457.00	832.00	694.23	744.50	86085.00
chr19	42486059	42486258	199	199	856.00	1466.00	1156.79	1177.00	230202.00
chr3	47465422	47465535	113	113	44.00	91.00	58.70	54.00	6633.00
chr1	21573713	21573856	143	143	27.00	65.00	45.94	47.00	6569.00
chr11	65320330	65320453	123	123	58.00	106.00	89.48	91.00	11006.00
chr3	47462420	47462519	99	99	83.00	116.00	100.88	102.00	9987.00
chr2	219204751	219204864	113	113	34.00	56.00	47.26	50.00	5340.00
chr1	43906123	43906257	134	134	4.00	7.00	6.20	6.00	831.00
chr7	38785158	38785840	682	682	10.00	183.00	33.15	23.00	22609.00
chr2	153499932	153500058	126	126	63.00	100.00	85.42	89.50	10763.00
chr1	32203011	32203132	121	121	12.00	460.00	328.75	383.00	39779.00
chr22	42290823	42290941	118	118	277.00	501.00	406.36	412.00	47951.00
chr19	47940718	47940818	100	100	517.00	886.00	712.58	750.00	71258.00
chr4	119539150	119539274	124	124	8.00	37.00	27.98	32.00	3469.00
chr17	44117067	44117250	183	183	24.00	55.00	39.21	36.00	7176.00
chr19	42485873	42485983	110	110	975.00	1198.00	1112.86	1117.00	122415.00
chr6	44114583	44114664	81	81	104.00	140.00	119.20	116.00	9655.00
chr19	47941105	47941292	187	187	7.00	915.00	481.35	664.00	90013.00
chr11	73074250	73074500	250	250	68.00	100.00	85.66	86.00	21415.00
chr3	33418764	33418825	61	61	179.00	286.00	231.70	242.00	14134.00
chr1	700258	700505	247	247	6.00	60.00	28.19	28.00	6963.00
chr9	74319510	74319719	209	209	9.00	32.00	19.00	19.00	3972.00
chr16	2336694	2336968	274	274	107.00	256.00	168.91	171.00	46282.00
chr20	3575125	3575219	94	94	64.00	101.00	77.34	77.00	7270.00
chr9	139231377	139231529	152	152	55.00	69.00	59.59	59.00	9057.00
chr5	140515951	140516498	547	547	6.00	40.00	22.58	23.00	12351.00
chr1	21938208	21938309	101	101	311.00	402.00	358.76	362.00	36235.00
chr3	155659188	155659936	748	748	7.00	69.00	43.79	49.00	32754.00
chr16	27483068	27483241	173	173	57.00	83.00	70.19	71.00	12143.00
chr11	994071	994245	174	174	89.00	173.00	138.44	140.50	24089.00
chr7	71175745	71175913	168	168	183.00	308.00	251.82	265.00	42305.00
chr12	121204065	121204175	110	110	119.00	161.00	135.25	130.50	14878.00
chr7	73118679	73118753	74	74	831.00	1158.00	970.85	946.00	71843.00
chr9	140972565	140972710	145	145	45.00	72.00	61.38	61.00	8900.00
chr12	121683329	121684024	695	695	4.00	19.00	10.79	10.00	7496.00
chr16	74493579	74493687	108	108	80.00	142.00	116.54	121.00	12586.00
chr2	36771518	36771641	123	123	50.00	83.00	65.41	63.00	8045.00
chr7	94187181	94187996	815	815	3.00	23.00	11.05	11.00	9007.00
chr14	94156951	94157239	288	288	2.00	7.00	4.30	5.00	1239.00
chr7	121739000	121739524	524	524	2.00	13.00	8.56	9.00	4486.00
chr1	19549117	19549328	211	211	39.00	62.00	46.57	45.00	9827.00
chr19	5214571	5214747	176	176	141.00	305.00	189.06	180.50	33275.00
chr19	42557753	42557861	108	108	134.00	176.00	155.87	156.00	16834.00
chr15	102510686	102510925	239	239	3.00	18.00	10.15	10.00	2426.00
chr5	167673761	167675376	1615	1615	17.00	77.00	40.71	42.00	65744.00
chr7	44282158	44282253	95	95	469.00	812.00	638.71	633.00	60677.00
chr2	160621061	160621717	656	656	6.00	111.00	17.41	11.00	11418.00
chr5	10426501	10426634	133	133	128.00	202.00	169.71	172.00	22571.00
chr16	1814301	1814460	159	159	214.00	329.00	275.08	282.00	43737.00
chr11	21581734	21581928	194	194	38.00	100.00	58.99	50.00	11444.00
chr3	126749085	126749255	170	170	59.00	92.00	76.11	78.00	12939.00
chr11	12237765	12237866	101	101	221.00	315.00	251.26	235.00	25377.00
chr6	31750872	31750963	91	91	58.00	77.00	70.04	71.00	6374.00
chr3	53124201	53124398	197	197	6.00	17.00	9.84	9.00	1938.00
chr2	220161470	220161544	74	74	598.00	738.00	694.80	694.50	51415.00
chr2	128951046	128951785	739	739	4.00	78.00	32.96	34.00	24354.00
chr5	24535811	24535931	120	120	97.00	132.00	110.37	108.00	13244.00
chr1	44083406	44083582	176	176	142.00	261.00	186.48	175.00	32821.00
chr1	32207653	32207818	165	165	195.00	402.00	293.38	279.00	48408.00
chr12	7293754	7294000	246	246	4.00	677.00	391.70	570.00	96357.00
chr3	131442289	131442469	180	180	43.00	60.00	51.70	52.00	9306.00
chr3	49898871	49899298	427	427	37.00	744.00	308.93	367.00	131914.00
chr16	66432358	66432464	106	106	39.00	57.00	46.61	45.50	4941.00
chr1	20982593	20982680	87	87	215.00	286.00	244.26	237.00	21251.00
chr16	68398653	68398809	156	156	41.00	61.00	50.72	50.00	7913.00
chr17	16676818	16678279	1461	1461	15.00	71.00	30.06	28.00	43922.00
chr1	109814899	109815027	128	128	140.00	186.00	165.26	167.00	21153.00
chr1	21940478	21940582	104	104	408.00	554.00	493.44	517.00	51318.00
chr20	57468284	57468793	509	509	4.00	21.00	10.34	9.00	5264.00
chr3	127358087	127358366	279	279	150.00	422.00	262.41	240.00	73211.00
chr3	126735359	126735527	168	168	29.00	41.00	34.51	34.00	5797.00
chr10	103869140	103869264	124	124	114.00	258.00	176.25	161.50	21855.00
chr20	44520554	44520666	112	112	63.00	95.00	76.44	77.00	8561.00
chr1	32203252	32203356	104	104	216.00	371.00	298.74	312.50	31069.00
chr21	40186196	40186316	120	120	110.00	162.00	135.17	133.00	16220.00
chr5	111067153	111068349	1196	1196	10.00	43.00	23.81	23.00	28479.00
chr9	128002954	128003186	232	232	189.00	328.00	261.73	262.50	60722.00
chr1	43408896	43408992	96	96	199.00	249.00	224.20	224.50	21523.00
chr3	47463931	47464026	95	95	89.00	123.00	106.33	107.00	10101.00
chr2	220161160	220161238	78	78	641.00	765.00	704.64	706.00	54962.00
chr11	62472772	62473089	317	317	447.00	1312.00	828.65	826.00	262683.00
chr9	130986341	130986906	565	565	4.00	384.00	86.82	16.00	49051.00
chr14	69358769	69359000	231	231	94.00	147.00	118.34	117.00	27336.00
chr11	64416205	64416379	174	174	109.00	241.00	189.02	202.00	32889.00
chr17	8398454	8398559	105	105	243.00	363.00	310.16	320.00	32567.00
chr12	53572943	53574193	1250	1250	3.00	32.00	20.21	21.00	25259.00
chr17	17696544	17701827	5283	5283	10.00	63.00	32.54	31.00	171922.00
chr8	11705187	11705331	144	144	974.00	1437.00	1178.64	1165.00	169724.00
chr19	54963829	54963931	102	102	91.00	149.00	126.93	132.00	12947.00
chr2	70451682	70456295	4613	4613	2.00	118.00	18.23	14.00	84108.00
chr11	118873959	118874169	210	210	4.00	13.00	7.95	8.00	1670.00
chr10	75548427	75548581	154	154	31.00	52.00	44.17	46.00	6802.00
chr6	33414351	33414563	212	212	427.00	767.00	630.20	628.00	133603.00
chr17	80042910	80043032	122	122	109.00	149.00	128.41	125.00	15666.00
chr11	11470290	11470483	193	193	30.00	60.00	42.74	41.00	8248.00
chr8	23294446	23294771	325	325	53.00	92.00	70.52	71.00	22918.00
chr1	116932060	116932663	603	603	17.00	1707.00	578.45	29.00	348808.00
chr15	83222627	83222741	114	114	17.00	32.00	25.81	27.00	2942.00
chr3	9841562	9841751	189	189	19.00	30.00	23.26	23.00	4397.00
chr1	116937731	116937907	176	176	1002.00	2000.00	1295.85	1179.00	228069.00
chr16	87868019	87868197	178	178	68.00	93.00	77.33	76.50	13764.00
chr3	124209540	124209731	191	191	315.00	570.00	448.30	442.00	85626.00
chr7	71142195	71142291	96	96	269.00	439.00	317.46	297.00	30476.00
chr5	130497324	130497584	260	260	4.00	21.00	11.33	11.00	2947.00
chr13	100199238	100199358	120	120	199.00	405.00	282.45	258.00	33894.00
chr5	139943336	139943506	170	170	12.00	141.00	105.36	109.50	17911.00
chr17	74395529	74396002	473	473	58.00	155.00	103.36	100.00	48889.00
chr14	93179149	93179216	67	67	108.00	133.00	120.75	120.00	8090.00
chr4	160277004	160277310	306	306	12.00	156.00	62.28	51.00	19057.00
chr17	40666306	40666478	172	172	323.00	540.00	427.60	417.00	73547.00
chr15	34828065	34828207	142	142	11.00	168.00	111.05	122.00	15769.00
chr14	100165802	100165876	74	74	385.00	500.00	448.07	455.00	33157.00
chr22	20128089	20128231	142	142	6.00	119.00	66.94	86.50	9506.00
chr12	3392210	3394421	2211	2211	9.00	96.00	51.08	48.00	112932.00
chr17	16687866	16690667	2801	2801	5.00	74.00	21.80	20.00	61061.00
chr6	31664724	31664810	86	86	88.00	138.00	113.90	114.00	9795.00
chr6	30627512	30627611	99	99	22.00	33.00	27.97	29.00	2769.00
chr11	18752834	18755060	2226	2226	1.00	240.00	35.63	18.00	79321.00
chr12	109332602	109332731	129	129	199.00	352.00	289.24	316.00	37312.00
chr6	90072884	90073110	226	226	5.00	13.00	9.39	10.00	2123.00
chr16	2689371	2689711	340	340	0.00	1.00	0.27	0.00	92.00
chr1	20987373	20987484	111	111	151.00	232.00	196.17	189.00	21775.00
chr14	85985300	85986667	1367	1367	1.00	14.00	6.79	6.00	9279.00
chr13	32863769	32863880	111	111	56.00	103.00	77.71	77.00	8626.00
chr16	1510418	1510528	110	110	51.00	95.00	67.85	68.50	7463.00
chr19	54963269	54963444	175	175	127.00	170.00	148.94	149.00	26064.00
chr6	44224078	44224233	155	155	30.00	54.00	42.57	42.00	6599.00
chr20	3151172	3152285	1113	1113	2.00	31.00	11.55	10.00	12853.00
chr1	892273	892405	132	132	76.00	142.00	98.77	87.00	13037.00
chr16	90192167	90192724	557	557	1.00	8.00	5.12	5.00	2852.00
chr9	111663704	111663810	106	106	52.00	64.00	58.37	59.00	6187.00
chr6	44108764	44108835	71	71	96.00	133.00	109.80	106.00	7796.00
chr1	36028802	36029027	225	225	600.00	1159.00	830.86	778.00	186944.00
chr11	66807259	66807674	415	415	5.00	57.00	38.73	38.00	16074.00
chr1	178426817	178427679	862	862	15.00	71.00	34.58	32.00	29809.00
chr19	42482302	42482478	176	176	972.00	1725.00	1126.84	1064.50	198324.00
chr1	44084718	44084873	155	155	82.00	313.00	160.36	121.00	24856.00
chr1	109812315	109812442	127	127	128.00	177.00	149.32	147.00	18964.00
chr3	180324268	180324391	123	123	62.00	112.00	94.67	99.00	11645.00
chr15	63933668	63933842	174	174	52.00	96.00	72.59	68.00	12630.00
chr20	44521363	44521519	156	156	122.00	161.00	137.19	135.50	21402.00
chr3	33416779	33416910	131	131	84.00	188.00	118.27	104.00	15493.00
chr1	21934624	21934843	219	219	3.00	441.00	205.00	274.00	44895.00
chr14	69799801	69799886	85	85	45.00	82.00	63.62	63.00	5408.00
chr1	116936134	116936345	211	211	6.00	1614.00	1162.51	1243.00	245289.00
chr14	23634493	23634645	152	152	17.00	44.00	33.55	39.00	5100.00
chr16	1402538	1402947	409	409	1.00	16.00	7.34	8.00	3001.00
chr9	20331	25000	4669	4669	0.00	89.00	16.80	13.00	78452.00
chr17	43545574	43545959	385	385	6.00	30.00	14.43	12.00	5556.00
chr13	100201418	100201476	58	58	221.00	312.00	251.38	248.00	14580.00
chr15	41865505	41865665	160	160	170.00	398.00	263.98	267.50	42237.00
chr19	19641688	19642196	508	508	2.00	18.00	10.03	11.00	5095.00
chr11	134147593	134148159	566	566	2.00	16.00	8.84	9.00	5004.00
chr2	71656420	71657290	870	870	2.00	14.00	8.47	9.00	7365.00
chr7	97834775	97835016	241	241	67.00	129.00	97.51	92.00	23501.00
chr19	13363804	13363915	111	111	75.00	108.00	90.98	90.00	10099.00
chr18	31328383	31329011	628	628	2.00	26.00	13.70	15.00	8603.00
chr16	66431884	66432009	125	125	22.00	38.00	29.07	29.00	3634.00
chr19	47935155	47935702	547	547	5.00	1072.00	346.86	351.00	189734.00
chr12	50291769	50291873	104	104	378.00	683.00	506.08	519.50	52632.00
chr11	1780198	1780317	119	119	358.00	692.00	473.38	443.00	56332.00
chr15	65392626	65393167	541	541	3.00	13.00	7.03	7.00	3801.00
chr2	86397871	86397967	96	96	86.00	164.00	123.38	122.50	11844.00
chr7	97866087	97866233	146	146	62.00	118.00	79.82	75.00	11653.00
chr11	60687157	60687402	245	245	38.00	86.00	62.38	67.00	15283.00
chr21	43307700	43309453	1753	1753	4.00	41.00	16.92	14.00	29666.00
chr14	24619269	24619657	388	388	12.00	41.00	27.20	26.00	10554.00
chr11	65320634	65320727	93	93	52.00	70.00	62.76	63.00	5837.00
chr16	29891184	29891385	201	201	340.00	519.00	440.09	447.00	88458.00
chr1	32207224	32207326	102	102	553.00	768.00	652.03	659.00	66507.00
chr11	72300218	72300394	176	176	3.00	477.00	147.11	6.00	25892.00
chr17	7608878	7609038	160	160	16.00	83.00	51.37	56.00	8219.00
chr19	7607646	7607814	168	168	60.00	90.00	72.50	73.00	12180.00
chr19	54966129	54966271	142	142	75.00	119.00	102.60	103.50	14569.00
chr12	57995027	57995131	104	104	76.00	95.00	84.36	85.00	8773.00
chr1	27428875	27429049	174	174	25.00	49.00	36.92	38.00	6424.00
chr2	27688277	27688385	108	108	13.00	30.00	18.60	17.00	2009.00
chr16	2691449	2692254	805	805	0.00	3.00	0.68	0.00	551.00
chr9	131503813	131503933	120	120	224.00	289.00	260.68	264.00	31281.00
chr16	2347766	2347922	156	156	101.00	164.00	130.60	131.00	20373.00
chr17	80039884	80040036	152	152	203.00	285.00	243.10	246.50	36951.00
chr1	32204432	32204538	106	106	270.00	667.00	443.49	450.00	47010.00
chr12	9242951	9243078	127	127	111.00	155.00	140.02	142.00	17783.00
chr3	49702661	49702751	90	90	96.00	114.00	105.69	105.50	9512.00
chr19	35820359	35820837	478	478	0.00	1.00	0.55	1.00	264.00
chr1	201456762	201457615	853	853	2.00	28.00	13.78	13.00	11756.00
chr16	2334279	2334438	159	159	107.00	158.00	130.05	129.00	20678.00
chr10	73578373	73578481	108	108	1698.00	2098.00	1912.66	1926.00	206567.00
chr16	18530550	18530756	206	206	6.00	325.00	134.37	181.00	27681.00
chr16	16369094	16369300	206	206	6.00	338.00	138.32	186.00	28494.00
chr13	113975636	113975785	149	149	8.00	272.00	121.19	16.00	18057.00
chr11	119293822	119294227	405	405	14.00	3128.00	319.64	57.00	129456.00
chr5	150505962	150506041	79	79	754.00	956.00	819.65	817.00	64752.00
chr22	44224939	44225078	139	139	497.00	723.00	597.44	574.00	83044.00
chr15	41865199	41865309	110	110	147.00	210.00	181.11	175.00	19922.00
chr17	25633807	25636298	2491	2491	11.00	399.00	131.44	115.00	327412.00
chr15	72495155	72495529	374	374	6.00	1313.00	509.07	13.00	190394.00
chr9	42540272	42542124	1852	1852	0.00	16.00	8.07	8.00	14946.00
chr11	119290760	119291704	944	944	3.00	4191.00	1116.91	20.00	1054360.00
chr19	5219949	5220165	216	216	99.00	161.00	129.23	125.00	27914.00
chr15	63910769	63911153	384	384	0.00	16.00	7.59	6.00	2916.00
chr17	74393879	74393969	90	90	71.00	116.00	88.29	85.00	7946.00
chr10	104129467	104129532	65	65	72.00	94.00	82.28	83.00	5348.00
chr3	142454224	142454620	396	396	1.00	16.00	6.31	5.00	2497.00
chr12	121205196	121205396	200	200	101.00	146.00	128.54	132.00	25709.00
chr3	31705570	31705724	154	154	10.00	33.00	19.49	15.50	3002.00
chr6	118635190	118636593	1403	1403	17.00	152.00	90.80	89.00	127393.00
chr8	10339867	10340829	962	962	3.00	41.00	18.90	18.00	18180.00
chr19	16952578	16952779	201	201	73.00	132.00	105.74	108.00	21253.00
chr8	110984486	110985016	530	530	107.00	180.00	141.23	140.00	74850.00
chr9	128001219	128001610	391	391	261.00	720.00	511.91	542.00	200155.00
chr11	73070878	73070997	119	119	61.00	87.00	78.70	80.00	9365.00
chr10	104130140	104130235	95	95	60.00	73.00	66.93	69.00	6358.00
chr5	95733039	95733173	134	134	83.00	125.00	100.93	96.00	13525.00
chr19	59059400	59059547	147	147	198.00	274.00	220.27	212.00	32380.00
chr5	139943169	139943255	86	86	5.00	94.00	56.36	57.00	4847.00
chr17	73487771	73487981	210	210	53.00	93.00	70.21	68.00	14744.00
chr1	154315588	154315777	189	189	26.00	41.00	33.30	34.00	6294.00
chr14	95652726	95653070	344	344	0.00	11.00	5.40	6.00	1857.00
chr12	123639801	123640772	971	971	2.00	36.00	14.66	13.00	14236.00
chr22	47064870	47065171	301	301	5.00	10.00	7.63	8.00	2297.00
chr5	24535220	24535388	168	168	86.00	137.00	105.12	101.50	17660.00
chr12	6806452	6806958	506	506	57.00	236.00	156.76	163.00	79323.00
chr22	29881711	29881836	125	125	53.00	96.00	69.41	68.00	8676.00
chr7	75894681	75894786	105	105	47.00	75.00	59.83	59.00	6282.00
chr12	121089007	121095893	6886	6886	0.00	43.00	15.17	14.00	104471.00
chr1	207940357	207942365	2008	2008	1.00	127.00	32.25	25.00	64754.00
chr7	154681166	154681240	74	74	240.00	280.00	267.19	269.00	19772.00
chr5	131696513	131697529	1016	1016	3.00	25.00	12.18	11.00	12374.00
chr11	1776135	1776258	123	123	247.00	505.00	350.00	332.00	43050.00
chr8	11706554	11706673	119	119	742.00	1118.00	911.40	895.00	108457.00
chr11	18759426	18759511	85	85	105.00	133.00	118.45	118.00	10068.00
chr16	61689373	61689625	252	252	39.00	99.00	57.27	52.50	14432.00
chr15	51750702	51750824	122	122	113.00	156.00	141.75	145.00	17294.00
chr9	35555056	35555698	642	642	94.00	236.00	168.24	169.50	108012.00
chr2	198356200	198356621	421	421	118.00	308.00	228.83	233.00	96338.00
chr9	131001723	131001794	71	71	1220.00	1642.00	1493.70	1536.00	106053.00
chr19	5214371	5214491	120	120	213.00	321.00	281.52	285.50	33783.00
chr22	35719488	35719623	135	135	54.00	101.00	85.33	87.00	11519.00
chr12	121678738	121679829	1091	1091	4.00	27.00	13.11	13.00	14308.00
chr14	23820960	23821064	104	104	675.00	1006.00	881.02	927.50	91626.00
chr1	32205710	32205779	69	69	440.00	552.00	496.72	499.00	34274.00
chr3	33420176	33420326	150	150	2.00	277.00	89.87	4.00	13480.00
chr9	114820707	114820966	259	259	27.00	50.00	36.76	36.00	9522.00
chr15	41865876	41866023	147	147	8.00	371.00	305.87	325.00	44963.00
chr19	55554308	55554637	329	329	0.00	19.00	9.88	11.00	3249.00
chr1	116933403	116933513	110	110	1330.00	1766.00	1553.93	1546.50	170932.00
chr19	15374230	15374359	129	129	58.00	93.00	76.71	79.00	9896.00
chr12	56090682	56090852	170	170	44.00	67.00	55.70	57.00	9469.00
chr14	69445668	69445876	208	208	37.00	160.00	108.77	123.00	22624.00
chr12	57603474	57603651	177	177	155.00	291.00	219.39	232.00	38832.00
chr22	32897492	32898946	1454	1454	4.00	66.00	23.71	21.00	34479.00
chr16	16367702	16367764	62	62	5.00	338.00	164.29	178.00	10186.00
chr19	5245786	5246056	270	270	79.00	173.00	119.66	109.50	32308.00
chr16	74345440	74345829	389	389	7.00	25.00	16.70	18.00	6496.00
chr6	107096899	107097076	177	177	14.00	37.00	22.65	23.00	4009.00
chr1	29641883	29642019	136	136	12.00	22.00	16.43	15.00	2234.00
chr8	97342440	97342509	69	69	131.00	160.00	147.57	148.00	10182.00
chr8	68116914	68117054	140	140	32.00	63.00	47.55	47.00	6657.00
chr22	22037470	22037546	76	76	34.00	46.00	41.00	41.50	3116.00
chr22	50682147	50683420	1273	1273	3.00	82.00	43.70	42.00	55632.00
chr20	44048971	44049069	98	98	124.00	158.00	140.45	141.00	13764.00
chr1	36904356	36904511	155	155	25.00	50.00	36.31	33.00	5628.00
chr12	71054719	71054877	158	158	58.00	149.00	91.45	83.00	14449.00
chr15	50654364	50655515	1151	1151	10.00	48.00	23.37	22.00	26897.00
chr2	234198499	234198620	121	121	44.00	67.00	58.97	60.00	7135.00
chr9	128001699	128001812	113	113	322.00	420.00	368.78	370.00	41672.00
chr8	38272296	38272419	123	123	47.00	72.00	60.27	61.00	7413.00
chr11	73068069	73068179	110	110	40.00	58.00	47.33	48.00	5206.00
chr16	28123137	28123327	190	190	68.00	130.00	98.36	83.00	18688.00
chr12	49424062	49424222	160	160	5.00	21.00	11.15	10.00	1784.00
chr19	50302885	50303023	138	138	177.00	333.00	245.67	241.50	33903.00
chr19	42480567	42480718	151	151	1752.00	2483.00	2102.94	2151.00	317544.00
chr3	197904395	197905301	906	906	0.00	15.00	4.74	4.00	4292.00
chr13	100189992	100190117	125	125	157.00	232.00	185.48	184.00	23185.00
chr19	14268062	14268272	210	210	176.00	288.00	231.43	232.00	48601.00
chr10	93786886	93787057	171	171	34.00	71.00	50.84	51.00	8694.00
chr1	109808726	109808828	102	102	65.00	95.00	78.28	78.00	7985.00
chr4	134075461	134075520	59	59	123.00	190.00	147.51	148.00	8703.00
chr1	22052268	22053864	1596	1596	3.00	21.00	10.01	9.00	15979.00
chr9	140056855	140056968	113	113	689.00	915.00	771.36	765.00	87164.00
chr19	42482087	42482224	137	137	1742.00	2406.00	2139.84	2163.00	293158.00
chr19	4556962	4557025	63	63	545.00	664.00	621.17	622.00	39134.00
chr19	14266921	14267013	92	92	192.00	280.00	240.93	239.00	22166.00
chr22	42273851	42274127	276	276	4.00	466.00	247.95	277.00	68435.00
chr1	205549788	205550049	261	261	96.00	167.00	130.34	128.00	34020.00
chr1	110765585	110766522	937	937	17.00	66.00	36.76	35.00	34444.00
chr19	55553595	55554158	563	563	12.00	36.00	19.32	18.00	10876.00
chr7	150929881	150931360	1479	1479	17.00	83.00	34.49	29.00	51012.00
chr3	124215157	124215260	103	103	362.00	460.00	414.09	419.00	42651.00
chr16	58220658	58220760	102	102	70.00	111.00	91.57	89.00	9340.00
chr3	10381925	10382033	108	108	322.00	445.00	391.73	392.00	42307.00
chr10	11356101	11356221	120	120	80.00	97.00	86.47	86.00	10377.00
chr22	42294652	42294785	133	133	212.00	443.00	340.14	334.00	45239.00
chr1	2005531	2005714	183	183	13.00	47.00	26.68	24.00	4882.00
chr12	113722522	113722576	54	54	27.00	35.00	31.06	31.00	1677.00
chr9	131502198	131502398	200	200	5.00	304.00	228.53	235.00	45705.00
chr19	40873602	40873786	184	184	855.00	1234.00	1028.88	1041.50	189314.00
chr2	220162606	220162825	219	219	190.00	437.00	302.23	283.00	66189.00
chr16	28270027	28270355	328	328	12.00	52.00	31.81	31.00	10434.00
chr4	3225718	3225858	140	140	90.00	142.00	117.93	122.00	16510.00
chr17	44127898	44128070	172	172	21.00	41.00	29.76	29.00	5118.00
chr3	47462043	47462262	219	219	45.00	106.00	64.11	58.00	14041.00
chr6	99873090	99873182	92	92	6.00	252.00	117.45	101.50	10805.00
chr7	142561723	142562504	781	781	79.00	304.00	203.88	204.00	159228.00
chr1	159169540	159169666	126	126	741.00	985.00	862.67	866.50	108697.00
chr19	7606869	7606953	84	84	52.00	70.00	60.60	60.00	5090.00
chr16	2811561	2818298	6737	6737	3.00	312.00	153.50	151.00	1034109.00
chr3	47450652	47450807	155	155	28.00	43.00	35.68	37.00	5531.00
chr11	118403631	118403922	291	291	42.00	78.00	53.69	51.00	15623.00
chr1	205555161	205555335	174	174	120.00	158.00	139.16	139.00	24213.00
chr12	125603186	125603311	125	125	60.00	91.00	75.30	75.00	9413.00
chr11	86658288	86659498	1210	1210	6.00	36.00	21.33	22.00	25812.00
chr22	37764946	37768745	3799	3799	9.00	384.00	111.69	90.00	424305.00
chr10	46345664	46346215	551	551	5.00	19.00	11.16	11.00	6147.00
chr22	33673045	33673241	196	196	112.00	382.00	196.14	143.00	38443.00
chr9	140042599	140042666	67	67	5.00	107.00	76.04	79.00	5095.00
chr3	48717233	48717320	87	87	31.00	72.00	47.26	47.00	4112.00
chr11	60681600	60681740	140	140	5.00	63.00	29.96	26.00	4194.00
chr10	93784512	93784724	212	212	28.00	43.00	35.11	35.00	7443.00
chr12	7289424	7290372	948	948	5.00	497.00	126.60	18.00	120019.00
chr3	132387062	132387526	464	464	4.00	20.00	13.43	13.00	6232.00
chr16	2335442	2335647	205	205	97.00	210.00	166.91	173.00	34217.00
chr16	1794782	1797276	2494	2494	5.00	257.00	33.90	17.00	84557.00
chr16	3786036	3786204	168	168	76.00	105.00	86.27	86.00	14493.00
chr9	141131209	141131766	557	557	0.00	7.00	2.60	3.00	1450.00
chr14	92965028	92966015	987	987	3.00	19.00	10.34	10.00	10209.00
chr19	54692070	54692200	130	130	131.00	351.00	230.16	173.50	29921.00
chr15	43866006	43866230	224	224	48.00	78.00	63.80	63.00	14292.00
chr3	40231316	40231954	638	638	34.00	77.00	54.54	55.00	34798.00
chr3	50148937	50149455	518	518	2.00	29.00	16.31	18.00	8451.00
chr4	81117505	81117755	250	250	42.00	84.00	61.49	62.00	15373.00
chr10	46740404	46740638	234	234	0.00	19.00	7.51	4.00	1757.00
chr3	124210169	124210271	102	102	231.00	458.00	331.72	310.50	33835.00
chr11	107488830	107488932	102	102	224.00	273.00	251.67	251.00	25670.00
chr9	130591965	130592106	141	141	45.00	62.00	54.59	55.00	7697.00
chr1	20981932	20982027	95	95	186.00	269.00	228.38	227.00	21696.00
chr12	75875613	75875859	246	246	10.00	28.00	18.34	16.00	4511.00
chr22	32046684	32046764	80	80	53.00	85.00	72.36	76.00	5789.00
chr11	70331418	70331658	240	240	17.00	125.00	73.85	82.00	17724.00
chr14	51079976	51080069	93	93	274.00	318.00	294.74	292.00	27411.00
chr17	80041077	80041301	224	224	160.00	398.00	274.26	275.50	61434.00
chr7	158540884	158540971	87	87	77.00	136.00	98.26	93.00	8549.00
chr1	21553651	21553719	68	68	46.00	71.00	59.93	61.00	4075.00
chr2	219206256	219206349	93	93	28.00	40.00	33.14	32.00	3082.00
chr17	18444211	18445242	1031	1031	7.00	64.00	26.30	25.00	27120.00
chr12	57599340	57599460	120	120	127.00	172.00	158.56	162.00	19027.00
chr11	64417919	64418110	191	191	210.00	434.00	345.49	364.00	65989.00
chr19	3274926	3275650	724	724	5.00	27.00	16.40	17.00	11871.00
chr16	18532086	18532305	219	219	232.00	617.00	374.92	355.00	82108.00
chr17	3776702	3776756	54	54	226.00	325.00	302.06	310.00	16311.00
chr1	116932670	116933033	363	363	14.00	1961.00	925.06	1446.00	335797.00
chr16	1505731	1505796	65	65	106.00	155.00	140.71	146.00	9146.00
chr1	9794029	9794200	171	171	1367.00	1830.00	1621.93	1610.00	277350.00
chr10	73579221	73579379	158	158	1274.00	1793.00	1483.41	1450.50	234379.00
chr11	6411684	6412146	462	462	11.00	76.00	41.45	43.00	19148.00
chr1	159163212	159163350	138	138	720.00	978.00	793.80	775.50	109545.00
chr16	1816723	1816804	81	81	198.00	310.00	255.22	255.00	20673.00
chr7	91722399	91722630	231	231	4.00	67.00	52.41	54.00	12107.00
chr7	44281816	44281939	123	123	702.00	919.00	809.24	818.00	99536.00
chr2	220467189	220467297	108	108	9.00	15.00	11.86	12.00	1281.00
chr16	4494664	4494729	65	65	98.00	140.00	124.97	129.00	8123.00
chr15	34681844	34681986	142	142	10.00	232.00	156.69	165.00	22250.00
chr9	139995935	139996124	189	189	56.00	100.00	80.73	84.00	15258.00
chr3	180324040	180324160	120	120	52.00	71.00	63.60	64.00	7632.00
chr3	42678359	42681242	2883	2883	26.00	142.00	67.45	66.00	194451.00
chr7	131812776	131815333	2557	2557	0.00	71.00	27.38	25.00	70009.00
chr20	1585387	1585522	135	135	13.00	224.00	115.51	111.00	15594.00
chr3	126751229	126751442	213	213	69.00	90.00	77.94	77.00	16601.00
chr15	63920875	63921014	139	139	45.00	133.00	71.35	69.00	9917.00
chr16	2040128	2040202	74	74	46.00	92.00	74.07	82.00	5481.00
chr9	74324174	74324390	216	216	18.00	48.00	31.07	25.00	6711.00
chr20	44521858	44521950	92	92	126.00	162.00	145.39	144.50	13376.00
chr9	139911647	139911798	151	151	56.00	105.00	80.03	78.00	12084.00
chr9	140055507	140055649	142	142	1114.00	1786.00	1428.22	1313.00	202807.00
chr12	120148055	120148191	136	136	76.00	117.00	94.61	95.00	12867.00
chr12	50474280	50474372	92	92	113.00	166.00	141.34	144.50	13003.00
chr15	63125702	63125828	126	126	100.00	184.00	134.00	129.00	16884.00
chr9	20907148	20907241	93	93	30.00	42.00	36.74	37.00	3417.00
chr16	87874655	87874761	106	106	113.00	194.00	151.11	139.50	16018.00
chr2	162833269	162833460	191	191	1.00	403.00	216.90	326.00	41427.00
chr8	11704560	11704677	117	117	785.00	974.00	876.92	865.00	102600.00
chr15	63926931	63927087	156	156	81.00	133.00	109.76	115.00	17123.00
chr6	31668718	31668805	87	87	97.00	135.00	114.79	113.00	9987.00
chr7	148910792	148910906	114	114	18.00	41.00	32.95	37.00	3756.00
chr14	42355808	42357213	1405	1405	28.00	152.00	63.19	55.00	88786.00
chr10	88678928	88679226	298	298	18.00	41.00	24.46	23.00	7288.00
chr3	140998219	140998346	127	127	20.00	43.00	33.90	36.00	4305.00
chr1	144859758	144859998	240	240	68.00	124.00	92.77	98.00	22265.00
chr9	96054772	96055455	683	683	27.00	135.00	82.70	95.00	56481.00
chr19	7604803	7604944	141	141	41.00	94.00	53.91	46.00	7602.00
chr12	30906277	30907432	1155	1155	2.00	74.00	28.44	21.00	32844.00
chr9	131112762	131112854	92	92	46.00	106.00	85.16	90.00	7835.00
chr20	61981328	61982379	1051	1051	18.00	87.00	47.05	46.00	49452.00
chr7	38431348	38431618	270	270	103.00	280.00	162.48	150.00	43869.00
chr20	44521036	44521123	87	87	120.00	142.00	131.13	131.00	11408.00
chr11	64418726	64419108	382	382	150.00	310.00	239.40	242.00	91449.00
chr12	120148344	120150270	1926	1926	3.00	149.00	26.36	14.00	50761.00
chr12	6930971	6931066	95	95	13.00	309.00	160.96	164.00	15291.00
chr16	2339434	2339621	187	187	58.00	165.00	95.17	77.00	17796.00
chr2	27700083	27700187	104	104	16.00	33.00	24.64	24.00	2563.00
chr14	69805367	69805494	127	127	34.00	96.00	63.94	56.00	8120.00
chr12	9242497	9242619	122	122	115.00	169.00	147.70	153.50	18020.00
chr3	58256658	58256791	133	133	47.00	71.00	57.00	56.00	7581.00
chr10	79744927	79745098	171	171	35.00	69.00	57.50	60.00	9833.00
chr1	159161725	159161866	141	141	431.00	663.00	592.94	615.00	83604.00
chr16	31085202	31085519	317	317	12.00	33.00	19.74	18.00	6257.00
chr1	171755018	171755218	200	200	22.00	31.00	26.75	27.00	5351.00
chr9	130988124	130989280	1156	1156	6.00	910.00	118.12	20.00	136549.00
chr15	63127935	63127998	63	63	84.00	102.00	91.02	90.00	5734.00
chr19	1917676	1917821	145	145	4.00	185.00	108.41	107.00	15719.00
chr22	25315792	25315960	168	168	21.00	43.00	30.27	27.00	5086.00
chr2	207943790	207945085	1295	1295	13.00	77.00	36.14	34.00	46805.00
chr11	47330706	47330952	246	246	11.00	471.00	217.15	22.00	53420.00
chr3	142743978	142746095	2117	2117	2.00	93.00	14.65	11.00	31008.00
chr7	44839492	44839694	202	202	8.00	16.00	11.46	12.00	2315.00
chr22	31688260	31688471	211	211	6.00	160.00	97.12	111.00	20492.00
chr11	66333492	66333638	146	146	335.00	495.00	430.37	440.50	62834.00
chr9	131114916	131115026	110	110	103.00	169.00	139.35	146.50	15328.00
chr1	20206	21013	807	807	0.00	53.00	23.25	21.00	18760.00
chr11	108216469	108216635	166	166	20.00	37.00	29.18	30.00	4844.00
chr1	209778880	209779019	139	139	67.00	149.00	113.91	119.00	15833.00
chr1	202935876	202936026	150	150	78.00	136.00	103.04	99.00	15456.00
chr12	57600255	57600524	269	269	141.00	251.00	197.37	198.00	53092.00
chr19	15233503	15233615	112	112	34.00	45.00	39.65	39.00	4441.00
chr8	68115317	68115486	169	169	51.00	84.00	66.93	67.00	11311.00
chr19	13419229	13419342	113	113	56.00	110.00	89.86	91.00	10154.00
chr6	33266815	33267130	315	315	7.00	32.00	17.70	15.00	5575.00
chr16	89780611	89781646	1035	1035	4.00	56.00	21.43	20.00	22181.00
chr12	109964162	109964221	59	59	35.00	56.00	45.78	46.00	2701.00
chr22	24491893	24492045	152	152	19.00	51.00	31.73	30.00	4823.00
chr2	242592926	242593025	99	99	101.00	147.00	115.34	110.00	11419.00
chr1	21937944	21938074	130	130	329.00	753.00	581.21	613.00	75557.00
chr2	223789173	223789313	140	140	154.00	216.00	189.67	190.00	26554.00
chr20	3772318	3772535	217	217	3.00	10.00	6.19	6.00	1344.00
chr16	18531918	18532001	83	83	394.00	639.00	544.46	587.00	45190.00
chr1	43396296	43396537	241	241	122.00	204.00	157.13	152.00	37868.00
chr2	100037960	100038115	155	155	35.00	54.00	44.02	43.00	6823.00
chr16	1500497	1500770	273	273	0.00	88.00	50.02	75.00	13655.00
chr19	40876016	40876144	128	128	971.00	1326.00	1133.06	1128.50	145032.00
chr5	168112691	168112932	241	241	22.00	37.00	28.33	27.00	6828.00
chr2	127825738	127825831	93	93	333.00	395.00	362.34	364.00	33698.00
chr1	19232015	19234990	2975	2975	4.00	117.00	31.11	27.00	92541.00
chr16	1391129	1391196	67	67	30.00	46.00	37.93	37.00	2541.00
chr6	33410665	33411689	1024	1024	18.00	594.00	268.66	242.00	275104.00
chr9	95872033	95872266	233	233	1.00	14.00	7.77	7.00	1810.00
chr1	53378627	53378839	212	212	7.00	12.00	8.97	9.00	1901.00
chr2	80531276	80531693	417	417	15.00	86.00	65.63	69.00	27369.00
chr7	44286718	44286791	73	73	640.00	789.00	741.79	748.00	54151.00
chr7	157369304	157369471	167	167	296.00	394.00	350.47	356.00	58528.00
chr11	18755079	18755191	112	112	1.00	129.00	78.30	106.00	8770.00
chr6	86237979	86238080	101	101	98.00	142.00	121.29	121.00	12250.00
chr8	145000951	145001050	99	99	92.00	125.00	113.01	116.00	11188.00
chr19	45167680	45167966	286	286	4.00	17.00	10.74	11.00	3073.00
chr10	48930165	48930400	235	235	0.00	13.00	5.50	4.00	1292.00
chr16	87871450	87871547	97	97	73.00	130.00	107.32	118.00	10410.00
chr1	109815454	109815649	195	195	135.00	205.00	165.90	163.00	32350.00
chr1	208215442	208215711	269	269	37.00	61.00	46.12	44.00	12405.00
chr2	260866	261451	585	585	4.00	23.00	14.64	14.00	8563.00
chr5	180481266	180481724	458	458	1.00	21.00	8.34	5.00	3822.00
chr7	73119479	73119631	152	152	4.00	1737.00	650.76	9.00	98916.00
chr15	34677248	34677358	110	110	215.00	327.00	258.95	239.50	28485.00
chr16	57687114	57687247	133	133	133.00	236.00	198.62	208.00	26417.00
chr15	50649406	50649592	186	186	6.00	19.00	13.40	15.00	2492.00
chr22	21071995	21072066	71	71	671.00	761.00	720.18	723.00	51133.00
chr5	179200882	179201561	679	679	9.00	26.00	18.35	19.00	12463.00
chr10	98763824	98763979	155	155	81.00	145.00	116.87	119.00	18115.00
chr14	102963315	102963457	142	142	47.00	80.00	57.95	56.00	8229.00
chr1	21932558	21933138	580	580	10.00	544.00	113.42	18.00	65785.00
chr16	28118842	28118998	156	156	101.00	142.00	116.86	116.00	18230.00
chr1	241767561	241767881	320	320	44.00	88.00	62.83	61.00	20105.00
chr11	66812063	66812184	121	121	37.00	62.00	50.90	53.00	6159.00
chr11	12248571	12248678	107	107	240.00	346.00	290.85	294.00	31121.00
chr9	130588788	130588951	163	163	37.00	66.00	53.21	54.00	8674.00
chr22	21068915	21068988	73	73	613.00	852.00	733.64	755.00	53556.00
chr1	43424304	43424531	227	227	18.00	297.00	218.01	245.00	49489.00
chr14	105852021	105853670	1649	1649	3.00	86.00	11.45	10.00	18884.00
chr15	34823469	34823579	110	110	221.00	308.00	260.20	243.00	28622.00
chr11	171365	172282	917	917	0.00	15.00	4.87	4.00	4467.00
chr22	24493976	24494155	179	179	33.00	60.00	44.79	42.00	8018.00
chr15	79291060	79291167	107	107	367.00	463.00	416.35	411.00	44549.00
chr16	2145904	2146194	290	290	9.00	17.00	12.91	12.00	3744.00
chr9	131503050	131503166	116	116	221.00	278.00	245.47	245.00	28474.00
chr11	61301983	61302579	596	596	4.00	22.00	13.07	13.00	7791.00
chr22	25308609	25308719	110	110	25.00	47.00	36.15	35.00	3976.00
chr12	63977826	63979986	2160	2160	3.00	70.00	23.15	18.00	49998.00
chr19	46928844	46930933	2089	2089	3.00	194.00	90.63	92.00	189332.00
chr16	56969146	56969224	78	78	111.00	214.00	157.33	154.50	12272.00
chr17	40665787	40665996	209	209	6.00	873.00	335.45	401.00	70110.00
chr9	131669435	131671600	2165	2165	50.00	190.00	105.15	100.00	227643.00
chr2	220164026	220164271	245	245	10.00	552.00	175.20	16.00	42925.00
chr19	7589846	7590052	206	206	56.00	140.00	85.11	83.00	17533.00
chr6	91260186	91260268	82	82	57.00	72.00	62.71	62.00	5142.00
chr9	124543742	124543830	88	88	252.00	354.00	306.84	310.00	27002.00
chr12	54071005	54071170	165	165	7.00	50.00	30.24	29.00	4989.00
chr2	40443	41212	769	769	5.00	21.00	11.97	12.00	9202.00
chr11	67852159	67852747	588	588	4.00	13.00	9.10	9.00	5353.00
chr8	8233762	8234810	1048	1048	9.00	56.00	35.39	35.00	37087.00
chr2	175671113	175672148	1035	1035	2.00	16.00	6.98	6.00	7224.00
chr7	138984922	138985438	516	516	2.00	15.00	9.00	10.00	4643.00
chr22	40816850	40817104	254	254	39.00	111.00	81.45	83.00	20688.00
chr19	14263120	14263249	129	129	145.00	314.00	209.99	195.00	27089.00
chr19	16962222	16962345	123	123	60.00	131.00	99.80	98.00	12275.00
chr1	109813838	109813918	80	80	97.00	139.00	114.22	111.00	9138.00
chr3	49898148	49898562	414	414	13.00	641.00	327.92	495.00	135758.00
chr17	17131202	17131510	308	308	6.00	75.00	50.00	50.00	15400.00
chr1	21936067	21936139	72	72	182.00	252.00	216.15	213.00	15563.00
chr3	130424404	130424615	211	211	26.00	55.00	41.18	42.00	8690.00
chr12	56532710	56532797	87	87	24.00	38.00	32.90	33.00	2862.00
chr16	29888591	29888788	197	197	283.00	506.00	386.54	383.00	76149.00
chr2	114394588	114396196	1608	1608	0.00	17.00	5.66	5.00	9102.00
chr3	124180736	124180803	67	67	233.00	264.00	247.27	244.00	16567.00
chr9	111798485	111798660	175	175	43.00	68.00	52.13	50.00	9123.00
chr10	73847897	73848372	475	475	11.00	957.00	352.90	338.00	167629.00
chr22	21075585	21075706	121	121	379.00	650.00	542.84	560.00	65684.00
chr22	20920753	20921104	351	351	29.00	77.00	53.56	56.00	18801.00
chr9	140953020	140953185	165	165	55.00	133.00	94.56	95.00	15603.00
chr22	41620970	41621075	105	105	52.00	72.00	60.46	60.00	6348.00
chr11	6243671	6243839	168	168	38.00	65.00	53.35	53.00	8963.00
chr15	74704225	74704353	128	128	65.00	97.00	81.59	79.00	10443.00
chr3	48719780	48719985	205	205	33.00	46.00	37.35	37.00	7657.00
chr1	222833247	222833348	101	101	47.00	83.00	65.65	64.00	6631.00
chr1	6583675	6584824	1149	1149	6.00	66.00	29.28	29.00	33646.00
chr11	126135857	126135976	119	119	81.00	128.00	101.94	97.00	12131.00
chr8	75156763	75157410	647	647	20.00	51.00	33.76	34.00	21843.00
chr15	83345212	83345389	177	177	145.00	199.00	175.51	178.00	31066.00
chr14	68031638	68032561	923	923	0.00	9.00	2.19	1.00	2023.00
chr19	42479780	42479949	169	169	1271.00	2418.00	1722.04	1675.00	291024.00
chr16	31503329	31503407	78	78	126.00	197.00	160.24	166.50	12499.00
chr17	1564564	1564700	136	136	80.00	227.00	138.54	112.00	18842.00
chr16	58717858	58718082	224	224	18.00	43.00	27.63	27.00	6190.00
chr14	71575320	71575763	443	443	16.00	52.00	28.54	26.00	12645.00
chr1	202934498	202934628	130	130	74.00	130.00	97.99	92.00	12739.00
chr7	73118477	73118586	109	109	767.00	991.00	845.39	829.00	92147.00
chr19	13365908	13366073	165	165	68.00	120.00	93.79	92.00	15475.00
chr10	102265117	102265958	841	841	5.00	29.00	16.66	16.00	14014.00
chr9	139983320	139983457	137	137	46.00	104.00	81.30	85.00	11138.00
chr18	29206245	29206347	102	102	101.00	138.00	115.80	115.00	11812.00
chr12	120578662	120578827	165	165	30.00	44.00	38.56	39.00	6363.00
chr5	757516	758226	710	710	4.00	11.00	7.26	7.00	5154.00
chr8	21632483	21632567	84	84	7.00	17.00	11.12	11.00	934.00
chr4	54011499	54011749	250	250	32.00	72.00	46.69	44.00	11673.00
chr8	141680613	141681365	752	752	0.00	12.00	4.67	3.00	3513.00
chr11	57367351	57367850	499	499	9.00	38.00	21.61	20.00	10782.00
chr12	63980009	63980784	775	775	6.00	22.00	13.83	14.00	10716.00
chr9	140057042	140057203	161	161	11.00	1122.00	925.12	995.00	148945.00
chr2	7055953	7056098	145	145	14.00	23.00	17.90	17.00	2596.00
chr12	52387768	52389043	1275	1275	21.00	396.00	115.85	93.00	147707.00
chr19	50104931	50105175	244	244	8.00	54.00	21.25	16.00	5185.00
chr19	5218430	5218543	113	113	287.00	505.00	421.87	438.00	47671.00
chr16	29898969	29899138	169	169	234.00	425.00	304.34	268.00	51434.00
chr7	99030900	99031041	141	141	13.00	35.00	26.45	28.00	3729.00
chr17	36692926	36693212	286	286	2.00	11.00	5.40	5.00	1543.00
chr15	73857770	73859335	1565	1565	2.00	54.00	27.86	29.00	43600.00
chr6	44104085	44104176	91	91	164.00	261.00	217.90	228.00	19829.00
chr1	21938518	21938602	84	84	352.00	484.00	426.61	420.00	35835.00
chr19	13423482	13423595	113	113	30.00	55.00	42.39	42.00	4790.00
chr16	70292882	70293089	207	207	317.00	560.00	431.84	427.00	89390.00
chr18	61060641	61060782	141	141	36.00	56.00	45.79	46.00	6456.00
chr16	22269814	22270016	202	202	4.00	20.00	11.60	10.00	2344.00
chr1	21554423	21554534	111	111	48.00	65.00	55.57	56.00	6168.00
chr9	140057255	140057455	200	200	24.00	1234.00	884.87	1093.50	176973.00
chr7	1488255	1488397	142	142	23.00	40.00	34.08	35.00	4839.00
chr14	100166351	100166438	87	87	386.00	526.00	450.98	443.00	39235.00
chr9	101065522	101065705	183	183	268.00	405.00	352.67	366.00	64539.00
chr5	68411752	68412041	289	289	22.00	58.00	39.40	40.00	11387.00
chr1	2452539	2452754	215	215	31.00	92.00	57.66	49.00	12397.00
chr1	21564626	21564737	111	111	44.00	76.00	60.55	59.00	6721.00
chr13	42037713	42039066	1353	1353	5.00	28.00	15.00	15.00	20289.00
chr2	114350236	114350443	207	207	2.00	19.00	11.31	13.00	2341.00
chr1	21939668	21939722	54	54	413.00	482.00	440.17	435.00	23769.00
chr9	139353895	139354007	112	112	25.00	44.00	35.29	35.00	3953.00
chr7	102176367	102176618	251	251	3.00	11.00	6.48	6.00	1627.00
chr3	51411753	51412018	265	265	1.00	115.00	45.20	6.00	11978.00
chr17	73888091	73888266	175	175	9.00	21.00	14.31	14.00	2505.00
chr13	103297258	103297435	177	177	1.00	51.00	25.31	33.00	4479.00
chr15	63922664	63922834	170	170	77.00	161.00	120.08	130.50	20414.00
chr3	33400774	33400849	75	75	134.00	175.00	151.27	145.00	11345.00
chr22	50671744	50671955	211	211	24.00	42.00	30.97	32.00	6534.00
chr1	21190968	21191205	237	237	140.00	259.00	200.05	199.00	47411.00
chr5	14481649	14481727	78	78	156.00	191.00	168.19	165.50	13119.00
chr15	101605556	101606410	854	854	5.00	29.00	16.14	17.00	13784.00
chr17	80040402	80040554	152	152	168.00	377.00	257.67	257.00	39166.00
chr2	132269293	132270897	1604	1604	3.00	28.00	17.11	18.00	27449.00
chr11	1778553	1778786	233	233	426.00	735.00	586.79	594.00	136722.00
chr11	1469616	1469808	192	192	9.00	22.00	14.91	15.00	2862.00
chr12	120138549	120138630	81	81	58.00	87.00	78.15	79.00	6330.00
chr7	901016	901101	85	85	81.00	144.00	121.05	128.00	10289.00
chr19	13372263	13372424	161	161	81.00	138.00	108.71	111.00	17503.00
chr17	40843154	40843311	157	157	141.00	227.00	188.98	189.00	29670.00
chr17	80039476	80039719	243	243	191.00	344.00	256.45	257.00	62317.00
chr17	16681109	16687365	6256	6256	2.00	148.00	56.91	57.00	356058.00
chr1	116935475	116935610	135	135	1596.00	2449.00	2000.59	1982.00	270079.00
chr6	128294808	128294972	164	164	64.00	116.00	92.34	94.00	15143.00
chr5	109189927	109190617	690	690	0.00	9.00	3.34	3.00	2308.00
chr15	40757533	40757634	101	101	17.00	55.00	42.07	45.00	4249.00
chr2	220164706	220164981	275	275	334.00	1060.00	635.64	666.00	174800.00
chr3	164905164	164908639	3475	3475	7.00	113.00	45.76	42.00	159015.00
chr11	60699157	60699356	199	199	74.00	567.00	364.97	332.00	72629.00
chr2	96680301	96680717	416	416	1.00	7.00	3.09	3.00	1284.00
chr17	40845314	40845554	240	240	177.00	258.00	209.95	199.50	50387.00
chr12	125264513	125265391	878	878	1.00	29.00	11.11	10.00	9757.00
chr1	156623704	156624158	454	454	16.00	48.00	29.84	27.00	13547.00
chr6	108370456	108370622	166	166	66.00	125.00	101.64	103.00	16873.00
chr11	19180486	19180587	101	101	19.00	36.00	30.66	33.00	3097.00
chr19	42489069	42489338	269	269	421.00	977.00	761.29	789.00	204786.00
chr2	198274493	198274731	238	238	83.00	129.00	106.61	108.00	25372.00
chr6	47220991	47221257	266	266	101.00	198.00	136.32	129.00	36260.00
chr19	40872679	40872822	143	143	1276.00	2076.00	1749.59	1801.00	250192.00
chr19	54693278	54693627	349	349	1.00	79.00	33.49	25.00	11688.00
chr12	81929	82174	245	245	1.00	30.00	17.13	17.00	4198.00
chr21	45513943	45514114	171	171	34.00	50.00	41.48	41.00	7093.00
chr3	124201630	124201747	117	117	8.00	457.00	333.59	417.00	39030.00
chr17	79805118	79805223	105	105	253.00	314.00	280.80	277.00	29484.00
chr20	46307419	46307548	129	129	77.00	120.00	88.57	86.00	11425.00
chr17	38187790	38187873	83	83	88.00	122.00	100.73	97.00	8361.00
chr2	207452814	207452878	64	64	150.00	222.00	191.80	193.00	12275.00
chr17	45695715	45695823	108	108	240.00	287.00	265.34	268.00	28657.00
chr7	44283023	44283126	103	103	567.00	710.00	622.92	601.00	64161.00
chr20	62274975	62275284	309	309	2.00	1572.00	749.81	1068.00	231690.00
chr11	108202605	108202764	159	159	14.00	23.00	18.30	18.00	2909.00
chr9	140051314	140051489	175	175	446.00	686.00	550.87	547.00	96402.00
chr22	45574118	45574781	663	663	28.00	108.00	59.56	60.00	39488.00
chr15	79312382	79312446	64	64	182.00	226.00	202.70	205.00	12973.00
chr1	21940120	21940199	79	79	394.00	453.00	431.61	433.00	34097.00
chr17	3775847	3775921	74	74	190.00	314.00	271.43	288.50	20086.00
chr7	73133931	73134019	88	88	20.00	1557.00	532.41	336.00	46852.00
chr11	72292920	72292991	71	71	366.00	433.00	405.13	407.00	28764.00
chr7	43547616	43547730	114	114	39.00	62.00	53.54	56.00	6104.00
chr16	58713760	58714145	385	385	22.00	40.00	30.05	29.00	11568.00
chr22	21083600	21083794	194	194	335.00	646.00	474.98	489.00	92147.00
chr11	66457275	66457414	139	139	301.00	480.00	352.29	331.00	48968.00
chr15	91561034	91561115	81	81	26.00	53.00	40.05	44.00	3244.00
chr11	2968525	2969001	476	476	3.00	19.00	9.55	9.00	4546.00
chr19	34869838	34869910	72	72	709.00	926.00	789.78	785.00	56864.00
chr9	121970996	121971219	223	223	252.00	408.00	323.95	318.00	72240.00
chr3	47449772	47449980	208	208	2.00	71.00	42.49	55.00	8837.00
chr12	57601820	57601999	179	179	166.00	391.00	257.06	255.00	46013.00
chr16	2345590	2345741	151	151	139.00	211.00	178.26	177.00	26917.00
chr12	50471782	50471910	128	128	64.00	123.00	95.77	103.00	12258.00
chr1	109814221	109814344	123	123	146.00	200.00	179.82	178.00	22118.00
chr19	16942304	16942458	154	154	64.00	112.00	92.44	98.00	14236.00
chr11	66333301	66333398	97	97	300.00	370.00	328.18	326.00	31833.00
chr5	74026084	74026223	139	139	52.00	66.00	58.98	59.00	8198.00
chr5	68417520	68417722	202	202	42.00	75.00	56.84	57.00	11481.00
chr19	15272262	15272525	263	263	19.00	62.00	36.97	29.00	9724.00
chr3	45872404	45872482	78	78	93.00	129.00	115.60	118.00	9017.00
chr7	73123374	73123452	78	78	1579.00	2030.00	1859.46	1912.50	145038.00
chr5	14498197	14498360	163	163	154.00	215.00	184.31	183.00	30042.00
chr14	93180167	93180230	63	63	105.00	141.00	123.76	124.00	7797.00
chr9	130984739	130984875	136	136	1001.00	1583.00	1345.83	1337.50	183033.00
chr13	31216764	31216894	130	130	9.00	35.00	21.91	23.50	2848.00
chr12	112614399	112614506	107	107	73.00	167.00	144.43	145.00	15454.00
chr12	57602865	57602982	117	117	294.00	470.00	372.77	375.00	43614.00
chr14	72976861	72976987	126	126	55.00	89.00	69.11	65.50	8708.00
chr1	155209406	155209553	147	147	70.00	120.00	88.57	82.00	13020.00
chr10	49633930	49634113	183	183	139.00	192.00	164.67	163.00	30135.00
chr16	84100093	84100218	125	125	94.00	144.00	117.81	117.00	14726.00
chr1	155207924	155208097	173	173	80.00	146.00	106.77	103.00	18471.00
chr12	2786898	2787033	135	135	15.00	24.00	18.33	18.00	2474.00
chr2	233755457	233756197	740	740	6.00	768.00	118.85	13.00	87948.00
chr14	60631894	60632099	205	205	29.00	149.00	102.45	124.00	21002.00
chr1	11151549	11151654	105	105	60.00	105.00	81.94	82.00	8604.00
chr4	134076071	134076178	107	107	184.00	234.00	210.07	210.00	22477.00
chr15	91420364	91420441	77	77	110.00	150.00	127.26	119.00	9799.00
chr5	114961533	114961755	222	222	4.00	69.00	40.35	36.00	8958.00
chr16	1814047	1814211	164	164	3.00	313.00	117.32	141.50	19241.00
chr18	44250463	44252581	2118	2118	13.00	94.00	52.80	55.00	111824.00
chr6	158049380	158049518	138	138	45.00	91.00	66.82	64.00	9221.00
chr19	7675585	7675679	94	94	31.00	45.00	38.24	38.00	3595.00
chr13	99461604	99461719	115	115	0.00	250.00	116.74	104.00	13425.00
chr11	130010829	130011467	638	638	3.00	1260.00	139.53	13.00	89021.00
chr11	107526658	107526792	134	134	360.00	497.00	416.92	406.00	55867.00
chr16	1391294	1391490	196	196	19.00	43.00	26.64	25.00	5222.00
chr1	38182716	38184158	1442	1442	8.00	69.00	36.79	38.00	53056.00
chr5	179231023	179231323	300	300	8.00	22.00	14.82	15.00	4447.00
chr14	69814593	69814719	126	126	70.00	97.00	86.74	88.00	10929.00
chr14	69349174	69349309	135	135	115.00	151.00	133.87	132.00	18072.00
chr19	7614792	7614998	206	206	82.00	123.00	100.13	95.00	20627.00
chr1	228270375	228270466	91	91	4.00	1316.00	423.59	203.00	38547.00
chr1	38186022	38186315	293	293	6.00	38.00	22.00	24.00	6445.00
chr13	77641715	77641999	284	284	139.00	237.00	194.54	191.00	55248.00
chr14	100157417	100157498	81	81	139.00	294.00	201.57	184.00	16327.00
chr13	32978280	32979333	1053	1053	5.00	41.00	16.68	14.00	17559.00
chr12	7301567	7301794	227	227	362.00	736.00	554.33	535.00	125834.00
chr9	123583116	123583257	141	141	32.00	45.00	37.26	37.00	5254.00
chr17	26883183	26883284	101	101	47.00	97.00	69.56	64.00	7026.00
chr12	6972993	6973137	144	144	124.00	191.00	153.18	154.00	22058.00
chr20	34322310	34322637	327	327	1.00	5.00	2.91	3.00	950.00
chr19	7606407	7606570	163	163	53.00	81.00	63.88	62.00	10413.00
chr16	2333186	2333373	187	187	3.00	175.00	125.29	127.00	23429.00
chr12	113825548	113825711	163	163	53.00	191.00	109.54	101.00	17855.00
chr7	4802013	4807749	5736	5736	7.00	123.00	33.74	30.00	193544.00
chr1	43394880	43394985	105	105	204.00	280.00	243.50	254.00	25567.00
chr19	4554399	4554488	89	89	415.00	596.00	495.02	511.00	44057.00
chr16	31719139	31719372	233	233	2.00	12.00	6.76	7.00	1574.00
chr5	134060669	134061744	1075	1075	4.00	52.00	23.12	21.00	24851.00
chr1	202936318	202936371	53	53	7.00	82.00	49.11	68.00	2603.00
chr2	220087366	220087615	249	249	90.00	128.00	110.50	110.00	27514.00
chr2	36764494	36764689	195	195	31.00	50.00	39.44	38.00	7690.00
chr7	43519208	43519343	135	135	59.00	105.00	83.31	82.00	11247.00
chr10	51249585	51249993	408	408	2.00	18.00	9.99	10.00	4075.00
chr6	32123647	32123755	108	108	108.00	134.00	118.09	117.00	12754.00
chr3	118624442	118624692	250	250	1.00	47.00	20.80	5.00	5200.00
chr1	190129797	190130020	223	223	96.00	145.00	116.87	114.00	26063.00
chr9	131004491	131004624	133	133	2.00	2013.00	1584.38	1814.00	210723.00
chr22	33679187	33679334	147	147	112.00	170.00	141.72	142.00	20833.00
chr15	74709931	74710016	85	85	55.00	87.00	73.80	74.00	6273.00
chr7	6470110	6470238	128	128	27.00	38.00	31.85	32.00	4077.00
chr1	6640600	6641359	759	759	11.00	40.00	24.02	24.00	18232.00
chr16	31510622	31510728	106	106	119.00	144.00	129.20	129.00	13695.00
chr4	103710287	103711803	1516	1516	1.00	29.00	13.87	14.00	21029.00
chr19	2862339	2862746	407	407	3.00	17.00	9.25	10.00	3763.00
chr2	15467873	15467994	121	121	32.00	45.00	40.25	42.00	4870.00
chr2	36780721	36781492	771	771	3.00	18.00	7.48	6.00	5769.00
chr10	81070680	81070941	261	261	23.00	42.00	32.16	31.00	8393.00
chr2	217234866	217235986	1120	1120	21.00	109.00	67.64	73.00	75757.00
chr10	93786348	93786508	160	160	25.00	78.00	48.81	49.00	7809.00
chr17	20268785	20269076	291	291	5.00	12.00	8.23	8.00	2396.00
chr9	131002006	131002062	56	56	4.00	1892.00	1644.34	1781.50	92083.00
chr1	155208307	155208441	134	134	122.00	175.00	143.92	145.00	19285.00
chr2	162833877	162834373	496	496	3.00	322.00	31.02	8.00	15388.00
chr9	35799614	35799728	114	114	22.00	32.00	26.71	27.00	3045.00
chr20	62517856	62519234	1378	1378	2.00	94.00	18.61	16.00	25648.00
chr22	35942847	35943127	280	280	21.00	106.00	74.61	84.00	20892.00
chr13	26436438	26436546	108	108	14.00	25.00	17.20	16.00	1858.00
chr14	69371371	69371453	82	82	116.00	172.00	147.82	150.50	12121.00
chr7	44031274	44031581	307	307	1.00	7.00	4.90	5.00	1503.00
chr11	12274988	12275291	303	303	2.00	23.00	12.60	13.00	3818.00
chr5	1334403	1334498	95	95	79.00	101.00	90.84	92.00	8630.00
chr19	34868639	34868786	147	147	947.00	1470.00	1197.67	1208.00	176058.00
chr16	1815960	1816143	183	183	127.00	210.00	169.82	172.00	31077.00
chr10	73578787	73578868	81	81	1343.00	1921.00	1569.28	1568.00	127112.00
chr17	37420427	37420640	213	213	13.00	24.00	17.38	17.00	3701.00
chr5	60835422	60835586	164	164	22.00	38.00	30.27	31.00	4965.00
chr15	79296143	79296517	374	374	230.00	405.00	287.05	279.00	107358.00
chr19	13039568	13039661	93	93	285.00	472.00	374.47	378.00	34826.00
chr12	49421585	49421713	128	128	68.00	122.00	95.52	94.00	12227.00
chr1	1661057	1662583	1526	1526	5.00	104.00	41.13	35.00	62766.00
chr2	207457340	207457460	120	120	221.00	295.00	260.15	264.50	31218.00
chr11	64542462	64543441	979	979	5.00	21.00	13.96	14.00	13663.00
chr20	61910250	61910347	97	97	86.00	104.00	95.51	96.00	9264.00
chr11	62394042	62394156	114	114	138.00	191.00	156.75	156.50	17870.00
chr5	37301538	37301652	114	114	9.00	21.00	16.59	17.00	1891.00
chr16	4733843	4733933	90	90	117.00	160.00	145.60	145.00	13104.00
chr15	43693913	43694048	135	135	52.00	73.00	61.33	62.00	8280.00
chr11	18764538	18764622	84	84	62.00	107.00	88.82	95.00	7461.00
chr17	57842331	57842499	168	168	89.00	147.00	109.55	108.50	18405.00
chr9	96076729	96078064	1335	1335	1.00	28.00	12.84	12.00	17143.00
chr11	12246219	12246367	148	148	184.00	219.00	200.34	200.00	29650.00
chr12	7030743	7031565	822	822	5.00	1917.00	621.46	15.00	510839.00
chr3	14523178	14523349	171	171	22.00	47.00	36.71	37.00	6278.00
chr5	758508	759483	975	975	2.00	20.00	9.93	9.00	9677.00
chr12	22635490	22635677	187	187	39.00	68.00	53.84	49.00	10068.00
chr5	14479369	14479459	90	90	183.00	227.00	195.63	195.00	17607.00
chr6	143655214	143656079	865	865	0.00	10.00	5.33	6.00	4614.00
chr7	75508360	75508578	218	218	64.00	623.00	456.14	526.50	99438.00
chr11	60697981	60698131	150	150	155.00	248.00	191.87	185.00	28781.00
chr1	151400598	151400889	291	291	51.00	143.00	90.14	85.00	26230.00
chr5	172196431	172197309	878	878	26.00	700.00	220.83	73.00	193892.00
chr3	49152660	49152794	134	134	19.00	52.00	33.00	32.00	4422.00
chr7	5518281	5519950	1669	1669	9.00	47.00	25.50	24.00	42563.00
chr17	16691106	16691449	343	343	3.00	44.00	25.85	36.00	8865.00
chr2	220086993	220087172	179	179	82.00	105.00	93.94	95.00	16816.00
chr10	51746916	51748006	1090	1090	2.00	63.00	21.56	17.00	23498.00
chr12	7302118	7302289	171	171	553.00	771.00	659.03	649.00	112694.00
chr11	59562844	59562955	111	111	27.00	46.00	38.05	39.00	4224.00
chr12	6100984	6101184	200	200	9.00	33.00	17.20	15.00	3440.00
chr19	5683274	5683627	353	353	3.00	23.00	11.29	10.00	3986.00
chr12	2786259	2786387	128	128	16.00	30.00	21.95	21.00	2810.00
chr15	26812727	26812880	153	153	197.00	312.00	236.84	230.00	36237.00
chr1	149007980	149008798	818	818	1.00	12.00	4.59	3.00	3757.00
chr19	54965608	54965861	253	253	38.00	119.00	76.84	71.00	19441.00
chr8	27293259	27293310	51	51	45.00	77.00	64.27	63.00	3278.00
chr15	23014437	23014528	91	91	81.00	122.00	98.53	95.00	8966.00
chr1	111717500	111717585	85	85	36.00	55.00	45.87	44.00	3899.00
chr6	150157220	150157433	213	213	129.00	200.00	175.88	179.00	37463.00
chr13	114566547	114566670	123	123	12.00	75.00	36.53	37.00	4493.00
chr16	58539291	58539605	314	314	8.00	30.00	20.09	22.00	6308.00
chr1	21936612	21936768	156	156	223.00	710.00	402.78	386.50	62833.00
chr1	17322880	17322991	111	111	140.00	241.00	190.49	207.00	21144.00
chr11	60699455	60699599	144	144	334.00	583.00	430.17	385.00	61944.00
chr5	6749669	6749770	101	101	34.00	56.00	42.15	41.00	4257.00
chr16	2156805	2156949	144	144	60.00	87.00	70.17	68.00	10105.00
chr15	34690834	34690930	96	96	82.00	165.00	128.50	136.00	12336.00
chr3	11074933	11075425	492	492	2.00	534.00	102.47	17.00	50414.00
chr5	74655222	74655381	159	159	123.00	233.00	167.11	169.00	26570.00
chr20	20022968	20023160	192	192	25.00	77.00	55.53	55.00	10661.00
chr2	39055481	39055578	97	97	23.00	37.00	29.02	29.00	2815.00
chr19	16793231	16793528	297	297	6.00	200.00	57.33	10.00	17028.00
chr2	219205450	219205509	59	59	22.00	35.00	26.46	26.00	1561.00
chr17	74087429	74087729	300	300	3.00	26.00	11.87	11.50	3562.00
chr3	184058150	184060036	1886	1886	3.00	886.00	131.93	43.00	248824.00
chr6	90333128	90333263	135	135	70.00	89.00	80.81	81.00	10909.00
chr12	125267019	125267429	410	410	4.00	39.00	19.15	17.00	7853.00
chr1	207942580	207943104	524	524	6.00	52.00	30.36	30.00	15911.00
chr4	89356876	89357043	167	167	11.00	28.00	22.02	24.00	3678.00
chr7	101995498	101995736	238	238	4.00	9.00	6.57	7.00	1564.00
chr3	11067458	11067562	104	104	326.00	620.00	493.12	474.00	51285.00
chr5	95734582	95734740	158	158	84.00	121.00	105.03	104.50	16595.00
chr6	152529106	152529341	235	235	78.00	140.00	105.61	96.00	24819.00
chr5	102295578	102295763	185	185	99.00	132.00	121.45	122.00	22468.00
chr22	21072980	21073110	130	130	389.00	709.00	532.07	562.50	69169.00
chr12	121855306	121855714	408	408	34.00	151.00	83.33	85.50	33999.00
chr1	160326389	160326544	155	155	79.00	120.00	100.02	99.00	15503.00
chr11	60670930	60671007	77	77	135.00	208.00	155.19	149.00	11950.00
chr17	79804822	79804948	126	126	275.00	388.00	332.37	330.50	41879.00
chr16	18527204	18527332	128	128	271.00	415.00	338.59	329.00	43339.00
chr16	16372518	16372646	128	128	285.00	428.00	352.74	346.50	45151.00
chr2	32750530	32750695	165	165	35.00	48.00	40.48	40.00	6679.00
chr14	69369193	69369279	86	86	149.00	188.00	168.90	169.00	14525.00
chr7	66418212	66418356	144	144	110.00	157.00	129.60	130.00	18663.00
chr6	44107988	44108097	109	109	113.00	185.00	162.95	170.00	17762.00
chr7	70885893	70886091	198	198	196.00	632.00	353.88	273.00	70068.00
chr8	27295281	27295397	116	116	78.00	106.00	87.50	86.00	10150.00
chr7	73122918	73123018	100	100	1494.00	1913.00	1712.99	1716.00	171299.00
chr15	34698874	34699071	197	197	123.00	187.00	149.68	146.00	29486.00
chr8	22009343	22009513	170	170	59.00	127.00	87.65	84.00	14901.00
chr7	1526557	1526737	180	180	31.00	93.00	60.96	61.00	10973.00
chr5	178053946	178054065	119	119	7.00	169.00	79.00	69.00	9401.00
chr12	6103027	6103369	342	342	22.00	52.00	34.11	35.00	11666.00
chr2	3479491	3480482	991	991	1.00	20.00	9.70	10.00	9611.00
chr3	33883388	33883566	178	178	62.00	131.00	94.51	93.00	16822.00
chr19	11019778	11019883	105	105	69.00	107.00	91.13	97.00	9569.00
chr7	98446205	98446318	113	113	500.00	1186.00	868.43	793.00	98133.00
chr8	106813274	106813932	658	658	11.00	30.00	20.12	20.00	13241.00
chr2	223795338	223795530	192	192	342.00	583.00	447.70	451.50	85959.00
chr7	75511146	75511554	408	408	382.00	892.00	619.90	614.50	252919.00
chr21	40184926	40185038	112	112	78.00	159.00	129.74	150.00	14531.00
chr19	53383575	53385236	1661	1661	6.00	35.00	19.91	21.00	33074.00
chr19	14208130	14208295	165	165	4.00	353.00	230.22	298.00	37987.00
chr15	91461013	91461618	605	605	2.00	121.00	36.63	8.00	22164.00
chr8	145278010	145278133	123	123	26.00	41.00	31.12	30.00	3828.00
chr16	28132990	28133083	93	93	92.00	153.00	127.01	131.00	11812.00
chr11	125280091	125280221	130	130	56.00	76.00	65.59	66.00	8527.00
chr15	63128089	63128317	228	228	22.00	155.00	98.95	112.00	22561.00
chr9	131181435	131181557	122	122	0.00	13.00	8.95	11.00	1092.00
chr19	3281196	3281343	147	147	167.00	308.00	261.86	275.00	38493.00
chr11	6240200	6240280	80	80	38.00	51.00	43.36	43.50	3469.00
chr20	31019123	31019287	164	164	28.00	46.00	37.76	39.00	6193.00
chr6	46825865	46827260	1395	1395	26.00	77.00	51.67	50.00	72074.00
chr12	1672006	1672666	660	660	4.00	29.00	14.13	13.00	9328.00
chr12	9098824	9099001	177	177	101.00	153.00	129.54	131.00	22928.00
chr7	121738503	121738630	127	127	12.00	25.00	19.28	20.00	2448.00
chr19	40875814	40875935	121	121	831.00	998.00	933.38	943.00	112939.00
chr20	3581592	3581671	79	79	73.00	114.00	90.00	89.00	7110.00
chr17	7226965	7227042	77	77	26.00	60.00	47.71	50.00	3674.00
chr2	74331800	74332809	1009	1009	10.00	60.00	27.21	24.00	27450.00
chr1	209785136	209785610	474	474	6.00	73.00	54.31	61.00	25742.00
chr9	35546426	35548532	2106	2106	80.00	196.00	134.00	133.50	282208.00
chr17	80040198	80040290	92	92	170.00	221.00	191.45	187.00	17613.00
chr11	73074791	73075284	493	493	4.00	95.00	34.29	12.00	16904.00
chr20	44674976	44675075	99	99	176.00	227.00	200.32	196.00	19832.00
chr20	5892091	5892328	237	237	71.00	243.00	172.26	199.00	40825.00
chr17	20316581	20317594	1013	1013	0.00	23.00	10.26	11.00	10389.00
chr12	99478702	99478801	99	99	146.00	169.00	156.13	155.00	15457.00
chr17	40842756	40842960	204	204	211.00	317.00	258.53	242.00	52740.00
chr11	107501142	107501288	146	146	231.00	343.00	292.25	298.00	42668.00
chr11	85429236	85429532	296	296	2.00	12.00	8.29	8.50	2454.00
chr20	9449217	9449319	102	102	28.00	39.00	32.31	32.00	3296.00
chr14	23371395	23371591	196	196	53.00	128.00	93.54	101.00	18333.00
chr7	716865	716957	92	92	1034.00	1515.00	1353.84	1379.50	124553.00
chr10	48862360	48862682	322	322	11.00	366.00	223.03	273.50	71815.00
chr10	68686678	68688210	1532	1532	23.00	88.00	51.33	51.00	78633.00
chr5	179674854	179674926	72	72	200.00	262.00	231.38	237.00	16659.00
chr1	209773327	209773456	129	129	71.00	87.00	77.23	77.00	9963.00
chr17	45691034	45691091	57	57	256.00	305.00	273.37	271.00	15582.00
chr1	19669871	19670118	247	247	5.00	26.00	18.11	19.00	4474.00
chr17	45664025	45664710	685	685	5.00	247.00	50.65	25.00	34692.00
chr19	2337634	2338840	1206	1206	7.00	64.00	19.52	16.00	23542.00
chr8	22011480	22011552	72	72	110.00	149.00	125.85	123.00	9061.00
