#chrom	start	end	size	num_data	min	max	mean	median	sum
chr12	1940100	1940691	591	591	44.00	83.00	64.09	65.00	37877.00
chr1	27480473	27481381	908	908	30.00	73.00	52.66	52.00	47819.00
chr15	63112684	63112809	125	125	204.00	306.00	265.70	270.00	33212.00
chr5	149231737	149232254	517	517	8.00	34.00	22.01	22.00	11378.00
chr5	140865429	140867182	1753	1753	17.00	62.00	35.40	36.00	62056.00
chr1	32209793	32209958	165	165	198.00	359.00	269.47	261.00	44462.00
chr16	87873307	87873431	124	124	69.00	133.00	105.43	109.00	13073.00
chr17	34157438	34158175	737	737	8.00	29.00	19.55	20.00	14409.00
chr2	127815619	127816088	469	469	14.00	75.00	36.94	36.00	17323.00
chr1	208212965	208213112	147	147	62.00	103.00	81.60	81.00	11995.00
chr22	19703883	19704666	783	783	9.00	52.00	28.81	26.00	22561.00
chr16	87872319	87872423	104	104	76.00	158.00	119.25	122.50	12402.00
chr9	140055740	140055868	128	128	1251.00	1599.00	1451.23	1478.00	185758.00
chr22	21096515	21096643	128	128	495.00	601.00	546.29	547.50	69925.00
chr9	140056321	140056540	219	219	3.00	1990.00	1218.86	1398.00	266931.00
chr11	78379981	78380253	272	272	10.00	29.00	20.42	21.00	5554.00
chr3	11070420	11070533	113	113	322.00	383.00	355.96	361.00	40223.00
chr1	109812554	109813222	668	668	6.00	472.00	194.64	224.50	130018.00
chr2	220161954	220162155	201	201	584.00	786.00	709.58	721.00	142625.00
chr15	74706887	74707086	199	199	104.00	166.00	127.35	126.00	25342.00
chr17	7318829	7319426	597	597	169.00	434.00	281.50	295.00	168053.00
chr1	21560050	21560154	104	104	42.00	52.00	46.11	46.00	4795.00
chr1	25573799	25573952	153	153	15.00	351.00	230.10	256.00	35205.00
chr14	93198993	93199160	167	167	113.00	151.00	134.38	134.00	22442.00
chr1	205554003	205554119	116	116	126.00	258.00	180.00	169.00	20880.00
chr1	9795005	9795232	227	227	1484.00	2261.00	1895.29	1925.00	430230.00
chr17	42426525	42426670	145	145	51.00	106.00	82.08	82.00	11902.00
chr18	70205887	70206179	292	292	13.00	382.00	142.72	22.00	41673.00
chr1	205553082	205553251	169	169	227.00	326.00	269.98	265.00	45627.00
chr9	140056623	140056766	143	143	6.00	1669.00	1001.15	1127.00	143164.00
chr6	33412147	33412394	247	247	12.00	532.00	294.02	387.00	72624.00
chr12	89992366	89992547	181	181	5.00	877.00	664.21	758.00	120222.00
chr2	220088827	220089576	749	749	95.00	206.00	146.58	141.00	109792.00
chr14	100763073	100765222	2149	2149	7.00	66.00	37.83	39.00	81299.00
chr1	110740697	110742543	1846	1846	5.00	980.00	555.76	521.00	1025928.00
chr1	149878201	149879758	1557	1557	13.00	1589.00	355.97	39.00	554246.00
chr3	197264139	197265259	1120	1120	8.00	66.00	30.04	29.00	33648.00
chr8	56449623	56450530	907	907	9.00	40.00	18.74	19.00	16996.00
chr9	139354208	139354326	118	118	60.00	81.00	70.75	73.00	8349.00
chr1	32204908	32205236	328	328	318.00	507.00	400.67	394.00	131421.00
chr7	75608768	75608897	129	129	90.00	122.00	106.50	108.00	13739.00
chr19	45161029	45161178	149	149	47.00	70.00	59.01	60.00	8793.00
chr19	5243911	5244493	582	582	70.00	183.00	115.75	106.50	67368.00
chr6	32119585	32119717	132	132	10.00	598.00	329.72	357.50	43523.00
chr3	42670878	42672067	1189	1189	2.00	39.00	15.30	15.00	18188.00
chr11	45892392	45892485	93	93	126.00	170.00	146.40	146.00	13615.00
chr17	80040789	80040991	202	202	341.00	521.00	420.86	423.50	85014.00
chr2	74902875	74903036	161	161	60.00	100.00	69.80	68.00	11238.00
chr17	38335969	38337946	1977	1977	6.00	210.00	38.42	28.00	75956.00
chr16	87870103	87870253	150	150	110.00	184.00	138.95	132.00	20842.00
chr1	32205947	32206142	195	195	360.00	549.00	447.97	434.00	87354.00
chr6	44117553	44117702	149	149	18.00	307.00	189.52	226.00	28238.00
chr1	159163659	159163830	171	171	1048.00	1350.00	1223.61	1228.00	209237.00
chr3	445565	446023	458	458	1.00	18.00	9.15	10.00	4190.00
chr2	25048913	25048995	82	82	137.00	168.00	153.17	152.00	12560.00
chr10	99504485	99504672	187	187	65.00	121.00	96.43	99.00	18033.00
chr4	54364807	54365010	203	203	87.00	149.00	122.09	123.00	24784.00
chr17	1634367	1634552	185	185	24.00	45.00	34.89	36.00	6455.00
chr7	72416124	72416247	123	123	92.00	151.00	114.02	101.00	14024.00
chr1	208212169	208212329	160	160	82.00	103.00	93.84	95.00	15015.00
chr9	140952500	140952702	202	202	57.00	122.00	76.37	71.00	15426.00
chr6	44197325	44197528	203	203	102.00	166.00	125.02	122.00	25380.00
chr6	44197643	44198218	575	575	47.00	122.00	75.81	67.00	43588.00
chr11	118981972	118982084	112	112	181.00	236.00	215.87	218.00	24177.00
chr5	150503846	150503952	106	106	4.00	1827.00	1276.40	1602.50	135298.00
chr11	118981761	118981878	117	117	234.00	281.00	259.38	261.00	30347.00
chr11	126314873	126315000	127	127	54.00	79.00	68.14	68.00	8654.00
chr1	159165808	159166244	436	436	6.00	1179.00	225.33	16.00	98246.00
chr7	134893542	134893750	208	208	37.00	54.00	45.50	45.00	9465.00
chr9	121976196	121976433	237	237	132.00	273.00	200.43	207.00	47501.00
chr19	54691042	54691169	127	127	202.00	405.00	282.09	254.00	35826.00
chr22	38621430	38621600	170	170	173.00	291.00	247.90	254.50	42143.00
chr13	42035681	42036205	524	524	0.00	13.00	5.89	6.00	3088.00
chr20	1915360	1915413	53	53	10.00	1364.00	888.43	1079.00	47087.00
chr5	14496987	14497126	139	139	167.00	264.00	210.76	199.00	29295.00
chr12	56528125	56528212	87	87	95.00	118.00	107.69	109.00	9369.00
chr3	47466974	47467101	127	127	60.00	81.00	71.14	71.00	9035.00
chr17	7415476	7415663	187	187	117.00	190.00	142.32	138.00	26613.00
chr3	33588037	33589252	1215	1215	13.00	48.00	28.08	27.00	34123.00
chr7	887833	888615	782	782	14.00	65.00	34.55	32.00	27019.00
chr10	24813251	24813693	442	442	35.00	84.00	56.91	58.00	25154.00
chr1	109812045	109812213	168	168	204.00	376.00	283.42	266.50	47615.00
chr19	15276597	15276902	305	305	54.00	122.00	72.90	69.00	22234.00
chr16	2334779	2334999	220	220	163.00	252.00	199.49	189.00	43887.00
chr16	68404761	68405261	500	500	20.00	61.00	38.62	36.00	19309.00
chr4	110969111	110969871	760	760	20.00	56.00	34.73	34.00	26392.00
chr1	145693161	145693996	835	835	9.00	115.00	56.42	56.00	47111.00
chr7	44282848	44282932	84	84	627.00	761.00	712.70	714.00	59867.00
chr2	220164315	220164508	193	193	15.00	566.00	243.38	34.00	46972.00
chr12	50472203	50472360	157	157	57.00	80.00	69.02	71.00	10836.00
chr2	220163768	220163833	65	65	619.00	847.00	741.92	751.00	48225.00
chr2	222289928	222290862	934	934	189.00	385.00	271.64	263.00	253708.00
chr12	57599133	57599268	135	135	128.00	252.00	171.63	164.00	23170.00
chr7	157475416	157475629	213	213	237.00	394.00	318.75	307.00	67894.00
chr1	32203800	32203927	127	127	312.00	772.00	512.98	536.00	65149.00
chr1	109811731	109811912	181	181	203.00	394.00	321.96	349.00	58275.00
chr9	140052830	140052975	145	145	892.00	2298.00	1635.39	1728.00	237131.00
chr2	220161706	220161854	148	148	605.00	1040.00	781.84	739.00	115712.00
chr16	29896906	29897070	164	164	408.00	589.00	532.01	549.50	87249.00
chr16	47143393	47143622	229	229	32.00	81.00	57.22	58.00	13103.00
chr11	993753	993985	232	232	211.00	326.00	267.98	261.00	62172.00
chr9	124059698	124061137	1439	1439	1.00	22.00	7.37	7.00	10607.00
chr9	140350140	140350634	494	494	3.00	49.00	21.55	20.00	10645.00
chr11	14504577	14504697	120	120	71.00	94.00	84.17	85.00	10100.00
chr3	49898612	49898733	121	121	547.00	988.00	804.88	837.00	97391.00
chr9	131811659	131811777	118	118	62.00	99.00	78.00	75.00	9204.00
chr9	131810705	131810818	113	113	53.00	100.00	72.53	73.00	8196.00
chr1	223400935	223401080	145	145	147.00	201.00	170.47	166.00	24718.00
chr12	125612185	125612820	635	635	8.00	154.00	39.45	17.00	25050.00
chr2	220088590	220088744	154	154	141.00	187.00	167.58	167.50	25807.00
chr9	70888487	70888750	263	263	4.00	57.00	35.44	36.00	9321.00
chr14	69813756	69813898	142	142	143.00	200.00	162.99	162.00	23145.00
chr2	47399145	47399890	745	745	1.00	388.00	42.22	34.00	31453.00
chr11	62688689	62689041	352	352	14.00	278.00	82.97	22.00	29206.00
chr6	43745205	43745407	202	202	0.00	76.00	62.57	63.00	12640.00
chr3	11072492	11072997	505	505	6.00	543.00	107.18	28.00	54125.00
chr7	2696031	2696168	137	137	139.00	209.00	183.67	189.00	25163.00
chr16	14969196	14969279	83	83	542.00	976.00	756.93	795.00	62825.00
chr17	7377847	7378026	179	179	11.00	18.00	14.84	15.00	2656.00
chr12	65639640	65639719	79	79	82.00	133.00	102.14	91.00	8069.00
chr12	50294912	50295108	196	196	1539.00	3723.00	2084.44	1871.00	408551.00
chr19	42485653	42485788	135	135	1678.00	2765.00	2253.59	2239.00	304235.00
chr10	99509230	99509343	113	113	94.00	189.00	139.65	136.00	15780.00
chr22	38883877	38888120	4243	4243	52.00	885.00	262.03	228.00	1111789.00
chr12	49416372	49416658	286	286	76.00	129.00	100.65	102.00	28785.00
chr6	24843089	24843782	693	693	26.00	50.00	38.71	40.00	26825.00
chr5	176295561	176295665	104	104	208.00	266.00	232.15	233.00	24144.00
chr10	99510087	99510227	140	140	157.00	201.00	174.76	173.00	24466.00
chr1	159173658	159174770	1112	1112	6.00	69.00	22.76	19.00	25313.00
chr11	1780745	1780869	124	124	772.00	1142.00	994.03	1047.00	123260.00
chr19	42486059	42486258	199	199	1579.00	2718.00	2153.05	2173.00	428457.00
chr3	47465422	47465535	113	113	77.00	147.00	107.50	106.00	12148.00
chr1	21573713	21573856	143	143	32.00	54.00	44.81	46.00	6408.00
chr11	65320330	65320453	123	123	82.00	106.00	96.28	98.00	11842.00
chr3	47462420	47462519	99	99	114.00	177.00	152.93	161.00	15140.00
chr2	219204751	219204864	113	113	116.00	176.00	155.97	160.00	17625.00
chr1	43906123	43906257	134	134	24.00	38.00	29.49	29.00	3951.00
chr7	38785158	38785840	682	682	5.00	266.00	38.36	21.00	26159.00
chr2	153499932	153500058	126	126	110.00	172.00	145.30	145.00	18308.00
chr1	32203011	32203132	121	121	4.00	595.00	439.90	501.00	53228.00
chr22	42290823	42290941	118	118	320.00	636.00	520.67	520.00	61439.00
chr19	47940718	47940818	100	100	295.00	560.00	452.88	460.50	45288.00
chr4	119539150	119539274	124	124	4.00	26.00	16.03	18.00	1988.00
chr17	44117067	44117250	183	183	63.00	82.00	72.72	72.00	13307.00
chr19	42485873	42485983	110	110	1511.00	2080.00	1806.57	1804.50	198723.00
chr6	44114583	44114664	81	81	97.00	126.00	110.12	109.00	8920.00
chr19	47941105	47941292	187	187	16.00	575.00	315.04	401.00	58912.00
chr11	73074250	73074500	250	250	163.00	225.00	194.87	196.00	48718.00
chr3	33418764	33418825	61	61	244.00	307.00	266.72	264.00	16270.00
chr1	700258	700505	247	247	12.00	49.00	30.29	25.00	7481.00
chr9	74319510	74319719	209	209	28.00	44.00	34.88	34.00	7289.00
chr16	2336694	2336968	274	274	121.00	319.00	214.85	213.00	58868.00
chr20	3575125	3575219	94	94	96.00	128.00	111.26	113.00	10458.00
chr9	139231377	139231529	152	152	75.00	97.00	88.40	89.00	13437.00
chr5	140515951	140516498	547	547	5.00	24.00	16.15	17.00	8836.00
chr1	21938208	21938309	101	101	412.00	548.00	485.47	489.00	49032.00
chr3	155659188	155659936	748	748	12.00	117.00	74.22	80.00	55519.00
chr16	27483068	27483241	173	173	84.00	112.00	95.34	95.00	16493.00
chr11	994071	994245	174	174	97.00	259.00	206.80	218.00	35984.00
chr7	71175745	71175913	168	168	382.00	548.00	467.42	472.50	78527.00
chr12	121204065	121204175	110	110	120.00	178.00	156.47	162.00	17212.00
chr7	73118679	73118753	74	74	929.00	1171.00	1031.72	1022.50	76347.00
chr9	140972565	140972710	145	145	69.00	112.00	88.43	90.00	12823.00
chr12	121683329	121684024	695	695	6.00	46.00	27.49	27.00	19106.00
chr16	74493579	74493687	108	108	119.00	153.00	137.33	135.00	14832.00
chr2	36771518	36771641	123	123	81.00	110.00	93.50	92.00	11500.00
chr7	94187181	94187996	815	815	7.00	34.00	15.31	14.00	12481.00
chr14	94156951	94157239	288	288	11.00	27.00	17.81	17.00	5130.00
chr7	121739000	121739524	524	524	2.00	7.00	4.06	4.00	2125.00
chr1	19549117	19549328	211	211	76.00	152.00	107.22	105.00	22624.00
chr19	5214571	5214747	176	176	170.00	324.00	214.94	209.00	37830.00
chr19	42557753	42557861	108	108	150.00	190.00	171.57	171.50	18530.00
chr15	102510686	102510925	239	239	0.00	42.00	22.76	23.00	5439.00
chr5	167673761	167675376	1615	1615	46.00	138.00	78.21	74.00	126308.00
chr7	44282158	44282253	95	95	653.00	929.00	755.08	710.00	71733.00
chr2	160621061	160621717	656	656	2.00	121.00	22.72	16.00	14903.00
chr5	10426501	10426634	133	133	199.00	291.00	250.60	259.00	33330.00
chr16	1814301	1814460	159	159	527.00	597.00	558.87	559.00	88861.00
chr11	21581734	21581928	194	194	100.00	171.00	128.87	124.00	25001.00
chr3	126749085	126749255	170	170	131.00	189.00	160.62	163.50	27306.00
chr11	12237765	12237866	101	101	355.00	471.00	408.80	409.00	41289.00
chr6	31750872	31750963	91	91	108.00	143.00	127.45	128.00	11598.00
chr3	53124201	53124398	197	197	14.00	32.00	24.02	24.00	4731.00
chr2	220161470	220161544	74	74	974.00	1162.00	1078.41	1073.00	79802.00
chr2	128951046	128951785	739	739	7.00	72.00	43.09	45.00	31847.00
chr5	24535811	24535931	120	120	68.00	109.00	93.42	97.00	11211.00
chr1	44083406	44083582	176	176	150.00	302.00	212.61	209.00	37420.00
chr1	32207653	32207818	165	165	254.00	441.00	304.65	281.00	50268.00
chr12	7293754	7294000	246	246	6.00	682.00	427.59	628.00	105188.00
chr3	131442289	131442469	180	180	97.00	151.00	126.61	127.00	22789.00
chr3	49898871	49899298	427	427	58.00	1011.00	444.54	598.00	189819.00
chr16	66432358	66432464	106	106	33.00	48.00	38.96	38.00	4130.00
chr1	20982593	20982680	87	87	195.00	259.00	220.18	211.00	19156.00
chr16	68398653	68398809	156	156	37.00	63.00	47.01	46.00	7333.00
chr17	16676818	16678279	1461	1461	10.00	58.00	29.45	29.00	43020.00
chr1	109814899	109815027	128	128	304.00	408.00	346.37	340.50	44335.00
chr1	21940478	21940582	104	104	529.00	628.00	581.64	584.00	60491.00
chr20	57468284	57468793	509	509	3.00	20.00	13.47	14.00	6857.00
chr3	127358087	127358366	279	279	195.00	392.00	284.46	271.00	79364.00
chr3	126735359	126735527	168	168	64.00	113.00	92.66	92.00	15567.00
chr10	103869140	103869264	124	124	267.00	331.00	294.14	289.50	36473.00
chr20	44520554	44520666	112	112	118.00	167.00	148.48	149.00	16630.00
chr1	32203252	32203356	104	104	293.00	503.00	410.48	437.50	42690.00
chr21	40186196	40186316	120	120	233.00	305.00	272.56	274.00	32707.00
chr5	111067153	111068349	1196	1196	6.00	44.00	23.84	24.00	28511.00
chr9	128002954	128003186	232	232	198.00	376.00	278.00	288.00	64495.00
chr1	43408896	43408992	96	96	117.00	143.00	127.41	125.00	12231.00
chr3	47463931	47464026	95	95	110.00	154.00	137.52	142.00	13064.00
chr2	220161160	220161238	78	78	918.00	1035.00	982.69	986.50	76650.00
chr11	62472772	62473089	317	317	873.00	1769.00	1276.00	1294.00	404491.00
chr9	130986341	130986906	565	565	15.00	467.00	120.17	23.00	67894.00
chr14	69358769	69359000	231	231	218.00	270.00	245.47	246.00	56703.00
chr11	64416205	64416379	174	174	115.00	177.00	143.43	140.00	24956.00
chr17	8398454	8398559	105	105	284.00	405.00	355.06	355.00	37281.00
chr12	53572943	53574193	1250	1250	13.00	56.00	38.03	39.00	47539.00
chr17	17696544	17701827	5283	5283	12.00	186.00	64.64	60.00	341484.00
chr8	11705187	11705331	144	144	1023.00	1263.00	1155.25	1155.50	166356.00
chr19	54963829	54963931	102	102	235.00	307.00	262.88	253.00	26814.00
chr2	70451682	70456295	4613	4613	3.00	118.00	28.35	25.00	130792.00
chr11	118873959	118874169	210	210	16.00	37.00	31.74	33.00	6665.00
chr10	75548427	75548581	154	154	65.00	129.00	100.13	103.00	15420.00
chr6	33414351	33414563	212	212	262.00	564.00	464.34	496.50	98440.00
chr17	80042910	80043032	122	122	177.00	235.00	202.54	203.00	24710.00
chr11	11470290	11470483	193	193	43.00	81.00	55.08	55.00	10630.00
chr8	23294446	23294771	325	325	87.00	154.00	118.05	118.00	38365.00
chr1	116932060	116932663	603	603	10.00	2198.00	767.36	31.00	462718.00
chr15	83222627	83222741	114	114	55.00	91.00	75.48	79.00	8605.00
chr3	9841562	9841751	189	189	17.00	31.00	24.72	26.00	4673.00
chr1	116937731	116937907	176	176	1426.00	2708.00	1774.86	1630.00	312376.00
chr16	87868019	87868197	178	178	92.00	128.00	111.24	112.00	19800.00
chr3	124209540	124209731	191	191	445.00	635.00	525.32	518.00	100336.00
chr7	71142195	71142291	96	96	449.00	609.00	505.36	498.00	48515.00
chr5	130497324	130497584	260	260	5.00	20.00	16.05	17.00	4174.00
chr13	100199238	100199358	120	120	245.00	363.00	303.45	298.00	36414.00
chr5	139943336	139943506	170	170	15.00	235.00	185.55	180.00	31544.00
chr17	74395529	74396002	473	473	86.00	155.00	127.44	127.00	60279.00
chr14	93179149	93179216	67	67	127.00	151.00	138.84	136.00	9302.00
chr4	160277004	160277310	306	306	40.00	344.00	168.94	155.00	51695.00
chr17	40666306	40666478	172	172	707.00	1113.00	906.83	883.00	155974.00
chr15	34828065	34828207	142	142	13.00	322.00	194.47	197.00	27615.00
chr14	100165802	100165876	74	74	356.00	435.00	393.55	399.00	29123.00
chr22	20128089	20128231	142	142	19.00	128.00	79.39	106.00	11273.00
chr12	3392210	3394421	2211	2211	4.00	131.00	51.30	50.00	113425.00
chr17	16687866	16690667	2801	2801	5.00	142.00	29.27	24.00	81978.00
chr6	31664724	31664810	86	86	107.00	133.00	123.98	126.00	10662.00
chr6	30627512	30627611	99	99	26.00	47.00	36.74	39.00	3637.00
chr11	18752834	18755060	2226	2226	9.00	978.00	108.47	49.00	241461.00
chr12	109332602	109332731	129	129	285.00	386.00	334.59	339.00	43162.00
chr6	90072884	90073110	226	226	9.00	25.00	17.88	18.00	4042.00
chr16	2689371	2689711	340	340	0.00	2.00	1.04	1.00	355.00
chr1	20987373	20987484	111	111	200.00	246.00	223.20	222.00	24775.00
chr14	85985300	85986667	1367	1367	6.00	35.00	15.14	15.00	20700.00
chr13	32863769	32863880	111	111	106.00	135.00	119.44	117.00	13258.00
chr16	1510418	1510528	110	110	80.00	123.00	95.04	95.00	10454.00
chr19	54963269	54963444	175	175	237.00	338.00	281.54	284.00	49269.00
chr6	44224078	44224233	155	155	40.00	64.00	53.27	54.00	8257.00
chr20	3151172	3152285	1113	1113	10.00	67.00	39.03	43.00	43443.00
chr1	892273	892405	132	132	126.00	204.00	154.11	148.50	20342.00
chr16	90192167	90192724	557	557	3.00	72.00	38.36	36.00	21367.00
chr9	111663704	111663810	106	106	85.00	114.00	94.72	92.00	10040.00
chr6	44108764	44108835	71	71	125.00	172.00	147.76	148.00	10491.00
chr1	36028802	36029027	225	225	1600.00	2756.00	2038.80	1924.00	458730.00
chr11	66807259	66807674	415	415	6.00	160.00	101.38	102.00	42073.00
chr1	178426817	178427679	862	862	37.00	109.00	64.63	63.00	55707.00
chr19	42482302	42482478	176	176	1788.00	2759.00	2080.02	2005.50	366083.00
chr1	44084718	44084873	155	155	134.00	307.00	216.19	196.00	33509.00
chr1	109812315	109812442	127	127	225.00	302.00	258.52	262.00	32832.00
chr3	180324268	180324391	123	123	95.00	146.00	125.76	127.00	15469.00
chr15	63933668	63933842	174	174	119.00	232.00	175.60	170.00	30554.00
chr20	44521363	44521519	156	156	185.00	250.00	218.21	215.00	34041.00
chr3	33416779	33416910	131	131	117.00	257.00	178.11	180.00	23333.00
chr1	21934624	21934843	219	219	2.00	762.00	355.16	477.00	77781.00
chr14	69799801	69799886	85	85	108.00	142.00	131.11	132.00	11144.00
chr1	116936134	116936345	211	211	4.00	2184.00	1691.66	1839.00	356940.00
chr14	23634493	23634645	152	152	51.00	89.00	72.60	77.00	11035.00
chr16	1402538	1402947	409	409	14.00	41.00	31.70	33.00	12966.00
chr9	20331	25000	4669	4669	0.00	126.00	33.91	32.00	158325.00
chr17	43545574	43545959	385	385	18.00	53.00	29.38	25.00	11310.00
chr13	100201418	100201476	58	58	243.00	300.00	266.67	266.00	15467.00
chr15	41865505	41865665	160	160	283.00	598.00	409.75	389.50	65560.00
chr19	19641688	19642196	508	508	6.00	26.00	16.58	17.00	8424.00
chr11	134147593	134148159	566	566	17.00	33.00	25.43	25.00	14394.00
chr2	71656420	71657290	870	870	0.00	21.00	10.83	11.00	9420.00
chr7	97834775	97835016	241	241	154.00	252.00	199.37	197.00	48049.00
chr19	13363804	13363915	111	111	120.00	155.00	140.34	141.00	15578.00
chr18	31328383	31329011	628	628	6.00	33.00	19.22	19.00	12069.00
chr16	66431884	66432009	125	125	14.00	44.00	28.70	27.00	3588.00
chr19	47935155	47935702	547	547	13.00	686.00	254.33	294.00	139116.00
chr12	50291769	50291873	104	104	1054.00	1742.00	1299.46	1290.00	135144.00
chr11	1780198	1780317	119	119	564.00	1019.00	703.65	650.00	83734.00
chr15	65392626	65393167	541	541	15.00	27.00	21.17	21.00	11451.00
chr2	86397871	86397967	96	96	85.00	134.00	114.14	120.00	10957.00
chr7	97866087	97866233	146	146	94.00	157.00	127.55	139.50	18622.00
chr11	60687157	60687402	245	245	92.00	170.00	130.42	136.00	31954.00
chr21	43307700	43309453	1753	1753	9.00	74.00	42.05	39.00	73716.00
chr14	24619269	24619657	388	388	22.00	64.00	37.15	36.00	14415.00
chr11	65320634	65320727	93	93	60.00	88.00	73.06	74.00	6795.00
chr16	29891184	29891385	201	201	480.00	693.00	584.15	580.00	117414.00
chr1	32207224	32207326	102	102	546.00	686.00	606.20	602.00	61832.00
chr11	72300218	72300394	176	176	8.00	409.00	143.85	11.00	25317.00
chr17	7608878	7609038	160	160	21.00	120.00	76.11	82.00	12178.00
chr19	7607646	7607814	168	168	130.00	199.00	159.42	158.00	26783.00
chr19	54966129	54966271	142	142	133.00	240.00	202.53	211.00	28759.00
chr12	57995027	57995131	104	104	180.00	220.00	197.84	194.00	20575.00
chr1	27428875	27429049	174	174	83.00	121.00	100.92	102.00	17560.00
chr2	27688277	27688385	108	108	43.00	81.00	67.15	73.00	7252.00
chr16	2691449	2692254	805	805	0.00	21.00	1.91	2.00	1540.00
chr9	131503813	131503933	120	120	340.00	411.00	371.89	375.00	44627.00
chr16	2347766	2347922	156	156	151.00	216.00	183.62	182.50	28644.00
chr17	80039884	80040036	152	152	287.00	395.00	330.15	333.50	50183.00
chr1	32204432	32204538	106	106	329.00	780.00	543.12	527.50	57571.00
chr12	9242951	9243078	127	127	132.00	154.00	142.86	144.00	18143.00
chr3	49702661	49702751	90	90	250.00	314.00	290.51	291.00	26146.00
chr19	35820359	35820837	478	478	2.00	11.00	6.99	7.00	3340.00
chr1	201456762	201457615	853	853	5.00	16.00	8.85	9.00	7552.00
chr16	2334279	2334438	159	159	153.00	245.00	198.72	198.00	31596.00
chr10	73578373	73578481	108	108	3026.00	4108.00	3553.71	3544.00	383801.00
chr16	18530550	18530756	206	206	6.00	694.00	284.39	343.50	58585.00
chr16	16369094	16369300	206	206	6.00	700.00	289.39	343.50	59615.00
chr13	113975636	113975785	149	149	7.00	336.00	141.03	12.00	21013.00
chr11	119293822	119294227	405	405	11.00	6863.00	609.02	47.00	246654.00
chr5	150505962	150506041	79	79	983.00	1563.00	1238.16	1199.00	97815.00
chr22	44224939	44225078	139	139	847.00	1190.00	990.53	980.00	137683.00
chr15	41865199	41865309	110	110	320.00	420.00	363.18	356.50	39950.00
chr17	25633807	25636298	2491	2491	11.00	537.00	188.60	173.00	469814.00
chr15	72495155	72495529	374	374	18.00	3223.00	1291.21	23.50	482914.00
chr9	42540272	42542124	1852	1852	3.00	22.00	12.83	13.00	23764.00
chr11	119290760	119291704	944	944	6.00	9095.00	2043.81	30.00	1929356.00
chr19	5219949	5220165	216	216	112.00	212.00	158.26	144.50	34184.00
chr15	63910769	63911153	384	384	0.00	15.00	9.15	10.00	3514.00
chr17	74393879	74393969	90	90	123.00	187.00	161.14	160.00	14503.00
chr10	104129467	104129532	65	65	85.00	104.00	93.32	94.00	6066.00
chr3	142454224	142454620	396	396	7.00	24.00	14.64	14.00	5799.00
chr12	121205196	121205396	200	200	136.00	183.00	153.52	152.00	30704.00
chr3	31705570	31705724	154	154	20.00	41.00	27.70	26.00	4266.00
chr6	118635190	118636593	1403	1403	27.00	196.00	101.33	96.00	142168.00
chr8	10339867	10340829	962	962	7.00	49.00	32.01	32.00	30796.00
chr19	16952578	16952779	201	201	115.00	207.00	162.29	164.00	32620.00
chr8	110984486	110985016	530	530	119.00	202.00	150.71	151.00	79877.00
chr9	128001219	128001610	391	391	283.00	693.00	480.04	496.00	187696.00
chr11	73070878	73070997	119	119	150.00	200.00	180.76	180.00	21510.00
chr10	104130140	104130235	95	95	86.00	108.00	99.56	100.00	9458.00
chr5	95733039	95733173	134	134	149.00	197.00	173.40	173.00	23236.00
chr19	59059400	59059547	147	147	233.00	285.00	253.09	251.00	37204.00
chr5	139943169	139943255	86	86	20.00	168.00	112.38	118.00	9665.00
chr17	73487771	73487981	210	210	56.00	131.00	89.81	89.00	18860.00
chr1	154315588	154315777	189	189	42.00	58.00	49.99	49.00	9448.00
chr14	95652726	95653070	344	344	4.00	16.00	8.60	8.00	2960.00
chr12	123639801	123640772	971	971	5.00	44.00	27.17	28.00	26381.00
chr22	47064870	47065171	301	301	8.00	20.00	14.42	14.00	4341.00
chr5	24535220	24535388	168	168	79.00	118.00	99.20	98.00	16665.00
chr12	6806452	6806958	506	506	157.00	469.00	283.37	289.00	143386.00
chr22	29881711	29881836	125	125	363.00	478.00	401.82	397.00	50227.00
chr7	75894681	75894786	105	105	73.00	101.00	86.57	86.00	9090.00
chr12	121089007	121095893	6886	6886	15.00	296.00	85.52	78.00	588858.00
chr1	207940357	207942365	2008	2008	2.00	162.00	31.42	24.00	63101.00
chr7	154681166	154681240	74	74	447.00	542.00	504.31	508.50	37319.00
chr5	131696513	131697529	1016	1016	6.00	27.00	18.71	19.00	19014.00
chr11	1776135	1776258	123	123	323.00	895.00	573.01	554.00	70480.00
chr8	11706554	11706673	119	119	790.00	989.00	885.74	884.00	105403.00
chr11	18759426	18759511	85	85	395.00	450.00	419.66	420.00	35671.00
chr16	61689373	61689625	252	252	64.00	106.00	88.81	90.00	22381.00
chr15	51750702	51750824	122	122	219.00	282.00	253.16	255.50	30886.00
chr9	35555056	35555698	642	642	170.00	441.00	285.68	293.00	183405.00
chr2	198356200	198356621	421	421	4.00	21.00	12.13	13.00	5106.00
chr9	131001723	131001794	71	71	2495.00	3252.00	2889.37	2897.00	205145.00
chr19	5214371	5214491	120	120	310.00	390.00	338.11	335.00	40573.00
chr22	35719488	35719623	135	135	136.00	188.00	165.44	169.00	22335.00
chr12	121678738	121679829	1091	1091	12.00	81.00	34.53	32.00	37676.00
chr14	23820960	23821064	104	104	1240.00	1667.00	1499.37	1548.00	155934.00
chr1	32205710	32205779	69	69	336.00	495.00	399.45	390.00	27562.00
chr3	33420176	33420326	150	150	14.00	279.00	102.14	18.00	15321.00
chr9	114820707	114820966	259	259	48.00	80.00	62.10	59.00	16083.00
chr15	41865876	41866023	147	147	25.00	632.00	534.72	571.00	78604.00
chr19	55554308	55554637	329	329	6.00	24.00	14.72	16.00	4843.00
chr1	116933403	116933513	110	110	1801.00	2358.00	2105.66	2086.00	231623.00
chr19	15374230	15374359	129	129	61.00	93.00	79.08	80.00	10201.00
chr12	56090682	56090852	170	170	41.00	62.00	51.17	50.00	8699.00
chr14	69445668	69445876	208	208	55.00	228.00	153.32	169.00	31891.00
chr12	57603474	57603651	177	177	193.00	307.00	253.90	262.00	44941.00
chr22	32897492	32898946	1454	1454	14.00	186.00	89.26	84.00	129789.00
chr16	16367702	16367764	62	62	14.00	477.00	249.84	277.00	15490.00
chr19	5245786	5246056	270	270	82.00	213.00	135.17	126.50	36495.00
chr16	74345440	74345829	389	389	15.00	50.00	30.33	26.00	11797.00
chr6	107096899	107097076	177	177	27.00	43.00	35.68	36.00	6315.00
chr1	29641883	29642019	136	136	35.00	55.00	41.09	40.50	5588.00
chr8	97342440	97342509	69	69	174.00	229.00	203.19	205.00	14020.00
chr8	68116914	68117054	140	140	55.00	92.00	80.03	84.00	11204.00
chr22	22037470	22037546	76	76	56.00	93.00	77.16	82.50	5864.00
chr22	50682147	50683420	1273	1273	13.00	176.00	93.64	97.00	119204.00
chr20	44048971	44049069	98	98	119.00	160.00	142.55	144.50	13970.00
chr1	36904356	36904511	155	155	37.00	73.00	52.37	51.00	8118.00
chr12	71054719	71054877	158	158	69.00	117.00	85.05	81.00	13438.00
chr15	50654364	50655515	1151	1151	7.00	35.00	22.28	23.00	25640.00
chr2	234198499	234198620	121	121	73.00	103.00	93.61	94.00	11327.00
chr9	128001699	128001812	113	113	299.00	393.00	340.50	338.00	38477.00
chr8	38272296	38272419	123	123	42.00	75.00	62.85	65.00	7730.00
chr11	73068069	73068179	110	110	133.00	230.00	186.48	192.50	20513.00
chr16	28123137	28123327	190	190	102.00	165.00	130.64	130.00	24821.00
chr12	49424062	49424222	160	160	22.00	63.00	36.38	30.00	5820.00
chr19	50302885	50303023	138	138	256.00	434.00	332.21	293.50	45845.00
chr19	42480567	42480718	151	151	3111.00	4212.00	3698.26	3784.00	558437.00
chr3	197904395	197905301	906	906	0.00	39.00	20.49	24.00	18568.00
chr13	100189992	100190117	125	125	164.00	206.00	182.69	181.00	22836.00
chr19	14268062	14268272	210	210	210.00	407.00	317.36	326.50	66645.00
chr10	93786886	93787057	171	171	49.00	91.00	68.91	65.00	11783.00
chr1	109808726	109808828	102	102	166.00	219.00	190.65	192.00	19446.00
chr4	134075461	134075520	59	59	209.00	294.00	245.31	250.00	14473.00
chr1	22052268	22053864	1596	1596	8.00	44.00	22.68	22.00	36192.00
chr9	140056855	140056968	113	113	1190.00	1748.00	1534.88	1599.00	173442.00
chr19	42482087	42482224	137	137	2869.00	3886.00	3328.10	3383.00	455950.00
chr19	4556962	4557025	63	63	360.00	425.00	391.35	389.00	24655.00
chr19	14266921	14267013	92	92	248.00	327.00	300.40	305.00	27637.00
chr22	42273851	42274127	276	276	6.00	765.00	385.76	440.50	106471.00
chr1	205549788	205550049	261	261	159.00	253.00	207.41	202.00	54135.00
chr1	110765585	110766522	937	937	67.00	192.00	137.02	132.00	128391.00
chr19	55553595	55554158	563	563	12.00	48.00	27.69	26.00	15588.00
chr7	150929881	150931360	1479	1479	13.00	111.00	42.98	38.00	63563.00
chr3	124215157	124215260	103	103	402.00	697.00	560.27	579.00	57708.00
chr16	58220658	58220760	102	102	90.00	126.00	108.22	108.00	11038.00
chr3	10381925	10382033	108	108	487.00	665.00	595.96	603.50	64364.00
chr10	11356101	11356221	120	120	117.00	146.00	132.68	133.00	15922.00
chr22	42294652	42294785	133	133	416.00	706.00	601.34	621.00	79978.00
chr1	2005531	2005714	183	183	19.00	86.00	60.06	63.00	10991.00
chr12	113722522	113722576	54	54	47.00	55.00	50.56	50.00	2730.00
chr9	131502198	131502398	200	200	13.00	533.00	450.58	481.00	90117.00
chr19	40873602	40873786	184	184	1021.00	1241.00	1144.92	1148.00	210665.00
chr2	220162606	220162825	219	219	256.00	623.00	442.57	424.00	96922.00
chr16	28270027	28270355	328	328	5.00	47.00	29.86	29.00	9793.00
chr4	3225718	3225858	140	140	134.00	184.00	161.34	161.50	22588.00
chr17	44127898	44128070	172	172	56.00	95.00	74.14	73.00	12752.00
chr3	47462043	47462262	219	219	66.00	156.00	92.97	88.00	20360.00
chr6	99873090	99873182	92	92	3.00	418.00	168.48	138.00	15500.00
chr7	142561723	142562504	781	781	256.00	697.00	453.75	454.00	354380.00
chr1	159169540	159169666	126	126	1137.00	1521.00	1352.60	1395.00	170427.00
chr19	7606869	7606953	84	84	84.00	107.00	97.49	100.00	8189.00
chr16	2811561	2818298	6737	6737	11.00	443.00	260.40	259.00	1754283.00
chr3	47450652	47450807	155	155	58.00	99.00	78.70	80.00	12199.00
chr11	118403631	118403922	291	291	157.00	229.00	184.23	182.00	53610.00
chr1	205555161	205555335	174	174	165.00	232.00	206.56	211.50	35941.00
chr12	125603186	125603311	125	125	91.00	118.00	106.20	106.00	13275.00
chr11	86658288	86659498	1210	1210	10.00	39.00	24.79	24.00	29990.00
chr22	37764946	37768745	3799	3799	9.00	474.00	166.36	142.00	632004.00
chr10	46345664	46346215	551	551	2.00	27.00	15.72	18.00	8660.00
chr22	33673045	33673241	196	196	195.00	455.00	285.42	249.00	55943.00
chr9	140042599	140042666	67	67	21.00	411.00	349.27	365.00	23401.00
chr3	48717233	48717320	87	87	197.00	251.00	216.38	215.00	18825.00
chr11	60681600	60681740	140	140	12.00	144.00	69.63	56.00	9748.00
chr10	93784512	93784724	212	212	37.00	65.00	52.12	53.00	11049.00
chr12	7289424	7290372	948	948	13.00	716.00	187.95	22.00	178178.00
chr3	132387062	132387526	464	464	3.00	22.00	14.68	15.00	6810.00
chr16	2335442	2335647	205	205	177.00	264.00	221.51	219.00	45410.00
chr16	1794782	1797276	2494	2494	4.00	542.00	69.42	33.00	173140.00
chr16	3786036	3786204	168	168	89.00	127.00	106.30	109.00	17858.00
chr9	141131209	141131766	557	557	0.00	30.00	14.83	17.00	8261.00
chr14	92965028	92966015	987	987	15.00	76.00	40.57	39.00	40047.00
chr19	54692070	54692200	130	130	162.00	429.00	276.54	205.00	35950.00
chr15	43866006	43866230	224	224	102.00	195.00	147.59	146.00	33060.00
chr3	40231316	40231954	638	638	46.00	101.00	70.53	70.00	44997.00
chr3	50148937	50149455	518	518	12.00	31.00	20.36	21.00	10548.00
chr4	81117505	81117755	250	250	59.00	98.00	74.92	75.00	18731.00
chr10	46740404	46740638	234	234	2.00	38.00	22.39	24.00	5239.00
chr3	124210169	124210271	102	102	367.00	464.00	420.25	423.00	42865.00
chr11	107488830	107488932	102	102	258.00	298.00	277.59	279.00	28314.00
chr9	130591965	130592106	141	141	29.00	54.00	44.76	46.00	6311.00
chr1	20981932	20982027	95	95	235.00	292.00	260.37	258.00	24735.00
chr12	75875613	75875859	246	246	41.00	70.00	56.26	58.00	13840.00
chr22	32046684	32046764	80	80	75.00	122.00	100.66	102.50	8053.00
chr11	70331418	70331658	240	240	39.00	143.00	93.72	97.00	22494.00
chr14	51079976	51080069	93	93	342.00	467.00	399.82	390.00	37183.00
chr17	80041077	80041301	224	224	227.00	616.00	436.09	465.50	97684.00
chr7	158540884	158540971	87	87	135.00	212.00	170.45	170.00	14829.00
chr1	21553651	21553719	68	68	66.00	78.00	70.49	69.00	4793.00
chr2	219206256	219206349	93	93	98.00	176.00	138.19	142.00	12852.00
chr17	18444211	18445242	1031	1031	8.00	49.00	24.89	26.00	25659.00
chr12	57599340	57599460	120	120	172.00	232.00	193.95	184.50	23274.00
chr11	64417919	64418110	191	191	164.00	322.00	249.59	265.00	47672.00
chr19	3274926	3275650	724	724	8.00	61.00	24.48	20.00	17725.00
chr16	18532086	18532305	219	219	677.00	1139.00	884.75	893.00	193760.00
chr17	3776702	3776756	54	54	463.00	629.00	577.65	586.50	31193.00
chr1	116932670	116933033	363	363	8.00	2600.00	1224.07	1902.00	444336.00
chr16	1505731	1505796	65	65	132.00	179.00	157.65	159.00	10247.00
chr1	9794029	9794200	171	171	2092.00	2439.00	2249.92	2249.00	384737.00
chr10	73579221	73579379	158	158	2351.00	3605.00	2923.01	3042.00	461835.00
chr11	6411684	6412146	462	462	13.00	104.00	66.81	67.00	30868.00
chr1	159163212	159163350	138	138	896.00	1270.00	982.86	956.00	135635.00
chr16	1816723	1816804	81	81	514.00	682.00	590.75	585.00	47851.00
chr7	91722399	91722630	231	231	8.00	103.00	72.64	75.00	16780.00
chr7	44281816	44281939	123	123	736.00	933.00	832.68	843.00	102420.00
chr2	220467189	220467297	108	108	22.00	32.00	26.66	27.00	2879.00
chr16	4494664	4494729	65	65	190.00	229.00	213.92	218.00	13905.00
chr15	34681844	34681986	142	142	14.00	375.00	269.92	287.00	38328.00
chr9	139995935	139996124	189	189	66.00	138.00	102.93	100.00	19453.00
chr3	180324040	180324160	120	120	96.00	117.00	107.50	109.00	12900.00
chr3	42678359	42681242	2883	2883	45.00	144.00	84.32	80.00	243092.00
chr7	131812776	131815333	2557	2557	17.00	125.00	59.28	59.00	151568.00
chr20	1585387	1585522	135	135	22.00	391.00	229.38	247.00	30966.00
chr3	126751229	126751442	213	213	150.00	226.00	182.00	179.00	38766.00
chr15	63920875	63921014	139	139	168.00	271.00	213.66	211.00	29699.00
chr16	2040128	2040202	74	74	41.00	140.00	89.07	86.50	6591.00
chr9	74324174	74324390	216	216	19.00	36.00	27.32	27.50	5901.00
chr20	44521858	44521950	92	92	230.00	282.00	260.58	263.50	23973.00
chr9	139911647	139911798	151	151	157.00	246.00	208.09	214.00	31421.00
chr9	140055507	140055649	142	142	1251.00	2511.00	1882.68	1756.50	267341.00
chr12	120148055	120148191	136	136	200.00	245.00	217.71	217.00	29609.00
chr12	50474280	50474372	92	92	89.00	131.00	106.34	103.00	9783.00
chr15	63125702	63125828	126	126	153.00	234.00	182.28	177.00	22967.00
chr9	20907148	20907241	93	93	113.00	137.00	127.57	130.00	11864.00
chr16	87874655	87874761	106	106	101.00	124.00	111.35	111.00	11803.00
chr2	162833269	162833460	191	191	17.00	798.00	443.32	675.00	84675.00
chr8	11704560	11704677	117	117	796.00	1013.00	906.78	906.00	106093.00
chr15	63926931	63927087	156	156	148.00	265.00	218.40	232.50	34071.00
chr6	31668718	31668805	87	87	97.00	126.00	108.79	105.00	9465.00
chr7	148910792	148910906	114	114	21.00	51.00	39.46	43.50	4499.00
chr14	42355808	42357213	1405	1405	43.00	151.00	73.27	69.00	102948.00
chr10	88678928	88679226	298	298	14.00	31.00	21.42	21.00	6382.00
chr3	140998219	140998346	127	127	43.00	90.00	67.59	74.00	8584.00
chr1	144859758	144859998	240	240	79.00	149.00	108.55	109.50	26052.00
chr9	96054772	96055455	683	683	30.00	214.00	119.68	130.00	81740.00
chr19	7604803	7604944	141	141	121.00	177.00	138.29	134.00	19499.00
chr12	30906277	30907432	1155	1155	14.00	103.00	52.14	49.00	60227.00
chr9	131112762	131112854	92	92	113.00	266.00	184.59	184.00	16982.00
chr20	61981328	61982379	1051	1051	22.00	75.00	48.98	52.00	51483.00
chr7	38431348	38431618	270	270	327.00	679.00	472.39	482.00	127545.00
chr20	44521036	44521123	87	87	179.00	229.00	203.44	203.00	17699.00
chr11	64418726	64419108	382	382	126.00	254.00	183.21	175.00	69985.00
chr12	120148344	120150270	1926	1926	20.00	337.00	69.83	39.00	134492.00
chr12	6930971	6931066	95	95	11.00	576.00	293.27	271.00	27861.00
chr16	2339434	2339621	187	187	106.00	208.00	141.50	123.00	26461.00
chr2	27700083	27700187	104	104	50.00	79.00	66.80	69.00	6947.00
chr14	69805367	69805494	127	127	91.00	164.00	127.20	117.00	16155.00
chr12	9242497	9242619	122	122	128.00	179.00	159.76	163.00	19491.00
chr3	58256658	58256791	133	133	62.00	131.00	84.63	75.00	11256.00
chr10	79744927	79745098	171	171	60.00	100.00	85.08	88.00	14548.00
chr1	159161725	159161866	141	141	456.00	806.00	679.66	717.00	95832.00
chr16	31085202	31085519	317	317	7.00	33.00	20.03	21.00	6349.00
chr1	171755018	171755218	200	200	44.00	65.00	55.88	56.00	11175.00
chr9	130988124	130989280	1156	1156	8.00	1894.00	245.68	54.00	284006.00
chr15	63127935	63127998	63	63	159.00	224.00	196.32	194.00	12368.00
chr19	1917676	1917821	145	145	4.00	135.00	93.28	98.00	13525.00
chr22	25315792	25315960	168	168	99.00	159.00	123.20	116.00	20698.00
chr2	207943790	207945085	1295	1295	13.00	41.00	25.45	24.00	32959.00
chr11	47330706	47330952	246	246	12.00	557.00	247.74	20.00	60945.00
chr3	142743978	142746095	2117	2117	1.00	140.00	17.23	12.00	36471.00
chr7	44839492	44839694	202	202	13.00	28.00	19.48	19.00	3935.00
chr22	31688260	31688471	211	211	13.00	141.00	92.23	110.00	19461.00
chr11	66333492	66333638	146	146	354.00	451.00	409.73	414.00	59820.00
chr9	131114916	131115026	110	110	230.00	285.00	258.78	261.00	28466.00
chr1	20206	21013	807	807	4.00	92.00	49.08	51.00	39607.00
chr11	108216469	108216635	166	166	35.00	65.00	49.52	51.00	8221.00
chr1	209778880	209779019	139	139	146.00	231.00	188.78	197.00	26240.00
chr1	202935876	202936026	150	150	94.00	165.00	126.45	125.00	18968.00
chr12	57600255	57600524	269	269	231.00	325.00	273.26	272.00	73506.00
chr19	15233503	15233615	112	112	43.00	72.00	51.88	48.00	5810.00
chr8	68115317	68115486	169	169	72.00	114.00	96.15	100.00	16249.00
chr19	13419229	13419342	113	113	73.00	104.00	92.19	93.00	10418.00
chr6	33266815	33267130	315	315	4.00	46.00	21.96	22.00	6918.00
chr16	89780611	89781646	1035	1035	6.00	92.00	45.57	46.00	47169.00
chr12	109964162	109964221	59	59	59.00	77.00	65.98	65.00	3893.00
chr22	24491893	24492045	152	152	50.00	89.00	70.63	71.00	10736.00
chr2	242592926	242593025	99	99	172.00	263.00	211.57	204.00	20945.00
chr1	21937944	21938074	130	130	473.00	917.00	729.12	784.00	94786.00
chr2	223789173	223789313	140	140	262.00	339.00	305.49	308.00	42769.00
chr20	3772318	3772535	217	217	12.00	31.00	20.89	19.00	4534.00
chr16	18531918	18532001	83	83	825.00	1190.00	1002.30	1035.00	83191.00
chr1	43396296	43396537	241	241	76.00	130.00	108.49	107.00	26145.00
chr2	100037960	100038115	155	155	47.00	63.00	53.78	55.00	8336.00
chr16	1500497	1500770	273	273	3.00	158.00	82.18	114.00	22436.00
chr19	40876016	40876144	128	128	1091.00	1470.00	1288.22	1295.00	164892.00
chr5	168112691	168112932	241	241	11.00	34.00	21.44	20.00	5167.00
chr2	127825738	127825831	93	93	391.00	459.00	431.75	434.00	40153.00
chr1	19232015	19234990	2975	2975	10.00	125.00	41.17	35.00	122478.00
chr16	1391129	1391196	67	67	304.00	395.00	335.39	331.00	22471.00
chr6	33410665	33411689	1024	1024	7.00	442.00	182.93	161.00	187320.00
chr9	95872033	95872266	233	233	3.00	12.00	6.98	7.00	1626.00
chr1	53378627	53378839	212	212	11.00	29.00	19.20	18.00	4071.00
chr2	80531276	80531693	417	417	22.00	47.00	35.40	36.00	14762.00
chr7	44286718	44286791	73	73	645.00	787.00	709.92	706.00	51824.00
chr7	157369304	157369471	167	167	381.00	530.00	448.41	454.00	74885.00
chr11	18755079	18755191	112	112	9.00	443.00	282.79	378.50	31672.00
chr6	86237979	86238080	101	101	136.00	169.00	158.00	160.00	15958.00
chr8	145000951	145001050	99	99	63.00	126.00	91.66	88.00	9074.00
chr19	45167680	45167966	286	286	5.00	27.00	15.63	16.00	4469.00
chr10	48930165	48930400	235	235	2.00	33.00	19.66	21.00	4620.00
chr16	87871450	87871547	97	97	143.00	189.00	166.06	168.00	16108.00
chr1	109815454	109815649	195	195	237.00	399.00	317.19	308.00	61852.00
chr1	208215442	208215711	269	269	46.00	87.00	65.08	65.00	17506.00
chr2	260866	261451	585	585	5.00	20.00	12.62	12.00	7381.00
chr5	180481266	180481724	458	458	3.00	26.00	14.93	15.00	6840.00
chr7	73119479	73119631	152	152	8.00	1445.00	632.83	19.00	96190.00
chr15	34677248	34677358	110	110	346.00	657.00	498.13	486.50	54794.00
chr16	57687114	57687247	133	133	27.00	63.00	47.16	47.00	6272.00
chr15	50649406	50649592	186	186	10.00	28.00	19.65	19.00	3655.00
chr22	21071995	21072066	71	71	1285.00	1517.00	1385.07	1391.00	98340.00
chr5	179200882	179201561	679	679	4.00	41.00	27.38	27.00	18590.00
chr10	98763824	98763979	155	155	106.00	151.00	129.03	125.00	20000.00
chr14	102963315	102963457	142	142	82.00	132.00	98.84	94.00	14035.00
chr1	21932558	21933138	580	580	7.00	857.00	172.52	26.00	100060.00
chr16	28118842	28118998	156	156	118.00	170.00	137.96	136.00	21522.00
chr1	241767561	241767881	320	320	71.00	127.00	104.94	107.50	33582.00
chr11	66812063	66812184	121	121	124.00	197.00	147.80	140.00	17884.00
chr11	12248571	12248678	107	107	402.00	582.00	514.79	535.00	55082.00
chr9	130588788	130588951	163	163	29.00	64.00	47.49	48.00	7741.00
chr22	21068915	21068988	73	73	1227.00	1613.00	1452.90	1479.00	106062.00
chr1	43424304	43424531	227	227	8.00	141.00	101.41	124.00	23021.00
chr14	105852021	105853670	1649	1649	12.00	202.00	39.24	36.00	64703.00
chr15	34823469	34823579	110	110	267.00	391.00	332.75	336.50	36602.00
chr11	171365	172282	917	917	0.00	39.00	21.35	25.00	19574.00
chr22	24493976	24494155	179	179	57.00	102.00	79.87	79.00	14296.00
chr15	79291060	79291167	107	107	408.00	500.00	458.74	463.00	49085.00
chr16	2145904	2146194	290	290	9.00	53.00	29.26	29.00	8484.00
chr9	131503050	131503166	116	116	370.00	520.00	435.88	430.00	50562.00
chr11	61301983	61302579	596	596	6.00	49.00	34.27	34.00	20423.00
chr22	25308609	25308719	110	110	65.00	89.00	78.04	78.00	8584.00
chr12	63977826	63979986	2160	2160	0.00	61.00	17.09	15.00	36920.00
chr19	46928844	46930933	2089	2089	5.00	463.00	216.52	215.00	452301.00
chr16	56969146	56969224	78	78	136.00	192.00	168.45	171.00	13139.00
chr17	40665787	40665996	209	209	8.00	1451.00	604.00	859.00	126236.00
chr9	131669435	131671600	2165	2165	67.00	209.00	130.45	128.00	282431.00
chr2	220164026	220164271	245	245	19.00	800.00	256.88	31.00	62935.00
chr19	7589846	7590052	206	206	41.00	95.00	55.67	50.50	11469.00
chr6	91260186	91260268	82	82	85.00	108.00	98.95	102.00	8114.00
chr9	124543742	124543830	88	88	231.00	304.00	261.72	255.50	23031.00
chr12	54071005	54071170	165	165	4.00	26.00	16.18	17.00	2670.00
chr2	40443	41212	769	769	5.00	34.00	17.05	15.00	13113.00
chr11	67852159	67852747	588	588	10.00	32.00	19.61	19.00	11528.00
chr8	8233762	8234810	1048	1048	19.00	74.00	44.74	43.00	46888.00
chr2	175671113	175672148	1035	1035	9.00	35.00	21.28	21.00	22025.00
chr7	138984922	138985438	516	516	3.00	16.00	8.38	7.00	4322.00
chr22	40816850	40817104	254	254	54.00	133.00	97.02	95.00	24644.00
chr19	14263120	14263249	129	129	281.00	366.00	325.43	329.00	41981.00
chr19	16962222	16962345	123	123	99.00	253.00	186.15	199.00	22897.00
chr1	109813838	109813918	80	80	200.00	253.00	220.72	216.50	17658.00
chr3	49898148	49898562	414	414	6.00	877.00	441.46	664.00	182766.00
chr17	17131202	17131510	308	308	40.00	116.00	97.97	103.00	30174.00
chr1	21936067	21936139	72	72	246.00	336.00	299.92	307.50	21594.00
chr3	130424404	130424615	211	211	46.00	70.00	55.77	55.00	11767.00
chr12	56532710	56532797	87	87	76.00	117.00	94.43	95.00	8215.00
chr16	29888591	29888788	197	197	442.00	695.00	552.91	525.00	108924.00
chr2	114394588	114396196	1608	1608	1.00	43.00	18.12	19.00	29145.00
chr3	124180736	124180803	67	67	315.00	342.00	329.58	330.00	22082.00
chr9	111798485	111798660	175	175	85.00	134.00	109.31	110.00	19129.00
chr10	73847897	73848372	475	475	19.00	1345.00	475.04	421.00	225642.00
chr22	21075585	21075706	121	121	708.00	1346.00	1130.49	1194.00	136789.00
chr22	20920753	20921104	351	351	45.00	114.00	72.25	69.00	25361.00
chr9	140953020	140953185	165	165	61.00	140.00	107.25	105.00	17697.00
chr22	41620970	41621075	105	105	98.00	147.00	121.16	121.00	12722.00
chr11	6243671	6243839	168	168	27.00	63.00	45.29	51.00	7608.00
chr15	74704225	74704353	128	128	115.00	168.00	141.84	146.00	18155.00
chr3	48719780	48719985	205	205	135.00	198.00	162.47	161.00	33306.00
chr1	222833247	222833348	101	101	73.00	157.00	113.30	105.00	11443.00
chr1	6583675	6584824	1149	1149	4.00	64.00	37.72	38.00	43344.00
chr11	126135857	126135976	119	119	242.00	277.00	262.75	265.00	31267.00
chr8	75156763	75157410	647	647	36.00	85.00	55.29	53.00	35773.00
chr15	83345212	83345389	177	177	164.00	223.00	192.40	187.00	34054.00
chr14	68031638	68032561	923	923	1.00	18.00	9.71	9.00	8966.00
chr19	42479780	42479949	169	169	2591.00	3986.00	3273.88	3159.00	553285.00
chr16	31503329	31503407	78	78	237.00	308.00	271.90	278.50	21208.00
chr17	1564564	1564700	136	136	183.00	297.00	229.39	218.00	31197.00
chr16	58717858	58718082	224	224	23.00	47.00	32.96	31.00	7383.00
chr14	71575320	71575763	443	443	38.00	83.00	55.94	53.00	24781.00
chr1	202934498	202934628	130	130	101.00	163.00	119.92	110.00	15590.00
chr7	73118477	73118586	109	109	757.00	1017.00	879.51	883.00	95867.00
chr19	13365908	13366073	165	165	80.00	128.00	103.95	103.00	17152.00
chr10	102265117	102265958	841	841	1.00	35.00	23.68	24.00	19913.00
chr9	139983320	139983457	137	137	77.00	104.00	88.53	86.00	12129.00
chr18	29206245	29206347	102	102	169.00	250.00	203.25	199.00	20732.00
chr12	120578662	120578827	165	165	47.00	77.00	62.47	63.00	10307.00
chr5	757516	758226	710	710	12.00	36.00	24.78	25.00	17591.00
chr8	21632483	21632567	84	84	54.00	79.00	65.33	65.50	5488.00
chr4	54011499	54011749	250	250	20.00	56.00	34.84	33.00	8709.00
chr8	141680613	141681365	752	752	1.00	19.00	9.81	8.00	7377.00
chr11	57367351	57367850	499	499	26.00	93.00	56.74	53.00	28315.00
chr12	63980009	63980784	775	775	3.00	24.00	13.85	14.00	10730.00
chr9	140057042	140057203	161	161	28.00	1791.00	1547.63	1653.00	249168.00
chr2	7055953	7056098	145	145	50.00	75.00	60.75	59.00	8809.00
chr12	52387768	52389043	1275	1275	17.00	543.00	165.75	131.00	211327.00
chr19	50104931	50105175	244	244	33.00	143.00	59.88	43.00	14610.00
chr19	5218430	5218543	113	113	167.00	255.00	227.75	235.00	25736.00
chr16	29898969	29899138	169	169	338.00	486.00	405.10	399.00	68462.00
chr7	99030900	99031041	141	141	17.00	34.00	23.88	24.00	3367.00
chr17	36692926	36693212	286	286	3.00	18.00	10.84	13.00	3101.00
chr15	73857770	73859335	1565	1565	13.00	103.00	51.05	48.00	79900.00
chr6	44104085	44104176	91	91	144.00	215.00	178.85	177.00	16275.00
chr1	21938518	21938602	84	84	511.00	725.00	636.12	647.00	53434.00
chr19	13423482	13423595	113	113	37.00	80.00	63.36	68.00	7160.00
chr16	70292882	70293089	207	207	682.00	997.00	842.44	860.00	174386.00
chr18	61060641	61060782	141	141	59.00	86.00	70.54	72.00	9946.00
chr16	22269814	22270016	202	202	16.00	32.00	25.13	26.00	5077.00
chr1	21554423	21554534	111	111	48.00	67.00	56.99	58.00	6326.00
chr9	140057255	140057455	200	200	26.00	2158.00	1422.27	1755.50	284454.00
chr7	1488255	1488397	142	142	29.00	48.00	40.04	41.00	5686.00
chr14	100166351	100166438	87	87	358.00	448.00	401.68	405.00	34946.00
chr9	101065522	101065705	183	183	412.00	607.00	526.04	551.00	96265.00
chr5	68411752	68412041	289	289	27.00	66.00	49.89	54.00	14418.00
chr1	2452539	2452754	215	215	49.00	131.00	85.66	84.00	18417.00
chr1	21564626	21564737	111	111	40.00	72.00	57.12	56.00	6340.00
chr13	42037713	42039066	1353	1353	0.00	18.00	6.72	6.00	9097.00
chr2	114350236	114350443	207	207	8.00	54.00	31.45	32.00	6511.00
chr1	21939668	21939722	54	54	562.00	671.00	627.44	627.50	33882.00
chr9	139353895	139354007	112	112	55.00	81.00	67.33	66.00	7541.00
chr7	102176367	102176618	251	251	18.00	44.00	30.32	31.00	7610.00
chr3	51411753	51412018	265	265	3.00	243.00	93.91	10.00	24886.00
chr17	73888091	73888266	175	175	7.00	18.00	12.77	13.00	2235.00
chr13	103297258	103297435	177	177	5.00	68.00	38.00	53.00	6726.00
chr15	63922664	63922834	170	170	179.00	298.00	228.78	228.00	38893.00
chr3	33400774	33400849	75	75	172.00	230.00	205.27	205.00	15395.00
chr22	50671744	50671955	211	211	57.00	80.00	69.97	70.00	14764.00
chr1	21190968	21191205	237	237	211.00	343.00	279.90	270.00	66336.00
chr5	14481649	14481727	78	78	189.00	218.00	202.85	203.50	15822.00
chr15	101605556	101606410	854	854	17.00	58.00	38.31	38.00	32720.00
chr17	80040402	80040554	152	152	264.00	425.00	343.66	329.50	52237.00
chr2	132269293	132270897	1604	1604	7.00	69.00	42.66	46.00	68423.00
chr11	1778553	1778786	233	233	613.00	1208.00	929.82	985.00	216648.00
chr11	1469616	1469808	192	192	18.00	36.00	28.07	29.50	5390.00
chr12	120138549	120138630	81	81	243.00	304.00	279.38	280.00	22630.00
chr7	901016	901101	85	85	145.00	246.00	201.67	213.00	17142.00
chr19	13372263	13372424	161	161	132.00	204.00	168.66	167.00	27155.00
chr17	40843154	40843311	157	157	313.00	453.00	373.13	372.00	58582.00
chr17	80039476	80039719	243	243	277.00	516.00	389.63	386.00	94679.00
chr17	16681109	16687365	6256	6256	1.00	209.00	70.71	65.00	442383.00
chr1	116935475	116935610	135	135	1896.00	2549.00	2210.56	2178.00	298425.00
chr6	128294808	128294972	164	164	100.00	234.00	182.90	191.50	29996.00
chr5	109189927	109190617	690	690	3.00	15.00	8.11	8.00	5598.00
chr15	40757533	40757634	101	101	23.00	63.00	52.92	55.00	5345.00
chr2	220164706	220164981	275	275	473.00	1071.00	766.53	770.00	210797.00
chr3	164905164	164908639	3475	3475	10.00	130.00	53.51	49.00	185956.00
chr11	60699157	60699356	199	199	78.00	349.00	266.53	260.00	53039.00
chr2	96680301	96680717	416	416	2.00	17.00	10.81	11.00	4497.00
chr17	40845314	40845554	240	240	345.00	513.00	414.24	397.50	99417.00
chr12	125264513	125265391	878	878	7.00	31.00	16.95	16.00	14883.00
chr1	156623704	156624158	454	454	0.00	7.00	3.53	4.00	1603.00
chr6	108370456	108370622	166	166	83.00	124.00	106.12	106.50	17616.00
chr11	19180486	19180587	101	101	27.00	39.00	32.44	32.00	3276.00
chr19	42489069	42489338	269	269	647.00	1851.00	1388.17	1514.00	373418.00
chr2	198274493	198274731	238	238	140.00	233.00	186.69	188.00	44433.00
chr6	47220991	47221257	266	266	137.00	210.00	175.46	174.00	46673.00
chr19	40872679	40872822	143	143	1254.00	2059.00	1710.57	1738.00	244611.00
chr19	54693278	54693627	349	349	6.00	118.00	59.57	54.00	20789.00
chr12	81929	82174	245	245	9.00	59.00	39.65	40.00	9715.00
chr21	45513943	45514114	171	171	56.00	95.00	76.76	79.00	13126.00
chr3	124201630	124201747	117	117	10.00	478.00	355.15	438.00	41552.00
chr17	79805118	79805223	105	105	265.00	317.00	289.85	289.00	30434.00
chr20	46307419	46307548	129	129	39.00	54.00	44.77	45.00	5775.00
chr17	38187790	38187873	83	83	118.00	152.00	129.60	125.00	10757.00
chr2	207452814	207452878	64	64	355.00	415.00	380.67	378.00	24363.00
chr17	45695715	45695823	108	108	369.00	436.00	398.69	398.00	43058.00
chr7	44283023	44283126	103	103	679.00	760.00	721.35	725.00	74299.00
chr20	62274975	62275284	309	309	5.00	2235.00	1080.77	1529.00	333958.00
chr11	108202605	108202764	159	159	23.00	38.00	32.03	34.00	5093.00
chr9	140051314	140051489	175	175	630.00	1132.00	834.46	785.00	146031.00
chr22	45574118	45574781	663	663	33.00	119.00	77.64	79.00	51478.00
chr15	79312382	79312446	64	64	251.00	284.00	271.08	273.00	17349.00
chr1	21940120	21940199	79	79	519.00	599.00	555.76	556.00	43905.00
chr17	3775847	3775921	74	74	458.00	640.00	558.93	571.50	41361.00
chr7	73133931	73134019	88	88	10.00	1426.00	482.82	354.50	42488.00
chr11	72292920	72292991	71	71	479.00	563.00	521.01	520.00	36992.00
chr7	43547616	43547730	114	114	128.00	176.00	159.32	164.50	18162.00
chr16	58713760	58714145	385	385	22.00	45.00	31.78	31.00	12236.00
chr22	21083600	21083794	194	194	734.00	1047.00	883.14	888.50	171330.00
chr11	66457275	66457414	139	139	529.00	747.00	629.99	628.00	87569.00
chr15	91561034	91561115	81	81	46.00	57.00	51.67	51.00	4185.00
chr11	2968525	2969001	476	476	6.00	27.00	17.91	19.00	8527.00
chr19	34869838	34869910	72	72	1453.00	1810.00	1584.12	1560.00	114057.00
chr9	121970996	121971219	223	223	165.00	241.00	205.90	209.00	45916.00
chr3	47449772	47449980	208	208	8.00	84.00	56.48	72.00	11747.00
chr12	57601820	57601999	179	179	250.00	538.00	389.59	354.00	69736.00
chr16	2345590	2345741	151	151	171.00	219.00	192.44	193.00	29059.00
chr12	50471782	50471910	128	128	71.00	121.00	97.72	96.50	12508.00
chr1	109814221	109814344	123	123	266.00	434.00	371.71	385.00	45720.00
chr19	16942304	16942458	154	154	75.00	143.00	117.25	126.00	18057.00
chr11	66333301	66333398	97	97	390.00	505.00	434.57	424.00	42153.00
chr5	74026084	74026223	139	139	83.00	113.00	102.58	102.00	14258.00
chr5	68417520	68417722	202	202	38.00	57.00	49.57	51.00	10014.00
chr19	15272262	15272525	263	263	34.00	83.00	56.06	51.00	14744.00
chr3	45872404	45872482	78	78	158.00	209.00	186.12	191.00	14517.00
chr7	73123374	73123452	78	78	1438.00	1923.00	1753.81	1829.00	136797.00
chr5	14498197	14498360	163	163	176.00	247.00	220.29	222.00	35907.00
chr14	93180167	93180230	63	63	103.00	134.00	118.25	119.00	7450.00
chr9	130984739	130984875	136	136	2160.00	3482.00	2759.21	2558.00	375252.00
chr13	31216764	31216894	130	130	24.00	50.00	40.18	41.00	5223.00
chr12	112614399	112614506	107	107	103.00	236.00	206.14	210.00	22057.00
chr12	57602865	57602982	117	117	287.00	428.00	351.73	343.00	41152.00
chr14	72976861	72976987	126	126	68.00	99.00	85.22	87.50	10738.00
chr1	155209406	155209553	147	147	86.00	111.00	98.12	97.00	14424.00
chr10	49633930	49634113	183	183	135.00	198.00	159.25	161.00	29143.00
chr16	84100093	84100218	125	125	198.00	267.00	234.68	235.00	29335.00
chr1	155207924	155208097	173	173	112.00	208.00	151.40	150.00	26192.00
chr12	2786898	2787033	135	135	29.00	66.00	47.13	44.00	6363.00
chr2	233755457	233756197	740	740	13.00	883.00	167.95	43.00	124282.00
chr14	60631894	60632099	205	205	53.00	202.00	144.42	167.00	29606.00
chr1	11151549	11151654	105	105	73.00	87.00	80.18	80.00	8419.00
chr4	134076071	134076178	107	107	243.00	320.00	298.68	304.00	31959.00
chr15	91420364	91420441	77	77	105.00	121.00	109.71	109.00	8448.00
chr5	114961533	114961755	222	222	10.00	65.00	41.83	44.00	9287.00
chr16	1814047	1814211	164	164	7.00	560.00	256.02	373.00	41987.00
chr18	44250463	44252581	2118	2118	19.00	158.00	89.12	87.00	188755.00
chr6	158049380	158049518	138	138	33.00	66.00	49.80	50.00	6872.00
chr19	7675585	7675679	94	94	68.00	85.00	77.83	77.00	7316.00
chr13	99461604	99461719	115	115	5.00	204.00	158.62	152.00	18241.00
chr11	130010829	130011467	638	638	6.00	1761.00	198.27	21.00	126499.00
chr11	107526658	107526792	134	134	345.00	467.00	410.46	412.00	55002.00
chr16	1391294	1391490	196	196	196.00	307.00	244.17	247.50	47858.00
chr1	38182716	38184158	1442	1442	5.00	161.00	74.11	69.00	106863.00
chr5	179231023	179231323	300	300	7.00	20.00	15.03	15.00	4510.00
chr14	69814593	69814719	126	126	188.00	230.00	210.01	212.00	26461.00
chr14	69349174	69349309	135	135	211.00	309.00	269.73	273.00	36413.00
chr19	7614792	7614998	206	206	193.00	251.00	227.65	231.00	46896.00
chr1	228270375	228270466	91	91	9.00	1562.00	509.25	240.00	46342.00
chr1	38186022	38186315	293	293	19.00	60.00	40.73	43.00	11933.00
chr13	77641715	77641999	284	284	312.00	475.00	397.69	400.50	112943.00
chr14	100157417	100157498	81	81	119.00	253.00	176.62	166.00	14306.00
chr13	32978280	32979333	1053	1053	17.00	114.00	38.27	30.00	40297.00
chr12	7301567	7301794	227	227	555.00	986.00	807.66	814.00	183339.00
chr9	123583116	123583257	141	141	39.00	56.00	49.48	50.00	6977.00
chr17	26883183	26883284	101	101	84.00	121.00	100.61	93.00	10162.00
chr12	6972993	6973137	144	144	254.00	345.00	302.01	302.50	43489.00
chr20	34322310	34322637	327	327	9.00	24.00	14.04	14.00	4590.00
chr19	7606407	7606570	163	163	94.00	136.00	120.71	125.00	19676.00
chr16	2333186	2333373	187	187	4.00	302.00	228.45	248.00	42721.00
chr12	113825548	113825711	163	163	83.00	199.00	133.58	130.00	21774.00
chr7	4802013	4807749	5736	5736	18.00	172.00	64.59	61.00	370485.00
chr1	43394880	43394985	105	105	127.00	186.00	162.72	176.00	17086.00
chr19	4554399	4554488	89	89	291.00	405.00	365.48	381.00	32528.00
chr16	31719139	31719372	233	233	15.00	23.00	18.96	19.00	4417.00
chr5	134060669	134061744	1075	1075	15.00	53.00	30.16	29.00	32418.00
chr1	202936318	202936371	53	53	4.00	94.00	49.49	68.00	2623.00
chr2	220087366	220087615	249	249	173.00	243.00	203.90	199.00	50770.00
chr2	36764494	36764689	195	195	73.00	108.00	92.19	92.00	17978.00
chr7	43519208	43519343	135	135	126.00	241.00	191.78	181.00	25890.00
chr10	51249585	51249993	408	408	0.00	24.00	9.52	7.00	3886.00
chr6	32123647	32123755	108	108	102.00	134.00	116.18	116.00	12547.00
chr3	118624442	118624692	250	250	5.00	47.00	22.98	13.00	5744.00
chr1	190129797	190130020	223	223	27.00	45.00	35.35	35.00	7884.00
chr9	131004491	131004624	133	133	9.00	3144.00	2521.59	2939.00	335372.00
chr22	33679187	33679334	147	147	205.00	256.00	232.64	234.00	34198.00
chr15	74709931	74710016	85	85	148.00	280.00	190.78	161.00	16216.00
chr7	6470110	6470238	128	128	39.00	59.00	50.12	51.00	6415.00
chr1	6640600	6641359	759	759	12.00	52.00	28.84	29.00	21892.00
chr16	31510622	31510728	106	106	168.00	198.00	180.50	179.00	19133.00
chr4	103710287	103711803	1516	1516	17.00	43.00	29.47	29.00	44677.00
chr19	2862339	2862746	407	407	4.00	27.00	13.49	10.00	5491.00
chr2	15467873	15467994	121	121	58.00	83.00	67.22	67.00	8134.00
chr2	36780721	36781492	771	771	5.00	18.00	11.24	11.00	8665.00
chr10	81070680	81070941	261	261	21.00	97.00	46.49	28.00	12134.00
chr2	217234866	217235986	1120	1120	17.00	72.00	35.06	33.00	39264.00
chr10	93786348	93786508	160	160	36.00	66.00	52.27	54.00	8364.00
chr17	20268785	20269076	291	291	6.00	20.00	13.09	13.00	3808.00
chr9	131002006	131002062	56	56	3.00	3317.00	2943.02	3168.00	164809.00
chr1	155208307	155208441	134	134	111.00	232.00	172.88	168.00	23166.00
chr2	162833877	162834373	496	496	6.00	742.00	76.10	26.00	37747.00
chr9	35799614	35799728	114	114	26.00	37.00	30.91	31.00	3524.00
chr20	62517856	62519234	1378	1378	5.00	190.00	32.37	30.00	44607.00
chr22	35942847	35943127	280	280	63.00	222.00	170.82	186.00	47829.00
chr13	26436438	26436546	108	108	70.00	99.00	83.13	82.00	8978.00
chr14	69371371	69371453	82	82	158.00	306.00	236.20	236.00	19368.00
chr7	44031274	44031581	307	307	5.00	41.00	24.08	25.00	7393.00
chr11	12274988	12275291	303	303	5.00	37.00	23.15	27.00	7015.00
chr5	1334403	1334498	95	95	136.00	162.00	146.64	145.00	13931.00
chr19	34868639	34868786	147	147	1798.00	2492.00	2068.77	2052.00	304109.00
chr16	1815960	1816143	183	183	381.00	596.00	461.82	454.00	84513.00
chr10	73578787	73578868	81	81	2690.00	3610.00	3092.56	3069.00	250497.00
chr17	37420427	37420640	213	213	24.00	45.00	32.88	31.00	7003.00
chr5	60835422	60835586	164	164	14.00	36.00	22.13	20.00	3629.00
chr15	79296143	79296517	374	374	325.00	481.00	384.49	379.50	143798.00
chr19	13039568	13039661	93	93	460.00	725.00	612.60	637.00	56972.00
chr12	49421585	49421713	128	128	79.00	125.00	103.55	101.00	13254.00
chr1	1661057	1662583	1526	1526	1.00	230.00	83.96	65.00	128123.00
chr2	207457340	207457460	120	120	366.00	496.00	441.91	446.00	53029.00
chr11	64542462	64543441	979	979	8.00	28.00	16.87	17.00	16518.00
chr20	61910250	61910347	97	97	97.00	147.00	118.76	114.00	11520.00
chr11	62394042	62394156	114	114	173.00	235.00	200.47	198.00	22854.00
chr5	37301538	37301652	114	114	18.00	42.00	27.18	26.00	3099.00
chr16	4733843	4733933	90	90	148.00	172.00	160.44	162.00	14440.00
chr15	43693913	43694048	135	135	52.00	70.00	62.17	62.00	8393.00
chr11	18764538	18764622	84	84	240.00	314.00	277.71	275.00	23328.00
chr17	57842331	57842499	168	168	105.00	153.00	130.40	131.00	21907.00
chr9	96076729	96078064	1335	1335	10.00	59.00	28.93	28.00	38624.00
chr11	12246219	12246367	148	148	348.00	494.00	421.62	420.00	62400.00
chr12	7030743	7031565	822	822	19.00	4619.00	1597.67	44.00	1313287.00
chr3	14523178	14523349	171	171	25.00	48.00	39.89	40.00	6821.00
chr5	758508	759483	975	975	13.00	51.00	29.60	29.00	28858.00
chr12	22635490	22635677	187	187	109.00	158.00	128.95	130.00	24113.00
chr5	14479369	14479459	90	90	190.00	237.00	211.03	211.00	18993.00
chr6	143655214	143656079	865	865	2.00	21.00	9.20	8.00	7959.00
chr7	75508360	75508578	218	218	20.00	890.00	617.74	780.00	134667.00
chr11	60697981	60698131	150	150	188.00	259.00	212.51	204.00	31876.00
chr1	151400598	151400889	291	291	71.00	189.00	130.55	138.00	37990.00
chr5	172196431	172197309	878	878	1.00	158.00	42.18	12.00	37035.00
chr3	49152660	49152794	134	134	59.00	76.00	69.16	69.00	9268.00
chr7	5518281	5519950	1669	1669	25.00	138.00	79.32	79.00	132387.00
chr17	16691106	16691449	343	343	7.00	160.00	66.71	75.00	22882.00
chr2	220086993	220087172	179	179	156.00	250.00	209.37	207.00	37478.00
chr10	51746916	51748006	1090	1090	3.00	128.00	50.04	38.00	54542.00
chr12	7302118	7302289	171	171	857.00	1026.00	941.56	935.00	161006.00
chr11	59562844	59562955	111	111	38.00	78.00	58.95	63.00	6544.00
chr12	6100984	6101184	200	200	20.00	53.00	31.61	27.00	6322.00
chr19	5683274	5683627	353	353	10.00	37.00	28.68	31.00	10125.00
chr12	2786259	2786387	128	128	38.00	62.00	51.19	51.00	6552.00
chr15	26812727	26812880	153	153	226.00	382.00	279.18	263.00	42714.00
chr1	149007980	149008798	818	818	1.00	42.00	14.60	9.00	11939.00
chr19	54965608	54965861	253	253	59.00	202.00	117.57	110.00	29745.00
chr8	27293259	27293310	51	51	414.00	547.00	480.67	478.00	24514.00
chr15	23014437	23014528	91	91	97.00	146.00	122.53	122.00	11150.00
chr1	111717500	111717585	85	85	68.00	109.00	90.52	93.00	7694.00
chr6	150157220	150157433	213	213	196.00	327.00	283.83	293.00	60455.00
chr13	114566547	114566670	123	123	35.00	108.00	68.56	71.00	8433.00
chr16	58539291	58539605	314	314	5.00	58.00	32.16	37.50	10098.00
chr1	21936612	21936768	156	156	265.00	954.00	570.96	603.00	89069.00
chr1	17322880	17322991	111	111	290.00	500.00	404.29	441.00	44876.00
chr11	60699455	60699599	144	144	230.00	339.00	290.72	300.00	41864.00
chr5	6749669	6749770	101	101	62.00	84.00	71.04	70.00	7175.00
chr16	2156805	2156949	144	144	172.00	234.00	202.17	204.00	29113.00
chr15	34690834	34690930	96	96	154.00	358.00	270.88	268.50	26004.00
chr3	11074933	11075425	492	492	5.00	568.00	107.28	15.00	52783.00
chr5	74655222	74655381	159	159	197.00	265.00	224.42	223.00	35683.00
chr20	20022968	20023160	192	192	50.00	90.00	68.50	67.00	13152.00
chr2	39055481	39055578	97	97	35.00	45.00	40.19	41.00	3898.00
chr19	16793231	16793528	297	297	16.00	265.00	86.12	28.00	25577.00
chr2	219205450	219205509	59	59	121.00	150.00	136.27	137.00	8040.00
chr17	74087429	74087729	300	300	6.00	32.00	24.41	25.00	7324.00
chr3	184058150	184060036	1886	1886	11.00	710.00	120.45	47.00	227172.00
chr6	90333128	90333263	135	135	45.00	60.00	52.99	53.00	7153.00
chr12	125267019	125267429	410	410	6.00	43.00	19.80	17.00	8119.00
chr1	207942580	207943104	524	524	10.00	54.00	37.06	40.00	19420.00
chr4	89356876	89357043	167	167	50.00	78.00	65.68	69.00	10968.00
chr7	101995498	101995736	238	238	40.00	113.00	58.87	48.00	14012.00
chr3	11067458	11067562	104	104	416.00	598.00	525.33	531.00	54634.00
chr5	95734582	95734740	158	158	136.00	201.00	171.22	174.00	27053.00
chr6	152529106	152529341	235	235	149.00	230.00	186.74	185.00	43885.00
chr5	102295578	102295763	185	185	164.00	246.00	197.81	196.00	36594.00
chr22	21072980	21073110	130	130	887.00	1392.00	1125.10	1167.00	146263.00
chr12	121855306	121855714	408	408	96.00	181.00	120.64	118.00	49220.00
chr1	160326389	160326544	155	155	106.00	139.00	122.63	123.00	19007.00
chr11	60670930	60671007	77	77	376.00	473.00	426.05	432.00	32806.00
chr17	79804822	79804948	126	126	272.00	412.00	351.74	356.50	44319.00
chr16	18527204	18527332	128	128	836.00	1151.00	1003.61	1029.00	128462.00
chr16	16372518	16372646	128	128	901.00	1197.00	1062.72	1078.50	136028.00
chr2	32750530	32750695	165	165	36.00	63.00	46.45	46.00	7665.00
chr14	69369193	69369279	86	86	276.00	365.00	311.23	311.00	26766.00
chr7	66418212	66418356	144	144	135.00	206.00	175.58	175.00	25284.00
chr6	44107988	44108097	109	109	141.00	172.00	156.72	158.00	17083.00
chr7	70885893	70886091	198	198	300.00	730.00	466.77	410.00	92420.00
chr8	27295281	27295397	116	116	431.00	508.00	469.43	466.50	54454.00
chr7	73122918	73123018	100	100	1358.00	1640.00	1458.09	1452.00	145809.00
chr15	34698874	34699071	197	197	273.00	363.00	318.61	314.00	62766.00
chr8	22009343	22009513	170	170	186.00	405.00	277.84	264.00	47232.00
chr7	1526557	1526737	180	180	47.00	124.00	93.95	106.00	16911.00
chr5	178053946	178054065	119	119	8.00	188.00	90.81	89.00	10806.00
chr12	6103027	6103369	342	342	23.00	53.00	37.96	39.00	12983.00
chr2	3479491	3480482	991	991	6.00	28.00	15.96	15.00	15816.00
chr3	33883388	33883566	178	178	131.00	168.00	146.94	146.00	26155.00
chr19	11019778	11019883	105	105	166.00	210.00	190.63	194.00	20016.00
chr7	98446205	98446318	113	113	1310.00	2617.00	2013.91	1976.00	227572.00
chr8	106813274	106813932	658	658	14.00	41.00	27.83	28.00	18311.00
chr2	223795338	223795530	192	192	455.00	663.00	528.91	512.00	101551.00
chr7	75511146	75511554	408	408	502.00	1142.00	845.73	888.00	345057.00
chr21	40184926	40185038	112	112	155.00	273.00	222.65	249.00	24937.00
chr19	53383575	53385236	1661	1661	14.00	51.00	31.35	31.00	52080.00
chr19	14208130	14208295	165	165	9.00	553.00	348.16	442.00	57447.00
chr15	91461013	91461618	605	605	9.00	292.00	92.52	17.00	55973.00
chr8	145278010	145278133	123	123	69.00	86.00	75.80	75.00	9324.00
chr16	28132990	28133083	93	93	113.00	171.00	140.26	143.00	13044.00
chr11	125280091	125280221	130	130	133.00	181.00	153.72	153.50	19983.00
chr15	63128089	63128317	228	228	78.00	225.00	168.55	180.00	38430.00
chr9	131181435	131181557	122	122	4.00	122.00	99.22	108.00	12105.00
chr19	3281196	3281343	147	147	207.00	323.00	274.05	283.00	40286.00
chr11	6240200	6240280	80	80	40.00	57.00	48.74	49.50	3899.00
chr20	31019123	31019287	164	164	28.00	41.00	33.96	34.00	5570.00
chr6	46825865	46827260	1395	1395	22.00	71.00	47.06	47.00	65655.00
chr12	1672006	1672666	660	660	16.00	98.00	38.20	30.00	25209.00
chr12	9098824	9099001	177	177	161.00	212.00	187.32	191.00	33155.00
chr7	121738503	121738630	127	127	6.00	13.00	8.23	8.00	1045.00
chr19	40875814	40875935	121	121	879.00	1161.00	1022.98	1012.00	123780.00
chr20	3581592	3581671	79	79	104.00	143.00	123.20	127.00	9733.00
chr17	7226965	7227042	77	77	76.00	90.00	84.56	85.00	6511.00
chr2	74331800	74332809	1009	1009	10.00	51.00	21.76	20.00	21954.00
chr1	209785136	209785610	474	474	3.00	236.00	175.12	190.00	83009.00
chr9	35546426	35548532	2106	2106	122.00	320.00	189.61	182.00	399311.00
chr17	80040198	80040290	92	92	284.00	392.00	345.65	348.50	31800.00
chr11	73074791	73075284	493	493	14.00	249.00	89.60	35.00	44171.00
chr20	44674976	44675075	99	99	382.00	513.00	478.97	485.00	47418.00
chr20	5892091	5892328	237	237	33.00	521.00	301.46	383.00	71447.00
chr17	20316581	20317594	1013	1013	2.00	33.00	14.61	14.00	14798.00
chr12	99478702	99478801	99	99	226.00	323.00	269.76	257.00	26706.00
chr17	40842756	40842960	204	204	332.00	556.00	450.27	426.50	91856.00
chr11	107501142	107501288	146	146	289.00	406.00	345.52	347.50	50446.00
chr11	85429236	85429532	296	296	6.00	44.00	14.87	14.00	4401.00
chr20	9449217	9449319	102	102	49.00	64.00	55.64	55.00	5675.00
chr14	23371395	23371591	196	196	96.00	179.00	147.89	156.00	28987.00
chr7	716865	716957	92	92	1471.00	2201.00	1969.90	1983.50	181231.00
chr10	48862360	48862682	322	322	2.00	195.00	116.52	146.50	37518.00
chr10	68686678	68688210	1532	1532	23.00	130.00	66.21	63.00	101430.00
chr5	179674854	179674926	72	72	332.00	411.00	375.15	385.50	27011.00
chr1	209773327	209773456	129	129	192.00	268.00	230.51	234.00	29736.00
chr17	45691034	45691091	57	57	345.00	408.00	374.42	373.00	21342.00
chr1	19669871	19670118	247	247	7.00	26.00	14.89	12.00	3678.00
chr17	45664025	45664710	685	685	10.00	350.00	64.74	32.00	44350.00
chr19	2337634	2338840	1206	1206	4.00	80.00	24.63	22.00	29699.00
chr8	22011480	22011552	72	72	357.00	442.00	403.01	409.00	29017.00
