#chrom	start	end	size	num_data	min	max	mean	median	sum
chr12	1940100	1940691	591	591	45.00	93.00	67.64	70.00	39978.00
chr1	27480473	27481381	908	908	23.00	76.00	50.60	56.00	45948.00
chr15	63112684	63112809	125	125	220.00	299.00	264.54	260.00	33068.00
chr5	149231737	149232254	517	517	6.00	28.00	16.84	17.00	8705.00
chr5	140865429	140867182	1753	1753	10.00	55.00	29.46	28.00	51646.00
chr1	32209793	32209958	165	165	204.00	320.00	256.99	259.00	42403.00
chr16	87873307	87873431	124	124	122.00	204.00	159.58	161.00	19788.00
chr17	34157438	34158175	737	737	1.00	17.00	8.29	8.00	6113.00
chr2	127815619	127816088	469	469	15.00	79.00	46.48	48.00	21800.00
chr1	208212965	208213112	147	147	71.00	103.00	85.59	82.00	12581.00
chr22	19703883	19704666	783	783	13.00	55.00	33.22	31.00	26012.00
chr16	87872319	87872423	104	104	132.00	202.00	168.84	170.00	17559.00
chr9	140055740	140055868	128	128	1771.00	2178.00	2023.97	2046.50	259068.00
chr22	21096515	21096643	128	128	580.00	759.00	627.34	618.00	80299.00
chr9	140056321	140056540	219	219	2.00	2919.00	1828.87	2195.00	400523.00
chr11	78379981	78380253	272	272	11.00	31.00	18.19	18.00	4947.00
chr3	11070420	11070533	113	113	323.00	395.00	358.89	358.00	40555.00
chr1	109812554	109813222	668	668	7.00	513.00	215.64	246.50	144050.00
chr2	220161954	220162155	201	201	725.00	1132.00	960.81	973.00	193122.00
chr15	74706887	74707086	199	199	130.00	210.00	153.27	151.00	30501.00
chr17	7318829	7319426	597	597	211.00	487.00	326.62	335.00	194990.00
chr1	21560050	21560154	104	104	41.00	62.00	51.55	50.00	5361.00
chr1	25573799	25573952	153	153	12.00	338.00	233.08	290.00	35661.00
chr14	93198993	93199160	167	167	133.00	183.00	160.63	162.00	26826.00
chr1	205554003	205554119	116	116	158.00	350.00	236.86	224.00	27476.00
chr1	9795005	9795232	227	227	1862.00	2777.00	2303.13	2343.00	522811.00
chr17	42426525	42426670	145	145	107.00	174.00	133.64	125.00	19378.00
chr18	70205887	70206179	292	292	5.00	338.00	130.49	11.00	38102.00
chr1	205553082	205553251	169	169	349.00	483.00	425.17	430.00	71853.00
chr9	140056623	140056766	143	143	5.00	2401.00	1570.27	1805.00	224549.00
chr6	33412147	33412394	247	247	12.00	663.00	364.02	500.00	89914.00
chr12	89992366	89992547	181	181	5.00	767.00	537.62	600.00	97309.00
chr2	220088827	220089576	749	749	107.00	251.00	166.59	164.00	124774.00
chr14	100763073	100765222	2149	2149	6.00	83.00	45.31	46.00	97363.00
chr1	110740697	110742543	1846	1846	7.00	953.00	537.18	513.50	991642.00
chr1	149878201	149879758	1557	1557	11.00	1336.00	324.94	30.00	505935.00
chr3	197264139	197265259	1120	1120	5.00	39.00	17.47	17.00	19561.00
chr8	56449623	56450530	907	907	7.00	36.00	18.03	16.00	16357.00
chr9	139354208	139354326	118	118	56.00	86.00	65.87	63.00	7773.00
chr1	32204908	32205236	328	328	511.00	746.00	612.56	610.00	200920.00
chr7	75608768	75608897	129	129	133.00	165.00	147.55	146.00	19034.00
chr19	45161029	45161178	149	149	38.00	68.00	51.45	51.00	7666.00
chr19	5243911	5244493	582	582	101.00	226.00	151.68	147.00	88276.00
chr6	32119585	32119717	132	132	20.00	752.00	423.07	464.50	55845.00
chr3	42670878	42672067	1189	1189	1.00	25.00	6.91	6.00	8211.00
chr11	45892392	45892485	93	93	161.00	242.00	203.65	206.00	18939.00
chr17	80040789	80040991	202	202	377.00	566.00	455.48	459.00	92007.00
chr2	74902875	74903036	161	161	59.00	97.00	69.57	69.00	11201.00
chr17	38335969	38337946	1977	1977	7.00	215.00	29.00	20.00	57340.00
chr16	87870103	87870253	150	150	119.00	203.00	150.01	144.00	22502.00
chr1	32205947	32206142	195	195	422.00	613.00	521.70	497.00	101731.00
chr6	44117553	44117702	149	149	4.00	345.00	202.91	222.00	30234.00
chr1	159163659	159163830	171	171	1050.00	1357.00	1213.73	1220.00	207548.00
chr3	445565	446023	458	458	4.00	16.00	9.93	10.00	4546.00
chr2	25048913	25048995	82	82	146.00	172.00	159.76	159.50	13100.00
chr10	99504485	99504672	187	187	63.00	141.00	106.58	112.00	19931.00
chr4	54364807	54365010	203	203	91.00	178.00	126.48	121.00	25676.00
chr17	1634367	1634552	185	185	31.00	44.00	36.51	37.00	6755.00
chr7	72416124	72416247	123	123	84.00	153.00	107.18	101.00	13183.00
chr1	208212169	208212329	160	160	81.00	111.00	96.34	95.00	15415.00
chr9	140952500	140952702	202	202	65.00	93.00	75.86	76.00	15323.00
chr6	44197325	44197528	203	203	109.00	161.00	133.95	132.00	27191.00
chr6	44197643	44198218	575	575	23.00	129.00	63.32	53.00	36411.00
chr11	118981972	118982084	112	112	197.00	331.00	257.77	247.00	28870.00
chr5	150503846	150503952	106	106	6.00	2301.00	1590.19	2003.50	168560.00
chr11	118981761	118981878	117	117	289.00	365.00	324.07	325.00	37916.00
chr11	126314873	126315000	127	127	80.00	121.00	100.92	100.00	12817.00
chr1	159165808	159166244	436	436	5.00	1406.00	266.98	10.50	116404.00
chr7	134893542	134893750	208	208	22.00	39.00	30.21	30.00	6283.00
chr9	121976196	121976433	237	237	160.00	311.00	233.39	245.00	55313.00
chr19	54691042	54691169	127	127	334.00	568.00	432.36	418.00	54910.00
chr22	38621430	38621600	170	170	219.00	366.00	307.74	324.50	52315.00
chr13	42035681	42036205	524	524	0.00	13.00	6.96	7.00	3649.00
chr20	1915360	1915413	53	53	14.00	1578.00	1017.17	1217.00	53910.00
chr5	14496987	14497126	139	139	131.00	274.00	192.37	170.00	26739.00
chr12	56528125	56528212	87	87	116.00	141.00	127.34	126.00	11079.00
chr3	47466974	47467101	127	127	81.00	105.00	95.03	98.00	12069.00
chr17	7415476	7415663	187	187	154.00	220.00	179.03	174.00	33478.00
chr3	33588037	33589252	1215	1215	1.00	18.00	9.44	10.00	11464.00
chr7	887833	888615	782	782	6.00	63.00	26.76	23.00	20923.00
chr10	24813251	24813693	442	442	20.00	83.00	50.16	54.00	22170.00
chr1	109812045	109812213	168	168	219.00	407.00	308.44	295.50	51818.00
chr19	15276597	15276902	305	305	79.00	119.00	98.42	98.00	30019.00
chr16	2334779	2334999	220	220	242.00	314.00	279.55	279.50	61501.00
chr16	68404761	68405261	500	500	18.00	63.00	35.89	32.00	17947.00
chr4	110969111	110969871	760	760	17.00	46.00	28.78	28.00	21871.00
chr1	145693161	145693996	835	835	10.00	78.00	43.12	45.00	36009.00
chr7	44282848	44282932	84	84	646.00	722.00	686.94	688.00	57703.00
chr2	220164315	220164508	193	193	11.00	625.00	274.28	29.00	52937.00
chr12	50472203	50472360	157	157	83.00	133.00	111.68	118.00	17533.00
chr2	220163768	220163833	65	65	635.00	834.00	744.32	745.00	48381.00
chr2	222289928	222290862	934	934	128.00	245.00	182.04	181.00	170021.00
chr12	57599133	57599268	135	135	323.00	500.00	391.57	388.00	52862.00
chr7	157475416	157475629	213	213	386.00	559.00	473.32	455.00	100818.00
chr1	32203800	32203927	127	127	376.00	761.00	592.71	660.00	75274.00
chr1	109811731	109811912	181	181	298.00	476.00	391.13	395.00	70794.00
chr9	140052830	140052975	145	145	1233.00	3146.00	2297.26	2539.00	333102.00
chr2	220161706	220161854	148	148	772.00	1536.00	1148.58	1177.50	169990.00
chr16	29896906	29897070	164	164	465.00	742.00	652.13	674.00	106949.00
chr16	47143393	47143622	229	229	42.00	82.00	59.79	58.00	13693.00
chr11	993753	993985	232	232	242.00	523.00	384.61	371.00	89230.00
chr9	124059698	124061137	1439	1439	4.00	39.00	16.86	15.00	24265.00
chr9	140350140	140350634	494	494	6.00	66.00	34.81	35.00	17194.00
chr11	14504577	14504697	120	120	50.00	97.00	69.88	69.00	8386.00
chr3	49898612	49898733	121	121	722.00	1003.00	868.45	882.00	105083.00
chr9	131811659	131811777	118	118	91.00	106.00	99.36	100.00	11724.00
chr9	131810705	131810818	113	113	71.00	104.00	87.54	88.00	9892.00
chr1	223400935	223401080	145	145	148.00	218.00	187.23	187.00	27148.00
chr12	125612185	125612820	635	635	7.00	177.00	36.11	11.00	22929.00
chr2	220088590	220088744	154	154	187.00	238.00	222.12	223.00	34206.00
chr9	70888487	70888750	263	263	2.00	24.00	13.26	15.00	3487.00
chr14	69813756	69813898	142	142	165.00	258.00	200.80	196.50	28513.00
chr2	47399145	47399890	745	745	4.00	277.00	30.16	23.00	22468.00
chr11	62688689	62689041	352	352	10.00	235.00	73.74	22.00	25955.00
chr6	43745205	43745407	202	202	8.00	87.00	70.92	72.50	14326.00
chr3	11072492	11072997	505	505	7.00	508.00	110.44	26.00	55774.00
chr7	2696031	2696168	137	137	251.00	351.00	308.91	322.00	42320.00
chr16	14969196	14969279	83	83	666.00	1163.00	935.52	981.00	77648.00
chr17	7377847	7378026	179	179	9.00	17.00	13.30	13.00	2381.00
chr12	65639640	65639719	79	79	48.00	90.00	70.80	67.00	5593.00
chr12	50294912	50295108	196	196	1726.00	3156.00	2096.54	2020.00	410922.00
chr19	42485653	42485788	135	135	2292.00	3456.00	2877.39	2900.00	388448.00
chr10	99509230	99509343	113	113	128.00	217.00	162.69	154.00	18384.00
chr22	38883877	38888120	4243	4243	41.00	659.00	186.82	166.00	792669.00
chr12	49416372	49416658	286	286	69.00	133.00	93.24	89.00	26668.00
chr6	24843089	24843782	693	693	30.00	62.00	42.88	42.00	29715.00
chr5	176295561	176295665	104	104	282.00	384.00	315.07	300.00	32767.00
chr10	99510087	99510227	140	140	160.00	240.00	193.29	184.50	27060.00
chr1	159173658	159174770	1112	1112	5.00	82.00	30.51	22.00	33929.00
chr11	1780745	1780869	124	124	1223.00	1760.00	1535.11	1609.00	190354.00
chr19	42486059	42486258	199	199	1660.00	2571.00	2076.84	2081.00	413291.00
chr3	47465422	47465535	113	113	93.00	137.00	109.94	109.00	12423.00
chr1	21573713	21573856	143	143	54.00	72.00	63.71	63.00	9111.00
chr11	65320330	65320453	123	123	120.00	169.00	152.38	153.00	18743.00
chr3	47462420	47462519	99	99	157.00	283.00	233.44	253.00	23111.00
chr2	219204751	219204864	113	113	139.00	184.00	166.00	169.00	18758.00
chr1	43906123	43906257	134	134	12.00	21.00	17.75	18.00	2378.00
chr7	38785158	38785840	682	682	5.00	314.00	39.52	15.50	26954.00
chr2	153499932	153500058	126	126	83.00	121.00	104.04	107.50	13109.00
chr1	32203011	32203132	121	121	8.00	558.00	431.65	500.00	52230.00
chr22	42290823	42290941	118	118	310.00	581.00	479.42	474.00	56572.00
chr19	47940718	47940818	100	100	383.00	693.00	556.54	558.00	55654.00
chr4	119539150	119539274	124	124	13.00	51.00	34.49	37.00	4277.00
chr17	44117067	44117250	183	183	54.00	81.00	70.14	72.00	12835.00
chr19	42485873	42485983	110	110	1596.00	2299.00	2020.95	2047.00	222304.00
chr6	44114583	44114664	81	81	101.00	157.00	131.41	132.00	10644.00
chr19	47941105	47941292	187	187	12.00	726.00	379.53	485.00	70973.00
chr11	73074250	73074500	250	250	190.00	257.00	227.74	229.00	56934.00
chr3	33418764	33418825	61	61	255.00	315.00	277.64	277.00	16936.00
chr1	700258	700505	247	247	18.00	81.00	53.76	52.00	13279.00
chr9	74319510	74319719	209	209	21.00	47.00	31.08	29.00	6496.00
chr16	2336694	2336968	274	274	185.00	543.00	345.18	355.50	94578.00
chr20	3575125	3575219	94	94	86.00	130.00	109.40	111.50	10284.00
chr9	139231377	139231529	152	152	83.00	109.00	97.46	97.00	14814.00
chr5	140515951	140516498	547	547	5.00	30.00	21.84	24.00	11946.00
chr1	21938208	21938309	101	101	413.00	534.00	472.20	477.00	47692.00
chr3	155659188	155659936	748	748	14.00	109.00	72.71	78.00	54389.00
chr16	27483068	27483241	173	173	106.00	148.00	130.83	131.00	22633.00
chr11	994071	994245	174	174	105.00	281.00	223.51	243.00	38891.00
chr7	71175745	71175913	168	168	425.00	645.00	535.54	544.50	89970.00
chr12	121204065	121204175	110	110	157.00	210.00	182.40	178.50	20064.00
chr7	73118679	73118753	74	74	934.00	1126.00	1027.03	1026.00	76000.00
chr9	140972565	140972710	145	145	63.00	96.00	81.48	82.00	11815.00
chr12	121683329	121684024	695	695	4.00	37.00	19.46	18.00	13528.00
chr16	74493579	74493687	108	108	125.00	178.00	151.42	153.50	16353.00
chr2	36771518	36771641	123	123	129.00	191.00	144.80	140.00	17810.00
chr7	94187181	94187996	815	815	5.00	24.00	12.95	13.00	10558.00
chr14	94156951	94157239	288	288	5.00	13.00	8.02	7.00	2310.00
chr7	121739000	121739524	524	524	3.00	15.00	7.73	7.00	4051.00
chr1	19549117	19549328	211	211	89.00	158.00	114.50	112.00	24159.00
chr19	5214571	5214747	176	176	240.00	491.00	314.82	308.00	55408.00
chr19	42557753	42557861	108	108	166.00	205.00	187.64	188.00	20265.00
chr15	102510686	102510925	239	239	3.00	42.00	25.90	26.00	6189.00
chr5	167673761	167675376	1615	1615	21.00	124.00	58.45	55.00	94403.00
chr7	44282158	44282253	95	95	710.00	981.00	827.87	797.00	78648.00
chr2	160621061	160621717	656	656	10.00	139.00	25.35	16.00	16629.00
chr5	10426501	10426634	133	133	163.00	255.00	217.20	224.00	28888.00
chr16	1814301	1814460	159	159	685.00	829.00	754.13	751.00	119907.00
chr11	21581734	21581928	194	194	80.00	133.00	109.40	110.50	21224.00
chr3	126749085	126749255	170	170	124.00	164.00	142.58	144.00	24238.00
chr11	12237765	12237866	101	101	249.00	311.00	275.38	277.00	27813.00
chr6	31750872	31750963	91	91	140.00	187.00	166.33	164.00	15136.00
chr3	53124201	53124398	197	197	16.00	29.00	22.48	23.00	4428.00
chr2	220161470	220161544	74	74	1022.00	1352.00	1263.19	1303.50	93476.00
chr2	128951046	128951785	739	739	18.00	88.00	42.30	36.00	31261.00
chr5	24535811	24535931	120	120	85.00	133.00	105.72	106.50	12686.00
chr1	44083406	44083582	176	176	151.00	334.00	231.08	208.00	40670.00
chr1	32207653	32207818	165	165	301.00	489.00	382.14	385.00	63053.00
chr12	7293754	7294000	246	246	4.00	858.00	494.14	685.50	121558.00
chr3	131442289	131442469	180	180	122.00	151.00	138.43	138.00	24918.00
chr3	49898871	49899298	427	427	37.00	1078.00	462.97	637.00	197690.00
chr16	66432358	66432464	106	106	27.00	38.00	33.28	34.00	3528.00
chr1	20982593	20982680	87	87	262.00	364.00	303.75	293.00	26426.00
chr16	68398653	68398809	156	156	35.00	58.00	47.35	49.00	7386.00
chr17	16676818	16678279	1461	1461	1.00	14.00	7.67	8.00	11208.00
chr1	109814899	109815027	128	128	296.00	429.00	370.33	373.00	47402.00
chr1	21940478	21940582	104	104	540.00	661.00	600.52	592.50	62454.00
chr20	57468284	57468793	509	509	7.00	18.00	12.77	13.00	6500.00
chr3	127358087	127358366	279	279	191.00	484.00	345.09	326.00	96281.00
chr3	126735359	126735527	168	168	65.00	108.00	86.65	83.00	14558.00
chr10	103869140	103869264	124	124	319.00	438.00	375.20	376.50	46525.00
chr20	44520554	44520666	112	112	156.00	228.00	188.60	179.00	21123.00
chr1	32203252	32203356	104	104	331.00	512.00	430.39	453.00	44761.00
chr21	40186196	40186316	120	120	168.00	213.00	189.79	191.00	22775.00
chr5	111067153	111068349	1196	1196	2.00	29.00	15.50	15.00	18534.00
chr9	128002954	128003186	232	232	315.00	575.00	425.11	449.50	98626.00
chr1	43408896	43408992	96	96	201.00	272.00	234.81	232.50	22542.00
chr3	47463931	47464026	95	95	143.00	177.00	158.55	157.00	15062.00
chr2	220161160	220161238	78	78	919.00	1074.00	990.55	975.00	77263.00
chr11	62472772	62473089	317	317	1310.00	2391.00	1807.76	1847.00	573060.00
chr9	130986341	130986906	565	565	3.00	541.00	128.52	13.00	72611.00
chr14	69358769	69359000	231	231	206.00	300.00	247.48	244.00	57169.00
chr11	64416205	64416379	174	174	115.00	203.00	160.47	167.50	27921.00
chr17	8398454	8398559	105	105	270.00	361.00	319.04	314.00	33499.00
chr12	53572943	53574193	1250	1250	9.00	34.00	19.45	18.00	24311.00
chr17	17696544	17701827	5283	5283	19.00	173.00	61.97	57.00	327368.00
chr8	11705187	11705331	144	144	829.00	1347.00	1153.76	1181.50	166142.00
chr19	54963829	54963931	102	102	261.00	356.00	295.03	283.50	30093.00
chr2	70451682	70456295	4613	4613	0.00	91.00	20.51	18.00	94631.00
chr11	118873959	118874169	210	210	6.00	15.00	10.20	9.00	2143.00
chr10	75548427	75548581	154	154	56.00	94.00	75.34	75.00	11602.00
chr6	33414351	33414563	212	212	388.00	678.00	572.25	585.50	121316.00
chr17	80042910	80043032	122	122	168.00	242.00	207.34	207.00	25295.00
chr11	11470290	11470483	193	193	67.00	104.00	85.88	87.00	16575.00
chr8	23294446	23294771	325	325	64.00	138.00	94.22	93.00	30620.00
chr1	116932060	116932663	603	603	2.00	2637.00	863.37	15.00	520613.00
chr15	83222627	83222741	114	114	66.00	87.00	76.43	76.00	8713.00
chr3	9841562	9841751	189	189	18.00	38.00	28.91	31.00	5464.00
chr1	116937731	116937907	176	176	1606.00	3297.00	2019.91	1786.50	355504.00
chr16	87868019	87868197	178	178	130.00	156.00	141.51	141.00	25188.00
chr3	124209540	124209731	191	191	470.00	710.00	578.08	570.00	110413.00
chr7	71142195	71142291	96	96	503.00	678.00	574.14	564.50	55117.00
chr5	130497324	130497584	260	260	5.00	12.00	7.98	8.00	2076.00
chr13	100199238	100199358	120	120	222.00	361.00	280.74	256.00	33689.00
chr5	139943336	139943506	170	170	12.00	222.00	190.69	199.00	32417.00
chr17	74395529	74396002	473	473	101.00	200.00	147.84	146.00	69926.00
chr14	93179149	93179216	67	67	167.00	188.00	175.51	176.00	11759.00
chr4	160277004	160277310	306	306	56.00	322.00	180.27	171.00	55162.00
chr17	40666306	40666478	172	172	821.00	1353.00	1100.84	1102.50	189344.00
chr15	34828065	34828207	142	142	1.00	126.00	89.06	96.00	12646.00
chr14	100165802	100165876	74	74	529.00	650.00	585.30	585.50	43312.00
chr22	20128089	20128231	142	142	14.00	182.00	110.13	149.50	15639.00
chr12	3392210	3394421	2211	2211	9.00	164.00	61.18	58.00	135275.00
chr17	16687866	16690667	2801	2801	0.00	44.00	7.73	6.00	21665.00
chr6	31664724	31664810	86	86	100.00	173.00	137.56	138.00	11830.00
chr6	30627512	30627611	99	99	35.00	47.00	40.82	41.00	4041.00
chr11	18752834	18755060	2226	2226	7.00	735.00	76.72	28.00	170774.00
chr12	109332602	109332731	129	129	452.00	608.00	504.22	497.00	65044.00
chr6	90072884	90073110	226	226	14.00	30.00	22.82	23.00	5157.00
chr16	2689371	2689711	340	340	0.00	0.00	0.00	0.00	0.00
chr1	20987373	20987484	111	111	253.00	325.00	291.77	292.00	32386.00
chr14	85985300	85986667	1367	1367	3.00	24.00	10.98	10.00	15015.00
chr13	32863769	32863880	111	111	116.00	147.00	128.59	128.00	14273.00
chr16	1510418	1510528	110	110	91.00	129.00	106.58	107.50	11724.00
chr19	54963269	54963444	175	175	314.00	374.00	339.85	336.00	59474.00
chr6	44224078	44224233	155	155	52.00	87.00	68.24	66.00	10577.00
chr20	3151172	3152285	1113	1113	15.00	46.00	29.97	31.00	33355.00
chr1	892273	892405	132	132	135.00	276.00	174.83	157.00	23077.00
chr16	90192167	90192724	557	557	2.00	30.00	20.79	21.00	11578.00
chr9	111663704	111663810	106	106	59.00	99.00	76.98	76.00	8160.00
chr6	44108764	44108835	71	71	158.00	201.00	177.63	178.00	12612.00
chr1	36028802	36029027	225	225	2162.00	3242.00	2725.16	2682.00	613160.00
chr11	66807259	66807674	415	415	8.00	133.00	98.80	102.00	41003.00
chr1	178426817	178427679	862	862	18.00	66.00	39.10	39.00	33702.00
chr19	42482302	42482478	176	176	2116.00	3830.00	2497.70	2330.00	439595.00
chr1	44084718	44084873	155	155	149.00	394.00	264.80	243.00	41044.00
chr1	109812315	109812442	127	127	251.00	357.00	297.58	291.00	37793.00
chr3	180324268	180324391	123	123	44.00	70.00	62.97	65.00	7745.00
chr15	63933668	63933842	174	174	116.00	230.00	166.82	149.00	29027.00
chr20	44521363	44521519	156	156	231.00	318.00	272.50	271.00	42510.00
chr3	33416779	33416910	131	131	109.00	262.00	182.37	197.00	23891.00
chr1	21934624	21934843	219	219	9.00	594.00	294.01	391.00	64389.00
chr14	69799801	69799886	85	85	104.00	152.00	133.54	135.00	11351.00
chr1	116936134	116936345	211	211	4.00	2406.00	1835.75	1997.00	387344.00
chr14	23634493	23634645	152	152	44.00	83.00	66.72	72.00	10141.00
chr16	1402538	1402947	409	409	6.00	17.00	12.53	12.00	5123.00
chr9	20331	25000	4669	4669	0.00	204.00	40.30	38.00	188138.00
chr17	43545574	43545959	385	385	20.00	39.00	27.88	27.00	10735.00
chr13	100201418	100201476	58	58	255.00	292.00	270.21	271.50	15672.00
chr15	41865505	41865665	160	160	326.00	618.00	446.78	460.00	71485.00
chr19	19641688	19642196	508	508	5.00	21.00	12.33	12.00	6263.00
chr11	134147593	134148159	566	566	12.00	31.00	23.71	24.00	13419.00
chr2	71656420	71657290	870	870	3.00	20.00	9.18	9.00	7987.00
chr7	97834775	97835016	241	241	152.00	231.00	191.20	194.00	46078.00
chr19	13363804	13363915	111	111	85.00	123.00	104.82	108.00	11635.00
chr18	31328383	31329011	628	628	2.00	14.00	7.01	7.00	4401.00
chr16	66431884	66432009	125	125	27.00	37.00	30.33	30.00	3791.00
chr19	47935155	47935702	547	547	11.00	1003.00	363.36	407.00	198757.00
chr12	50291769	50291873	104	104	1310.00	1971.00	1567.60	1596.00	163030.00
chr11	1780198	1780317	119	119	816.00	1495.00	1047.15	1041.00	124611.00
chr15	65392626	65393167	541	541	8.00	32.00	18.40	18.00	9956.00
chr2	86397871	86397967	96	96	99.00	181.00	148.68	160.00	14273.00
chr7	97866087	97866233	146	146	110.00	219.00	158.46	168.00	23135.00
chr11	60687157	60687402	245	245	130.00	233.00	182.20	188.00	44639.00
chr21	43307700	43309453	1753	1753	20.00	71.00	44.14	45.00	77379.00
chr14	24619269	24619657	388	388	26.00	90.00	47.22	46.00	18321.00
chr11	65320634	65320727	93	93	110.00	134.00	122.47	123.00	11390.00
chr16	29891184	29891385	201	201	566.00	759.00	676.80	674.00	136036.00
chr1	32207224	32207326	102	102	620.00	786.00	689.92	683.50	70372.00
chr11	72300218	72300394	176	176	4.00	484.00	157.47	10.00	27715.00
chr17	7608878	7609038	160	160	32.00	160.00	102.28	110.00	16364.00
chr19	7607646	7607814	168	168	148.00	241.00	194.76	208.50	32720.00
chr19	54966129	54966271	142	142	165.00	262.00	226.73	235.00	32196.00
chr12	57995027	57995131	104	104	204.00	246.00	229.13	232.00	23830.00
chr1	27428875	27429049	174	174	81.00	137.00	104.53	106.00	18189.00
chr2	27688277	27688385	108	108	38.00	70.00	55.64	57.00	6009.00
chr16	2691449	2692254	805	805	0.00	22.00	4.33	3.00	3484.00
chr9	131503813	131503933	120	120	397.00	462.00	422.34	419.00	50681.00
chr16	2347766	2347922	156	156	181.00	252.00	219.35	218.50	34219.00
chr17	80039884	80040036	152	152	281.00	357.00	316.86	311.50	48163.00
chr1	32204432	32204538	106	106	531.00	800.00	705.59	723.50	74793.00
chr12	9242951	9243078	127	127	184.00	254.00	225.35	229.00	28619.00
chr3	49702661	49702751	90	90	154.00	199.00	178.04	174.50	16024.00
chr19	35820359	35820837	478	478	4.00	20.00	12.69	13.00	6066.00
chr1	201456762	201457615	853	853	7.00	32.00	18.52	19.00	15795.00
chr16	2334279	2334438	159	159	212.00	303.00	267.64	272.00	42554.00
chr10	73578373	73578481	108	108	4039.00	4920.00	4458.31	4436.00	481498.00
chr16	18530550	18530756	206	206	0.00	1079.00	506.49	720.00	104336.00
chr16	16369094	16369300	206	206	0.00	1102.00	516.01	739.00	106299.00
chr13	113975636	113975785	149	149	9.00	531.00	231.86	14.00	34547.00
chr11	119293822	119294227	405	405	10.00	6663.00	613.40	29.00	248429.00
chr5	150505962	150506041	79	79	1358.00	2031.00	1689.99	1664.00	133509.00
chr22	44224939	44225078	139	139	1017.00	1219.00	1113.69	1117.00	154803.00
chr15	41865199	41865309	110	110	329.00	408.00	369.41	364.00	40635.00
chr17	25633807	25636298	2491	2491	11.00	365.00	142.30	155.00	354472.00
chr15	72495155	72495529	374	374	19.00	3998.00	1611.96	32.00	602874.00
chr9	42540272	42542124	1852	1852	0.00	23.00	9.87	10.00	18275.00
chr11	119290760	119291704	944	944	3.00	8180.00	2057.65	18.00	1942424.00
chr19	5219949	5220165	216	216	183.00	284.00	229.18	227.00	49502.00
chr15	63910769	63911153	384	384	0.00	28.00	10.67	7.00	4098.00
chr17	74393879	74393969	90	90	151.00	216.00	180.89	174.00	16280.00
chr10	104129467	104129532	65	65	83.00	102.00	91.52	91.00	5949.00
chr3	142454224	142454620	396	396	2.00	22.00	11.11	10.00	4398.00
chr12	121205196	121205396	200	200	153.00	253.00	205.44	215.00	41087.00
chr3	31705570	31705724	154	154	20.00	41.00	30.38	28.00	4678.00
chr6	118635190	118636593	1403	1403	18.00	154.00	102.48	104.00	143776.00
chr8	10339867	10340829	962	962	2.00	21.00	9.40	8.00	9039.00
chr19	16952578	16952779	201	201	108.00	176.00	142.31	141.00	28605.00
chr8	110984486	110985016	530	530	100.00	183.00	139.46	136.00	73916.00
chr9	128001219	128001610	391	391	422.00	980.00	733.36	785.00	286742.00
chr11	73070878	73070997	119	119	188.00	254.00	223.52	226.00	26599.00
chr10	104130140	104130235	95	95	86.00	115.00	100.92	101.00	9587.00
chr5	95733039	95733173	134	134	48.00	89.00	66.41	63.00	8899.00
chr19	59059400	59059547	147	147	249.00	333.00	277.97	276.00	40862.00
chr5	139943169	139943255	86	86	23.00	153.00	119.83	131.00	10305.00
chr17	73487771	73487981	210	210	121.00	252.00	166.78	163.00	35024.00
chr1	154315588	154315777	189	189	29.00	53.00	40.60	41.00	7674.00
chr14	95652726	95653070	344	344	3.00	12.00	6.58	6.00	2264.00
chr12	123639801	123640772	971	971	4.00	39.00	21.64	22.00	21017.00
chr22	47064870	47065171	301	301	1.00	9.00	5.62	5.00	1693.00
chr5	24535220	24535388	168	168	74.00	116.00	93.14	95.00	15648.00
chr12	6806452	6806958	506	506	204.00	574.00	337.57	332.50	170812.00
chr22	29881711	29881836	125	125	431.00	552.00	483.08	477.00	60385.00
chr7	75894681	75894786	105	105	53.00	99.00	78.27	80.00	8218.00
chr12	121089007	121095893	6886	6886	6.00	243.00	61.00	51.00	420022.00
chr1	207940357	207942365	2008	2008	3.00	178.00	23.73	15.00	47647.00
chr7	154681166	154681240	74	74	327.00	433.00	383.80	379.00	28401.00
chr5	131696513	131697529	1016	1016	3.00	22.00	11.44	11.00	11628.00
chr11	1776135	1776258	123	123	547.00	1223.00	827.89	767.00	101830.00
chr8	11706554	11706673	119	119	786.00	1055.00	929.19	916.00	110574.00
chr11	18759426	18759511	85	85	303.00	391.00	340.68	335.00	28958.00
chr16	61689373	61689625	252	252	56.00	83.00	69.05	68.00	17400.00
chr15	51750702	51750824	122	122	154.00	178.00	164.84	166.00	20110.00
chr9	35555056	35555698	642	642	202.00	572.00	369.55	369.00	237251.00
chr2	198356200	198356621	421	421	2.00	10.00	6.09	6.00	2562.00
chr9	131001723	131001794	71	71	2787.00	3526.00	3214.04	3232.00	228197.00
chr19	5214371	5214491	120	120	462.00	618.00	520.54	507.50	62465.00
chr22	35719488	35719623	135	135	183.00	266.00	239.13	248.00	32282.00
chr12	121678738	121679829	1091	1091	18.00	79.00	34.02	29.00	37111.00
chr14	23820960	23821064	104	104	1670.00	2081.00	1916.12	1936.00	199277.00
chr1	32205710	32205779	69	69	450.00	649.00	542.48	539.00	37431.00
chr3	33420176	33420326	150	150	7.00	284.00	97.88	10.00	14682.00
chr9	114820707	114820966	259	259	32.00	52.00	41.64	42.00	10786.00
chr15	41865876	41866023	147	147	19.00	780.00	628.65	670.00	92412.00
chr19	55554308	55554637	329	329	6.00	20.00	11.40	11.00	3752.00
chr1	116933403	116933513	110	110	1804.00	2323.00	2077.85	2047.00	228563.00
chr19	15374230	15374359	129	129	74.00	153.00	118.09	123.00	15233.00
chr12	56090682	56090852	170	170	78.00	108.00	93.86	94.00	15957.00
chr14	69445668	69445876	208	208	58.00	192.00	123.54	125.00	25697.00
chr12	57603474	57603651	177	177	283.00	472.00	379.26	388.00	67129.00
chr22	32897492	32898946	1454	1454	10.00	144.00	68.25	59.00	99239.00
chr16	16367702	16367764	62	62	17.00	627.00	313.31	339.50	19425.00
chr19	5245786	5246056	270	270	108.00	245.00	161.31	159.50	43553.00
chr16	74345440	74345829	389	389	9.00	26.00	15.24	13.00	5927.00
chr6	107096899	107097076	177	177	28.00	63.00	42.70	40.00	7558.00
chr1	29641883	29642019	136	136	60.00	92.00	71.24	70.00	9689.00
chr8	97342440	97342509	69	69	214.00	258.00	232.70	227.00	16056.00
chr8	68116914	68117054	140	140	52.00	87.00	66.10	65.00	9254.00
chr22	22037470	22037546	76	76	48.00	62.00	56.54	57.00	4297.00
chr22	50682147	50683420	1273	1273	6.00	103.00	62.97	59.00	80167.00
chr20	44048971	44049069	98	98	228.00	268.00	248.49	251.00	24352.00
chr1	36904356	36904511	155	155	45.00	83.00	58.03	53.00	8994.00
chr12	71054719	71054877	158	158	62.00	102.00	78.39	76.00	12385.00
chr15	50654364	50655515	1151	1151	6.00	21.00	12.49	12.00	14371.00
chr2	234198499	234198620	121	121	58.00	83.00	73.61	76.00	8907.00
chr9	128001699	128001812	113	113	395.00	491.00	438.54	440.00	49555.00
chr8	38272296	38272419	123	123	61.00	92.00	76.87	77.00	9455.00
chr11	73068069	73068179	110	110	150.00	217.00	186.50	193.00	20515.00
chr16	28123137	28123327	190	190	139.00	230.00	193.73	192.50	36809.00
chr12	49424062	49424222	160	160	29.00	55.00	41.01	42.00	6562.00
chr19	50302885	50303023	138	138	374.00	637.00	504.62	458.50	69637.00
chr19	42480567	42480718	151	151	3699.00	6110.00	4860.45	4909.00	733928.00
chr3	197904395	197905301	906	906	1.00	30.00	14.51	16.00	13147.00
chr13	100189992	100190117	125	125	170.00	216.00	194.94	199.00	24368.00
chr19	14268062	14268272	210	210	300.00	443.00	369.05	368.00	77501.00
chr10	93786886	93787057	171	171	39.00	71.00	54.12	55.00	9254.00
chr1	109808726	109808828	102	102	166.00	223.00	199.51	199.50	20350.00
chr4	134075461	134075520	59	59	240.00	328.00	266.92	263.00	15748.00
chr1	22052268	22053864	1596	1596	2.00	29.00	12.88	13.00	20558.00
chr9	140056855	140056968	113	113	1858.00	2609.00	2282.11	2341.00	257878.00
chr19	42482087	42482224	137	137	3940.00	5451.00	4633.26	4729.00	634757.00
chr19	4556962	4557025	63	63	595.00	727.00	654.37	648.00	41225.00
chr19	14266921	14267013	92	92	259.00	392.00	348.00	357.50	32016.00
chr22	42273851	42274127	276	276	6.00	857.00	410.16	441.50	113205.00
chr1	205549788	205550049	261	261	241.00	373.00	286.28	277.00	74719.00
chr1	110765585	110766522	937	937	86.00	229.00	149.78	148.00	140348.00
chr19	55553595	55554158	563	563	8.00	34.00	18.88	18.00	10628.00
chr7	150929881	150931360	1479	1479	20.00	129.00	52.16	49.00	77150.00
chr3	124215157	124215260	103	103	461.00	810.00	663.96	718.00	68388.00
chr16	58220658	58220760	102	102	59.00	118.00	88.90	85.00	9068.00
chr3	10381925	10382033	108	108	417.00	588.00	528.97	534.00	57129.00
chr10	11356101	11356221	120	120	51.00	85.00	61.12	57.00	7334.00
chr22	42294652	42294785	133	133	449.00	732.00	643.93	688.00	85643.00
chr1	2005531	2005714	183	183	19.00	80.00	55.80	57.00	10212.00
chr12	113722522	113722576	54	54	67.00	82.00	76.44	77.00	4128.00
chr9	131502198	131502398	200	200	20.00	651.00	523.38	557.00	104675.00
chr19	40873602	40873786	184	184	1693.00	2517.00	2134.17	2175.50	392688.00
chr2	220162606	220162825	219	219	377.00	755.00	559.04	559.00	122429.00
chr16	28270027	28270355	328	328	8.00	48.00	29.12	29.00	9553.00
chr4	3225718	3225858	140	140	151.00	182.00	164.47	163.00	23026.00
chr17	44127898	44128070	172	172	60.00	81.00	72.80	74.00	12521.00
chr3	47462043	47462262	219	219	104.00	267.00	146.31	130.00	32042.00
chr6	99873090	99873182	92	92	6.00	289.00	128.27	109.50	11801.00
chr7	142561723	142562504	781	781	268.00	864.00	531.11	508.00	414795.00
chr1	159169540	159169666	126	126	1221.00	1615.00	1432.52	1462.00	180497.00
chr19	7606869	7606953	84	84	111.00	158.00	129.23	125.00	10855.00
chr16	2811561	2818298	6737	6737	8.00	571.00	264.16	231.00	1779615.00
chr3	47450652	47450807	155	155	61.00	108.00	87.51	90.00	13564.00
chr11	118403631	118403922	291	291	195.00	264.00	228.96	228.00	66627.00
chr1	205555161	205555335	174	174	195.00	317.00	254.11	252.00	44216.00
chr12	125603186	125603311	125	125	121.00	157.00	142.18	144.00	17772.00
chr11	86658288	86659498	1210	1210	8.00	45.00	23.94	24.00	28962.00
chr22	37764946	37768745	3799	3799	8.00	527.00	187.14	173.00	710957.00
chr10	46345664	46346215	551	551	3.00	30.00	13.96	12.00	7692.00
chr22	33673045	33673241	196	196	189.00	480.00	299.40	270.50	58683.00
chr9	140042599	140042666	67	67	12.00	319.00	256.51	271.00	17186.00
chr3	48717233	48717320	87	87	221.00	289.00	249.55	248.00	21711.00
chr11	60681600	60681740	140	140	24.00	199.00	96.81	81.00	13554.00
chr10	93784512	93784724	212	212	35.00	60.00	50.04	51.00	10609.00
chr12	7289424	7290372	948	948	8.00	828.00	220.99	18.00	209498.00
chr3	132387062	132387526	464	464	5.00	18.00	12.58	12.00	5835.00
chr16	2335442	2335647	205	205	253.00	332.00	294.96	298.00	60467.00
chr16	1794782	1797276	2494	2494	7.00	651.00	76.35	30.00	190405.00
chr16	3786036	3786204	168	168	99.00	143.00	119.68	121.00	20107.00
chr9	141131209	141131766	557	557	1.00	21.00	8.90	10.00	4956.00
chr14	92965028	92966015	987	987	9.00	50.00	27.36	27.00	27001.00
chr19	54692070	54692200	130	130	214.00	636.00	403.87	339.00	52503.00
chr15	43866006	43866230	224	224	74.00	139.00	104.55	104.00	23419.00
chr3	40231316	40231954	638	638	44.00	99.00	78.16	80.00	49863.00
chr3	50148937	50149455	518	518	11.00	31.00	20.55	21.00	10647.00
chr4	81117505	81117755	250	250	60.00	104.00	80.16	80.00	20041.00
chr10	46740404	46740638	234	234	0.00	3.00	1.99	2.00	466.00
chr3	124210169	124210271	102	102	402.00	608.00	524.75	537.50	53524.00
chr11	107488830	107488932	102	102	225.00	296.00	256.83	258.50	26197.00
chr9	130591965	130592106	141	141	62.00	88.00	79.37	82.00	11191.00
chr1	20981932	20982027	95	95	297.00	400.00	339.09	337.00	32214.00
chr12	75875613	75875859	246	246	26.00	44.00	35.19	35.00	8657.00
chr22	32046684	32046764	80	80	84.00	141.00	118.44	126.00	9475.00
chr11	70331418	70331658	240	240	30.00	153.00	76.81	79.00	18435.00
chr14	51079976	51080069	93	93	355.00	460.00	408.60	406.00	38000.00
chr17	80041077	80041301	224	224	260.00	636.00	434.79	399.00	97392.00
chr7	158540884	158540971	87	87	119.00	151.00	137.31	136.00	11946.00
chr1	21553651	21553719	68	68	62.00	71.00	65.99	66.00	4487.00
chr2	219206256	219206349	93	93	144.00	194.00	169.44	164.00	15758.00
chr17	18444211	18445242	1031	1031	1.00	16.00	8.28	9.00	8541.00
chr12	57599340	57599460	120	120	292.00	378.00	337.55	337.50	40506.00
chr11	64417919	64418110	191	191	176.00	350.00	280.90	297.00	53652.00
chr19	3274926	3275650	724	724	5.00	21.00	14.38	15.00	10410.00
chr16	18532086	18532305	219	219	781.00	1344.00	1033.48	1027.00	226332.00
chr17	3776702	3776756	54	54	651.00	819.00	764.67	768.00	41292.00
chr1	116932670	116933033	363	363	3.00	2899.00	1335.88	2022.00	484924.00
chr16	1505731	1505796	65	65	177.00	253.00	228.29	237.00	14839.00
chr1	9794029	9794200	171	171	2412.00	2891.00	2646.29	2638.00	452516.00
chr10	73579221	73579379	158	158	2823.00	4579.00	3699.76	3958.00	584562.00
chr11	6411684	6412146	462	462	30.00	149.00	102.57	102.00	47386.00
chr1	159163212	159163350	138	138	907.00	1230.00	1004.02	994.00	138555.00
chr16	1816723	1816804	81	81	607.00	825.00	717.90	721.00	58150.00
chr7	91722399	91722630	231	231	2.00	74.00	57.73	61.00	13335.00
chr7	44281816	44281939	123	123	723.00	996.00	830.53	850.00	102155.00
chr2	220467189	220467297	108	108	16.00	30.00	23.20	25.00	2506.00
chr16	4494664	4494729	65	65	216.00	269.00	247.72	247.00	16102.00
chr15	34681844	34681986	142	142	1.00	177.00	130.96	145.00	18597.00
chr9	139995935	139996124	189	189	79.00	184.00	130.84	136.00	24728.00
chr3	180324040	180324160	120	120	39.00	62.00	53.85	55.00	6462.00
chr3	42678359	42681242	2883	2883	23.00	127.00	53.74	46.00	154930.00
chr7	131812776	131815333	2557	2557	1.00	71.00	39.09	38.00	99947.00
chr20	1585387	1585522	135	135	30.00	453.00	250.96	254.00	33879.00
chr3	126751229	126751442	213	213	146.00	198.00	173.54	174.00	36965.00
chr15	63920875	63921014	139	139	150.00	284.00	202.73	198.00	28179.00
chr16	2040128	2040202	74	74	43.00	138.00	92.43	86.00	6840.00
chr9	74324174	74324390	216	216	26.00	46.00	36.96	37.50	7983.00
chr20	44521858	44521950	92	92	288.00	333.00	312.18	313.00	28721.00
chr9	139911647	139911798	151	151	226.00	342.00	276.52	266.00	41754.00
chr9	140055507	140055649	142	142	1950.00	3659.00	2823.51	2611.00	400938.00
chr12	120148055	120148191	136	136	168.00	215.00	185.80	184.00	25269.00
chr12	50474280	50474372	92	92	118.00	150.00	133.00	132.00	12236.00
chr15	63125702	63125828	126	126	162.00	246.00	198.18	196.00	24971.00
chr9	20907148	20907241	93	93	73.00	107.00	92.28	98.00	8582.00
chr16	87874655	87874761	106	106	120.00	193.00	149.79	133.50	15878.00
chr2	162833269	162833460	191	191	10.00	663.00	357.17	538.00	68219.00
chr8	11704560	11704677	117	117	661.00	878.00	777.52	784.00	90970.00
chr15	63926931	63927087	156	156	192.00	248.00	214.71	214.00	33494.00
chr6	31668718	31668805	87	87	126.00	171.00	146.28	143.00	12726.00
chr7	148910792	148910906	114	114	34.00	64.00	48.39	48.00	5517.00
chr14	42355808	42357213	1405	1405	43.00	162.00	77.10	69.00	108327.00
chr10	88678928	88679226	298	298	21.00	35.00	27.30	27.00	8135.00
chr3	140998219	140998346	127	127	38.00	93.00	65.70	71.00	8344.00
chr1	144859758	144859998	240	240	110.00	207.00	161.82	163.00	38837.00
chr9	96054772	96055455	683	683	61.00	285.00	186.92	193.00	127666.00
chr19	7604803	7604944	141	141	116.00	201.00	148.72	146.00	20970.00
chr12	30906277	30907432	1155	1155	15.00	75.00	31.15	26.00	35978.00
chr9	131112762	131112854	92	92	132.00	262.00	210.20	210.50	19338.00
chr20	61981328	61982379	1051	1051	43.00	112.00	68.68	66.00	72186.00
chr7	38431348	38431618	270	270	336.00	765.00	527.51	540.00	142428.00
chr20	44521036	44521123	87	87	189.00	266.00	225.82	224.00	19646.00
chr11	64418726	64419108	382	382	130.00	276.00	205.36	204.00	78448.00
chr12	120148344	120150270	1926	1926	6.00	298.00	49.48	25.00	95305.00
chr12	6930971	6931066	95	95	14.00	616.00	342.47	344.00	32535.00
chr16	2339434	2339621	187	187	153.00	287.00	200.95	175.00	37578.00
chr2	27700083	27700187	104	104	37.00	53.00	47.55	49.00	4945.00
chr14	69805367	69805494	127	127	112.00	228.00	173.52	161.00	22037.00
chr12	9242497	9242619	122	122	210.00	279.00	250.86	256.50	30605.00
chr3	58256658	58256791	133	133	86.00	155.00	113.94	109.00	15154.00
chr10	79744927	79745098	171	171	64.00	124.00	94.56	97.00	16169.00
chr1	159161725	159161866	141	141	588.00	940.00	807.77	845.00	113895.00
chr16	31085202	31085519	317	317	8.00	29.00	21.83	24.00	6919.00
chr1	171755018	171755218	200	200	67.00	89.00	79.33	80.00	15867.00
chr9	130988124	130989280	1156	1156	5.00	1819.00	214.53	23.00	247991.00
chr15	63127935	63127998	63	63	162.00	209.00	182.35	178.00	11488.00
chr19	1917676	1917821	145	145	12.00	199.00	146.34	158.00	21219.00
chr22	25315792	25315960	168	168	83.00	143.00	105.08	95.00	17654.00
chr2	207943790	207945085	1295	1295	12.00	66.00	35.86	32.00	46443.00
chr11	47330706	47330952	246	246	11.00	666.00	302.30	19.00	74366.00
chr3	142743978	142746095	2117	2117	2.00	124.00	18.18	13.00	38485.00
chr7	44839492	44839694	202	202	11.00	26.00	18.99	19.00	3835.00
chr22	31688260	31688471	211	211	6.00	160.00	101.74	127.00	21467.00
chr11	66333492	66333638	146	146	437.00	615.00	543.93	542.50	79414.00
chr9	131114916	131115026	110	110	267.00	341.00	298.05	301.00	32786.00
chr1	20206	21013	807	807	9.00	114.00	66.00	71.00	53266.00
chr11	108216469	108216635	166	166	26.00	49.00	37.36	37.50	6202.00
chr1	209778880	209779019	139	139	168.00	265.00	216.57	218.00	30103.00
chr1	202935876	202936026	150	150	171.00	275.00	209.39	207.00	31408.00
chr12	57600255	57600524	269	269	278.00	413.00	353.12	361.00	94989.00
chr19	15233503	15233615	112	112	57.00	107.00	73.07	66.00	8184.00
chr8	68115317	68115486	169	169	80.00	111.00	94.13	93.00	15908.00
chr19	13419229	13419342	113	113	32.00	77.00	59.35	59.00	6706.00
chr6	33266815	33267130	315	315	6.00	41.00	18.97	17.00	5975.00
chr16	89780611	89781646	1035	1035	5.00	60.00	27.21	26.00	28166.00
chr12	109964162	109964221	59	59	98.00	111.00	103.32	103.00	6096.00
chr22	24491893	24492045	152	152	56.00	112.00	73.45	67.50	11165.00
chr2	242592926	242593025	99	99	184.00	283.00	221.13	212.00	21892.00
chr1	21937944	21938074	130	130	464.00	1000.00	792.17	870.00	102982.00
chr2	223789173	223789313	140	140	221.00	283.00	250.18	250.00	35025.00
chr20	3772318	3772535	217	217	2.00	20.00	9.54	11.00	2071.00
chr16	18531918	18532001	83	83	1140.00	1497.00	1316.37	1317.00	109259.00
chr1	43396296	43396537	241	241	169.00	286.00	221.02	219.00	53265.00
chr2	100037960	100038115	155	155	40.00	52.00	45.37	45.00	7032.00
chr16	1500497	1500770	273	273	11.00	196.00	107.18	148.00	29261.00
chr19	40876016	40876144	128	128	1434.00	2200.00	1790.88	1723.00	229233.00
chr5	168112691	168112932	241	241	21.00	56.00	39.17	39.00	9439.00
chr2	127825738	127825831	93	93	384.00	457.00	419.62	418.00	39025.00
chr1	19232015	19234990	2975	2975	13.00	150.00	42.04	37.00	125059.00
chr16	1391129	1391196	67	67	281.00	330.00	301.31	301.00	20188.00
chr6	33410665	33411689	1024	1024	13.00	421.00	212.45	230.00	217550.00
chr9	95872033	95872266	233	233	7.00	19.00	14.12	15.00	3289.00
chr1	53378627	53378839	212	212	10.00	22.00	16.29	16.00	3453.00
chr2	80531276	80531693	417	417	15.00	67.00	47.04	54.00	19616.00
chr7	44286718	44286791	73	73	692.00	806.00	731.10	724.00	53370.00
chr7	157369304	157369471	167	167	549.00	731.00	637.77	654.00	106507.00
chr11	18755079	18755191	112	112	4.00	395.00	251.28	329.50	28143.00
chr6	86237979	86238080	101	101	139.00	180.00	157.25	156.00	15882.00
chr8	145000951	145001050	99	99	62.00	125.00	93.04	90.00	9211.00
chr19	45167680	45167966	286	286	7.00	23.00	14.79	15.00	4229.00
chr10	48930165	48930400	235	235	0.00	0.00	0.00	0.00	0.00
chr16	87871450	87871547	97	97	172.00	221.00	199.35	203.00	19337.00
chr1	109815454	109815649	195	195	293.00	397.00	332.26	329.00	64790.00
chr1	208215442	208215711	269	269	71.00	139.00	109.78	110.00	29531.00
chr2	260866	261451	585	585	3.00	12.00	7.75	8.00	4534.00
chr5	180481266	180481724	458	458	17.00	33.00	25.65	26.00	11747.00
chr7	73119479	73119631	152	152	7.00	1523.00	611.52	10.00	92951.00
chr15	34677248	34677358	110	110	197.00	307.00	240.76	225.00	26484.00
chr16	57687114	57687247	133	133	96.00	165.00	131.73	138.00	17520.00
chr15	50649406	50649592	186	186	8.00	17.00	11.84	12.00	2203.00
chr22	21071995	21072066	71	71	1564.00	1813.00	1687.48	1690.00	119811.00
chr5	179200882	179201561	679	679	9.00	49.00	32.58	33.00	22124.00
chr10	98763824	98763979	155	155	136.00	249.00	194.14	201.00	30091.00
chr14	102963315	102963457	142	142	117.00	172.00	139.13	137.00	19756.00
chr1	21932558	21933138	580	580	11.00	703.00	156.79	25.00	90938.00
chr16	28118842	28118998	156	156	185.00	235.00	209.96	207.00	32754.00
chr1	241767561	241767881	320	320	74.00	168.00	122.37	134.50	39158.00
chr11	66812063	66812184	121	121	120.00	168.00	135.63	133.00	16411.00
chr11	12248571	12248678	107	107	313.00	401.00	363.02	373.00	38843.00
chr9	130588788	130588951	163	163	57.00	75.00	64.80	65.00	10562.00
chr22	21068915	21068988	73	73	1333.00	1820.00	1622.68	1667.00	118456.00
chr1	43424304	43424531	227	227	20.00	303.00	223.22	263.00	50672.00
chr14	105852021	105853670	1649	1649	15.00	144.00	32.62	28.00	53795.00
chr15	34823469	34823579	110	110	188.00	261.00	225.26	220.50	24779.00
chr11	171365	172282	917	917	1.00	30.00	14.53	16.00	13320.00
chr22	24493976	24494155	179	179	75.00	120.00	93.37	85.00	16713.00
chr15	79291060	79291167	107	107	346.00	474.00	412.64	418.00	44152.00
chr16	2145904	2146194	290	290	10.00	21.00	15.33	15.00	4445.00
chr9	131503050	131503166	116	116	394.00	632.00	509.41	499.50	59092.00
chr11	61301983	61302579	596	596	16.00	46.00	29.97	30.00	17861.00
chr22	25308609	25308719	110	110	74.00	94.00	84.07	84.50	9248.00
chr12	63977826	63979986	2160	2160	1.00	59.00	18.73	18.00	40456.00
chr19	46928844	46930933	2089	2089	8.00	407.00	162.41	158.00	339281.00
chr16	56969146	56969224	78	78	167.00	210.00	187.47	190.50	14623.00
chr17	40665787	40665996	209	209	7.00	1737.00	731.56	1053.00	152896.00
chr9	131669435	131671600	2165	2165	105.00	373.00	207.32	189.00	448857.00
chr2	220164026	220164271	245	245	15.00	795.00	255.88	25.00	62690.00
chr19	7589846	7590052	206	206	61.00	104.00	86.34	89.00	17787.00
chr6	91260186	91260268	82	82	71.00	84.00	77.93	79.00	6390.00
chr9	124543742	124543830	88	88	224.00	306.00	267.94	265.00	23579.00
chr12	54071005	54071170	165	165	3.00	21.00	15.53	17.00	2562.00
chr2	40443	41212	769	769	6.00	33.00	17.08	15.00	13137.00
chr11	67852159	67852747	588	588	6.00	25.00	16.00	16.00	9408.00
chr8	8233762	8234810	1048	1048	3.00	64.00	35.32	36.00	37012.00
chr2	175671113	175672148	1035	1035	6.00	20.00	12.21	12.00	12638.00
chr7	138984922	138985438	516	516	2.00	10.00	5.75	6.00	2965.00
chr22	40816850	40817104	254	254	74.00	182.00	139.64	138.00	35469.00
chr19	14263120	14263249	129	129	273.00	485.00	374.72	356.00	48339.00
chr19	16962222	16962345	123	123	136.00	313.00	246.33	259.00	30298.00
chr1	109813838	109813918	80	80	220.00	302.00	251.56	239.50	20125.00
chr3	49898148	49898562	414	414	6.00	1034.00	496.89	820.00	205714.00
chr17	17131202	17131510	308	308	8.00	95.00	72.57	80.00	22353.00
chr1	21936067	21936139	72	72	305.00	500.00	397.26	368.00	28603.00
chr3	130424404	130424615	211	211	33.00	57.00	47.84	50.00	10094.00
chr12	56532710	56532797	87	87	102.00	142.00	114.57	110.00	9968.00
chr16	29888591	29888788	197	197	526.00	815.00	661.96	651.00	130407.00
chr2	114394588	114396196	1608	1608	2.00	41.00	19.37	19.00	31142.00
chr3	124180736	124180803	67	67	280.00	319.00	296.91	297.00	19893.00
chr9	111798485	111798660	175	175	62.00	112.00	87.55	90.00	15322.00
chr10	73847897	73848372	475	475	18.00	1224.00	394.79	366.00	187526.00
chr22	21075585	21075706	121	121	816.00	1656.00	1399.32	1482.00	169318.00
chr22	20920753	20921104	351	351	56.00	157.00	102.23	104.00	35881.00
chr9	140953020	140953185	165	165	57.00	119.00	96.72	105.00	15959.00
chr22	41620970	41621075	105	105	121.00	153.00	140.68	141.00	14771.00
chr11	6243671	6243839	168	168	59.00	107.00	75.85	71.00	12743.00
chr15	74704225	74704353	128	128	132.00	275.00	207.21	222.50	26523.00
chr3	48719780	48719985	205	205	208.00	326.00	261.77	251.00	53663.00
chr1	222833247	222833348	101	101	78.00	112.00	96.63	98.00	9760.00
chr1	6583675	6584824	1149	1149	11.00	61.00	37.07	36.00	42591.00
chr11	126135857	126135976	119	119	253.00	324.00	284.80	281.00	33891.00
chr8	75156763	75157410	647	647	32.00	69.00	49.09	47.00	31763.00
chr15	83345212	83345389	177	177	204.00	263.00	235.93	234.00	41759.00
chr14	68031638	68032561	923	923	2.00	23.00	13.03	13.00	12027.00
chr19	42479780	42479949	169	169	3671.00	5386.00	4516.19	4380.00	763236.00
chr16	31503329	31503407	78	78	302.00	378.00	344.08	355.00	26838.00
chr17	1564564	1564700	136	136	201.00	281.00	234.66	227.00	31914.00
chr16	58717858	58718082	224	224	25.00	44.00	35.32	35.00	7912.00
chr14	71575320	71575763	443	443	33.00	91.00	60.29	57.00	26708.00
chr1	202934498	202934628	130	130	148.00	230.00	182.95	181.00	23784.00
chr7	73118477	73118586	109	109	777.00	1039.00	902.86	899.00	98412.00
chr19	13365908	13366073	165	165	82.00	107.00	94.39	95.00	15575.00
chr10	102265117	102265958	841	841	10.00	50.00	27.12	23.00	22811.00
chr9	139983320	139983457	137	137	98.00	158.00	125.18	119.00	17149.00
chr18	29206245	29206347	102	102	134.00	204.00	166.60	156.50	16993.00
chr12	120578662	120578827	165	165	65.00	97.00	78.01	75.00	12872.00
chr5	757516	758226	710	710	13.00	45.00	32.45	33.00	23039.00
chr8	21632483	21632567	84	84	53.00	83.00	68.98	71.00	5794.00
chr4	54011499	54011749	250	250	45.00	72.00	57.52	56.00	14379.00
chr8	141680613	141681365	752	752	3.00	24.00	14.57	15.00	10960.00
chr11	57367351	57367850	499	499	43.00	182.00	99.32	89.00	49561.00
chr12	63980009	63980784	775	775	4.00	26.00	15.01	15.00	11634.00
chr9	140057042	140057203	161	161	13.00	2647.00	2232.07	2375.00	359364.00
chr2	7055953	7056098	145	145	30.00	45.00	38.63	38.00	5602.00
chr12	52387768	52389043	1275	1275	10.00	398.00	204.26	184.00	260428.00
chr19	50104931	50105175	244	244	27.00	103.00	49.43	40.00	12061.00
chr19	5218430	5218543	113	113	291.00	515.00	426.17	441.00	48157.00
chr16	29898969	29899138	169	169	347.00	486.00	412.43	406.00	69701.00
chr7	99030900	99031041	141	141	29.00	42.00	35.95	36.00	5069.00
chr17	36692926	36693212	286	286	5.00	21.00	12.35	12.00	3533.00
chr15	73857770	73859335	1565	1565	6.00	58.00	33.00	31.00	51640.00
chr6	44104085	44104176	91	91	153.00	228.00	191.33	192.00	17411.00
chr1	21938518	21938602	84	84	526.00	728.00	645.90	662.50	54256.00
chr19	13423482	13423595	113	113	32.00	45.00	37.98	37.00	4292.00
chr16	70292882	70293089	207	207	711.00	1055.00	913.21	928.00	189035.00
chr18	61060641	61060782	141	141	70.00	108.00	86.14	85.00	12146.00
chr16	22269814	22270016	202	202	11.00	26.00	19.04	19.50	3847.00
chr1	21554423	21554534	111	111	44.00	67.00	55.41	56.00	6150.00
chr9	140057255	140057455	200	200	21.00	2886.00	1882.11	2306.50	376422.00
chr7	1488255	1488397	142	142	25.00	39.00	32.80	33.00	4657.00
chr14	100166351	100166438	87	87	548.00	660.00	609.64	615.00	53039.00
chr9	101065522	101065705	183	183	359.00	591.00	482.20	500.00	88242.00
chr5	68411752	68412041	289	289	29.00	75.00	53.96	58.00	15595.00
chr1	2452539	2452754	215	215	51.00	167.00	91.49	76.00	19671.00
chr1	21564626	21564737	111	111	41.00	65.00	54.35	55.00	6033.00
chr13	42037713	42039066	1353	1353	3.00	31.00	15.07	16.00	20393.00
chr2	114350236	114350443	207	207	9.00	45.00	27.82	28.00	5759.00
chr1	21939668	21939722	54	54	537.00	638.00	590.52	594.50	31888.00
chr9	139353895	139354007	112	112	65.00	84.00	74.91	76.00	8390.00
chr7	102176367	102176618	251	251	9.00	20.00	15.55	16.00	3902.00
chr3	51411753	51412018	265	265	4.00	375.00	124.06	10.00	32875.00
chr17	73888091	73888266	175	175	19.00	35.00	26.90	25.00	4707.00
chr13	103297258	103297435	177	177	7.00	71.00	38.13	54.00	6749.00
chr15	63922664	63922834	170	170	191.00	286.00	228.70	214.00	38879.00
chr3	33400774	33400849	75	75	111.00	141.00	128.68	129.00	9651.00
chr22	50671744	50671955	211	211	51.00	72.00	61.07	62.00	12885.00
chr1	21190968	21191205	237	237	200.00	296.00	249.94	254.00	59235.00
chr5	14481649	14481727	78	78	122.00	148.00	136.37	137.00	10637.00
chr15	101605556	101606410	854	854	18.00	43.00	28.62	28.00	24444.00
chr17	80040402	80040554	152	152	328.00	464.00	395.94	392.50	60183.00
chr2	132269293	132270897	1604	1604	8.00	66.00	34.30	38.00	55018.00
chr11	1778553	1778786	233	233	1034.00	1560.00	1324.43	1357.00	308593.00
chr11	1469616	1469808	192	192	11.00	24.00	17.94	17.50	3444.00
chr12	120138549	120138630	81	81	240.00	285.00	260.43	258.00	21095.00
chr7	901016	901101	85	85	152.00	222.00	191.55	199.00	16282.00
chr19	13372263	13372424	161	161	81.00	107.00	95.63	97.00	15397.00
chr17	40843154	40843311	157	157	320.00	549.00	430.52	418.00	67592.00
chr17	80039476	80039719	243	243	316.00	510.00	398.40	392.00	96812.00
chr17	16681109	16687365	6256	6256	0.00	65.00	19.26	20.00	120480.00
chr1	116935475	116935610	135	135	1870.00	2699.00	2336.24	2319.00	315393.00
chr6	128294808	128294972	164	164	156.00	268.00	212.51	216.50	34851.00
chr5	109189927	109190617	690	690	2.00	11.00	5.75	5.00	3966.00
chr15	40757533	40757634	101	101	34.00	108.00	86.67	90.00	8754.00
chr2	220164706	220164981	275	275	570.00	1228.00	878.58	849.00	241609.00
chr3	164905164	164908639	3475	3475	12.00	109.00	53.38	52.00	185493.00
chr11	60699157	60699356	199	199	125.00	567.00	409.73	415.00	81537.00
chr2	96680301	96680717	416	416	2.00	11.00	6.59	7.00	2743.00
chr17	40845314	40845554	240	240	341.00	626.00	453.00	417.00	108719.00
chr12	125264513	125265391	878	878	9.00	48.00	20.64	19.00	18126.00
chr1	156623704	156624158	454	454	8.00	26.00	15.75	15.00	7151.00
chr6	108370456	108370622	166	166	69.00	104.00	85.00	85.00	14110.00
chr11	19180486	19180587	101	101	15.00	27.00	21.69	21.00	2191.00
chr19	42489069	42489338	269	269	876.00	1923.00	1517.26	1607.00	408143.00
chr2	198274493	198274731	238	238	99.00	192.00	149.35	147.50	35545.00
chr6	47220991	47221257	266	266	165.00	339.00	265.68	269.50	70670.00
chr19	40872679	40872822	143	143	2279.00	3507.00	2938.75	3022.00	420241.00
chr19	54693278	54693627	349	349	16.00	88.00	52.92	50.00	18470.00
chr12	81929	82174	245	245	7.00	46.00	31.34	33.00	7679.00
chr21	45513943	45514114	171	171	63.00	110.00	81.98	80.00	14018.00
chr3	124201630	124201747	117	117	4.00	561.00	390.16	474.00	45649.00
chr17	79805118	79805223	105	105	334.00	443.00	388.70	395.00	40814.00
chr20	46307419	46307548	129	129	64.00	124.00	77.29	74.00	9970.00
chr17	38187790	38187873	83	83	109.00	126.00	117.33	117.00	9738.00
chr2	207452814	207452878	64	64	362.00	450.00	406.30	407.00	26003.00
chr17	45695715	45695823	108	108	360.00	422.00	382.64	382.50	41325.00
chr7	44283023	44283126	103	103	667.00	751.00	709.04	710.00	73031.00
chr20	62274975	62275284	309	309	3.00	3323.00	1539.09	2004.00	475580.00
chr11	108202605	108202764	159	159	13.00	27.00	21.98	23.00	3495.00
chr9	140051314	140051489	175	175	992.00	1408.00	1168.73	1128.00	204528.00
chr22	45574118	45574781	663	663	39.00	97.00	65.69	66.00	43554.00
chr15	79312382	79312446	64	64	190.00	240.00	211.67	213.00	13547.00
chr1	21940120	21940199	79	79	568.00	667.00	600.05	595.00	47404.00
chr17	3775847	3775921	74	74	578.00	844.00	723.55	740.00	53543.00
chr7	73133931	73134019	88	88	23.00	1165.00	418.11	318.00	36794.00
chr11	72292920	72292991	71	71	488.00	594.00	553.06	556.00	39267.00
chr7	43547616	43547730	114	114	104.00	136.00	122.90	124.00	14011.00
chr16	58713760	58714145	385	385	22.00	42.00	33.90	34.00	13053.00
chr22	21083600	21083794	194	194	901.00	1523.00	1213.29	1258.00	235379.00
chr11	66457275	66457414	139	139	492.00	688.00	584.99	592.00	81314.00
chr15	91561034	91561115	81	81	44.00	74.00	59.30	60.00	4803.00
chr11	2968525	2969001	476	476	5.00	21.00	14.19	15.00	6753.00
chr19	34869838	34869910	72	72	1942.00	2460.00	2165.15	2132.50	155891.00
chr9	121970996	121971219	223	223	216.00	311.00	272.77	277.00	60827.00
chr3	47449772	47449980	208	208	5.00	97.00	61.59	81.00	12810.00
chr12	57601820	57601999	179	179	309.00	669.00	495.33	488.00	88664.00
chr16	2345590	2345741	151	151	244.00	319.00	278.62	279.00	42071.00
chr12	50471782	50471910	128	128	94.00	135.00	121.12	125.00	15503.00
chr1	109814221	109814344	123	123	307.00	468.00	415.65	422.00	51125.00
chr19	16942304	16942458	154	154	83.00	151.00	121.88	127.50	18769.00
chr11	66333301	66333398	97	97	473.00	569.00	532.05	542.00	51609.00
chr5	74026084	74026223	139	139	112.00	155.00	138.45	142.00	19244.00
chr5	68417520	68417722	202	202	42.00	85.00	66.31	71.00	13395.00
chr19	15272262	15272525	263	263	36.00	74.00	53.11	50.00	13968.00
chr3	45872404	45872482	78	78	107.00	143.00	130.87	136.00	10208.00
chr7	73123374	73123452	78	78	1183.00	1420.00	1339.26	1364.00	104462.00
chr5	14498197	14498360	163	163	141.00	254.00	212.38	226.00	34618.00
chr14	93180167	93180230	63	63	141.00	195.00	168.89	168.00	10640.00
chr9	130984739	130984875	136	136	2356.00	3504.00	2833.96	2646.00	385419.00
chr13	31216764	31216894	130	130	21.00	41.00	33.82	36.00	4396.00
chr12	112614399	112614506	107	107	66.00	209.00	170.73	170.00	18268.00
chr12	57602865	57602982	117	117	445.00	693.00	557.34	555.00	65209.00
chr14	72976861	72976987	126	126	97.00	153.00	121.88	115.00	15357.00
chr1	155209406	155209553	147	147	100.00	150.00	118.90	113.00	17479.00
chr10	49633930	49634113	183	183	118.00	171.00	146.96	152.00	26894.00
chr16	84100093	84100218	125	125	172.00	253.00	222.55	227.00	27819.00
chr1	155207924	155208097	173	173	146.00	222.00	179.35	175.00	31027.00
chr12	2786898	2787033	135	135	23.00	71.00	44.39	38.00	5992.00
chr2	233755457	233756197	740	740	6.00	1158.00	203.18	27.00	150353.00
chr14	60631894	60632099	205	205	93.00	245.00	186.48	205.00	38229.00
chr1	11151549	11151654	105	105	62.00	90.00	75.76	75.00	7955.00
chr4	134076071	134076178	107	107	253.00	343.00	311.94	314.00	33378.00
chr15	91420364	91420441	77	77	163.00	186.00	173.35	174.00	13348.00
chr5	114961533	114961755	222	222	10.00	44.00	31.73	36.00	7043.00
chr16	1814047	1814211	164	164	9.00	724.00	346.27	522.00	56789.00
chr18	44250463	44252581	2118	2118	18.00	123.00	59.73	60.00	126509.00
chr6	158049380	158049518	138	138	42.00	61.00	50.74	51.00	7002.00
chr19	7675585	7675679	94	94	45.00	70.00	60.70	64.00	5706.00
chr13	99461604	99461719	115	115	5.00	205.00	154.54	148.00	17772.00
chr11	130010829	130011467	638	638	9.00	1833.00	207.52	20.50	132396.00
chr11	107526658	107526792	134	134	323.00	405.00	367.74	367.00	49277.00
chr16	1391294	1391490	196	196	179.00	301.00	216.98	207.00	42529.00
chr1	38182716	38184158	1442	1442	8.00	127.00	71.67	69.00	103352.00
chr5	179231023	179231323	300	300	8.00	18.00	12.70	13.00	3809.00
chr14	69814593	69814719	126	126	184.00	266.00	229.02	231.00	28857.00
chr14	69349174	69349309	135	135	244.00	348.00	302.65	298.00	40858.00
chr19	7614792	7614998	206	206	208.00	298.00	247.55	247.00	50995.00
chr1	228270375	228270466	91	91	10.00	1606.00	517.71	228.00	47112.00
chr1	38186022	38186315	293	293	6.00	63.00	37.52	43.00	10992.00
chr13	77641715	77641999	284	284	258.00	391.00	327.71	330.00	93069.00
chr14	100157417	100157498	81	81	175.00	384.00	254.72	231.00	20632.00
chr13	32978280	32979333	1053	1053	6.00	77.00	27.26	24.00	28708.00
chr12	7301567	7301794	227	227	655.00	971.00	828.19	843.00	187999.00
chr9	123583116	123583257	141	141	48.00	68.00	60.10	61.00	8474.00
chr17	26883183	26883284	101	101	102.00	191.00	145.93	144.00	14739.00
chr12	6972993	6973137	144	144	335.00	458.00	396.56	391.50	57104.00
chr20	34322310	34322637	327	327	3.00	9.00	5.80	6.00	1895.00
chr19	7606407	7606570	163	163	147.00	200.00	163.32	160.00	26621.00
chr16	2333186	2333373	187	187	2.00	394.00	295.15	321.00	55193.00
chr12	113825548	113825711	163	163	95.00	239.00	160.01	153.00	26081.00
chr7	4802013	4807749	5736	5736	7.00	122.00	52.91	47.00	303519.00
chr1	43394880	43394985	105	105	222.00	341.00	289.23	314.00	30369.00
chr19	4554399	4554488	89	89	390.00	604.00	529.11	569.00	47091.00
chr16	31719139	31719372	233	233	9.00	16.00	12.45	12.00	2901.00
chr5	134060669	134061744	1075	1075	7.00	30.00	18.14	18.00	19500.00
chr1	202936318	202936371	53	53	17.00	177.00	101.77	123.00	5394.00
chr2	220087366	220087615	249	249	246.00	327.00	275.39	271.00	68572.00
chr2	36764494	36764689	195	195	91.00	172.00	139.06	138.00	27117.00
chr7	43519208	43519343	135	135	98.00	165.00	137.06	143.00	18503.00
chr10	51249585	51249993	408	408	0.00	16.00	6.46	5.00	2635.00
chr6	32123647	32123755	108	108	132.00	193.00	147.07	144.00	15884.00
chr3	118624442	118624692	250	250	3.00	47.00	23.08	9.00	5769.00
chr1	190129797	190130020	223	223	25.00	46.00	33.95	34.00	7570.00
chr9	131004491	131004624	133	133	9.00	3543.00	2796.39	3162.00	371920.00
chr22	33679187	33679334	147	147	199.00	244.00	215.35	213.00	31656.00
chr15	74709931	74710016	85	85	174.00	320.00	225.47	195.00	19165.00
chr7	6470110	6470238	128	128	33.00	45.00	37.79	38.00	4837.00
chr1	6640600	6641359	759	759	19.00	59.00	32.63	30.00	24765.00
chr16	31510622	31510728	106	106	194.00	242.00	221.07	223.00	23433.00
chr4	103710287	103711803	1516	1516	4.00	16.00	10.30	10.00	15621.00
chr19	2862339	2862746	407	407	5.00	20.00	11.76	10.00	4785.00
chr2	15467873	15467994	121	121	34.00	65.00	54.86	59.00	6638.00
chr2	36780721	36781492	771	771	5.00	23.00	12.86	13.00	9917.00
chr10	81070680	81070941	261	261	35.00	94.00	54.04	48.00	14105.00
chr2	217234866	217235986	1120	1120	12.00	62.00	35.01	33.00	39208.00
chr10	93786348	93786508	160	160	35.00	58.00	47.89	51.00	7663.00
chr17	20268785	20269076	291	291	0.00	9.00	4.71	5.00	1372.00
chr9	131002006	131002062	56	56	7.00	3518.00	3078.54	3285.50	172398.00
chr1	155208307	155208441	134	134	136.00	229.00	173.90	167.00	23302.00
chr2	162833877	162834373	496	496	3.00	555.00	51.82	11.00	25703.00
chr9	35799614	35799728	114	114	33.00	50.00	41.54	41.00	4735.00
chr20	62517856	62519234	1378	1378	10.00	204.00	43.54	40.00	60003.00
chr22	35942847	35943127	280	280	99.00	312.00	219.05	230.50	61333.00
chr13	26436438	26436546	108	108	44.00	64.00	53.67	54.00	5796.00
chr14	69371371	69371453	82	82	185.00	329.00	256.77	247.00	21055.00
chr7	44031274	44031581	307	307	2.00	10.00	7.60	8.00	2333.00
chr11	12274988	12275291	303	303	7.00	29.00	17.07	16.00	5171.00
chr5	1334403	1334498	95	95	149.00	202.00	174.57	171.00	16584.00
chr19	34868639	34868786	147	147	2408.00	3153.00	2680.91	2640.00	394094.00
chr16	1815960	1816143	183	183	437.00	657.00	539.48	537.00	98724.00
chr10	73578787	73578868	81	81	3300.00	4841.00	3970.94	3977.00	321646.00
chr17	37420427	37420640	213	213	18.00	26.00	22.44	23.00	4779.00
chr5	60835422	60835586	164	164	23.00	34.00	28.74	29.00	4714.00
chr15	79296143	79296517	374	374	266.00	476.00	348.12	342.50	130198.00
chr19	13039568	13039661	93	93	652.00	899.00	784.29	801.00	72939.00
chr12	49421585	49421713	128	128	101.00	141.00	119.52	114.00	15299.00
chr1	1661057	1662583	1526	1526	13.00	304.00	89.31	63.00	136284.00
chr2	207457340	207457460	120	120	450.00	594.00	503.72	511.00	60446.00
chr11	64542462	64543441	979	979	4.00	18.00	10.81	11.00	10585.00
chr20	61910250	61910347	97	97	154.00	210.00	175.52	167.00	17025.00
chr11	62394042	62394156	114	114	285.00	356.00	321.44	322.00	36644.00
chr5	37301538	37301652	114	114	17.00	27.00	20.39	20.00	2324.00
chr16	4733843	4733933	90	90	187.00	230.00	209.41	210.00	18847.00
chr15	43693913	43694048	135	135	61.00	93.00	77.33	78.00	10439.00
chr11	18764538	18764622	84	84	283.00	334.00	315.33	319.00	26488.00
chr17	57842331	57842499	168	168	137.00	176.00	157.98	161.00	26541.00
chr9	96076729	96078064	1335	1335	4.00	39.00	21.60	22.00	28841.00
chr11	12246219	12246367	148	148	251.00	444.00	346.12	349.00	51226.00
chr12	7030743	7031565	822	822	17.00	5605.00	1960.33	36.00	1611392.00
chr3	14523178	14523349	171	171	18.00	38.00	27.63	26.00	4725.00
chr5	758508	759483	975	975	11.00	51.00	28.85	28.00	28125.00
chr12	22635490	22635677	187	187	50.00	69.00	60.64	62.00	11340.00
chr5	14479369	14479459	90	90	130.00	161.00	146.12	146.00	13151.00
chr6	143655214	143656079	865	865	0.00	13.00	4.43	5.00	3834.00
chr7	75508360	75508578	218	218	100.00	1380.00	1022.39	1115.00	222880.00
chr11	60697981	60698131	150	150	234.00	379.00	287.75	273.00	43163.00
chr1	151400598	151400889	291	291	80.00	186.00	136.19	144.00	39630.00
chr5	172196431	172197309	878	878	6.00	372.00	112.66	29.50	98912.00
chr3	49152660	49152794	134	134	66.00	89.00	79.80	81.50	10693.00
chr7	5518281	5519950	1669	1669	19.00	98.00	61.25	61.00	102223.00
chr17	16691106	16691449	343	343	2.00	41.00	17.12	18.00	5871.00
chr2	220086993	220087172	179	179	221.00	317.00	285.35	288.00	51077.00
chr10	51746916	51748006	1090	1090	1.00	64.00	29.55	26.00	32206.00
chr12	7302118	7302289	171	171	856.00	1110.00	989.82	989.00	169260.00
chr11	59562844	59562955	111	111	29.00	48.00	36.74	36.00	4078.00
chr12	6100984	6101184	200	200	51.00	77.00	62.85	62.00	12570.00
chr19	5683274	5683627	353	353	10.00	41.00	25.77	25.00	9097.00
chr12	2786259	2786387	128	128	27.00	43.00	34.54	35.00	4421.00
chr15	26812727	26812880	153	153	230.00	370.00	277.68	270.00	42485.00
chr1	149007980	149008798	818	818	2.00	21.00	10.49	9.00	8578.00
chr19	54965608	54965861	253	253	99.00	194.00	141.01	143.00	35675.00
chr8	27293259	27293310	51	51	349.00	522.00	415.98	410.00	21215.00
chr15	23014437	23014528	91	91	146.00	181.00	167.49	170.00	15242.00
chr1	111717500	111717585	85	85	70.00	109.00	90.60	97.00	7701.00
chr6	150157220	150157433	213	213	231.00	305.00	268.71	269.00	57236.00
chr13	114566547	114566670	123	123	39.00	154.00	88.72	75.00	10912.00
chr16	58539291	58539605	314	314	7.00	38.00	25.93	28.00	8143.00
chr1	21936612	21936768	156	156	439.00	1063.00	669.94	676.00	104510.00
chr1	17322880	17322991	111	111	363.00	681.00	519.23	589.00	57634.00
chr11	60699455	60699599	144	144	413.00	596.00	518.90	540.00	74722.00
chr5	6749669	6749770	101	101	48.00	70.00	56.84	55.00	5741.00
chr16	2156805	2156949	144	144	177.00	277.00	223.37	207.00	32165.00
chr15	34690834	34690930	96	96	52.00	76.00	64.22	63.00	6165.00
chr3	11074933	11075425	492	492	6.00	484.00	94.86	14.00	46670.00
chr5	74655222	74655381	159	159	129.00	196.00	152.74	146.00	24286.00
chr20	20022968	20023160	192	192	36.00	74.00	50.32	47.00	9662.00
chr2	39055481	39055578	97	97	27.00	43.00	36.21	37.00	3512.00
chr19	16793231	16793528	297	297	4.00	291.00	82.20	10.00	24414.00
chr2	219205450	219205509	59	59	144.00	163.00	151.03	150.00	8911.00
chr17	74087429	74087729	300	300	12.00	31.00	21.86	22.00	6557.00
chr3	184058150	184060036	1886	1886	8.00	770.00	126.41	40.00	238414.00
chr6	90333128	90333263	135	135	44.00	63.00	57.14	58.00	7714.00
chr12	125267019	125267429	410	410	10.00	58.00	25.20	17.00	10333.00
chr1	207942580	207943104	524	524	6.00	39.00	26.10	27.00	13676.00
chr4	89356876	89357043	167	167	55.00	82.00	66.47	66.00	11100.00
chr7	101995498	101995736	238	238	6.00	32.00	13.34	10.00	3176.00
chr3	11067458	11067562	104	104	432.00	578.00	519.00	525.50	53976.00
chr5	95734582	95734740	158	158	65.00	94.00	80.74	83.00	12757.00
chr6	152529106	152529341	235	235	127.00	226.00	172.35	167.00	40502.00
chr5	102295578	102295763	185	185	146.00	206.00	170.42	172.00	31528.00
chr22	21072980	21073110	130	130	1040.00	1751.00	1388.35	1446.50	180486.00
chr12	121855306	121855714	408	408	70.00	216.00	110.17	109.00	44949.00
chr1	160326389	160326544	155	155	111.00	158.00	138.85	139.00	21521.00
chr11	60670930	60671007	77	77	465.00	529.00	494.27	493.00	38059.00
chr17	79804822	79804948	126	126	416.00	576.00	498.38	495.50	62796.00
chr16	18527204	18527332	128	128	970.00	1395.00	1166.93	1162.00	149367.00
chr16	16372518	16372646	128	128	1018.00	1428.00	1211.40	1209.50	155059.00
chr2	32750530	32750695	165	165	30.00	58.00	43.16	43.00	7121.00
chr14	69369193	69369279	86	86	292.00	408.00	339.69	332.00	29213.00
chr7	66418212	66418356	144	144	165.00	241.00	199.75	199.00	28764.00
chr6	44107988	44108097	109	109	158.00	224.00	195.07	195.00	21263.00
chr7	70885893	70886091	198	198	432.00	838.00	585.70	530.50	115968.00
chr8	27295281	27295397	116	116	471.00	574.00	520.55	522.00	60384.00
chr7	73122918	73123018	100	100	1100.00	1530.00	1386.16	1381.50	138616.00
chr15	34698874	34699071	197	197	90.00	123.00	105.64	109.00	20811.00
chr8	22009343	22009513	170	170	344.00	647.00	443.17	435.50	75339.00
chr7	1526557	1526737	180	180	50.00	146.00	104.46	116.00	18802.00
chr5	178053946	178054065	119	119	15.00	138.00	73.18	76.00	8708.00
chr12	6103027	6103369	342	342	42.00	89.00	67.14	70.00	22962.00
chr2	3479491	3480482	991	991	8.00	27.00	17.86	18.00	17703.00
chr3	33883388	33883566	178	178	80.00	119.00	103.49	104.00	18422.00
chr19	11019778	11019883	105	105	175.00	253.00	221.74	237.00	23283.00
chr7	98446205	98446318	113	113	1750.00	3131.00	2390.88	2237.00	270170.00
chr8	106813274	106813932	658	658	13.00	51.00	32.67	34.00	21499.00
chr2	223795338	223795530	192	192	343.00	610.00	421.45	385.50	80919.00
chr7	75511146	75511554	408	408	937.00	1558.00	1200.34	1195.50	489740.00
chr21	40184926	40185038	112	112	92.00	201.00	156.35	166.50	17511.00
chr19	53383575	53385236	1661	1661	5.00	29.00	14.80	14.00	24589.00
chr19	14208130	14208295	165	165	14.00	689.00	459.92	588.00	75887.00
chr15	91461013	91461618	605	605	7.00	356.00	117.28	20.00	70953.00
chr8	145278010	145278133	123	123	57.00	94.00	80.28	79.00	9874.00
chr16	28132990	28133083	93	93	133.00	214.00	172.60	180.00	16052.00
chr11	125280091	125280221	130	130	110.00	151.00	124.84	123.00	16229.00
chr15	63128089	63128317	228	228	56.00	259.00	196.64	217.50	44834.00
chr9	131181435	131181557	122	122	2.00	220.00	181.06	189.00	22089.00
chr19	3281196	3281343	147	147	273.00	383.00	329.86	342.00	48489.00
chr11	6240200	6240280	80	80	72.00	101.00	87.31	90.00	6985.00
chr20	31019123	31019287	164	164	20.00	42.00	30.88	30.00	5064.00
chr6	46825865	46827260	1395	1395	32.00	95.00	60.60	58.00	84541.00
chr12	1672006	1672666	660	660	10.00	43.00	19.52	16.00	12881.00
chr12	9098824	9099001	177	177	181.00	270.00	220.87	224.00	39094.00
chr7	121738503	121738630	127	127	6.00	13.00	9.28	9.00	1179.00
chr19	40875814	40875935	121	121	1269.00	1788.00	1474.88	1423.00	178460.00
chr20	3581592	3581671	79	79	73.00	113.00	95.87	98.00	7574.00
chr17	7226965	7227042	77	77	86.00	118.00	105.74	109.00	8142.00
chr2	74331800	74332809	1009	1009	7.00	46.00	21.13	20.00	21321.00
chr1	209785136	209785610	474	474	3.00	254.00	188.55	211.00	89373.00
chr9	35546426	35548532	2106	2106	134.00	340.00	211.48	204.00	445379.00
chr17	80040198	80040290	92	92	288.00	411.00	348.89	332.00	32098.00
chr11	73074791	73075284	493	493	8.00	244.00	79.18	22.00	39038.00
chr20	44674976	44675075	99	99	414.00	506.00	476.57	483.00	47180.00
chr20	5892091	5892328	237	237	65.00	459.00	285.12	334.00	67573.00
chr17	20316581	20317594	1013	1013	0.00	16.00	6.65	7.00	6737.00
chr12	99478702	99478801	99	99	189.00	223.00	207.53	207.00	20545.00
chr17	40842756	40842960	204	204	401.00	574.00	493.43	486.50	100659.00
chr11	107501142	107501288	146	146	221.00	346.00	300.55	307.50	43881.00
chr11	85429236	85429532	296	296	3.00	36.00	14.05	11.00	4160.00
chr20	9449217	9449319	102	102	52.00	84.00	65.95	69.50	6727.00
chr14	23371395	23371591	196	196	120.00	172.00	152.04	153.00	29800.00
chr7	716865	716957	92	92	1780.00	2445.00	2257.75	2268.00	207713.00
chr10	48862360	48862682	322	322	0.00	187.00	118.57	155.00	38181.00
chr10	68686678	68688210	1532	1532	16.00	131.00	54.46	47.00	83437.00
chr5	179674854	179674926	72	72	217.00	303.00	262.71	279.50	18915.00
chr1	209773327	209773456	129	129	192.00	281.00	245.71	258.00	31697.00
chr17	45691034	45691091	57	57	354.00	418.00	388.82	391.00	22163.00
chr1	19669871	19670118	247	247	16.00	31.00	23.10	23.00	5706.00
chr17	45664025	45664710	685	685	7.00	393.00	72.19	32.00	49448.00
chr19	2337634	2338840	1206	1206	9.00	100.00	32.55	29.00	39251.00
chr8	22011480	22011552	72	72	439.00	580.00	503.21	512.00	36231.00
