#chrom	start	end	size	num_data	min	max	mean	median	sum
chr12	1940100	1940691	591	591	18.00	44.00	27.44	26.00	16217.00
chr1	27480473	27481381	908	908	16.00	60.00	35.30	35.00	32053.00
chr15	63112684	63112809	125	125	141.00	199.00	170.54	170.00	21317.00
chr5	149231737	149232254	517	517	0.00	23.00	14.77	15.00	7634.00
chr5	140865429	140867182	1753	1753	9.00	93.00	28.07	25.00	49198.00
chr1	32209793	32209958	165	165	171.00	280.00	224.27	231.00	37005.00
chr16	87873307	87873431	124	124	217.00	383.00	300.52	310.50	37264.00
chr17	34157438	34158175	737	737	19.00	44.00	30.29	30.00	22325.00
chr2	127815619	127816088	469	469	24.00	206.00	122.81	134.00	57600.00
chr1	208212965	208213112	147	147	53.00	89.00	73.22	75.00	10764.00
chr22	19703883	19704666	783	783	8.00	50.00	29.44	29.00	23051.00
chr16	87872319	87872423	104	104	233.00	345.00	281.88	271.00	29316.00
chr9	140055740	140055868	128	128	702.00	812.00	761.59	765.00	97483.00
chr22	21096515	21096643	128	128	252.00	344.00	273.62	266.00	35023.00
chr9	140056321	140056540	219	219	10.00	1150.00	727.20	897.00	159256.00
chr11	78379981	78380253	272	272	6.00	19.00	10.14	9.00	2759.00
chr3	11070420	11070533	113	113	460.00	556.00	496.20	486.00	56071.00
chr1	109812554	109813222	668	668	13.00	438.00	182.06	185.00	121616.00
chr2	220161954	220162155	201	201	279.00	479.00	393.74	418.00	79141.00
chr15	74706887	74707086	199	199	86.00	127.00	99.29	97.00	19759.00
chr17	7318829	7319426	597	597	217.00	646.00	395.12	401.00	235889.00
chr1	21560050	21560154	104	104	135.00	166.00	148.87	148.50	15482.00
chr1	25573799	25573952	153	153	23.00	741.00	487.99	562.00	74663.00
chr14	93198993	93199160	167	167	84.00	176.00	134.17	138.00	22406.00
chr1	205554003	205554119	116	116	80.00	114.00	96.76	93.50	11224.00
chr1	9795005	9795232	227	227	1117.00	1579.00	1377.07	1392.00	312594.00
chr17	42426525	42426670	145	145	115.00	220.00	169.97	170.00	24645.00
chr18	70205887	70206179	292	292	3.00	201.00	80.00	17.00	23359.00
chr1	205553082	205553251	169	169	84.00	128.00	102.95	100.00	17398.00
chr9	140056623	140056766	143	143	13.00	978.00	652.85	753.00	93358.00
chr6	33412147	33412394	247	247	36.00	536.00	324.44	422.00	80137.00
chr12	89992366	89992547	181	181	5.00	448.00	315.85	337.00	57168.00
chr2	220088827	220089576	749	749	103.00	254.00	163.94	155.00	122791.00
chr14	100763073	100765222	2149	2149	52.00	224.00	125.40	123.00	269475.00
chr1	110740697	110742543	1846	1846	4.00	373.00	212.83	201.00	392891.00
chr1	149878201	149879758	1557	1557	9.00	599.00	150.13	28.00	233750.00
chr3	197264139	197265259	1120	1120	15.00	53.00	33.09	34.00	37061.00
chr8	56449623	56450530	907	907	1.00	15.00	7.68	7.00	6968.00
chr9	139354208	139354326	118	118	66.00	86.00	75.36	74.00	8893.00
chr1	32204908	32205236	328	328	295.00	486.00	366.57	358.00	120234.00
chr7	75608768	75608897	129	129	168.00	216.00	192.76	195.00	24866.00
chr19	45161029	45161178	149	149	67.00	89.00	79.48	81.00	11843.00
chr19	5243911	5244493	582	582	67.00	175.00	110.12	103.50	64091.00
chr6	32119585	32119717	132	132	13.00	531.00	284.43	305.00	37545.00
chr3	42670878	42672067	1189	1189	12.00	74.00	36.15	33.00	42981.00
chr11	45892392	45892485	93	93	211.00	278.00	238.51	240.00	22181.00
chr17	80040789	80040991	202	202	291.00	399.00	347.70	345.50	70235.00
chr2	74902875	74903036	161	161	58.00	111.00	77.32	76.00	12448.00
chr17	38335969	38337946	1977	1977	6.00	136.00	25.28	20.00	49970.00
chr16	87870103	87870253	150	150	272.00	421.00	330.85	315.00	49627.00
chr1	32205947	32206142	195	195	283.00	429.00	353.01	344.00	68836.00
chr6	44117553	44117702	149	149	32.00	336.00	220.76	268.00	32893.00
chr1	159163659	159163830	171	171	669.00	802.00	742.87	753.00	127031.00
chr3	445565	446023	458	458	3.00	14.00	8.10	8.00	3708.00
chr2	25048913	25048995	82	82	178.00	227.00	208.83	210.00	17124.00
chr10	99504485	99504672	187	187	54.00	116.00	88.26	92.00	16505.00
chr4	54364807	54365010	203	203	36.00	108.00	58.52	50.00	11879.00
chr17	1634367	1634552	185	185	44.00	76.00	64.48	65.00	11929.00
chr7	72416124	72416247	123	123	72.00	166.00	120.63	113.00	14838.00
chr1	208212169	208212329	160	160	82.00	105.00	92.93	93.00	14869.00
chr9	140952500	140952702	202	202	32.00	58.00	47.75	48.00	9646.00
chr6	44197325	44197528	203	203	49.00	86.00	67.30	66.00	13661.00
chr6	44197643	44198218	575	575	12.00	66.00	40.45	36.00	23258.00
chr11	118981972	118982084	112	112	140.00	200.00	175.52	185.50	19658.00
chr5	150503846	150503952	106	106	6.00	1016.00	713.96	907.00	75680.00
chr11	118981761	118981878	117	117	188.00	222.00	205.38	205.00	24030.00
chr11	126314873	126315000	127	127	40.00	61.00	49.78	49.00	6322.00
chr1	159165808	159166244	436	436	14.00	879.00	170.67	24.00	74413.00
chr7	134893542	134893750	208	208	49.00	74.00	61.16	61.50	12721.00
chr9	121976196	121976433	237	237	122.00	287.00	200.67	202.00	47559.00
chr19	54691042	54691169	127	127	216.00	424.00	299.38	279.00	38021.00
chr22	38621430	38621600	170	170	413.00	710.00	583.22	612.00	99147.00
chr13	42035681	42036205	524	524	29.00	85.00	58.92	63.00	30872.00
chr20	1915360	1915413	53	53	22.00	1786.00	1247.23	1565.00	66103.00
chr5	14496987	14497126	139	139	141.00	259.00	193.25	189.00	26862.00
chr12	56528125	56528212	87	87	98.00	126.00	114.62	116.00	9972.00
chr3	47466974	47467101	127	127	122.00	146.00	133.67	134.00	16976.00
chr17	7415476	7415663	187	187	166.00	273.00	208.39	207.00	38968.00
chr3	33588037	33589252	1215	1215	10.00	52.00	32.43	32.00	39400.00
chr7	887833	888615	782	782	25.00	100.00	49.31	43.00	38562.00
chr10	24813251	24813693	442	442	16.00	62.00	35.15	34.00	15537.00
chr1	109812045	109812213	168	168	193.00	355.00	259.79	248.00	43644.00
chr19	15276597	15276902	305	305	136.00	200.00	163.25	160.00	49790.00
chr16	2334779	2334999	220	220	169.00	234.00	199.24	196.00	43832.00
chr16	68404761	68405261	500	500	9.00	38.00	22.98	23.00	11492.00
chr4	110969111	110969871	760	760	14.00	51.00	34.44	36.00	26173.00
chr1	145693161	145693996	835	835	12.00	102.00	47.64	47.00	39777.00
chr7	44282848	44282932	84	84	340.00	445.00	410.05	411.50	34444.00
chr2	220164315	220164508	193	193	33.00	250.00	126.72	51.00	24457.00
chr12	50472203	50472360	157	157	97.00	154.00	129.97	133.00	20406.00
chr2	220163768	220163833	65	65	248.00	323.00	288.29	284.00	18739.00
chr2	222289928	222290862	934	934	76.00	164.00	112.52	111.00	105094.00
chr12	57599133	57599268	135	135	533.00	762.00	603.79	582.00	81512.00
chr7	157475416	157475629	213	213	165.00	232.00	195.82	192.00	41710.00
chr1	32203800	32203927	127	127	303.00	599.00	470.82	490.00	59794.00
chr1	109811731	109811912	181	181	206.00	376.00	302.52	312.00	54757.00
chr9	140052830	140052975	145	145	425.00	1091.00	804.94	858.00	116716.00
chr2	220161706	220161854	148	148	387.00	603.00	486.95	489.50	72069.00
chr16	29896906	29897070	164	164	187.00	291.00	240.10	242.00	39377.00
chr16	47143393	47143622	229	229	37.00	53.00	44.05	44.00	10087.00
chr11	993753	993985	232	232	172.00	325.00	250.75	242.50	58175.00
chr9	124059698	124061137	1439	1439	21.00	151.00	72.64	68.00	104525.00
chr9	140350140	140350634	494	494	29.00	141.00	92.61	94.00	45751.00
chr11	14504577	14504697	120	120	98.00	168.00	129.17	121.50	15500.00
chr3	49898612	49898733	121	121	287.00	450.00	376.45	391.00	45550.00
chr9	131811659	131811777	118	118	75.00	92.00	83.64	84.00	9869.00
chr9	131810705	131810818	113	113	80.00	101.00	93.86	94.00	10606.00
chr1	223400935	223401080	145	145	76.00	112.00	92.90	91.00	13471.00
chr12	125612185	125612820	635	635	4.00	98.00	22.73	11.00	14433.00
chr2	220088590	220088744	154	154	166.00	244.00	213.91	215.00	32942.00
chr9	70888487	70888750	263	263	4.00	47.00	29.09	32.00	7650.00
chr14	69813756	69813898	142	142	102.00	202.00	138.96	128.50	19733.00
chr2	47399145	47399890	745	745	26.00	903.00	199.47	179.00	148602.00
chr11	62688689	62689041	352	352	2.00	118.00	32.95	12.00	11600.00
chr6	43745205	43745407	202	202	45.00	481.00	418.92	433.00	84621.00
chr3	11072492	11072997	505	505	16.00	819.00	208.27	84.00	105178.00
chr7	2696031	2696168	137	137	174.00	247.00	222.07	229.00	30424.00
chr16	14969196	14969279	83	83	418.00	650.00	536.76	554.00	44551.00
chr17	7377847	7378026	179	179	27.00	42.00	34.67	35.00	6206.00
chr12	65639640	65639719	79	79	70.00	128.00	101.53	104.00	8021.00
chr12	50294912	50295108	196	196	1097.00	1845.00	1347.78	1329.00	264165.00
chr19	42485653	42485788	135	135	453.00	722.00	587.61	591.00	79328.00
chr10	99509230	99509343	113	113	100.00	147.00	121.82	121.00	13766.00
chr22	38883877	38888120	4243	4243	97.00	1902.00	642.47	585.00	2725981.00
chr12	49416372	49416658	286	286	139.00	223.00	181.55	181.00	51923.00
chr6	24843089	24843782	693	693	28.00	57.00	44.27	45.00	30678.00
chr5	176295561	176295665	104	104	115.00	151.00	128.53	125.00	13367.00
chr10	99510087	99510227	140	140	117.00	145.00	130.29	130.00	18240.00
chr1	159173658	159174770	1112	1112	6.00	80.00	34.93	27.00	38837.00
chr11	1780745	1780869	124	124	1415.00	1978.00	1735.26	1803.50	215172.00
chr19	42486059	42486258	199	199	344.00	772.00	571.74	599.00	113777.00
chr3	47465422	47465535	113	113	140.00	202.00	162.56	161.00	18369.00
chr1	21573713	21573856	143	143	141.00	169.00	152.73	152.00	21840.00
chr11	65320330	65320453	123	123	263.00	364.00	333.40	340.00	41008.00
chr3	47462420	47462519	99	99	206.00	284.00	250.85	252.00	24834.00
chr2	219204751	219204864	113	113	51.00	75.00	63.52	65.00	7178.00
chr1	43906123	43906257	134	134	44.00	58.00	51.98	52.00	6965.00
chr7	38785158	38785840	682	682	26.00	292.00	78.06	62.00	53235.00
chr2	153499932	153500058	126	126	62.00	95.00	83.10	88.00	10470.00
chr1	32203011	32203132	121	121	14.00	525.00	410.49	490.00	49669.00
chr22	42290823	42290941	118	118	419.00	764.00	632.51	634.00	74636.00
chr19	47940718	47940818	100	100	192.00	325.00	254.50	247.00	25450.00
chr4	119539150	119539274	124	124	18.00	67.00	51.80	59.00	6423.00
chr17	44117067	44117250	183	183	97.00	141.00	119.13	119.00	21800.00
chr19	42485873	42485983	110	110	436.00	591.00	501.93	494.50	55212.00
chr6	44114583	44114664	81	81	106.00	144.00	127.93	128.00	10362.00
chr19	47941105	47941292	187	187	13.00	341.00	202.17	279.00	37806.00
chr11	73074250	73074500	250	250	177.00	247.00	218.90	220.00	54724.00
chr3	33418764	33418825	61	61	110.00	171.00	134.07	134.00	8178.00
chr1	700258	700505	247	247	43.00	116.00	85.63	86.00	21151.00
chr9	74319510	74319719	209	209	47.00	101.00	67.73	62.00	14155.00
chr16	2336694	2336968	274	274	138.00	371.00	239.86	239.00	65722.00
chr20	3575125	3575219	94	94	81.00	129.00	101.14	102.00	9507.00
chr9	139231377	139231529	152	152	75.00	107.00	93.28	97.00	14178.00
chr5	140515951	140516498	547	547	28.00	73.00	50.29	48.00	27506.00
chr1	21938208	21938309	101	101	221.00	300.00	255.34	252.00	25789.00
chr3	155659188	155659936	748	748	15.00	111.00	79.53	92.00	59490.00
chr16	27483068	27483241	173	173	119.00	160.00	139.84	141.00	24192.00
chr11	994071	994245	174	174	93.00	193.00	154.60	169.50	26900.00
chr7	71175745	71175913	168	168	168.00	273.00	218.51	223.00	36710.00
chr12	121204065	121204175	110	110	176.00	223.00	205.85	211.00	22644.00
chr7	73118679	73118753	74	74	621.00	720.00	671.36	671.00	49681.00
chr9	140972565	140972710	145	145	38.00	59.00	48.19	47.00	6988.00
chr12	121683329	121684024	695	695	3.00	36.00	21.26	21.00	14776.00
chr16	74493579	74493687	108	108	230.00	286.00	261.58	263.00	28251.00
chr2	36771518	36771641	123	123	150.00	225.00	182.17	181.00	22407.00
chr7	94187181	94187996	815	815	5.00	22.00	12.59	13.00	10262.00
chr14	94156951	94157239	288	288	9.00	20.00	15.06	15.00	4338.00
chr7	121739000	121739524	524	524	21.00	49.00	33.77	32.50	17696.00
chr1	19549117	19549328	211	211	118.00	167.00	137.40	132.00	28992.00
chr19	5214571	5214747	176	176	235.00	402.00	292.26	287.50	51438.00
chr19	42557753	42557861	108	108	165.00	193.00	180.35	181.50	19478.00
chr15	102510686	102510925	239	239	3.00	73.00	41.92	42.00	10020.00
chr5	167673761	167675376	1615	1615	10.00	72.00	36.00	35.00	58147.00
chr7	44282158	44282253	95	95	338.00	480.00	383.87	360.00	36468.00
chr2	160621061	160621717	656	656	32.00	145.00	49.46	42.00	32449.00
chr5	10426501	10426634	133	133	231.00	340.00	300.88	311.00	40017.00
chr16	1814301	1814460	159	159	512.00	627.00	563.76	569.00	89638.00
chr11	21581734	21581928	194	194	31.00	67.00	46.75	47.00	9070.00
chr3	126749085	126749255	170	170	127.00	180.00	145.01	144.00	24652.00
chr11	12237765	12237866	101	101	111.00	134.00	123.14	124.00	12437.00
chr6	31750872	31750963	91	91	90.00	133.00	116.85	115.00	10633.00
chr3	53124201	53124398	197	197	33.00	51.00	42.69	43.00	8409.00
chr2	220161470	220161544	74	74	533.00	649.00	593.26	598.50	43901.00
chr2	128951046	128951785	739	739	43.00	180.00	105.93	104.00	78284.00
chr5	24535811	24535931	120	120	56.00	77.00	68.97	70.00	8276.00
chr1	44083406	44083582	176	176	306.00	546.00	395.02	376.50	69524.00
chr1	32207653	32207818	165	165	203.00	281.00	235.22	234.00	38811.00
chr12	7293754	7294000	246	246	8.00	293.00	172.33	239.00	42392.00
chr3	131442289	131442469	180	180	33.00	49.00	41.22	41.00	7419.00
chr3	49898871	49899298	427	427	30.00	474.00	198.98	227.00	84965.00
chr16	66432358	66432464	106	106	96.00	143.00	118.51	113.00	12562.00
chr1	20982593	20982680	87	87	315.00	389.00	342.49	337.00	29797.00
chr16	68398653	68398809	156	156	27.00	42.00	32.99	32.50	5146.00
chr17	16676818	16678279	1461	1461	1.00	22.00	10.83	10.00	15819.00
chr1	109814899	109815027	128	128	319.00	390.00	349.13	349.00	44689.00
chr1	21940478	21940582	104	104	260.00	328.00	300.91	308.00	31295.00
chr20	57468284	57468793	509	509	19.00	51.00	32.94	31.00	16769.00
chr3	127358087	127358366	279	279	180.00	452.00	329.93	330.00	92051.00
chr3	126735359	126735527	168	168	77.00	105.00	89.58	90.50	15050.00
chr10	103869140	103869264	124	124	375.00	530.00	446.50	446.00	55366.00
chr20	44520554	44520666	112	112	262.00	330.00	289.66	289.50	32442.00
chr1	32203252	32203356	104	104	294.00	421.00	363.33	378.00	37786.00
chr21	40186196	40186316	120	120	233.00	318.00	274.89	273.00	32987.00
chr5	111067153	111068349	1196	1196	4.00	27.00	16.91	18.00	20224.00
chr9	128002954	128003186	232	232	674.00	1160.00	923.69	925.50	214297.00
chr1	43408896	43408992	96	96	459.00	618.00	549.39	553.50	52741.00
chr3	47463931	47464026	95	95	204.00	250.00	221.06	221.00	21001.00
chr2	220161160	220161238	78	78	606.00	703.00	646.01	645.00	50389.00
chr11	62472772	62473089	317	317	633.00	1147.00	926.88	938.00	293822.00
chr9	130986341	130986906	565	565	9.00	233.00	64.95	31.00	36695.00
chr14	69358769	69359000	231	231	160.00	203.00	177.41	177.00	40981.00
chr11	64416205	64416379	174	174	102.00	194.00	144.48	145.50	25140.00
chr17	8398454	8398559	105	105	169.00	254.00	222.93	232.00	23408.00
chr12	53572943	53574193	1250	1250	45.00	158.00	109.23	110.00	136532.00
chr17	17696544	17701827	5283	5283	13.00	233.00	75.41	68.00	398396.00
chr8	11705187	11705331	144	144	1136.00	1604.00	1451.11	1480.00	208960.00
chr19	54963829	54963931	102	102	461.00	672.00	559.10	538.00	57028.00
chr2	70451682	70456295	4613	4613	15.00	249.00	46.66	41.00	215231.00
chr11	118873959	118874169	210	210	28.00	60.00	46.94	46.00	9858.00
chr10	75548427	75548581	154	154	133.00	180.00	154.71	155.50	23826.00
chr6	33414351	33414563	212	212	370.00	670.00	547.29	558.50	116025.00
chr17	80042910	80043032	122	122	159.00	193.00	177.92	178.00	21706.00
chr11	11470290	11470483	193	193	69.00	164.00	103.87	95.00	20047.00
chr8	23294446	23294771	325	325	73.00	111.00	91.15	92.00	29624.00
chr1	116932060	116932663	603	603	18.00	863.00	313.06	44.00	188775.00
chr15	83222627	83222741	114	114	94.00	118.00	108.30	109.00	12346.00
chr3	9841562	9841751	189	189	6.00	17.00	12.79	13.00	2417.00
chr1	116937731	116937907	176	176	663.00	1403.00	896.31	811.00	157751.00
chr16	87868019	87868197	178	178	217.00	322.00	265.93	263.00	47335.00
chr3	124209540	124209731	191	191	223.00	345.00	294.72	306.00	56291.00
chr7	71142195	71142291	96	96	216.00	287.00	249.71	250.00	23972.00
chr5	130497324	130497584	260	260	14.00	42.00	30.65	32.00	7968.00
chr13	100199238	100199358	120	120	297.00	436.00	366.82	363.50	44018.00
chr5	139943336	139943506	170	170	39.00	260.00	221.06	224.50	37580.00
chr17	74395529	74396002	473	473	54.00	110.00	80.73	76.00	38187.00
chr14	93179149	93179216	67	67	179.00	203.00	190.88	190.00	12789.00
chr4	160277004	160277310	306	306	36.00	289.00	157.59	157.00	48224.00
chr17	40666306	40666478	172	172	593.00	924.00	754.05	746.50	129697.00
chr15	34828065	34828207	142	142	27.00	261.00	177.46	187.00	25199.00
chr14	100165802	100165876	74	74	315.00	399.00	361.50	373.00	26751.00
chr22	20128089	20128231	142	142	24.00	141.00	86.00	108.00	12212.00
chr12	3392210	3394421	2211	2211	12.00	157.00	54.91	53.00	121417.00
chr17	16687866	16690667	2801	2801	1.00	113.00	19.49	13.00	54604.00
chr6	31664724	31664810	86	86	114.00	195.00	148.31	143.50	12755.00
chr6	30627512	30627611	99	99	55.00	69.00	62.29	63.00	6167.00
chr11	18752834	18755060	2226	2226	5.00	474.00	58.83	27.00	130956.00
chr12	109332602	109332731	129	129	113.00	166.00	137.88	144.00	17787.00
chr6	90072884	90073110	226	226	21.00	34.00	28.59	28.00	6461.00
chr16	2689371	2689711	340	340	0.00	8.00	0.29	0.00	97.00
chr1	20987373	20987484	111	111	274.00	355.00	326.14	330.00	36202.00
chr14	85985300	85986667	1367	1367	2.00	18.00	9.88	10.00	13512.00
chr13	32863769	32863880	111	111	89.00	106.00	97.71	97.00	10846.00
chr16	1510418	1510528	110	110	94.00	140.00	115.65	119.00	12721.00
chr19	54963269	54963444	175	175	593.00	737.00	651.83	654.00	114071.00
chr6	44224078	44224233	155	155	73.00	123.00	102.49	104.00	15886.00
chr20	3151172	3152285	1113	1113	15.00	79.00	45.53	41.00	50672.00
chr1	892273	892405	132	132	121.00	217.00	149.45	141.00	19727.00
chr16	90192167	90192724	557	557	13.00	105.00	63.81	63.00	35541.00
chr9	111663704	111663810	106	106	103.00	128.00	113.99	112.00	12083.00
chr6	44108764	44108835	71	71	115.00	148.00	131.97	133.00	9370.00
chr1	36028802	36029027	225	225	1053.00	1832.00	1388.57	1324.00	312428.00
chr11	66807259	66807674	415	415	6.00	56.00	44.32	47.00	18391.00
chr1	178426817	178427679	862	862	14.00	67.00	35.92	34.00	30967.00
chr19	42482302	42482478	176	176	668.00	1103.00	777.63	741.50	136863.00
chr1	44084718	44084873	155	155	242.00	602.00	420.89	425.00	65238.00
chr1	109812315	109812442	127	127	203.00	251.00	225.89	227.00	28688.00
chr3	180324268	180324391	123	123	138.00	213.00	185.15	185.00	22773.00
chr15	63933668	63933842	174	174	110.00	163.00	134.16	130.00	23343.00
chr20	44521363	44521519	156	156	358.00	476.00	410.38	404.00	64019.00
chr3	33416779	33416910	131	131	65.00	134.00	103.31	107.00	13533.00
chr1	21934624	21934843	219	219	4.00	410.00	201.55	278.00	44139.00
chr14	69799801	69799886	85	85	69.00	101.00	86.53	85.00	7355.00
chr1	116936134	116936345	211	211	14.00	948.00	769.20	844.00	162301.00
chr14	23634493	23634645	152	152	23.00	34.00	28.57	30.00	4343.00
chr16	1402538	1402947	409	409	22.00	83.00	69.17	72.00	28291.00
chr9	20331	25000	4669	4669	0.00	291.00	54.09	51.00	252561.00
chr17	43545574	43545959	385	385	32.00	85.00	58.48	60.00	22516.00
chr13	100201418	100201476	58	58	332.00	386.00	359.86	356.50	20872.00
chr15	41865505	41865665	160	160	293.00	559.00	387.10	358.50	61936.00
chr19	19641688	19642196	508	508	34.00	96.00	62.69	61.00	31845.00
chr11	134147593	134148159	566	566	8.00	27.00	15.65	16.00	8858.00
chr2	71656420	71657290	870	870	14.00	72.00	46.48	46.00	40434.00
chr7	97834775	97835016	241	241	78.00	111.00	96.19	96.00	23182.00
chr19	13363804	13363915	111	111	71.00	108.00	90.18	89.00	10010.00
chr18	31328383	31329011	628	628	9.00	31.00	16.97	15.00	10657.00
chr16	66431884	66432009	125	125	77.00	124.00	97.97	86.00	12246.00
chr19	47935155	47935702	547	547	24.00	419.00	181.91	186.00	99505.00
chr12	50291769	50291873	104	104	752.00	1251.00	955.99	974.50	99423.00
chr11	1780198	1780317	119	119	1051.00	1769.00	1288.06	1254.00	153279.00
chr15	65392626	65393167	541	541	25.00	58.00	41.18	42.00	22281.00
chr2	86397871	86397967	96	96	125.00	207.00	167.77	164.50	16106.00
chr7	97866087	97866233	146	146	72.00	134.00	97.10	99.00	14177.00
chr11	60687157	60687402	245	245	156.00	244.00	195.53	198.00	47906.00
chr21	43307700	43309453	1753	1753	22.00	146.00	75.41	69.00	132196.00
chr14	24619269	24619657	388	388	49.00	109.00	66.42	61.00	25771.00
chr11	65320634	65320727	93	93	232.00	288.00	254.32	249.00	23652.00
chr16	29891184	29891385	201	201	252.00	351.00	304.09	314.00	61123.00
chr1	32207224	32207326	102	102	388.00	509.00	443.96	442.50	45284.00
chr11	72300218	72300394	176	176	7.00	290.00	94.76	12.00	16678.00
chr17	7608878	7609038	160	160	13.00	53.00	36.36	40.00	5818.00
chr19	7607646	7607814	168	168	148.00	235.00	186.72	184.00	31369.00
chr19	54966129	54966271	142	142	290.00	494.00	410.15	418.50	58241.00
chr12	57995027	57995131	104	104	130.00	172.00	156.70	159.00	16297.00
chr1	27428875	27429049	174	174	53.00	84.00	64.84	62.00	11282.00
chr2	27688277	27688385	108	108	65.00	104.00	84.99	85.50	9179.00
chr16	2691449	2692254	805	805	0.00	33.00	6.97	3.00	5609.00
chr9	131503813	131503933	120	120	426.00	507.00	467.19	468.50	56063.00
chr16	2347766	2347922	156	156	130.00	181.00	157.46	158.00	24563.00
chr17	80039884	80040036	152	152	345.00	400.00	374.16	376.00	56873.00
chr1	32204432	32204538	106	106	300.00	620.00	476.14	501.00	50471.00
chr12	9242951	9243078	127	127	479.00	584.00	528.49	533.00	67118.00
chr3	49702661	49702751	90	90	92.00	138.00	124.10	125.50	11169.00
chr19	35820359	35820837	478	478	71.00	148.00	108.01	108.00	51627.00
chr1	201456762	201457615	853	853	33.00	150.00	101.04	107.00	86187.00
chr16	2334279	2334438	159	159	162.00	206.00	186.65	188.00	29677.00
chr10	73578373	73578481	108	108	4668.00	6081.00	5451.33	5465.00	588744.00
chr16	18530550	18530756	206	206	8.00	394.00	189.56	273.00	39050.00
chr16	16369094	16369300	206	206	9.00	404.00	194.03	275.00	39971.00
chr13	113975636	113975785	149	149	28.00	1179.00	514.97	35.00	76730.00
chr11	119293822	119294227	405	405	2.00	2832.00	262.74	24.00	106409.00
chr5	150505962	150506041	79	79	590.00	838.00	681.87	673.00	53868.00
chr22	44224939	44225078	139	139	307.00	447.00	376.03	376.00	52268.00
chr15	41865199	41865309	110	110	290.00	387.00	332.75	334.50	36602.00
chr17	25633807	25636298	2491	2491	52.00	1319.00	469.56	484.00	1169675.00
chr15	72495155	72495529	374	374	30.00	2102.00	815.48	51.50	304991.00
chr9	42540272	42542124	1852	1852	1.00	22.00	8.78	8.00	16266.00
chr11	119290760	119291704	944	944	3.00	3726.00	1105.71	19.00	1043791.00
chr19	5219949	5220165	216	216	167.00	276.00	204.23	186.50	44113.00
chr15	63910769	63911153	384	384	2.00	32.00	17.93	19.00	6886.00
chr17	74393879	74393969	90	90	90.00	116.00	101.10	97.50	9099.00
chr10	104129467	104129532	65	65	103.00	125.00	112.22	110.00	7294.00
chr3	142454224	142454620	396	396	3.00	13.00	9.15	10.00	3625.00
chr12	121205196	121205396	200	200	210.00	256.00	233.16	232.00	46633.00
chr3	31705570	31705724	154	154	19.00	30.00	24.91	26.00	3836.00
chr6	118635190	118636593	1403	1403	22.00	146.00	84.49	83.00	118546.00
chr8	10339867	10340829	962	962	5.00	36.00	22.77	23.00	21900.00
chr19	16952578	16952779	201	201	90.00	135.00	116.49	120.00	23415.00
chr8	110984486	110985016	530	530	30.00	71.00	49.83	51.00	26408.00
chr9	128001219	128001610	391	391	903.00	2071.00	1551.88	1678.00	606787.00
chr11	73070878	73070997	119	119	137.00	188.00	161.64	158.00	19235.00
chr10	104130140	104130235	95	95	96.00	134.00	114.47	113.00	10875.00
chr5	95733039	95733173	134	134	11.00	41.00	22.78	22.00	3053.00
chr19	59059400	59059547	147	147	422.00	569.00	501.17	501.00	73672.00
chr5	139943169	139943255	86	86	69.00	203.00	146.50	144.00	12599.00
chr17	73487771	73487981	210	210	243.00	400.00	312.99	313.00	65727.00
chr1	154315588	154315777	189	189	56.00	76.00	65.61	65.00	12400.00
chr14	95652726	95653070	344	344	33.00	78.00	54.84	53.00	18865.00
chr12	123639801	123640772	971	971	14.00	61.00	36.60	36.00	35536.00
chr22	47064870	47065171	301	301	12.00	28.00	20.85	20.00	6275.00
chr5	24535220	24535388	168	168	64.00	85.00	73.90	74.00	12416.00
chr12	6806452	6806958	506	506	128.00	372.00	207.87	200.50	105182.00
chr22	29881711	29881836	125	125	104.00	125.00	112.18	112.00	14023.00
chr7	75894681	75894786	105	105	67.00	127.00	94.04	94.00	9874.00
chr12	121089007	121095893	6886	6886	12.00	176.00	55.79	53.00	384171.00
chr1	207940357	207942365	2008	2008	10.00	243.00	52.05	41.00	104526.00
chr7	154681166	154681240	74	74	228.00	277.00	257.41	261.00	19048.00
chr5	131696513	131697529	1016	1016	20.00	50.00	34.27	34.00	34818.00
chr11	1776135	1776258	123	123	689.00	1623.00	1080.69	1046.00	132925.00
chr8	11706554	11706673	119	119	864.00	1072.00	984.98	986.00	117213.00
chr11	18759426	18759511	85	85	157.00	211.00	182.09	184.00	15478.00
chr16	61689373	61689625	252	252	19.00	38.00	26.73	27.00	6737.00
chr15	51750702	51750824	122	122	113.00	142.00	128.56	129.00	15684.00
chr9	35555056	35555698	642	642	202.00	421.00	311.05	313.50	199691.00
chr2	198356200	198356621	421	421	18.00	55.00	36.34	38.00	15300.00
chr9	131001723	131001794	71	71	1556.00	1841.00	1711.52	1723.00	121518.00
chr19	5214371	5214491	120	120	365.00	488.00	422.66	422.00	50719.00
chr22	35719488	35719623	135	135	149.00	208.00	184.21	187.00	24868.00
chr12	121678738	121679829	1091	1091	11.00	46.00	24.45	23.00	26676.00
chr14	23820960	23821064	104	104	1198.00	1586.00	1420.59	1454.00	147741.00
chr1	32205710	32205779	69	69	384.00	476.00	429.84	440.00	29659.00
chr3	33420176	33420326	150	150	10.00	188.00	69.86	16.00	10479.00
chr9	114820707	114820966	259	259	21.00	35.00	27.60	27.00	7148.00
chr15	41865876	41866023	147	147	51.00	798.00	628.27	678.00	92355.00
chr19	55554308	55554637	329	329	26.00	47.00	33.32	34.00	10962.00
chr1	116933403	116933513	110	110	713.00	877.00	802.03	796.00	88223.00
chr19	15374230	15374359	129	129	104.00	158.00	136.78	141.00	17645.00
chr12	56090682	56090852	170	170	266.00	335.00	302.74	302.00	51466.00
chr14	69445668	69445876	208	208	54.00	154.00	112.07	125.00	23311.00
chr12	57603474	57603651	177	177	489.00	850.00	685.34	696.00	121305.00
chr22	32897492	32898946	1454	1454	13.00	135.00	75.40	76.00	109626.00
chr16	16367702	16367764	62	62	15.00	273.00	136.47	148.50	8461.00
chr19	5245786	5246056	270	270	79.00	171.00	114.05	100.00	30793.00
chr16	74345440	74345829	389	389	11.00	56.00	35.71	35.00	13890.00
chr6	107096899	107097076	177	177	43.00	84.00	62.50	62.00	11062.00
chr1	29641883	29642019	136	136	50.00	80.00	65.42	66.00	8897.00
chr8	97342440	97342509	69	69	145.00	185.00	163.55	160.00	11285.00
chr8	68116914	68117054	140	140	81.00	129.00	102.71	99.50	14380.00
chr22	22037470	22037546	76	76	59.00	106.00	83.74	85.50	6364.00
chr22	50682147	50683420	1273	1273	29.00	168.00	102.85	103.00	130925.00
chr20	44048971	44049069	98	98	308.00	365.00	345.57	348.00	33866.00
chr1	36904356	36904511	155	155	43.00	75.00	56.43	52.00	8746.00
chr12	71054719	71054877	158	158	29.00	52.00	39.59	40.00	6255.00
chr15	50654364	50655515	1151	1151	48.00	164.00	97.95	99.00	112738.00
chr2	234198499	234198620	121	121	49.00	64.00	56.65	56.00	6855.00
chr9	128001699	128001812	113	113	990.00	1170.00	1061.05	1054.00	119899.00
chr8	38272296	38272419	123	123	243.00	323.00	293.41	298.00	36089.00
chr11	73068069	73068179	110	110	125.00	210.00	179.62	188.00	19758.00
chr16	28123137	28123327	190	190	215.00	373.00	300.93	302.00	57177.00
chr12	49424062	49424222	160	160	31.00	105.00	61.41	60.00	9825.00
chr19	50302885	50303023	138	138	317.00	525.00	416.72	403.00	57507.00
chr19	42480567	42480718	151	151	1284.00	1712.00	1501.11	1524.00	226667.00
chr3	197904395	197905301	906	906	1.00	76.00	33.82	30.00	30640.00
chr13	100189992	100190117	125	125	191.00	267.00	228.63	230.00	28579.00
chr19	14268062	14268272	210	210	180.00	299.00	237.47	238.50	49868.00
chr10	93786886	93787057	171	171	93.00	132.00	116.10	117.00	19853.00
chr1	109808726	109808828	102	102	125.00	157.00	141.11	142.00	14393.00
chr4	134075461	134075520	59	59	261.00	364.00	296.42	290.00	17489.00
chr1	22052268	22053864	1596	1596	14.00	48.00	28.12	27.00	44887.00
chr9	140056855	140056968	113	113	738.00	1037.00	914.88	943.00	103381.00
chr19	42482087	42482224	137	137	1129.00	1530.00	1298.66	1319.00	177916.00
chr19	4556962	4557025	63	63	355.00	466.00	410.59	406.00	25867.00
chr19	14266921	14267013	92	92	191.00	276.00	241.55	243.00	22223.00
chr22	42273851	42274127	276	276	11.00	784.00	391.76	453.00	108125.00
chr1	205549788	205550049	261	261	62.00	94.00	78.39	78.00	20459.00
chr1	110765585	110766522	937	937	68.00	197.00	118.51	115.00	111042.00
chr19	55553595	55554158	563	563	34.00	79.00	53.13	51.00	29910.00
chr7	150929881	150931360	1479	1479	17.00	105.00	41.33	38.00	61133.00
chr3	124215157	124215260	103	103	256.00	509.00	373.72	386.00	38493.00
chr16	58220658	58220760	102	102	108.00	155.00	132.00	137.00	13464.00
chr3	10381925	10382033	108	108	183.00	221.00	198.45	198.00	21433.00
chr10	11356101	11356221	120	120	57.00	88.00	70.64	70.00	8477.00
chr22	42294652	42294785	133	133	515.00	764.00	677.51	701.00	90109.00
chr1	2005531	2005714	183	183	4.00	33.00	17.39	17.00	3183.00
chr12	113722522	113722576	54	54	179.00	203.00	189.96	188.00	10258.00
chr9	131502198	131502398	200	200	34.00	664.00	530.72	551.00	106143.00
chr19	40873602	40873786	184	184	730.00	1081.00	914.03	931.50	168181.00
chr2	220162606	220162825	219	219	140.00	290.00	209.20	202.00	45814.00
chr16	28270027	28270355	328	328	5.00	36.00	18.57	18.00	6091.00
chr4	3225718	3225858	140	140	135.00	164.00	151.41	152.00	21198.00
chr17	44127898	44128070	172	172	72.00	114.00	91.54	90.00	15745.00
chr3	47462043	47462262	219	219	132.00	266.00	179.28	174.00	39262.00
chr6	99873090	99873182	92	92	8.00	501.00	212.12	173.50	19515.00
chr7	142561723	142562504	781	781	141.00	358.00	232.30	235.00	181425.00
chr1	159169540	159169666	126	126	1055.00	1377.00	1215.09	1188.50	153101.00
chr19	7606869	7606953	84	84	94.00	165.00	119.61	110.00	10047.00
chr16	2811561	2818298	6737	6737	21.00	985.00	486.21	463.00	3275569.00
chr3	47450652	47450807	155	155	112.00	162.00	136.09	138.00	21094.00
chr11	118403631	118403922	291	291	132.00	181.00	152.03	151.00	44240.00
chr1	205555161	205555335	174	174	82.00	134.00	111.91	113.50	19472.00
chr12	125603186	125603311	125	125	52.00	72.00	63.35	63.00	7919.00
chr11	86658288	86659498	1210	1210	43.00	153.00	82.60	80.00	99947.00
chr22	37764946	37768745	3799	3799	6.00	658.00	184.70	146.00	701690.00
chr10	46345664	46346215	551	551	10.00	95.00	60.07	58.00	33101.00
chr22	33673045	33673241	196	196	118.00	285.00	183.37	165.50	35941.00
chr9	140042599	140042666	67	67	19.00	96.00	86.00	91.00	5762.00
chr3	48717233	48717320	87	87	168.00	231.00	196.00	194.00	17052.00
chr11	60681600	60681740	140	140	29.00	212.00	107.62	93.00	15067.00
chr10	93784512	93784724	212	212	71.00	102.00	87.91	89.00	18637.00
chr12	7289424	7290372	948	948	4.00	211.00	66.92	20.00	63443.00
chr3	132387062	132387526	464	464	26.00	56.00	36.81	36.00	17078.00
chr16	2335442	2335647	205	205	159.00	285.00	229.65	234.00	47079.00
chr16	1794782	1797276	2494	2494	15.00	477.00	90.23	65.00	225046.00
chr16	3786036	3786204	168	168	150.00	197.00	168.45	166.00	28300.00
chr9	141131209	141131766	557	557	2.00	62.00	20.90	13.00	11640.00
chr14	92965028	92966015	987	987	10.00	63.00	45.05	45.00	44466.00
chr19	54692070	54692200	130	130	157.00	416.00	282.50	232.50	36725.00
chr15	43866006	43866230	224	224	87.00	168.00	129.71	128.00	29055.00
chr3	40231316	40231954	638	638	40.00	85.00	62.84	65.00	40092.00
chr3	50148937	50149455	518	518	42.00	101.00	76.72	85.00	39742.00
chr4	81117505	81117755	250	250	32.00	43.00	37.78	38.00	9446.00
chr10	46740404	46740638	234	234	3.00	49.00	28.17	30.00	6591.00
chr3	124210169	124210271	102	102	209.00	318.00	269.99	276.00	27539.00
chr11	107488830	107488932	102	102	100.00	136.00	112.84	110.50	11510.00
chr9	130591965	130592106	141	141	124.00	162.00	147.33	148.00	20774.00
chr1	20981932	20982027	95	95	382.00	532.00	458.22	462.00	43531.00
chr12	75875613	75875859	246	246	28.00	41.00	34.64	35.00	8521.00
chr22	32046684	32046764	80	80	56.00	86.00	73.56	76.00	5885.00
chr11	70331418	70331658	240	240	19.00	73.00	45.50	50.00	10919.00
chr14	51079976	51080069	93	93	248.00	360.00	290.38	286.00	27005.00
chr17	80041077	80041301	224	224	187.00	461.00	318.81	315.00	71414.00
chr7	158540884	158540971	87	87	146.00	213.00	172.84	173.00	15037.00
chr1	21553651	21553719	68	68	168.00	201.00	184.68	184.50	12558.00
chr2	219206256	219206349	93	93	52.00	95.00	72.88	74.00	6778.00
chr17	18444211	18445242	1031	1031	4.00	26.00	13.40	13.00	13816.00
chr12	57599340	57599460	120	120	539.00	680.00	615.69	625.00	73883.00
chr11	64417919	64418110	191	191	165.00	284.00	233.30	237.00	44561.00
chr19	3274926	3275650	724	724	4.00	52.00	23.02	24.00	16664.00
chr16	18532086	18532305	219	219	327.00	564.00	419.21	412.00	91807.00
chr17	3776702	3776756	54	54	267.00	349.00	315.06	318.00	17013.00
chr1	116932670	116933033	363	363	20.00	991.00	492.96	775.00	178944.00
chr16	1505731	1505796	65	65	175.00	266.00	230.57	234.00	14987.00
chr1	9794029	9794200	171	171	1432.00	1781.00	1601.40	1600.00	273840.00
chr10	73579221	73579379	158	158	3869.00	5897.00	4713.82	4822.00	744784.00
chr11	6411684	6412146	462	462	16.00	184.00	107.05	99.00	49455.00
chr1	159163212	159163350	138	138	510.00	763.00	592.01	583.50	81698.00
chr16	1816723	1816804	81	81	474.00	632.00	555.78	554.00	45018.00
chr7	91722399	91722630	231	231	10.00	110.00	91.55	95.00	21147.00
chr7	44281816	44281939	123	123	446.00	587.00	503.31	511.00	61907.00
chr2	220467189	220467297	108	108	32.00	44.00	36.98	37.00	3994.00
chr16	4494664	4494729	65	65	247.00	308.00	285.88	293.00	18582.00
chr15	34681844	34681986	142	142	24.00	316.00	230.02	250.00	32663.00
chr9	139995935	139996124	189	189	82.00	138.00	103.10	99.00	19486.00
chr3	180324040	180324160	120	120	158.00	192.00	173.73	175.00	20848.00
chr3	42678359	42681242	2883	2883	93.00	295.00	173.28	160.00	499577.00
chr7	131812776	131815333	2557	2557	5.00	38.00	18.97	20.00	48508.00
chr20	1585387	1585522	135	135	29.00	496.00	258.61	275.00	34913.00
chr3	126751229	126751442	213	213	162.00	195.00	178.99	179.00	38124.00
chr15	63920875	63921014	139	139	148.00	245.00	189.14	193.00	26291.00
chr16	2040128	2040202	74	74	99.00	133.00	121.55	125.00	8995.00
chr9	74324174	74324390	216	216	56.00	91.00	71.60	71.00	15466.00
chr20	44521858	44521950	92	92	413.00	505.00	467.09	469.50	42972.00
chr9	139911647	139911798	151	151	723.00	1079.00	862.74	807.00	130273.00
chr9	140055507	140055649	142	142	746.00	1293.00	1017.46	978.50	144480.00
chr12	120148055	120148191	136	136	125.00	175.00	151.62	153.00	20621.00
chr12	50474280	50474372	92	92	146.00	185.00	167.46	168.00	15406.00
chr15	63125702	63125828	126	126	102.00	150.00	126.72	126.00	15967.00
chr9	20907148	20907241	93	93	51.00	65.00	58.38	58.00	5429.00
chr16	87874655	87874761	106	106	300.00	388.00	340.62	340.00	36106.00
chr2	162833269	162833460	191	191	0.00	321.00	166.42	234.00	31786.00
chr8	11704560	11704677	117	117	860.00	1165.00	996.65	973.00	116608.00
chr15	63926931	63927087	156	156	143.00	213.00	173.27	177.00	27030.00
chr6	31668718	31668805	87	87	123.00	186.00	145.70	140.00	12676.00
chr7	148910792	148910906	114	114	30.00	79.00	60.24	70.00	6867.00
chr14	42355808	42357213	1405	1405	13.00	124.00	42.09	38.00	59134.00
chr10	88678928	88679226	298	298	37.00	76.00	59.06	61.00	17601.00
chr3	140998219	140998346	127	127	53.00	87.00	69.46	72.00	8821.00
chr1	144859758	144859998	240	240	128.00	220.00	162.55	171.00	39012.00
chr9	96054772	96055455	683	683	27.00	172.00	94.26	97.00	64381.00
chr19	7604803	7604944	141	141	110.00	178.00	140.64	143.00	19830.00
chr12	30906277	30907432	1155	1155	18.00	106.00	46.44	41.00	53640.00
chr9	131112762	131112854	92	92	94.00	183.00	147.11	156.50	13534.00
chr20	61981328	61982379	1051	1051	22.00	66.00	40.80	39.00	42883.00
chr7	38431348	38431618	270	270	188.00	320.00	240.66	240.00	64977.00
chr20	44521036	44521123	87	87	313.00	389.00	348.03	346.00	30279.00
chr11	64418726	64419108	382	382	118.00	221.00	183.92	194.00	70258.00
chr12	120148344	120150270	1926	1926	15.00	210.00	55.05	43.00	106027.00
chr12	6930971	6931066	95	95	9.00	507.00	274.62	282.00	26089.00
chr16	2339434	2339621	187	187	118.00	202.00	158.32	147.00	29606.00
chr2	27700083	27700187	104	104	67.00	93.00	79.69	80.50	8288.00
chr14	69805367	69805494	127	127	78.00	161.00	119.35	110.00	15158.00
chr12	9242497	9242619	122	122	428.00	628.00	539.12	546.00	65773.00
chr3	58256658	58256791	133	133	146.00	269.00	205.40	198.00	27318.00
chr10	79744927	79745098	171	171	62.00	101.00	76.77	73.00	13128.00
chr1	159161725	159161866	141	141	293.00	457.00	408.79	420.00	57640.00
chr16	31085202	31085519	317	317	9.00	26.00	18.18	19.00	5764.00
chr1	171755018	171755218	200	200	47.00	74.00	61.34	62.00	12267.00
chr9	130988124	130989280	1156	1156	5.00	808.00	133.16	47.00	153934.00
chr15	63127935	63127998	63	63	92.00	123.00	108.37	109.00	6827.00
chr19	1917676	1917821	145	145	33.00	399.00	314.90	333.00	45661.00
chr22	25315792	25315960	168	168	61.00	100.00	81.38	84.00	13671.00
chr2	207943790	207945085	1295	1295	37.00	119.00	68.01	63.00	88067.00
chr11	47330706	47330952	246	246	22.00	391.00	184.65	31.50	45424.00
chr3	142743978	142746095	2117	2117	9.00	211.00	39.30	32.00	83188.00
chr7	44839492	44839694	202	202	21.00	36.00	29.03	29.00	5865.00
chr22	31688260	31688471	211	211	13.00	513.00	325.02	417.00	68580.00
chr11	66333492	66333638	146	146	674.00	864.00	782.88	781.00	114300.00
chr9	131114916	131115026	110	110	141.00	199.00	175.14	175.00	19265.00
chr1	20206	21013	807	807	27.00	164.00	102.35	105.00	82594.00
chr11	108216469	108216635	166	166	87.00	149.00	124.65	127.00	20692.00
chr1	209778880	209779019	139	139	107.00	190.00	145.85	151.00	20273.00
chr1	202935876	202936026	150	150	194.00	304.00	243.17	241.00	36476.00
chr12	57600255	57600524	269	269	591.00	812.00	688.72	688.00	185265.00
chr19	15233503	15233615	112	112	73.00	144.00	104.59	99.00	11714.00
chr8	68115317	68115486	169	169	104.00	141.00	123.18	124.00	20818.00
chr19	13419229	13419342	113	113	39.00	46.00	43.20	43.00	4882.00
chr6	33266815	33267130	315	315	16.00	66.00	42.30	42.00	13325.00
chr16	89780611	89781646	1035	1035	12.00	120.00	56.88	55.00	58875.00
chr12	109964162	109964221	59	59	113.00	131.00	119.19	118.00	7032.00
chr22	24491893	24492045	152	152	59.00	107.00	77.58	74.00	11792.00
chr2	242592926	242593025	99	99	249.00	305.00	271.71	271.00	26899.00
chr1	21937944	21938074	130	130	238.00	508.00	405.05	442.50	52657.00
chr2	223789173	223789313	140	140	221.00	292.00	261.48	261.00	36607.00
chr20	3772318	3772535	217	217	8.00	28.00	19.57	20.00	4246.00
chr16	18531918	18532001	83	83	487.00	647.00	556.35	558.00	46177.00
chr1	43396296	43396537	241	241	376.00	562.00	471.71	479.00	113681.00
chr2	100037960	100038115	155	155	57.00	77.00	67.10	67.00	10401.00
chr16	1500497	1500770	273	273	6.00	186.00	103.99	152.00	28388.00
chr19	40876016	40876144	128	128	839.00	1143.00	1011.91	1005.50	129525.00
chr5	168112691	168112932	241	241	22.00	38.00	30.89	31.00	7444.00
chr2	127825738	127825831	93	93	306.00	359.00	339.78	343.00	31600.00
chr1	19232015	19234990	2975	2975	18.00	169.00	56.16	50.00	167066.00
chr16	1391129	1391196	67	67	149.00	204.00	168.03	166.00	11258.00
chr6	33410665	33411689	1024	1024	9.00	379.00	174.28	174.00	178464.00
chr9	95872033	95872266	233	233	28.00	60.00	42.84	43.00	9982.00
chr1	53378627	53378839	212	212	35.00	89.00	63.41	63.00	13442.00
chr2	80531276	80531693	417	417	9.00	37.00	20.36	19.00	8492.00
chr7	44286718	44286791	73	73	296.00	372.00	319.73	312.00	23340.00
chr7	157369304	157369471	167	167	235.00	324.00	284.10	294.00	47444.00
chr11	18755079	18755191	112	112	8.00	200.00	139.61	190.00	15636.00
chr6	86237979	86238080	101	101	158.00	198.00	178.05	181.00	17983.00
chr8	145000951	145001050	99	99	173.00	248.00	206.21	203.00	20415.00
chr19	45167680	45167966	286	286	20.00	64.00	41.84	46.00	11967.00
chr10	48930165	48930400	235	235	3.00	43.00	26.40	31.00	6204.00
chr16	87871450	87871547	97	97	286.00	406.00	356.93	380.00	34622.00
chr1	109815454	109815649	195	195	252.00	370.00	303.91	300.00	59262.00
chr1	208215442	208215711	269	269	56.00	97.00	78.28	80.00	21056.00
chr2	260866	261451	585	585	14.00	49.00	30.08	30.00	17599.00
chr5	180481266	180481724	458	458	13.00	42.00	28.27	28.00	12948.00
chr7	73119479	73119631	152	152	10.00	849.00	389.22	25.00	59161.00
chr15	34677248	34677358	110	110	358.00	503.00	435.18	425.50	47870.00
chr16	57687114	57687247	133	133	380.00	468.00	419.98	420.00	55857.00
chr15	50649406	50649592	186	186	46.00	93.00	72.19	76.50	13427.00
chr22	21071995	21072066	71	71	947.00	1130.00	1027.31	1041.00	72939.00
chr5	179200882	179201561	679	679	25.00	87.00	67.22	68.00	45644.00
chr10	98763824	98763979	155	155	71.00	125.00	98.85	93.00	15322.00
chr14	102963315	102963457	142	142	122.00	185.00	148.41	145.00	21074.00
chr1	21932558	21933138	580	580	8.00	493.00	114.78	23.00	66571.00
chr16	28118842	28118998	156	156	256.00	351.00	285.53	281.00	44543.00
chr1	241767561	241767881	320	320	39.00	81.00	61.73	67.00	19755.00
chr11	66812063	66812184	121	121	54.00	83.00	65.18	63.00	7887.00
chr11	12248571	12248678	107	107	167.00	211.00	190.35	190.00	20367.00
chr9	130588788	130588951	163	163	88.00	161.00	124.90	126.00	20358.00
chr22	21068915	21068988	73	73	862.00	1082.00	987.70	994.00	72102.00
chr1	43424304	43424531	227	227	22.00	579.00	424.13	507.00	96278.00
chr14	105852021	105853670	1649	1649	44.00	211.00	79.01	74.00	130286.00
chr15	34823469	34823579	110	110	113.00	370.00	253.81	265.50	27919.00
chr11	171365	172282	917	917	2.00	78.00	35.98	29.00	32992.00
chr22	24493976	24494155	179	179	85.00	128.00	108.32	111.00	19389.00
chr15	79291060	79291167	107	107	185.00	244.00	216.38	218.00	23153.00
chr16	2145904	2146194	290	290	64.00	95.00	79.16	79.00	22956.00
chr9	131503050	131503166	116	116	441.00	592.00	517.22	520.50	59997.00
chr11	61301983	61302579	596	596	10.00	35.00	23.42	23.00	13961.00
chr22	25308609	25308719	110	110	41.00	58.00	49.39	48.00	5433.00
chr12	63977826	63979986	2160	2160	1.00	35.00	11.56	11.00	24979.00
chr19	46928844	46930933	2089	2089	5.00	224.00	112.43	109.00	234875.00
chr16	56969146	56969224	78	78	289.00	410.00	343.28	340.00	26776.00
chr17	40665787	40665996	209	209	10.00	1135.00	513.66	709.00	107355.00
chr9	131669435	131671600	2165	2165	307.00	886.00	510.96	480.00	1106239.00
chr2	220164026	220164271	245	245	28.00	319.00	121.69	38.00	29814.00
chr19	7589846	7590052	206	206	45.00	107.00	70.29	66.00	14480.00
chr6	91260186	91260268	82	82	77.00	103.00	87.49	85.00	7174.00
chr9	124543742	124543830	88	88	283.00	345.00	313.23	310.00	27564.00
chr12	54071005	54071170	165	165	7.00	32.00	20.88	20.00	3445.00
chr2	40443	41212	769	769	4.00	25.00	14.22	14.00	10935.00
chr11	67852159	67852747	588	588	15.00	51.00	36.13	38.00	21242.00
chr8	8233762	8234810	1048	1048	14.00	46.00	29.64	30.00	31058.00
chr2	175671113	175672148	1035	1035	17.00	56.00	33.16	32.00	34319.00
chr7	138984922	138985438	516	516	12.00	31.00	19.82	20.00	10228.00
chr22	40816850	40817104	254	254	54.00	128.00	103.85	110.00	26379.00
chr19	14263120	14263249	129	129	229.00	375.00	311.34	311.00	40163.00
chr19	16962222	16962345	123	123	85.00	152.00	120.32	119.00	14799.00
chr1	109813838	109813918	80	80	210.00	309.00	247.97	242.00	19838.00
chr3	49898148	49898562	414	414	7.00	487.00	239.01	355.00	98950.00
chr17	17131202	17131510	308	308	27.00	181.00	132.99	151.00	40960.00
chr1	21936067	21936139	72	72	203.00	267.00	233.35	226.00	16801.00
chr3	130424404	130424615	211	211	47.00	69.00	56.84	57.00	11994.00
chr12	56532710	56532797	87	87	97.00	124.00	110.56	111.00	9619.00
chr16	29888591	29888788	197	197	246.00	380.00	315.11	320.00	62077.00
chr2	114394588	114396196	1608	1608	10.00	109.00	49.01	45.00	78810.00
chr3	124180736	124180803	67	67	158.00	175.00	165.90	166.00	11115.00
chr9	111798485	111798660	175	175	106.00	149.00	125.93	125.00	22038.00
chr10	73847897	73848372	475	475	34.00	1169.00	419.42	405.00	199225.00
chr22	21075585	21075706	121	121	466.00	847.00	689.86	717.00	83473.00
chr22	20920753	20921104	351	351	55.00	145.00	97.81	102.00	34333.00
chr9	140953020	140953185	165	165	37.00	62.00	47.90	47.00	7903.00
chr22	41620970	41621075	105	105	117.00	148.00	133.80	134.00	14049.00
chr11	6243671	6243839	168	168	75.00	101.00	89.23	88.00	14991.00
chr15	74704225	74704353	128	128	94.00	147.00	122.25	130.00	15648.00
chr3	48719780	48719985	205	205	116.00	162.00	139.01	138.00	28498.00
chr1	222833247	222833348	101	101	99.00	157.00	126.38	123.00	12764.00
chr1	6583675	6584824	1149	1149	13.00	151.00	84.12	78.00	96651.00
chr11	126135857	126135976	119	119	198.00	226.00	216.49	216.00	25762.00
chr8	75156763	75157410	647	647	18.00	53.00	33.08	31.00	21405.00
chr15	83345212	83345389	177	177	141.00	188.00	165.94	164.00	29372.00
chr14	68031638	68032561	923	923	74.00	218.00	136.31	137.00	125810.00
chr19	42479780	42479949	169	169	1248.00	1854.00	1470.41	1416.00	248499.00
chr16	31503329	31503407	78	78	338.00	404.00	366.88	369.00	28617.00
chr17	1564564	1564700	136	136	243.00	329.00	279.63	275.50	38030.00
chr16	58717858	58718082	224	224	23.00	53.00	39.15	40.00	8770.00
chr14	71575320	71575763	443	443	64.00	146.00	103.49	103.00	45845.00
chr1	202934498	202934628	130	130	190.00	255.00	225.22	225.00	29278.00
chr7	73118477	73118586	109	109	490.00	698.00	601.23	598.00	65534.00
chr19	13365908	13366073	165	165	58.00	92.00	76.15	78.00	12565.00
chr10	102265117	102265958	841	841	25.00	68.00	46.11	47.00	38777.00
chr9	139983320	139983457	137	137	85.00	157.00	120.20	128.00	16468.00
chr18	29206245	29206347	102	102	79.00	114.00	93.46	90.50	9533.00
chr12	120578662	120578827	165	165	129.00	159.00	141.36	141.00	23324.00
chr5	757516	758226	710	710	26.00	54.00	38.72	37.00	27491.00
chr8	21632483	21632567	84	84	24.00	36.00	28.63	27.00	2405.00
chr4	54011499	54011749	250	250	46.00	71.00	54.86	54.00	13715.00
chr8	141680613	141681365	752	752	14.00	114.00	86.26	90.00	64867.00
chr11	57367351	57367850	499	499	78.00	246.00	152.92	166.00	76308.00
chr12	63980009	63980784	775	775	5.00	21.00	12.01	12.00	9307.00
chr9	140057042	140057203	161	161	18.00	1163.00	984.48	1047.00	158502.00
chr2	7055953	7056098	145	145	22.00	40.00	31.30	31.00	4539.00
chr12	52387768	52389043	1275	1275	14.00	365.00	148.15	136.00	188893.00
chr19	50104931	50105175	244	244	33.00	134.00	64.84	51.00	15821.00
chr19	5218430	5218543	113	113	280.00	475.00	401.20	407.00	45336.00
chr16	29898969	29899138	169	169	160.00	211.00	183.54	180.00	31019.00
chr7	99030900	99031041	141	141	32.00	42.00	37.36	37.00	5268.00
chr17	36692926	36693212	286	286	31.00	59.00	44.93	43.00	12849.00
chr15	73857770	73859335	1565	1565	8.00	93.00	38.07	34.00	59586.00
chr6	44104085	44104176	91	91	142.00	236.00	196.77	197.00	17906.00
chr1	21938518	21938602	84	84	268.00	351.00	317.77	326.50	26693.00
chr19	13423482	13423595	113	113	33.00	57.00	46.58	47.00	5264.00
chr16	70292882	70293089	207	207	704.00	973.00	850.98	869.00	176152.00
chr18	61060641	61060782	141	141	113.00	159.00	137.84	140.00	19435.00
chr16	22269814	22270016	202	202	31.00	50.00	39.93	40.00	8066.00
chr1	21554423	21554534	111	111	165.00	198.00	183.52	184.00	20371.00
chr9	140057255	140057455	200	200	17.00	1668.00	998.02	1211.50	199605.00
chr7	1488255	1488397	142	142	119.00	166.00	144.80	148.00	20562.00
chr14	100166351	100166438	87	87	319.00	402.00	361.32	361.00	31435.00
chr9	101065522	101065705	183	183	172.00	268.00	221.85	226.00	40598.00
chr5	68411752	68412041	289	289	33.00	90.00	70.78	78.00	20455.00
chr1	2452539	2452754	215	215	62.00	159.00	96.77	84.00	20805.00
chr1	21564626	21564737	111	111	163.00	235.00	191.17	178.00	21220.00
chr13	42037713	42039066	1353	1353	31.00	156.00	95.84	91.00	129673.00
chr2	114350236	114350443	207	207	12.00	84.00	48.86	49.00	10115.00
chr1	21939668	21939722	54	54	269.00	338.00	298.70	289.00	16130.00
chr9	139353895	139354007	112	112	75.00	92.00	79.93	79.00	8952.00
chr7	102176367	102176618	251	251	43.00	144.00	111.32	115.00	27941.00
chr3	51411753	51412018	265	265	6.00	181.00	75.31	15.00	19958.00
chr17	73888091	73888266	175	175	61.00	94.00	80.66	82.00	14115.00
chr13	103297258	103297435	177	177	14.00	93.00	57.46	80.00	10170.00
chr15	63922664	63922834	170	170	172.00	244.00	208.81	206.00	35498.00
chr3	33400774	33400849	75	75	62.00	79.00	71.56	72.00	5367.00
chr22	50671744	50671955	211	211	79.00	110.00	97.97	101.00	20671.00
chr1	21190968	21191205	237	237	152.00	303.00	229.82	230.00	54467.00
chr5	14481649	14481727	78	78	135.00	165.00	144.76	144.00	11291.00
chr15	101605556	101606410	854	854	18.00	45.00	29.64	29.00	25313.00
chr17	80040402	80040554	152	152	300.00	394.00	349.43	343.00	53113.00
chr2	132269293	132270897	1604	1604	8.00	100.00	45.01	45.00	72203.00
chr11	1778553	1778786	233	233	1256.00	1879.00	1641.63	1682.00	382500.00
chr11	1469616	1469808	192	192	12.00	25.00	18.21	19.00	3497.00
chr12	120138549	120138630	81	81	209.00	252.00	236.14	236.00	19127.00
chr7	901016	901101	85	85	236.00	309.00	273.48	276.00	23246.00
chr19	13372263	13372424	161	161	64.00	87.00	74.50	73.00	11994.00
chr17	40843154	40843311	157	157	137.00	215.00	169.44	160.00	26602.00
chr17	80039476	80039719	243	243	355.00	571.00	445.90	444.00	108353.00
chr17	16681109	16687365	6256	6256	0.00	70.00	18.12	13.00	113335.00
chr1	116935475	116935610	135	135	786.00	1119.00	952.21	946.00	128549.00
chr6	128294808	128294972	164	164	130.00	235.00	194.46	197.00	31892.00
chr5	109189927	109190617	690	690	8.00	43.00	25.59	25.00	17659.00
chr15	40757533	40757634	101	101	47.00	147.00	122.45	127.00	12367.00
chr2	220164706	220164981	275	275	211.00	371.00	290.95	286.00	80010.00
chr3	164905164	164908639	3475	3475	8.00	122.00	40.23	34.00	139796.00
chr11	60699157	60699356	199	199	111.00	636.00	465.13	443.00	92561.00
chr2	96680301	96680717	416	416	24.00	49.00	39.21	40.00	16311.00
chr17	40845314	40845554	240	240	152.00	244.00	197.22	195.00	47333.00
chr12	125264513	125265391	878	878	56.00	174.00	99.07	100.00	86985.00
chr1	156623704	156624158	454	454	61.00	138.00	93.07	93.00	42254.00
chr6	108370456	108370622	166	166	102.00	131.00	118.89	119.00	19736.00
chr11	19180486	19180587	101	101	24.00	45.00	32.81	31.00	3314.00
chr19	42489069	42489338	269	269	200.00	371.00	306.20	309.00	82368.00
chr2	198274493	198274731	238	238	276.00	438.00	348.96	337.50	83053.00
chr6	47220991	47221257	266	266	131.00	263.00	204.56	218.50	54412.00
chr19	40872679	40872822	143	143	1023.00	1464.00	1276.58	1289.00	182551.00
chr19	54693278	54693627	349	349	10.00	180.00	77.86	49.00	27173.00
chr12	81929	82174	245	245	25.00	95.00	65.43	65.00	16030.00
chr21	45513943	45514114	171	171	84.00	117.00	99.91	101.00	17084.00
chr3	124201630	124201747	117	117	7.00	280.00	205.67	254.00	24063.00
chr17	79805118	79805223	105	105	472.00	625.00	534.53	520.00	56126.00
chr20	46307419	46307548	129	129	166.00	232.00	190.10	184.00	24523.00
chr17	38187790	38187873	83	83	131.00	189.00	153.77	143.00	12763.00
chr2	207452814	207452878	64	64	116.00	179.00	154.09	161.00	9862.00
chr17	45695715	45695823	108	108	455.00	540.00	496.27	495.00	53597.00
chr7	44283023	44283126	103	103	321.00	414.00	355.13	347.00	36578.00
chr20	62274975	62275284	309	309	7.00	2442.00	1185.23	1677.00	366236.00
chr11	108202605	108202764	159	159	81.00	97.00	89.14	89.00	14173.00
chr9	140051314	140051489	175	175	341.00	494.00	408.97	399.00	71570.00
chr22	45574118	45574781	663	663	58.00	109.00	76.41	76.00	50657.00
chr15	79312382	79312446	64	64	80.00	99.00	86.53	85.50	5538.00
chr1	21940120	21940199	79	79	252.00	307.00	289.81	295.00	22895.00
chr17	3775847	3775921	74	74	264.00	358.00	323.32	332.00	23926.00
chr7	73133931	73134019	88	88	12.00	669.00	242.01	180.00	21297.00
chr11	72292920	72292991	71	71	418.00	513.00	464.23	465.00	32960.00
chr7	43547616	43547730	114	114	39.00	65.00	51.20	51.00	5837.00
chr16	58713760	58714145	385	385	17.00	32.00	25.60	26.00	9857.00
chr22	21083600	21083794	194	194	446.00	708.00	572.42	577.50	111050.00
chr11	66457275	66457414	139	139	383.00	572.00	446.07	434.00	62004.00
chr15	91561034	91561115	81	81	40.00	58.00	47.80	46.00	3872.00
chr11	2968525	2969001	476	476	32.00	69.00	45.63	43.00	21721.00
chr19	34869838	34869910	72	72	1368.00	1620.00	1453.21	1452.50	104631.00
chr9	121970996	121971219	223	223	193.00	284.00	237.00	236.00	52852.00
chr3	47449772	47449980	208	208	35.00	156.00	116.02	140.00	24132.00
chr12	57601820	57601999	179	179	574.00	1234.00	917.15	873.00	164169.00
chr16	2345590	2345741	151	151	183.00	258.00	219.21	221.00	33101.00
chr12	50471782	50471910	128	128	93.00	140.00	118.75	120.00	15200.00
chr1	109814221	109814344	123	123	270.00	412.00	355.64	368.00	43744.00
chr19	16942304	16942458	154	154	85.00	106.00	95.91	96.00	14770.00
chr11	66333301	66333398	97	97	614.00	786.00	690.01	685.00	66931.00
chr5	74026084	74026223	139	139	125.00	216.00	180.70	185.00	25117.00
chr5	68417520	68417722	202	202	47.00	89.00	71.72	74.00	14487.00
chr19	15272262	15272525	263	263	71.00	158.00	121.76	128.00	32023.00
chr3	45872404	45872482	78	78	116.00	145.00	133.19	134.00	10389.00
chr7	73123374	73123452	78	78	673.00	877.00	797.55	818.00	62209.00
chr5	14498197	14498360	163	163	177.00	219.00	197.31	194.00	32161.00
chr14	93180167	93180230	63	63	159.00	192.00	177.87	179.00	11206.00
chr9	130984739	130984875	136	136	870.00	1311.00	1067.39	1041.00	145165.00
chr13	31216764	31216894	130	130	37.00	50.00	41.65	41.00	5414.00
chr12	112614399	112614506	107	107	85.00	210.00	184.06	187.00	19694.00
chr12	57602865	57602982	117	117	772.00	1197.00	952.44	939.00	111435.00
chr14	72976861	72976987	126	126	27.00	41.00	33.21	31.00	4185.00
chr1	155209406	155209553	147	147	113.00	220.00	161.54	153.00	23746.00
chr10	49633930	49634113	183	183	90.00	139.00	121.10	123.00	22161.00
chr16	84100093	84100218	125	125	220.00	265.00	247.04	249.00	30880.00
chr1	155207924	155208097	173	173	149.00	264.00	193.07	191.00	33401.00
chr12	2786898	2787033	135	135	16.00	36.00	26.01	24.00	3512.00
chr2	233755457	233756197	740	740	4.00	427.00	90.78	31.00	67174.00
chr14	60631894	60632099	205	205	109.00	464.00	342.00	396.00	70110.00
chr1	11151549	11151654	105	105	140.00	178.00	158.50	155.00	16643.00
chr4	134076071	134076178	107	107	261.00	390.00	347.06	350.00	37135.00
chr15	91420364	91420441	77	77	134.00	156.00	143.74	144.00	11068.00
chr5	114961533	114961755	222	222	31.00	186.00	126.18	146.00	28012.00
chr16	1814047	1814211	164	164	12.00	573.00	261.85	377.00	42944.00
chr18	44250463	44252581	2118	2118	5.00	76.00	39.76	40.00	84221.00
chr6	158049380	158049518	138	138	47.00	92.00	73.22	71.00	10104.00
chr19	7675585	7675679	94	94	34.00	42.00	38.56	39.00	3625.00
chr13	99461604	99461719	115	115	19.00	575.00	375.06	357.00	43132.00
chr11	130010829	130011467	638	638	12.00	1590.00	198.26	36.00	126490.00
chr11	107526658	107526792	134	134	147.00	187.00	170.90	171.00	22901.00
chr16	1391294	1391490	196	196	123.00	173.00	143.78	141.50	28180.00
chr1	38182716	38184158	1442	1442	5.00	99.00	50.38	46.00	72650.00
chr5	179231023	179231323	300	300	9.00	26.00	19.11	20.00	5733.00
chr14	69814593	69814719	126	126	134.00	217.00	184.60	192.00	23260.00
chr14	69349174	69349309	135	135	222.00	328.00	277.59	281.00	37475.00
chr19	7614792	7614998	206	206	241.00	360.00	307.70	303.00	63387.00
chr1	228270375	228270466	91	91	7.00	1287.00	428.31	186.00	38976.00
chr1	38186022	38186315	293	293	15.00	37.00	26.46	30.00	7752.00
chr13	77641715	77641999	284	284	176.00	255.00	213.81	206.00	60722.00
chr14	100157417	100157498	81	81	162.00	268.00	204.06	190.00	16529.00
chr13	32978280	32979333	1053	1053	22.00	128.00	55.03	49.00	57948.00
chr12	7301567	7301794	227	227	276.00	437.00	366.44	358.00	83181.00
chr9	123583116	123583257	141	141	76.00	95.00	84.62	84.00	11931.00
chr17	26883183	26883284	101	101	122.00	196.00	154.31	144.00	15585.00
chr12	6972993	6973137	144	144	249.00	366.00	284.19	270.00	40924.00
chr20	34322310	34322637	327	327	17.00	30.00	22.33	22.00	7302.00
chr19	7606407	7606570	163	163	156.00	196.00	173.77	171.00	28324.00
chr16	2333186	2333373	187	187	10.00	322.00	238.70	272.00	44636.00
chr12	113825548	113825711	163	163	63.00	173.00	115.63	115.00	18848.00
chr7	4802013	4807749	5736	5736	13.00	350.00	101.50	93.00	582195.00
chr1	43394880	43394985	105	105	586.00	787.00	702.05	718.00	73715.00
chr19	4554399	4554488	89	89	303.00	426.00	380.53	395.00	33867.00
chr16	31719139	31719372	233	233	6.00	18.00	12.04	12.00	2806.00
chr5	134060669	134061744	1075	1075	20.00	54.00	37.63	37.00	40455.00
chr1	202936318	202936371	53	53	18.00	204.00	120.98	162.00	6412.00
chr2	220087366	220087615	249	249	224.00	323.00	269.52	266.00	67111.00
chr2	36764494	36764689	195	195	100.00	188.00	145.61	142.00	28393.00
chr7	43519208	43519343	135	135	37.00	61.00	46.53	44.00	6282.00
chr10	51249585	51249993	408	408	13.00	62.00	32.86	28.00	13406.00
chr6	32123647	32123755	108	108	208.00	276.00	235.81	230.50	25467.00
chr3	118624442	118624692	250	250	12.00	133.00	68.72	32.00	17181.00
chr1	190129797	190130020	223	223	61.00	101.00	82.27	81.00	18347.00
chr9	131004491	131004624	133	133	17.00	2051.00	1583.74	1801.00	210638.00
chr22	33679187	33679334	147	147	109.00	146.00	120.85	120.00	17765.00
chr15	74709931	74710016	85	85	105.00	190.00	134.54	116.00	11436.00
chr7	6470110	6470238	128	128	38.00	55.00	48.13	49.00	6161.00
chr1	6640600	6641359	759	759	29.00	74.00	51.57	51.00	39140.00
chr16	31510622	31510728	106	106	201.00	246.00	226.25	232.00	23982.00
chr4	103710287	103711803	1516	1516	9.00	23.00	15.69	15.00	23788.00
chr19	2862339	2862746	407	407	19.00	53.00	34.67	33.00	14110.00
chr2	15467873	15467994	121	121	56.00	74.00	63.13	63.00	7639.00
chr2	36780721	36781492	771	771	13.00	47.00	32.80	35.00	25287.00
chr10	81070680	81070941	261	261	84.00	134.00	101.63	98.00	26525.00
chr2	217234866	217235986	1120	1120	5.00	33.00	19.95	21.00	22349.00
chr10	93786348	93786508	160	160	69.00	137.00	101.73	103.50	16277.00
chr17	20268785	20269076	291	291	11.00	29.00	20.24	20.00	5889.00
chr9	131002006	131002062	56	56	13.00	1862.00	1670.12	1790.50	93527.00
chr1	155208307	155208441	134	134	215.00	283.00	252.43	258.00	33825.00
chr2	162833877	162834373	496	496	3.00	257.00	27.96	10.00	13868.00
chr9	35799614	35799728	114	114	40.00	51.00	45.02	45.00	5132.00
chr20	62517856	62519234	1378	1378	29.00	228.00	118.28	117.00	162984.00
chr22	35942847	35943127	280	280	65.00	200.00	142.46	153.00	39889.00
chr13	26436438	26436546	108	108	25.00	40.00	31.91	32.00	3446.00
chr14	69371371	69371453	82	82	121.00	174.00	149.98	145.00	12298.00
chr7	44031274	44031581	307	307	7.00	68.00	39.16	36.00	12023.00
chr11	12274988	12275291	303	303	8.00	34.00	20.53	20.00	6222.00
chr5	1334403	1334498	95	95	190.00	243.00	217.80	219.00	20691.00
chr19	34868639	34868786	147	147	1280.00	1905.00	1629.66	1664.00	239560.00
chr16	1815960	1816143	183	183	385.00	647.00	480.91	459.00	88007.00
chr10	73578787	73578868	81	81	4501.00	5731.00	5006.54	4957.00	405530.00
chr17	37420427	37420640	213	213	43.00	69.00	54.32	53.00	11571.00
chr5	60835422	60835586	164	164	98.00	131.00	115.16	116.50	18886.00
chr15	79296143	79296517	374	374	113.00	191.00	151.34	152.00	56601.00
chr19	13039568	13039661	93	93	406.00	611.00	520.34	543.00	48392.00
chr12	49421585	49421713	128	128	124.00	206.00	167.63	164.00	21457.00
chr1	1661057	1662583	1526	1526	15.00	387.00	120.48	92.00	183846.00
chr2	207457340	207457460	120	120	176.00	241.00	194.92	192.50	23390.00
chr11	64542462	64543441	979	979	30.00	128.00	82.66	80.00	80927.00
chr20	61910250	61910347	97	97	137.00	163.00	149.95	151.00	14545.00
chr11	62394042	62394156	114	114	417.00	528.00	456.75	444.00	52069.00
chr5	37301538	37301652	114	114	42.00	71.00	56.49	54.50	6440.00
chr16	4733843	4733933	90	90	238.00	281.00	255.08	254.00	22957.00
chr15	43693913	43694048	135	135	56.00	80.00	67.59	67.00	9124.00
chr11	18764538	18764622	84	84	103.00	149.00	130.36	138.50	10950.00
chr17	57842331	57842499	168	168	151.00	196.00	172.51	173.00	28982.00
chr9	96076729	96078064	1335	1335	6.00	52.00	30.08	31.00	40154.00
chr11	12246219	12246367	148	148	135.00	186.00	161.28	159.00	23870.00
chr12	7030743	7031565	822	822	34.00	2686.00	913.63	65.00	751000.00
chr3	14523178	14523349	171	171	14.00	31.00	20.69	19.00	3538.00
chr5	758508	759483	975	975	18.00	71.00	40.81	39.00	39793.00
chr12	22635490	22635677	187	187	65.00	84.00	74.70	74.00	13969.00
chr5	14479369	14479459	90	90	132.00	171.00	147.22	146.00	13250.00
chr6	143655214	143656079	865	865	13.00	31.00	19.76	19.00	17093.00
chr7	75508360	75508578	218	218	54.00	806.00	599.71	715.50	130736.00
chr11	60697981	60698131	150	150	305.00	394.00	343.31	334.50	51496.00
chr1	151400598	151400889	291	291	249.00	531.00	374.24	407.00	108905.00
chr5	172196431	172197309	878	878	30.00	1030.00	319.30	91.00	280345.00
chr3	49152660	49152794	134	134	90.00	139.00	105.94	102.00	14196.00
chr7	5518281	5519950	1669	1669	29.00	120.00	78.68	77.00	131319.00
chr17	16691106	16691449	343	343	3.00	83.00	31.42	31.00	10776.00
chr2	220086993	220087172	179	179	218.00	307.00	269.46	280.00	48234.00
chr10	51746916	51748006	1090	1090	7.00	129.00	57.75	52.00	62952.00
chr12	7302118	7302289	171	171	417.00	494.00	456.46	458.00	78055.00
chr11	59562844	59562955	111	111	40.00	64.00	55.86	57.00	6201.00
chr12	6100984	6101184	200	200	126.00	282.00	173.56	149.00	34713.00
chr19	5683274	5683627	353	353	8.00	46.00	33.58	36.00	11855.00
chr12	2786259	2786387	128	128	23.00	41.00	32.26	31.50	4129.00
chr15	26812727	26812880	153	153	81.00	142.00	102.23	101.00	15641.00
chr1	149007980	149008798	818	818	1.00	8.00	2.94	3.00	2406.00
chr19	54965608	54965861	253	253	149.00	423.00	282.19	284.00	71393.00
chr8	27293259	27293310	51	51	163.00	219.00	194.92	194.00	9941.00
chr15	23014437	23014528	91	91	99.00	174.00	135.87	131.00	12364.00
chr1	111717500	111717585	85	85	183.00	244.00	215.69	215.00	18334.00
chr6	150157220	150157433	213	213	198.00	276.00	245.69	248.00	52333.00
chr13	114566547	114566670	123	123	73.00	221.00	135.29	123.00	16641.00
chr16	58539291	58539605	314	314	14.00	84.00	47.72	48.00	14985.00
chr1	21936612	21936768	156	156	218.00	526.00	353.46	366.00	55139.00
chr1	17322880	17322991	111	111	230.00	344.00	281.95	297.00	31297.00
chr11	60699455	60699599	144	144	453.00	711.00	547.84	512.50	78889.00
chr5	6749669	6749770	101	101	65.00	87.00	74.72	74.00	7547.00
chr16	2156805	2156949	144	144	66.00	216.00	121.78	104.00	17537.00
chr15	34690834	34690930	96	96	155.00	272.00	229.38	228.00	22020.00
chr3	11074933	11075425	492	492	19.00	797.00	176.62	55.00	86895.00
chr5	74655222	74655381	159	159	97.00	168.00	124.38	124.00	19776.00
chr20	20022968	20023160	192	192	96.00	173.00	127.12	122.00	24407.00
chr2	39055481	39055578	97	97	30.00	42.00	34.21	34.00	3318.00
chr19	16793231	16793528	297	297	16.00	158.00	55.42	28.00	16459.00
chr2	219205450	219205509	59	59	48.00	57.00	51.44	51.00	3035.00
chr17	74087429	74087729	300	300	11.00	71.00	55.52	57.00	16656.00
chr3	184058150	184060036	1886	1886	9.00	536.00	101.32	51.00	191095.00
chr6	90333128	90333263	135	135	50.00	76.00	62.79	63.00	8476.00
chr12	125267019	125267429	410	410	47.00	238.00	109.67	73.00	44963.00
chr1	207942580	207943104	524	524	22.00	109.00	75.26	82.00	39435.00
chr4	89356876	89357043	167	167	65.00	88.00	76.68	78.00	12805.00
chr7	101995498	101995736	238	238	85.00	386.00	204.54	158.00	48680.00
chr3	11067458	11067562	104	104	660.00	884.00	781.24	792.50	81249.00
chr5	95734582	95734740	158	158	22.00	33.00	28.15	29.00	4447.00
chr6	152529106	152529341	235	235	149.00	222.00	182.46	181.00	42879.00
chr5	102295578	102295763	185	185	101.00	164.00	129.35	131.00	23930.00
chr22	21072980	21073110	130	130	627.00	1058.00	814.86	844.50	105932.00
chr12	121855306	121855714	408	408	106.00	236.00	140.34	134.00	57258.00
chr1	160326389	160326544	155	155	255.00	346.00	298.72	299.00	46302.00
chr11	60670930	60671007	77	77	318.00	382.00	341.88	339.00	26325.00
chr17	79804822	79804948	126	126	579.00	797.00	691.56	689.00	87137.00
chr16	18527204	18527332	128	128	467.00	691.00	576.02	563.50	73731.00
chr16	16372518	16372646	128	128	491.00	717.00	601.87	591.50	77039.00
chr2	32750530	32750695	165	165	72.00	92.00	81.35	82.00	13423.00
chr14	69369193	69369279	86	86	166.00	231.00	191.95	194.00	16508.00
chr7	66418212	66418356	144	144	231.00	324.00	274.15	272.00	39477.00
chr6	44107988	44108097	109	109	119.00	178.00	144.04	142.00	15700.00
chr7	70885893	70886091	198	198	124.00	227.00	168.33	155.00	33330.00
chr8	27295281	27295397	116	116	217.00	292.00	242.22	237.00	28098.00
chr7	73122918	73123018	100	100	659.00	813.00	755.84	760.00	75584.00
chr15	34698874	34699071	197	197	178.00	260.00	212.16	205.00	41796.00
chr8	22009343	22009513	170	170	313.00	585.00	415.28	413.50	70597.00
chr7	1526557	1526737	180	180	69.00	188.00	124.27	133.00	22369.00
chr5	178053946	178054065	119	119	11.00	202.00	103.84	107.00	12357.00
chr12	6103027	6103369	342	342	169.00	300.00	226.43	233.00	77439.00
chr2	3479491	3480482	991	991	41.00	111.00	73.76	74.00	73094.00
chr3	33883388	33883566	178	178	174.00	265.00	210.18	206.50	37412.00
chr19	11019778	11019883	105	105	195.00	274.00	234.45	235.00	24617.00
chr7	98446205	98446318	113	113	775.00	1363.00	1071.63	966.00	121094.00
chr8	106813274	106813932	658	658	10.00	27.00	18.42	18.00	12118.00
chr2	223795338	223795530	192	192	356.00	620.00	439.50	401.50	84384.00
chr7	75511146	75511554	408	408	659.00	1226.00	907.93	928.50	370435.00
chr21	40184926	40185038	112	112	203.00	304.00	262.66	279.50	29418.00
chr19	53383575	53385236	1661	1661	33.00	138.00	94.89	95.00	157616.00
chr19	14208130	14208295	165	165	10.00	655.00	393.42	468.00	64915.00
chr15	91461013	91461618	605	605	54.00	618.00	235.33	85.00	142377.00
chr8	145278010	145278133	123	123	36.00	58.00	47.26	49.00	5813.00
chr16	28132990	28133083	93	93	219.00	305.00	257.31	258.00	23930.00
chr11	125280091	125280221	130	130	73.00	90.00	79.80	79.00	10374.00
chr15	63128089	63128317	228	228	28.00	174.00	126.11	144.00	28752.00
chr9	131181435	131181557	122	122	10.00	728.00	579.10	592.00	70650.00
chr19	3281196	3281343	147	147	178.00	283.00	236.55	246.00	34773.00
chr11	6240200	6240280	80	80	70.00	93.00	83.04	84.00	6643.00
chr20	31019123	31019287	164	164	39.00	58.00	48.01	49.50	7873.00
chr6	46825865	46827260	1395	1395	73.00	156.00	111.97	109.00	156200.00
chr12	1672006	1672666	660	660	16.00	67.00	36.10	33.00	23823.00
chr12	9098824	9099001	177	177	200.00	310.00	264.99	269.00	46904.00
chr7	121738503	121738630	127	127	63.00	91.00	77.58	75.00	9853.00
chr19	40875814	40875935	121	121	695.00	869.00	803.78	812.00	97257.00
chr20	3581592	3581671	79	79	85.00	120.00	103.78	105.00	8199.00
chr17	7226965	7227042	77	77	73.00	94.00	84.66	85.00	6519.00
chr2	74331800	74332809	1009	1009	23.00	71.00	40.09	37.00	40447.00
chr1	209785136	209785610	474	474	6.00	251.00	173.29	195.00	82139.00
chr9	35546426	35548532	2106	2106	106.00	256.00	172.18	169.00	362616.00
chr17	80040198	80040290	92	92	313.00	397.00	352.39	349.00	32420.00
chr11	73074791	73075284	493	493	30.00	253.00	102.46	54.00	50514.00
chr20	44674976	44675075	99	99	114.00	163.00	148.36	150.00	14688.00
chr20	5892091	5892328	237	237	16.00	153.00	94.36	103.00	22363.00
chr17	20316581	20317594	1013	1013	14.00	59.00	33.47	30.00	33906.00
chr12	99478702	99478801	99	99	83.00	102.00	94.78	95.00	9383.00
chr17	40842756	40842960	204	204	149.00	236.00	194.24	195.50	39625.00
chr11	107501142	107501288	146	146	84.00	140.00	113.76	116.00	16609.00
chr11	85429236	85429532	296	296	7.00	24.00	11.09	10.00	3284.00
chr20	9449217	9449319	102	102	27.00	48.00	39.99	42.00	4079.00
chr14	23371395	23371591	196	196	142.00	206.00	180.53	181.50	35384.00
chr7	716865	716957	92	92	1110.00	1378.00	1291.20	1301.00	118790.00
chr10	48862360	48862682	322	322	3.00	129.00	79.15	99.00	25486.00
chr10	68686678	68688210	1532	1532	17.00	105.00	42.71	35.00	65433.00
chr5	179674854	179674926	72	72	77.00	101.00	89.15	89.50	6419.00
chr1	209773327	209773456	129	129	111.00	146.00	126.88	127.00	16367.00
chr17	45691034	45691091	57	57	445.00	516.00	471.18	468.00	26857.00
chr1	19669871	19670118	247	247	38.00	59.00	48.40	48.00	11956.00
chr17	45664025	45664710	685	685	15.00	335.00	86.02	62.00	58922.00
chr19	2337634	2338840	1206	1206	22.00	126.00	46.85	41.00	56506.00
chr8	22011480	22011552	72	72	421.00	520.00	473.49	472.00	34091.00
