#chrom	start	end	size	num_data	min	max	mean	median	sum
chr12	1940100	1940691	591	591	62.00	128.00	95.18	97.00	56250.00
chr1	27480473	27481381	908	908	34.00	86.00	61.03	60.00	55412.00
chr15	63112684	63112809	125	125	282.00	386.00	335.06	327.00	41882.00
chr5	149231737	149232254	517	517	8.00	27.00	18.30	18.00	9459.00
chr5	140865429	140867182	1753	1753	11.00	55.00	29.15	27.00	51097.00
chr1	32209793	32209958	165	165	295.00	557.00	430.87	428.00	71094.00
chr16	87873307	87873431	124	124	165.00	224.00	201.02	208.00	24927.00
chr17	34157438	34158175	737	737	6.00	15.00	9.67	10.00	7127.00
chr2	127815619	127816088	469	469	10.00	48.00	26.16	24.00	12271.00
chr1	208212965	208213112	147	147	75.00	107.00	90.71	90.00	13334.00
chr22	19703883	19704666	783	783	12.00	45.00	29.48	30.00	23085.00
chr16	87872319	87872423	104	104	179.00	277.00	225.33	208.50	23434.00
chr9	140055740	140055868	128	128	1735.00	2298.00	1972.23	1957.50	252446.00
chr22	21096515	21096643	128	128	625.00	912.00	710.12	682.50	90896.00
chr9	140056321	140056540	219	219	5.00	3083.00	1885.11	2301.00	412838.00
chr11	78379981	78380253	272	272	12.00	36.00	21.21	19.00	5770.00
chr3	11070420	11070533	113	113	286.00	369.00	332.53	338.00	37576.00
chr1	109812554	109813222	668	668	4.00	726.00	248.36	235.00	165906.00
chr2	220161954	220162155	201	201	849.00	1569.00	1286.11	1285.00	258509.00
chr15	74706887	74707086	199	199	88.00	133.00	107.30	108.00	21352.00
chr17	7318829	7319426	597	597	169.00	460.00	296.56	303.00	177047.00
chr1	21560050	21560154	104	104	41.00	64.00	50.29	48.00	5230.00
chr1	25573799	25573952	153	153	2.00	278.00	184.52	201.00	28231.00
chr14	93198993	93199160	167	167	126.00	165.00	147.58	149.00	24646.00
chr1	205554003	205554119	116	116	309.00	512.00	390.39	383.00	45285.00
chr1	9795005	9795232	227	227	1974.00	2861.00	2405.54	2438.00	546057.00
chr17	42426525	42426670	145	145	68.00	165.00	129.09	132.00	18718.00
chr18	70205887	70206179	292	292	1.00	269.00	100.11	14.00	29231.00
chr1	205553082	205553251	169	169	511.00	693.00	619.53	604.00	104701.00
chr9	140056623	140056766	143	143	15.00	2166.00	1428.37	1645.00	204257.00
chr6	33412147	33412394	247	247	7.00	702.00	400.04	556.00	98809.00
chr12	89992366	89992547	181	181	4.00	823.00	552.88	605.00	100072.00
chr2	220088827	220089576	749	749	104.00	230.00	158.38	153.00	118623.00
chr14	100763073	100765222	2149	2149	3.00	74.00	34.56	34.00	74273.00
chr1	110740697	110742543	1846	1846	8.00	920.00	577.27	586.50	1065638.00
chr1	149878201	149879758	1557	1557	2.00	1195.00	288.85	25.00	449738.00
chr3	197264139	197265259	1120	1120	2.00	19.00	9.24	8.00	10345.00
chr8	56449623	56450530	907	907	14.00	45.00	28.02	27.00	25416.00
chr9	139354208	139354326	118	118	52.00	91.00	64.47	64.00	7608.00
chr1	32204908	32205236	328	328	800.00	1214.00	999.20	1000.50	327738.00
chr7	75608768	75608897	129	129	78.00	112.00	96.36	98.00	12431.00
chr19	45161029	45161178	149	149	43.00	65.00	51.07	50.00	7610.00
chr19	5243911	5244493	582	582	174.00	398.00	258.71	240.00	150569.00
chr6	32119585	32119717	132	132	9.00	797.00	390.52	352.00	51549.00
chr3	42670878	42672067	1189	1189	1.00	20.00	7.86	7.00	9344.00
chr11	45892392	45892485	93	93	152.00	248.00	196.82	196.00	18304.00
chr17	80040789	80040991	202	202	398.00	565.00	485.31	481.50	98033.00
chr2	74902875	74903036	161	161	40.00	96.00	58.98	56.00	9496.00
chr17	38335969	38337946	1977	1977	6.00	235.00	30.90	22.00	61094.00
chr16	87870103	87870253	150	150	127.00	231.00	164.83	161.50	24724.00
chr1	32205947	32206142	195	195	664.00	887.00	731.56	714.00	142654.00
chr6	44117553	44117702	149	149	15.00	361.00	226.44	290.00	33740.00
chr1	159163659	159163830	171	171	1192.00	1531.00	1360.83	1372.00	232702.00
chr3	445565	446023	458	458	2.00	17.00	8.17	7.00	3743.00
chr2	25048913	25048995	82	82	148.00	183.00	169.39	168.00	13890.00
chr10	99504485	99504672	187	187	67.00	103.00	84.71	86.00	15841.00
chr4	54364807	54365010	203	203	54.00	207.00	112.84	95.00	22907.00
chr17	1634367	1634552	185	185	30.00	56.00	43.18	43.00	7988.00
chr7	72416124	72416247	123	123	109.00	163.00	130.41	123.00	16040.00
chr1	208212169	208212329	160	160	79.00	124.00	96.08	90.00	15372.00
chr9	140952500	140952702	202	202	98.00	160.00	119.23	115.00	24084.00
chr6	44197325	44197528	203	203	85.00	133.00	112.16	112.00	22768.00
chr6	44197643	44198218	575	575	22.00	122.00	58.91	48.00	33871.00
chr11	118981972	118982084	112	112	219.00	341.00	278.78	279.50	31223.00
chr5	150503846	150503952	106	106	3.00	1883.00	1346.92	1724.00	142773.00
chr11	118981761	118981878	117	117	322.00	397.00	360.21	361.00	42144.00
chr11	126314873	126315000	127	127	115.00	163.00	135.27	131.00	17179.00
chr1	159165808	159166244	436	436	4.00	1402.00	254.17	11.00	110816.00
chr7	134893542	134893750	208	208	20.00	35.00	25.53	25.00	5311.00
chr9	121976196	121976433	237	237	159.00	385.00	262.08	269.00	62113.00
chr19	54691042	54691169	127	127	246.00	527.00	364.57	326.00	46300.00
chr22	38621430	38621600	170	170	196.00	421.00	306.74	307.00	52145.00
chr13	42035681	42036205	524	524	2.00	9.00	4.64	4.00	2430.00
chr20	1915360	1915413	53	53	7.00	1584.00	1099.19	1385.00	58257.00
chr5	14496987	14497126	139	139	155.00	282.00	211.40	201.00	29384.00
chr12	56528125	56528212	87	87	56.00	78.00	65.36	64.00	5686.00
chr3	47466974	47467101	127	127	82.00	112.00	95.37	93.00	12112.00
chr17	7415476	7415663	187	187	112.00	150.00	126.49	124.00	23654.00
chr3	33588037	33589252	1215	1215	5.00	21.00	12.02	12.00	14602.00
chr7	887833	888615	782	782	4.00	50.00	20.90	16.00	16346.00
chr10	24813251	24813693	442	442	36.00	103.00	69.46	74.50	30702.00
chr1	109812045	109812213	168	168	277.00	596.00	414.30	382.00	69603.00
chr19	15276597	15276902	305	305	57.00	83.00	70.58	71.00	21527.00
chr16	2334779	2334999	220	220	171.00	303.00	236.40	234.00	52007.00
chr16	68404761	68405261	500	500	45.00	111.00	77.71	75.00	38857.00
chr4	110969111	110969871	760	760	11.00	55.00	27.66	25.00	21023.00
chr1	145693161	145693996	835	835	4.00	65.00	28.10	26.00	23462.00
chr7	44282848	44282932	84	84	771.00	878.00	815.95	819.50	68540.00
chr2	220164315	220164508	193	193	10.00	754.00	330.39	25.00	63765.00
chr12	50472203	50472360	157	157	73.00	97.00	87.04	87.00	13665.00
chr2	220163768	220163833	65	65	644.00	753.00	701.85	712.00	45620.00
chr2	222289928	222290862	934	934	146.00	337.00	244.04	240.00	227938.00
chr12	57599133	57599268	135	135	337.00	518.00	421.11	405.00	56850.00
chr7	157475416	157475629	213	213	400.00	630.00	522.00	538.00	111186.00
chr1	32203800	32203927	127	127	541.00	1094.00	851.87	923.00	108188.00
chr1	109811731	109811912	181	181	399.00	669.00	556.02	574.00	100639.00
chr9	140052830	140052975	145	145	1279.00	2914.00	2241.05	2397.00	324952.00
chr2	220161706	220161854	148	148	1121.00	1930.00	1559.45	1606.50	230798.00
chr16	29896906	29897070	164	164	720.00	1199.00	1016.77	1086.00	166750.00
chr16	47143393	47143622	229	229	82.00	116.00	100.57	101.00	23030.00
chr11	993753	993985	232	232	211.00	477.00	340.42	323.00	78978.00
chr9	124059698	124061137	1439	1439	0.00	17.00	5.88	5.00	8462.00
chr9	140350140	140350634	494	494	5.00	32.00	19.64	20.00	9700.00
chr11	14504577	14504697	120	120	32.00	67.00	49.84	49.50	5981.00
chr3	49898612	49898733	121	121	560.00	848.00	723.69	705.00	87566.00
chr9	131811659	131811777	118	118	36.00	69.00	47.27	44.00	5578.00
chr9	131810705	131810818	113	113	53.00	67.00	60.24	61.00	6807.00
chr1	223400935	223401080	145	145	125.00	205.00	169.12	172.00	24522.00
chr12	125612185	125612820	635	635	3.00	209.00	39.44	14.00	25046.00
chr2	220088590	220088744	154	154	163.00	228.00	196.81	197.50	30309.00
chr9	70888487	70888750	263	263	0.00	23.00	14.94	16.00	3928.00
chr14	69813756	69813898	142	142	82.00	166.00	112.70	108.00	16003.00
chr2	47399145	47399890	745	745	2.00	321.00	28.81	29.00	21464.00
chr11	62688689	62689041	352	352	8.00	162.00	47.20	22.50	16615.00
chr6	43745205	43745407	202	202	2.00	56.00	48.04	49.00	9704.00
chr3	11072492	11072997	505	505	4.00	455.00	98.03	19.00	49504.00
chr7	2696031	2696168	137	137	333.00	520.00	447.07	446.00	61249.00
chr16	14969196	14969279	83	83	531.00	823.00	710.82	754.00	58998.00
chr17	7377847	7378026	179	179	5.00	9.00	6.56	6.00	1174.00
chr12	65639640	65639719	79	79	51.00	87.00	69.23	69.00	5469.00
chr12	50294912	50295108	196	196	1178.00	1888.00	1394.46	1366.00	273314.00
chr19	42485653	42485788	135	135	2314.00	3676.00	3050.36	3046.00	411799.00
chr10	99509230	99509343	113	113	96.00	237.00	149.06	146.00	16844.00
chr22	38883877	38888120	4243	4243	17.00	570.00	159.48	145.00	676655.00
chr12	49416372	49416658	286	286	73.00	161.00	109.08	96.00	31196.00
chr6	24843089	24843782	693	693	35.00	82.00	51.07	48.00	35392.00
chr5	176295561	176295665	104	104	279.00	356.00	309.07	309.50	32143.00
chr10	99510087	99510227	140	140	179.00	246.00	212.46	208.00	29744.00
chr1	159173658	159174770	1112	1112	22.00	180.00	74.34	63.00	82661.00
chr11	1780745	1780869	124	124	1139.00	1537.00	1341.49	1361.00	166345.00
chr19	42486059	42486258	199	199	1601.00	2289.00	1939.23	1979.00	385907.00
chr3	47465422	47465535	113	113	77.00	153.00	102.04	95.00	11530.00
chr1	21573713	21573856	143	143	55.00	86.00	69.48	72.00	9935.00
chr11	65320330	65320453	123	123	110.00	155.00	141.34	142.00	17385.00
chr3	47462420	47462519	99	99	161.00	197.00	180.10	178.00	17830.00
chr2	219204751	219204864	113	113	90.00	116.00	104.01	105.00	11753.00
chr1	43906123	43906257	134	134	13.00	22.00	17.75	17.00	2379.00
chr7	38785158	38785840	682	682	8.00	234.00	33.96	19.00	23161.00
chr2	153499932	153500058	126	126	79.00	139.00	109.80	115.00	13835.00
chr1	32203011	32203132	121	121	7.00	740.00	555.49	643.00	67214.00
chr22	42290823	42290941	118	118	353.00	596.00	479.50	483.50	56581.00
chr19	47940718	47940818	100	100	674.00	927.00	778.15	759.00	77815.00
chr4	119539150	119539274	124	124	7.00	14.00	11.08	11.00	1374.00
chr17	44117067	44117250	183	183	45.00	68.00	57.89	59.00	10593.00
chr19	42485873	42485983	110	110	1579.00	2298.00	1923.62	2003.50	211598.00
chr6	44114583	44114664	81	81	114.00	175.00	142.20	142.00	11518.00
chr19	47941105	47941292	187	187	7.00	993.00	559.52	752.00	104631.00
chr11	73074250	73074500	250	250	130.00	213.00	173.07	168.00	43268.00
chr3	33418764	33418825	61	61	235.00	356.00	279.51	279.00	17050.00
chr1	700258	700505	247	247	8.00	18.00	12.74	12.00	3146.00
chr9	74319510	74319719	209	209	18.00	54.00	30.18	26.00	6307.00
chr16	2336694	2336968	274	274	202.00	702.00	452.85	479.00	124082.00
chr20	3575125	3575219	94	94	100.00	163.00	118.81	116.00	11168.00
chr9	139231377	139231529	152	152	80.00	107.00	93.57	94.00	14223.00
chr5	140515951	140516498	547	547	5.00	37.00	25.77	29.00	14095.00
chr1	21938208	21938309	101	101	485.00	639.00	571.42	575.00	57713.00
chr3	155659188	155659936	748	748	6.00	106.00	51.38	56.00	38435.00
chr16	27483068	27483241	173	173	109.00	154.00	133.41	139.00	23080.00
chr11	994071	994245	174	174	147.00	276.00	234.55	238.00	40811.00
chr7	71175745	71175913	168	168	410.00	669.00	557.15	585.00	93602.00
chr12	121204065	121204175	110	110	117.00	152.00	139.98	143.00	15398.00
chr7	73118679	73118753	74	74	1350.00	1839.00	1499.72	1472.00	110979.00
chr9	140972565	140972710	145	145	82.00	136.00	113.54	116.00	16463.00
chr12	121683329	121684024	695	695	2.00	25.00	15.25	16.00	10601.00
chr16	74493579	74493687	108	108	98.00	145.00	122.59	127.50	13240.00
chr2	36771518	36771641	123	123	105.00	152.00	126.90	125.00	15609.00
chr7	94187181	94187996	815	815	2.00	21.00	11.95	13.00	9739.00
chr14	94156951	94157239	288	288	6.00	17.00	10.61	11.00	3056.00
chr7	121739000	121739524	524	524	0.00	4.00	1.87	2.00	978.00
chr1	19549117	19549328	211	211	90.00	147.00	115.60	115.00	24391.00
chr19	5214571	5214747	176	176	288.00	632.00	376.98	335.50	66349.00
chr19	42557753	42557861	108	108	197.00	243.00	212.10	209.00	22907.00
chr15	102510686	102510925	239	239	5.00	31.00	19.15	21.00	4576.00
chr5	167673761	167675376	1615	1615	39.00	182.00	78.75	66.00	127187.00
chr7	44282158	44282253	95	95	903.00	1278.00	1077.47	1081.00	102360.00
chr2	160621061	160621717	656	656	4.00	92.00	14.42	10.00	9458.00
chr5	10426501	10426634	133	133	176.00	295.00	242.91	248.00	32307.00
chr16	1814301	1814460	159	159	754.00	892.00	829.29	826.00	131857.00
chr11	21581734	21581928	194	194	109.00	171.00	141.15	140.00	27383.00
chr3	126749085	126749255	170	170	153.00	262.00	196.44	200.00	33394.00
chr11	12237765	12237866	101	101	412.00	638.00	522.79	512.00	52802.00
chr6	31750872	31750963	91	91	71.00	104.00	88.33	88.00	8038.00
chr3	53124201	53124398	197	197	7.00	23.00	15.45	16.00	3043.00
chr2	220161470	220161544	74	74	1469.00	1737.00	1596.51	1589.50	118142.00
chr2	128951046	128951785	739	739	10.00	68.00	34.16	34.00	25243.00
chr5	24535811	24535931	120	120	104.00	151.00	124.95	125.00	14994.00
chr1	44083406	44083582	176	176	251.00	481.00	351.95	336.00	61943.00
chr1	32207653	32207818	165	165	353.00	630.00	466.77	454.00	77017.00
chr12	7293754	7294000	246	246	12.00	1479.00	773.50	967.50	190282.00
chr3	131442289	131442469	180	180	98.00	126.00	108.96	108.00	19612.00
chr3	49898871	49899298	427	427	37.00	1036.00	420.38	559.00	179502.00
chr16	66432358	66432464	106	106	6.00	18.00	10.87	10.00	1152.00
chr1	20982593	20982680	87	87	185.00	323.00	254.90	252.00	22176.00
chr16	68398653	68398809	156	156	64.00	78.00	71.04	71.00	11082.00
chr17	16676818	16678279	1461	1461	3.00	26.00	14.71	15.00	21495.00
chr1	109814899	109815027	128	128	286.00	459.00	374.39	376.50	47922.00
chr1	21940478	21940582	104	104	709.00	977.00	865.33	883.00	89994.00
chr20	57468284	57468793	509	509	3.00	17.00	10.51	11.00	5350.00
chr3	127358087	127358366	279	279	132.00	401.00	271.91	265.00	75863.00
chr3	126735359	126735527	168	168	144.00	213.00	171.02	168.50	28732.00
chr10	103869140	103869264	124	124	273.00	377.00	336.72	357.00	41753.00
chr20	44520554	44520666	112	112	107.00	151.00	128.69	124.00	14413.00
chr1	32203252	32203356	104	104	536.00	755.00	660.67	686.00	68710.00
chr21	40186196	40186316	120	120	171.00	239.00	202.27	203.50	24272.00
chr5	111067153	111068349	1196	1196	4.00	66.00	26.89	23.00	32156.00
chr9	128002954	128003186	232	232	271.00	580.00	422.99	450.50	98134.00
chr1	43408896	43408992	96	96	183.00	255.00	216.77	213.00	20810.00
chr3	47463931	47464026	95	95	159.00	213.00	189.87	192.00	18038.00
chr2	220161160	220161238	78	78	1292.00	1566.00	1399.31	1412.50	109146.00
chr11	62472772	62473089	317	317	901.00	1846.00	1369.08	1401.00	433999.00
chr9	130986341	130986906	565	565	13.00	682.00	162.38	31.00	91743.00
chr14	69358769	69359000	231	231	262.00	414.00	336.00	336.00	77616.00
chr11	64416205	64416379	174	174	200.00	349.00	289.75	300.00	50416.00
chr17	8398454	8398559	105	105	330.00	504.00	405.68	382.00	42596.00
chr12	53572943	53574193	1250	1250	3.00	71.00	26.85	23.00	33560.00
chr17	17696544	17701827	5283	5283	33.00	241.00	84.65	82.00	447182.00
chr8	11705187	11705331	144	144	985.00	1612.00	1451.40	1500.00	209001.00
chr19	54963829	54963931	102	102	264.00	319.00	287.20	287.00	29294.00
chr2	70451682	70456295	4613	4613	3.00	101.00	18.62	16.00	85912.00
chr11	118873959	118874169	210	210	9.00	19.00	15.99	16.00	3357.00
chr10	75548427	75548581	154	154	47.00	66.00	57.53	58.00	8860.00
chr6	33414351	33414563	212	212	464.00	850.00	715.48	718.00	151681.00
chr17	80042910	80043032	122	122	185.00	248.00	216.49	214.00	26412.00
chr11	11470290	11470483	193	193	54.00	103.00	80.65	82.00	15566.00
chr8	23294446	23294771	325	325	82.00	188.00	116.80	109.00	37961.00
chr1	116932060	116932663	603	603	4.00	2079.00	709.47	17.00	427812.00
chr15	83222627	83222741	114	114	47.00	58.00	52.23	52.00	5954.00
chr3	9841562	9841751	189	189	10.00	19.00	14.55	15.00	2750.00
chr1	116937731	116937907	176	176	1329.00	2837.00	1715.05	1456.50	301849.00
chr16	87868019	87868197	178	178	162.00	212.00	182.53	183.00	32490.00
chr3	124209540	124209731	191	191	457.00	663.00	584.68	588.00	111673.00
chr7	71142195	71142291	96	96	517.00	663.00	566.04	553.50	54340.00
chr5	130497324	130497584	260	260	6.00	16.00	11.03	12.00	2867.00
chr13	100199238	100199358	120	120	186.00	284.00	223.75	222.00	26850.00
chr5	139943336	139943506	170	170	16.00	180.00	145.19	150.50	24683.00
chr17	74395529	74396002	473	473	73.00	219.00	154.39	156.00	73027.00
chr14	93179149	93179216	67	67	129.00	164.00	147.31	149.00	9870.00
chr4	160277004	160277310	306	306	63.00	261.00	191.02	218.00	58452.00
chr17	40666306	40666478	172	172	626.00	987.00	805.49	856.50	138544.00
chr15	34828065	34828207	142	142	4.00	185.00	118.99	125.50	16896.00
chr14	100165802	100165876	74	74	439.00	510.00	479.53	479.50	35485.00
chr22	20128089	20128231	142	142	6.00	176.00	101.33	138.00	14389.00
chr12	3392210	3394421	2211	2211	11.00	84.00	39.72	38.00	87813.00
chr17	16687866	16690667	2801	2801	0.00	70.00	8.84	5.00	24748.00
chr6	31664724	31664810	86	86	111.00	178.00	144.66	144.00	12441.00
chr6	30627512	30627611	99	99	41.00	53.00	47.45	48.00	4698.00
chr11	18752834	18755060	2226	2226	5.00	625.00	75.68	35.00	168456.00
chr12	109332602	109332731	129	129	454.00	607.00	508.88	497.00	65645.00
chr6	90072884	90073110	226	226	9.00	21.00	13.91	14.00	3143.00
chr16	2689371	2689711	340	340	0.00	1.00	0.29	0.00	100.00
chr1	20987373	20987484	111	111	150.00	212.00	188.99	191.00	20978.00
chr14	85985300	85986667	1367	1367	1.00	21.00	8.77	9.00	11982.00
chr13	32863769	32863880	111	111	116.00	144.00	129.90	129.00	14419.00
chr16	1510418	1510528	110	110	68.00	102.00	85.55	84.50	9411.00
chr19	54963269	54963444	175	175	266.00	382.00	322.08	327.00	56364.00
chr6	44224078	44224233	155	155	28.00	44.00	36.69	37.00	5687.00
chr20	3151172	3152285	1113	1113	10.00	46.00	27.64	27.00	30760.00
chr1	892273	892405	132	132	92.00	209.00	128.09	105.00	16908.00
chr16	90192167	90192724	557	557	4.00	32.00	19.72	22.00	10985.00
chr9	111663704	111663810	106	106	72.00	85.00	78.00	78.00	8268.00
chr6	44108764	44108835	71	71	163.00	228.00	198.27	200.00	14077.00
chr1	36028802	36029027	225	225	1528.00	2734.00	2163.48	2128.00	486784.00
chr11	66807259	66807674	415	415	11.00	205.00	150.79	157.00	62579.00
chr1	178426817	178427679	862	862	37.00	89.00	56.74	57.00	48914.00
chr19	42482302	42482478	176	176	1999.00	4290.00	2612.99	2368.50	459887.00
chr1	44084718	44084873	155	155	172.00	474.00	294.30	284.00	45617.00
chr1	109812315	109812442	127	127	348.00	550.00	429.91	431.00	54598.00
chr3	180324268	180324391	123	123	70.00	123.00	103.98	109.00	12790.00
chr15	63933668	63933842	174	174	113.00	219.00	168.71	157.00	29356.00
chr20	44521363	44521519	156	156	117.00	164.00	143.65	143.00	22410.00
chr3	33416779	33416910	131	131	149.00	269.00	207.13	207.00	27134.00
chr1	21934624	21934843	219	219	3.00	648.00	298.05	386.00	65273.00
chr14	69799801	69799886	85	85	49.00	60.00	54.42	54.00	4626.00
chr1	116936134	116936345	211	211	1.00	1810.00	1456.02	1544.00	307220.00
chr14	23634493	23634645	152	152	34.00	72.00	54.53	61.50	8289.00
chr16	1402538	1402947	409	409	10.00	28.00	16.04	14.00	6559.00
chr9	20331	25000	4669	4669	0.00	99.00	18.83	18.00	87926.00
chr17	43545574	43545959	385	385	14.00	34.00	22.51	22.00	8668.00
chr13	100201418	100201476	58	58	203.00	284.00	242.53	243.50	14067.00
chr15	41865505	41865665	160	160	346.00	689.00	490.93	526.50	78548.00
chr19	19641688	19642196	508	508	4.00	17.00	11.55	11.00	5866.00
chr11	134147593	134148159	566	566	13.00	30.00	21.95	22.00	12422.00
chr2	71656420	71657290	870	870	3.00	20.00	9.31	8.00	8099.00
chr7	97834775	97835016	241	241	162.00	256.00	206.13	206.00	49677.00
chr19	13363804	13363915	111	111	100.00	159.00	132.02	135.00	14654.00
chr18	31328383	31329011	628	628	6.00	25.00	14.14	14.00	8882.00
chr16	66431884	66432009	125	125	17.00	33.00	24.84	25.00	3105.00
chr19	47935155	47935702	547	547	7.00	1847.00	608.89	591.00	333061.00
chr12	50291769	50291873	104	104	811.00	1178.00	970.24	959.50	100905.00
chr11	1780198	1780317	119	119	656.00	1199.00	856.03	855.00	101868.00
chr15	65392626	65393167	541	541	8.00	42.00	19.96	17.00	10800.00
chr2	86397871	86397967	96	96	83.00	163.00	124.07	123.50	11911.00
chr7	97866087	97866233	146	146	104.00	184.00	136.38	135.00	19911.00
chr11	60687157	60687402	245	245	77.00	112.00	92.31	90.00	22617.00
chr21	43307700	43309453	1753	1753	3.00	52.00	24.60	21.00	43131.00
chr14	24619269	24619657	388	388	20.00	57.00	31.92	29.50	12386.00
chr11	65320634	65320727	93	93	71.00	115.00	87.01	87.00	8092.00
chr16	29891184	29891385	201	201	727.00	995.00	870.44	878.00	174959.00
chr1	32207224	32207326	102	102	996.00	1287.00	1131.38	1125.00	115401.00
chr11	72300218	72300394	176	176	5.00	731.00	236.51	7.00	41625.00
chr17	7608878	7609038	160	160	22.00	173.00	84.77	82.50	13563.00
chr19	7607646	7607814	168	168	100.00	170.00	135.48	139.50	22760.00
chr19	54966129	54966271	142	142	132.00	222.00	192.52	207.00	27338.00
chr12	57995027	57995131	104	104	145.00	174.00	159.08	159.00	16544.00
chr1	27428875	27429049	174	174	70.00	117.00	92.63	91.00	16118.00
chr2	27688277	27688385	108	108	30.00	68.00	50.97	54.00	5505.00
chr16	2691449	2692254	805	805	0.00	14.00	1.44	1.00	1163.00
chr9	131503813	131503933	120	120	251.00	356.00	308.87	319.50	37064.00
chr16	2347766	2347922	156	156	174.00	286.00	225.23	219.00	35136.00
chr17	80039884	80040036	152	152	306.00	403.00	352.31	345.00	53551.00
chr1	32204432	32204538	106	106	904.00	1239.00	1079.75	1087.00	114454.00
chr12	9242951	9243078	127	127	101.00	134.00	118.09	117.00	14997.00
chr3	49702661	49702751	90	90	239.00	276.00	257.58	258.00	23182.00
chr19	35820359	35820837	478	478	0.00	4.00	1.56	2.00	744.00
chr1	201456762	201457615	853	853	2.00	9.00	4.96	5.00	4231.00
chr16	2334279	2334438	159	159	149.00	203.00	179.54	179.00	28547.00
chr10	73578373	73578481	108	108	2220.00	2844.00	2511.31	2498.50	271221.00
chr16	18530550	18530756	206	206	3.00	653.00	287.39	419.50	59202.00
chr16	16369094	16369300	206	206	3.00	649.00	292.39	428.50	60233.00
chr13	113975636	113975785	149	149	5.00	362.00	153.40	10.00	22856.00
chr11	119293822	119294227	405	405	18.00	6060.00	636.87	92.00	257933.00
chr5	150505962	150506041	79	79	1190.00	1783.00	1419.86	1404.00	112169.00
chr22	44224939	44225078	139	139	940.00	1276.00	1077.42	1060.00	149762.00
chr15	41865199	41865309	110	110	289.00	362.00	322.00	310.00	35420.00
chr17	25633807	25636298	2491	2491	14.00	337.00	110.69	114.00	275720.00
chr15	72495155	72495529	374	374	9.00	3458.00	1258.14	24.00	470545.00
chr9	42540272	42542124	1852	1852	2.00	18.00	8.81	9.00	16320.00
chr11	119290760	119291704	944	944	6.00	7142.00	1921.49	22.00	1813889.00
chr19	5219949	5220165	216	216	281.00	507.00	376.89	347.50	81408.00
chr15	63910769	63911153	384	384	6.00	28.00	11.83	8.00	4542.00
chr17	74393879	74393969	90	90	191.00	230.00	210.39	210.00	18935.00
chr10	104129467	104129532	65	65	79.00	98.00	85.02	84.00	5526.00
chr3	142454224	142454620	396	396	2.00	14.00	6.86	6.00	2715.00
chr12	121205196	121205396	200	200	135.00	225.00	177.59	179.00	35519.00
chr3	31705570	31705724	154	154	16.00	35.00	27.25	29.00	4196.00
chr6	118635190	118636593	1403	1403	12.00	141.00	84.57	81.00	118650.00
chr8	10339867	10340829	962	962	5.00	42.00	21.18	19.00	20378.00
chr19	16952578	16952779	201	201	130.00	208.00	169.91	172.00	34152.00
chr8	110984486	110985016	530	530	120.00	260.00	194.79	191.00	103237.00
chr9	128001219	128001610	391	391	323.00	869.00	647.91	688.00	253334.00
chr11	73070878	73070997	119	119	131.00	200.00	172.92	178.00	20577.00
chr10	104130140	104130235	95	95	63.00	87.00	74.35	74.00	7063.00
chr5	95733039	95733173	134	134	186.00	270.00	227.52	223.00	30488.00
chr19	59059400	59059547	147	147	187.00	266.00	223.95	218.00	32920.00
chr5	139943169	139943255	86	86	15.00	147.00	104.77	110.00	9010.00
chr17	73487771	73487981	210	210	60.00	167.00	106.20	97.50	22303.00
chr1	154315588	154315777	189	189	21.00	37.00	30.67	31.00	5797.00
chr14	95652726	95653070	344	344	1.00	7.00	4.06	5.00	1395.00
chr12	123639801	123640772	971	971	6.00	27.00	15.45	16.00	15001.00
chr22	47064870	47065171	301	301	2.00	12.00	6.94	6.00	2090.00
chr5	24535220	24535388	168	168	68.00	127.00	107.60	113.00	18076.00
chr12	6806452	6806958	506	506	249.00	583.00	337.18	328.00	170612.00
chr22	29881711	29881836	125	125	205.00	253.00	226.60	225.00	28325.00
chr7	75894681	75894786	105	105	74.00	156.00	114.92	114.00	12067.00
chr12	121089007	121095893	6886	6886	6.00	166.00	63.86	59.00	439731.00
chr1	207940357	207942365	2008	2008	3.00	152.00	27.42	20.00	55056.00
chr7	154681166	154681240	74	74	280.00	368.00	326.14	325.00	24134.00
chr5	131696513	131697529	1016	1016	3.00	24.00	11.10	10.00	11273.00
chr11	1776135	1776258	123	123	324.00	748.00	491.99	489.00	60515.00
chr8	11706554	11706673	119	119	976.00	1368.00	1150.59	1128.00	136920.00
chr11	18759426	18759511	85	85	343.00	430.00	389.20	391.00	33082.00
chr16	61689373	61689625	252	252	76.00	102.00	86.10	85.50	21698.00
chr15	51750702	51750824	122	122	138.00	175.00	155.38	156.00	18956.00
chr9	35555056	35555698	642	642	217.00	705.00	441.35	470.00	283348.00
chr2	198356200	198356621	421	421	1.00	10.00	4.94	5.00	2080.00
chr9	131001723	131001794	71	71	2851.00	3247.00	3111.17	3121.00	220893.00
chr19	5214371	5214491	120	120	399.00	637.00	559.05	572.50	67086.00
chr22	35719488	35719623	135	135	118.00	192.00	163.70	173.00	22099.00
chr12	121678738	121679829	1091	1091	9.00	42.00	24.14	24.00	26336.00
chr14	23820960	23821064	104	104	1412.00	1698.00	1585.64	1614.00	164907.00
chr1	32205710	32205779	69	69	664.00	912.00	779.93	790.00	53815.00
chr3	33420176	33420326	150	150	10.00	346.00	112.59	17.00	16888.00
chr9	114820707	114820966	259	259	27.00	61.00	39.28	36.00	10174.00
chr15	41865876	41866023	147	147	17.00	772.00	625.44	663.00	91939.00
chr19	55554308	55554637	329	329	5.00	14.00	8.55	8.00	2812.00
chr1	116933403	116933513	110	110	1247.00	1997.00	1657.87	1615.00	182366.00
chr19	15374230	15374359	129	129	70.00	159.00	123.78	136.00	15967.00
chr12	56090682	56090852	170	170	35.00	54.00	44.12	45.00	7500.00
chr14	69445668	69445876	208	208	99.00	366.00	259.41	283.50	53957.00
chr12	57603474	57603651	177	177	158.00	316.00	242.28	251.00	42883.00
chr22	32897492	32898946	1454	1454	6.00	105.00	46.72	43.00	67927.00
chr16	16367702	16367764	62	62	9.00	504.00	225.21	240.00	13963.00
chr19	5245786	5246056	270	270	192.00	441.00	304.84	308.00	82308.00
chr16	74345440	74345829	389	389	9.00	19.00	13.72	14.00	5339.00
chr6	107096899	107097076	177	177	27.00	44.00	34.77	32.00	6154.00
chr1	29641883	29642019	136	136	39.00	54.00	44.34	44.00	6030.00
chr8	97342440	97342509	69	69	113.00	148.00	126.19	124.00	8707.00
chr8	68116914	68117054	140	140	46.00	92.00	70.54	72.00	9875.00
chr22	22037470	22037546	76	76	49.00	73.00	60.79	57.50	4620.00
chr22	50682147	50683420	1273	1273	12.00	119.00	70.68	69.00	89982.00
chr20	44048971	44049069	98	98	170.00	207.00	186.70	187.00	18297.00
chr1	36904356	36904511	155	155	26.00	55.00	40.77	40.00	6320.00
chr12	71054719	71054877	158	158	75.00	120.00	93.58	95.00	14785.00
chr15	50654364	50655515	1151	1151	5.00	29.00	16.62	17.00	19132.00
chr2	234198499	234198620	121	121	35.00	67.00	55.16	58.00	6674.00
chr9	128001699	128001812	113	113	359.00	418.00	392.46	394.00	44348.00
chr8	38272296	38272419	123	123	50.00	69.00	60.62	61.00	7456.00
chr11	73068069	73068179	110	110	95.00	157.00	128.86	133.00	14175.00
chr16	28123137	28123327	190	190	142.00	207.00	174.27	173.00	33112.00
chr12	49424062	49424222	160	160	29.00	61.00	42.63	39.00	6821.00
chr19	50302885	50303023	138	138	321.00	619.00	484.01	502.00	66793.00
chr19	42480567	42480718	151	151	4156.00	6227.00	5010.92	5029.00	756649.00
chr3	197904395	197905301	906	906	0.00	37.00	15.59	15.00	14127.00
chr13	100189992	100190117	125	125	147.00	228.00	193.76	197.00	24220.00
chr19	14268062	14268272	210	210	375.00	571.00	462.52	457.50	97130.00
chr10	93786886	93787057	171	171	41.00	85.00	55.37	53.00	9469.00
chr1	109808726	109808828	102	102	191.00	259.00	222.39	224.00	22684.00
chr4	134075461	134075520	59	59	227.00	287.00	245.93	242.00	14510.00
chr1	22052268	22053864	1596	1596	3.00	26.00	9.79	9.00	15625.00
chr9	140056855	140056968	113	113	1676.00	2169.00	1967.31	1993.00	222306.00
chr19	42482087	42482224	137	137	4342.00	5901.00	5333.58	5389.00	730700.00
chr19	4556962	4557025	63	63	857.00	1104.00	928.05	912.00	58467.00
chr19	14266921	14267013	92	92	266.00	382.00	334.39	331.00	30764.00
chr22	42273851	42274127	276	276	3.00	1012.00	512.91	629.00	141562.00
chr1	205549788	205550049	261	261	337.00	548.00	443.01	440.00	115625.00
chr1	110765585	110766522	937	937	61.00	187.00	109.27	102.00	102382.00
chr19	55553595	55554158	563	563	5.00	24.00	12.72	12.00	7160.00
chr7	150929881	150931360	1479	1479	16.00	96.00	47.68	47.00	70520.00
chr3	124215157	124215260	103	103	448.00	738.00	638.73	678.00	65789.00
chr16	58220658	58220760	102	102	100.00	158.00	127.04	117.00	12958.00
chr3	10381925	10382033	108	108	913.00	1158.00	1044.54	1054.50	112810.00
chr10	11356101	11356221	120	120	104.00	173.00	127.91	119.00	15349.00
chr22	42294652	42294785	133	133	360.00	580.00	493.90	495.00	65689.00
chr1	2005531	2005714	183	183	10.00	51.00	28.81	29.00	5272.00
chr12	113722522	113722576	54	54	35.00	41.00	37.70	38.00	2036.00
chr9	131502198	131502398	200	200	10.00	481.00	356.31	365.00	71262.00
chr19	40873602	40873786	184	184	1493.00	2801.00	2293.95	2382.00	422087.00
chr2	220162606	220162825	219	219	447.00	909.00	645.50	653.00	141364.00
chr16	28270027	28270355	328	328	24.00	113.00	62.24	57.00	20414.00
chr4	3225718	3225858	140	140	155.00	234.00	205.70	214.00	28798.00
chr17	44127898	44128070	172	172	46.00	68.00	58.91	60.00	10133.00
chr3	47462043	47462262	219	219	121.00	182.00	141.48	138.00	30984.00
chr6	99873090	99873182	92	92	7.00	249.00	111.04	91.00	10216.00
chr7	142561723	142562504	781	781	273.00	772.00	504.69	498.00	394163.00
chr1	159169540	159169666	126	126	1367.00	1863.00	1638.10	1678.00	206401.00
chr19	7606869	7606953	84	84	86.00	131.00	105.73	99.50	8881.00
chr16	2811561	2818298	6737	6737	6.00	580.00	264.01	262.00	1778656.00
chr3	47450652	47450807	155	155	37.00	55.00	46.15	46.00	7153.00
chr11	118403631	118403922	291	291	118.00	178.00	143.60	140.00	41787.00
chr1	205555161	205555335	174	174	328.00	440.00	382.22	380.50	66507.00
chr12	125603186	125603311	125	125	118.00	220.00	169.98	165.00	21247.00
chr11	86658288	86659498	1210	1210	2.00	36.00	14.83	14.00	17942.00
chr22	37764946	37768745	3799	3799	10.00	326.00	141.85	130.00	538900.00
chr10	46345664	46346215	551	551	2.00	22.00	12.94	14.00	7129.00
chr22	33673045	33673241	196	196	223.00	668.00	397.32	336.50	77875.00
chr9	140042599	140042666	67	67	13.00	288.00	218.25	230.00	14623.00
chr3	48717233	48717320	87	87	100.00	143.00	115.68	114.00	10064.00
chr11	60681600	60681740	140	140	20.00	87.00	52.29	44.00	7321.00
chr10	93784512	93784724	212	212	37.00	53.00	43.91	43.50	9308.00
chr12	7289424	7290372	948	948	6.00	1078.00	274.65	20.00	260365.00
chr3	132387062	132387526	464	464	0.00	14.00	8.09	9.00	3756.00
chr16	2335442	2335647	205	205	244.00	342.00	296.57	297.00	60796.00
chr16	1794782	1797276	2494	2494	9.00	635.00	87.57	38.00	218394.00
chr16	3786036	3786204	168	168	87.00	179.00	121.99	116.50	20495.00
chr9	141131209	141131766	557	557	0.00	13.00	6.67	8.00	3717.00
chr14	92965028	92966015	987	987	5.00	27.00	16.66	17.00	16445.00
chr19	54692070	54692200	130	130	255.00	548.00	414.04	365.50	53825.00
chr15	43866006	43866230	224	224	96.00	167.00	130.27	127.00	29180.00
chr3	40231316	40231954	638	638	74.00	128.00	105.58	109.00	67359.00
chr3	50148937	50149455	518	518	4.00	31.00	12.81	12.00	6635.00
chr4	81117505	81117755	250	250	53.00	102.00	77.12	79.00	19281.00
chr10	46740404	46740638	234	234	0.00	16.00	8.05	7.00	1884.00
chr3	124210169	124210271	102	102	383.00	584.00	488.99	478.00	49877.00
chr11	107488830	107488932	102	102	237.00	334.00	278.61	273.00	28418.00
chr9	130591965	130592106	141	141	73.00	102.00	87.79	87.00	12378.00
chr1	20981932	20982027	95	95	220.00	303.00	269.07	270.00	25562.00
chr12	75875613	75875859	246	246	27.00	47.00	36.51	36.00	8982.00
chr22	32046684	32046764	80	80	59.00	100.00	83.26	88.50	6661.00
chr11	70331418	70331658	240	240	56.00	290.00	153.70	168.00	36887.00
chr14	51079976	51080069	93	93	290.00	381.00	329.10	327.00	30606.00
chr17	80041077	80041301	224	224	271.00	596.00	428.43	409.00	95969.00
chr7	158540884	158540971	87	87	130.00	223.00	163.55	155.00	14229.00
chr1	21553651	21553719	68	68	39.00	74.00	56.09	57.50	3814.00
chr2	219206256	219206349	93	93	79.00	104.00	92.28	91.00	8582.00
chr17	18444211	18445242	1031	1031	7.00	28.00	16.55	16.00	17066.00
chr12	57599340	57599460	120	120	300.00	400.00	358.34	364.00	43001.00
chr11	64417919	64418110	191	191	293.00	556.00	452.97	457.00	86517.00
chr19	3274926	3275650	724	724	13.00	50.00	27.14	25.00	19648.00
chr16	18532086	18532305	219	219	480.00	878.00	609.18	556.00	133410.00
chr17	3776702	3776756	54	54	496.00	622.00	573.48	592.00	30968.00
chr1	116932670	116933033	363	363	2.00	2463.00	1127.77	1750.00	409382.00
chr16	1505731	1505796	65	65	142.00	164.00	151.35	151.00	9838.00
chr1	9794029	9794200	171	171	2436.00	3030.00	2723.84	2732.00	465777.00
chr10	73579221	73579379	158	158	1949.00	3020.00	2375.10	2368.50	375266.00
chr11	6411684	6412146	462	462	25.00	111.00	67.51	73.00	31190.00
chr1	159163212	159163350	138	138	827.00	1406.00	1018.75	989.50	140587.00
chr16	1816723	1816804	81	81	486.00	697.00	596.56	615.00	48321.00
chr7	91722399	91722630	231	231	3.00	59.00	46.23	49.00	10678.00
chr7	44281816	44281939	123	123	1015.00	1235.00	1109.88	1108.00	136515.00
chr2	220467189	220467297	108	108	15.00	32.00	25.46	26.00	2750.00
chr16	4494664	4494729	65	65	148.00	185.00	171.32	173.00	11136.00
chr15	34681844	34681986	142	142	3.00	286.00	177.52	186.00	25208.00
chr9	139995935	139996124	189	189	59.00	107.00	82.12	80.00	15521.00
chr3	180324040	180324160	120	120	63.00	102.00	89.58	93.00	10750.00
chr3	42678359	42681242	2883	2883	21.00	103.00	50.32	47.00	145071.00
chr7	131812776	131815333	2557	2557	4.00	136.00	69.63	70.00	178052.00
chr20	1585387	1585522	135	135	26.00	591.00	301.74	304.00	40735.00
chr3	126751229	126751442	213	213	203.00	273.00	240.01	241.00	51122.00
chr15	63920875	63921014	139	139	125.00	226.00	174.41	182.00	24243.00
chr16	2040128	2040202	74	74	91.00	266.00	176.26	178.00	13043.00
chr9	74324174	74324390	216	216	20.00	34.00	27.09	27.00	5852.00
chr20	44521858	44521950	92	92	119.00	156.00	140.10	139.00	12889.00
chr9	139911647	139911798	151	151	146.00	261.00	210.96	214.00	31855.00
chr9	140055507	140055649	142	142	2261.00	3523.00	2921.19	2887.50	414809.00
chr12	120148055	120148191	136	136	131.00	186.00	153.18	151.00	20832.00
chr12	50474280	50474372	92	92	78.00	96.00	86.17	85.50	7928.00
chr15	63125702	63125828	126	126	181.00	289.00	218.40	212.50	27519.00
chr9	20907148	20907241	93	93	64.00	79.00	73.47	74.00	6833.00
chr16	87874655	87874761	106	106	106.00	145.00	123.45	122.00	13086.00
chr2	162833269	162833460	191	191	10.00	573.00	317.51	477.00	60645.00
chr8	11704560	11704677	117	117	750.00	996.00	828.68	821.00	96955.00
chr15	63926931	63927087	156	156	162.00	224.00	197.10	196.00	30748.00
chr6	31668718	31668805	87	87	91.00	172.00	138.91	142.00	12085.00
chr7	148910792	148910906	114	114	30.00	64.00	49.17	55.50	5605.00
chr14	42355808	42357213	1405	1405	39.00	126.00	68.22	62.00	95845.00
chr10	88678928	88679226	298	298	13.00	27.00	20.69	21.00	6166.00
chr3	140998219	140998346	127	127	36.00	58.00	49.65	52.00	6306.00
chr1	144859758	144859998	240	240	59.00	132.00	100.89	113.00	24213.00
chr9	96054772	96055455	683	683	64.00	315.00	177.39	174.00	121156.00
chr19	7604803	7604944	141	141	79.00	172.00	117.66	117.00	16590.00
chr12	30906277	30907432	1155	1155	7.00	93.00	41.31	35.00	47711.00
chr9	131112762	131112854	92	92	125.00	319.00	243.57	262.50	22408.00
chr20	61981328	61982379	1051	1051	55.00	175.00	116.50	116.00	122445.00
chr7	38431348	38431618	270	270	242.00	420.00	309.63	310.00	83601.00
chr20	44521036	44521123	87	87	117.00	158.00	139.09	140.00	12101.00
chr11	64418726	64419108	382	382	280.00	457.00	367.27	363.00	140298.00
chr12	120148344	120150270	1926	1926	8.00	341.00	47.76	25.00	91992.00
chr12	6930971	6931066	95	95	43.00	516.00	297.72	312.00	28283.00
chr16	2339434	2339621	187	187	134.00	201.00	165.74	161.00	30994.00
chr2	27700083	27700187	104	104	24.00	37.00	31.83	34.00	3310.00
chr14	69805367	69805494	127	127	55.00	134.00	98.77	92.00	12544.00
chr12	9242497	9242619	122	122	120.00	174.00	149.69	155.00	18262.00
chr3	58256658	58256791	133	133	49.00	113.00	75.98	71.00	10106.00
chr10	79744927	79745098	171	171	77.00	138.00	106.30	105.00	18178.00
chr1	159161725	159161866	141	141	684.00	1056.00	930.24	966.00	131164.00
chr16	31085202	31085519	317	317	15.00	48.00	32.94	31.00	10443.00
chr1	171755018	171755218	200	200	36.00	63.00	53.49	55.00	10698.00
chr9	130988124	130989280	1156	1156	4.00	1890.00	245.89	47.00	284254.00
chr15	63127935	63127998	63	63	180.00	226.00	202.00	202.00	12726.00
chr19	1917676	1917821	145	145	4.00	116.00	91.15	101.00	13217.00
chr22	25315792	25315960	168	168	51.00	89.00	73.20	75.00	12298.00
chr2	207943790	207945085	1295	1295	7.00	62.00	33.04	33.00	42790.00
chr11	47330706	47330952	246	246	5.00	602.00	283.06	14.00	69633.00
chr3	142743978	142746095	2117	2117	0.00	113.00	14.92	10.00	31579.00
chr7	44839492	44839694	202	202	1.00	16.00	8.12	9.00	1640.00
chr22	31688260	31688471	211	211	7.00	89.00	57.98	69.00	12233.00
chr11	66333492	66333638	146	146	340.00	479.00	435.31	441.00	63555.00
chr9	131114916	131115026	110	110	273.00	354.00	322.07	324.00	35428.00
chr1	20206	21013	807	807	2.00	65.00	31.84	35.00	25695.00
chr11	108216469	108216635	166	166	22.00	38.00	27.58	26.00	4578.00
chr1	209778880	209779019	139	139	154.00	264.00	217.09	221.00	30175.00
chr1	202935876	202936026	150	150	73.00	119.00	97.51	97.00	14626.00
chr12	57600255	57600524	269	269	264.00	493.00	385.72	395.00	103759.00
chr19	15233503	15233615	112	112	43.00	63.00	51.98	51.00	5822.00
chr8	68115317	68115486	169	169	57.00	105.00	86.08	88.00	14548.00
chr19	13419229	13419342	113	113	98.00	136.00	114.66	112.00	12957.00
chr6	33266815	33267130	315	315	4.00	14.00	9.41	9.00	2963.00
chr16	89780611	89781646	1035	1035	3.00	31.00	16.38	16.00	16955.00
chr12	109964162	109964221	59	59	51.00	63.00	57.24	58.00	3377.00
chr22	24491893	24492045	152	152	64.00	96.00	76.62	74.00	11647.00
chr2	242592926	242593025	99	99	137.00	196.00	166.91	162.00	16524.00
chr1	21937944	21938074	130	130	552.00	1049.00	894.02	969.50	116223.00
chr2	223789173	223789313	140	140	160.00	204.00	178.92	177.00	25049.00
chr20	3772318	3772535	217	217	4.00	13.00	6.67	7.00	1447.00
chr16	18531918	18532001	83	83	743.00	979.00	882.28	924.00	73229.00
chr1	43396296	43396537	241	241	169.00	258.00	202.44	196.00	48787.00
chr2	100037960	100038115	155	155	29.00	51.00	42.54	45.00	6594.00
chr16	1500497	1500770	273	273	8.00	146.00	82.92	117.00	22636.00
chr19	40876016	40876144	128	128	1744.00	2233.00	1995.57	2004.00	255433.00
chr5	168112691	168112932	241	241	52.00	84.00	65.51	64.00	15787.00
chr2	127825738	127825831	93	93	358.00	464.00	408.58	402.00	37998.00
chr1	19232015	19234990	2975	2975	6.00	65.00	29.96	28.00	89130.00
chr16	1391129	1391196	67	67	192.00	230.00	210.43	208.00	14099.00
chr6	33410665	33411689	1024	1024	24.00	444.00	273.41	306.00	279973.00
chr9	95872033	95872266	233	233	1.00	10.00	5.36	5.00	1250.00
chr1	53378627	53378839	212	212	12.00	21.00	15.28	15.00	3240.00
chr2	80531276	80531693	417	417	41.00	133.00	87.45	88.00	36467.00
chr7	44286718	44286791	73	73	745.00	914.00	838.23	852.00	61191.00
chr7	157369304	157369471	167	167	559.00	873.00	696.82	695.00	116369.00
chr11	18755079	18755191	112	112	3.00	401.00	231.29	288.00	25904.00
chr6	86237979	86238080	101	101	76.00	123.00	101.08	100.00	10209.00
chr8	145000951	145001050	99	99	89.00	136.00	117.77	122.00	11659.00
chr19	45167680	45167966	286	286	4.00	12.00	7.29	6.00	2085.00
chr10	48930165	48930400	235	235	0.00	11.00	6.24	7.00	1466.00
chr16	87871450	87871547	97	97	218.00	282.00	243.58	242.00	23627.00
chr1	109815454	109815649	195	195	220.00	370.00	286.89	269.00	55943.00
chr1	208215442	208215711	269	269	95.00	219.00	162.60	158.00	43740.00
chr2	260866	261451	585	585	4.00	26.00	15.79	17.00	9235.00
chr5	180481266	180481724	458	458	3.00	21.00	12.29	11.00	5627.00
chr7	73119479	73119631	152	152	3.00	2313.00	948.36	19.00	144150.00
chr15	34677248	34677358	110	110	306.00	474.00	366.35	337.00	40299.00
chr16	57687114	57687247	133	133	57.00	115.00	78.20	78.00	10401.00
chr15	50649406	50649592	186	186	6.00	24.00	17.35	19.00	3227.00
chr22	21071995	21072066	71	71	1335.00	1489.00	1408.79	1410.00	100024.00
chr5	179200882	179201561	679	679	10.00	36.00	24.48	24.00	16625.00
chr10	98763824	98763979	155	155	209.00	305.00	252.59	250.00	39152.00
chr14	102963315	102963457	142	142	74.00	125.00	92.13	91.00	13082.00
chr1	21932558	21933138	580	580	11.00	829.00	172.98	22.00	100330.00
chr16	28118842	28118998	156	156	125.00	171.00	148.44	150.50	23157.00
chr1	241767561	241767881	320	320	46.00	116.00	76.10	74.00	24351.00
chr11	66812063	66812184	121	121	130.00	211.00	156.24	150.00	18905.00
chr11	12248571	12248678	107	107	427.00	557.00	496.38	487.00	53113.00
chr9	130588788	130588951	163	163	28.00	76.00	44.83	41.00	7308.00
chr22	21068915	21068988	73	73	1068.00	1466.00	1311.81	1334.00	95762.00
chr1	43424304	43424531	227	227	19.00	301.00	195.45	223.00	44368.00
chr14	105852021	105853670	1649	1649	11.00	144.00	26.65	23.00	43946.00
chr15	34823469	34823579	110	110	314.00	483.00	381.26	359.00	41939.00
chr11	171365	172282	917	917	0.00	37.00	16.50	18.00	15127.00
chr22	24493976	24494155	179	179	49.00	116.00	86.93	94.00	15560.00
chr15	79291060	79291167	107	107	409.00	599.00	527.68	533.00	56462.00
chr16	2145904	2146194	290	290	8.00	23.00	14.71	15.00	4267.00
chr9	131503050	131503166	116	116	240.00	392.00	322.01	354.50	37353.00
chr11	61301983	61302579	596	596	21.00	76.00	42.63	39.00	25410.00
chr22	25308609	25308719	110	110	68.00	105.00	85.92	90.00	9451.00
chr12	63977826	63979986	2160	2160	1.00	51.00	16.39	15.00	35406.00
chr19	46928844	46930933	2089	2089	6.00	303.00	124.56	127.00	260213.00
chr16	56969146	56969224	78	78	108.00	132.00	120.45	121.00	9395.00
chr17	40665787	40665996	209	209	5.00	1591.00	588.59	680.00	123015.00
chr9	131669435	131671600	2165	2165	61.00	231.00	129.18	118.00	279683.00
chr2	220164026	220164271	245	245	15.00	820.00	261.53	24.00	64074.00
chr19	7589846	7590052	206	206	53.00	154.00	84.48	76.00	17402.00
chr6	91260186	91260268	82	82	53.00	84.00	69.11	69.00	5667.00
chr9	124543742	124543830	88	88	370.00	462.00	411.35	410.00	36199.00
chr12	54071005	54071170	165	165	2.00	16.00	9.93	10.00	1639.00
chr2	40443	41212	769	769	12.00	31.00	19.21	19.00	14770.00
chr11	67852159	67852747	588	588	4.00	18.00	10.04	9.00	5905.00
chr8	8233762	8234810	1048	1048	11.00	92.00	53.17	52.00	55727.00
chr2	175671113	175672148	1035	1035	4.00	24.00	14.64	15.00	15154.00
chr7	138984922	138985438	516	516	4.00	13.00	7.90	8.00	4076.00
chr22	40816850	40817104	254	254	85.00	183.00	151.43	157.00	38463.00
chr19	14263120	14263249	129	129	341.00	534.00	426.80	428.00	55057.00
chr19	16962222	16962345	123	123	108.00	298.00	225.81	239.00	27775.00
chr1	109813838	109813918	80	80	305.00	424.00	339.77	327.50	27182.00
chr3	49898148	49898562	414	414	1.00	1012.00	454.24	715.00	188054.00
chr17	17131202	17131510	308	308	11.00	115.00	88.90	96.00	27380.00
chr1	21936067	21936139	72	72	294.00	476.00	389.50	419.00	28044.00
chr3	130424404	130424615	211	211	36.00	59.00	47.43	48.00	10008.00
chr12	56532710	56532797	87	87	42.00	55.00	47.52	47.00	4134.00
chr16	29888591	29888788	197	197	461.00	795.00	621.84	599.00	122503.00
chr2	114394588	114396196	1608	1608	1.00	32.00	13.64	12.00	21935.00
chr3	124180736	124180803	67	67	348.00	414.00	378.58	372.00	25365.00
chr9	111798485	111798660	175	175	56.00	97.00	77.67	79.00	13592.00
chr10	73847897	73848372	475	475	8.00	1389.00	442.38	365.00	210130.00
chr22	21075585	21075706	121	121	731.00	1533.00	1205.68	1247.00	145887.00
chr22	20920753	20921104	351	351	49.00	146.00	100.23	110.00	35179.00
chr9	140953020	140953185	165	165	64.00	183.00	117.55	114.00	19395.00
chr22	41620970	41621075	105	105	77.00	94.00	85.81	85.00	9010.00
chr11	6243671	6243839	168	168	44.00	72.00	59.62	61.00	10016.00
chr15	74704225	74704353	128	128	104.00	194.00	153.06	159.50	19592.00
chr3	48719780	48719985	205	205	115.00	200.00	149.00	143.00	30546.00
chr1	222833247	222833348	101	101	67.00	101.00	88.43	89.00	8931.00
chr1	6583675	6584824	1149	1149	6.00	68.00	31.08	29.00	35708.00
chr11	126135857	126135976	119	119	171.00	285.00	218.34	207.00	25983.00
chr8	75156763	75157410	647	647	22.00	74.00	52.40	55.00	33901.00
chr15	83345212	83345389	177	177	179.00	243.00	218.94	223.00	38753.00
chr14	68031638	68032561	923	923	1.00	11.00	5.34	5.00	4933.00
chr19	42479780	42479949	169	169	3551.00	5381.00	4359.60	4284.00	736772.00
chr16	31503329	31503407	78	78	230.00	262.00	243.79	242.50	19016.00
chr17	1564564	1564700	136	136	210.00	290.00	242.26	237.00	32948.00
chr16	58717858	58718082	224	224	18.00	45.00	32.33	33.50	7241.00
chr14	71575320	71575763	443	443	42.00	118.00	73.14	69.00	32403.00
chr1	202934498	202934628	130	130	103.00	138.00	115.42	113.00	15005.00
chr7	73118477	73118586	109	109	1087.00	1451.00	1266.00	1200.00	137994.00
chr19	13365908	13366073	165	165	91.00	148.00	115.65	109.00	19082.00
chr10	102265117	102265958	841	841	14.00	42.00	25.91	22.00	21792.00
chr9	139983320	139983457	137	137	86.00	131.00	110.15	111.00	15091.00
chr18	29206245	29206347	102	102	138.00	172.00	155.70	156.00	15881.00
chr12	120578662	120578827	165	165	52.00	82.00	65.43	64.00	10796.00
chr5	757516	758226	710	710	12.00	35.00	21.90	21.00	15548.00
chr8	21632483	21632567	84	84	48.00	87.00	67.46	66.00	5667.00
chr4	54011499	54011749	250	250	31.00	57.00	42.23	41.00	10558.00
chr8	141680613	141681365	752	752	1.00	15.00	8.24	8.00	6197.00
chr11	57367351	57367850	499	499	21.00	95.00	57.48	60.00	28682.00
chr12	63980009	63980784	775	775	2.00	15.00	8.18	9.00	6338.00
chr9	140057042	140057203	161	161	6.00	2378.00	1950.21	2086.00	313984.00
chr2	7055953	7056098	145	145	24.00	40.00	29.95	27.00	4343.00
chr12	52387768	52389043	1275	1275	3.00	330.00	162.13	157.00	206712.00
chr19	50104931	50105175	244	244	32.00	93.00	56.33	54.00	13745.00
chr19	5218430	5218543	113	113	489.00	856.00	705.59	710.00	79732.00
chr16	29898969	29899138	169	169	405.00	743.00	495.54	487.00	83746.00
chr7	99030900	99031041	141	141	18.00	35.00	25.13	25.00	3544.00
chr17	36692926	36693212	286	286	4.00	16.00	11.08	11.00	3169.00
chr15	73857770	73859335	1565	1565	10.00	75.00	32.80	32.00	51334.00
chr6	44104085	44104176	91	91	167.00	224.00	191.65	187.00	17440.00
chr1	21938518	21938602	84	84	549.00	729.00	647.90	658.00	54424.00
chr19	13423482	13423595	113	113	46.00	102.00	74.96	77.00	8470.00
chr16	70292882	70293089	207	207	420.00	680.00	569.74	583.00	117936.00
chr18	61060641	61060782	141	141	48.00	69.00	56.16	56.00	7919.00
chr16	22269814	22270016	202	202	17.00	43.00	30.75	29.00	6211.00
chr1	21554423	21554534	111	111	43.00	65.00	53.41	52.00	5928.00
chr9	140057255	140057455	200	200	15.00	2318.00	1458.62	1769.00	291724.00
chr7	1488255	1488397	142	142	21.00	32.00	26.58	27.00	3774.00
chr14	100166351	100166438	87	87	476.00	562.00	521.66	524.00	45384.00
chr9	101065522	101065705	183	183	590.00	1012.00	812.40	846.00	148670.00
chr5	68411752	68412041	289	289	30.00	61.00	46.61	47.00	13470.00
chr1	2452539	2452754	215	215	61.00	132.00	91.37	78.00	19644.00
chr1	21564626	21564737	111	111	37.00	54.00	45.43	45.00	5043.00
chr13	42037713	42039066	1353	1353	1.00	16.00	6.36	6.00	8603.00
chr2	114350236	114350443	207	207	4.00	43.00	23.86	24.00	4939.00
chr1	21939668	21939722	54	54	638.00	722.00	667.07	661.00	36022.00
chr9	139353895	139354007	112	112	56.00	81.00	71.54	73.00	8012.00
chr7	102176367	102176618	251	251	12.00	25.00	20.03	21.00	5028.00
chr3	51411753	51412018	265	265	3.00	437.00	162.55	9.00	43075.00
chr17	73888091	73888266	175	175	12.00	24.00	17.63	17.00	3085.00
chr13	103297258	103297435	177	177	3.00	67.00	33.46	48.00	5922.00
chr15	63922664	63922834	170	170	152.00	282.00	226.27	241.00	38466.00
chr3	33400774	33400849	75	75	143.00	179.00	161.81	160.00	12136.00
chr22	50671744	50671955	211	211	45.00	90.00	66.84	66.00	14103.00
chr1	21190968	21191205	237	237	213.00	327.00	264.99	262.00	62802.00
chr5	14481649	14481727	78	78	161.00	228.00	185.88	182.50	14499.00
chr15	101605556	101606410	854	854	24.00	69.00	50.60	51.00	43209.00
chr17	80040402	80040554	152	152	271.00	461.00	356.41	345.50	54174.00
chr2	132269293	132270897	1604	1604	5.00	46.00	26.20	26.00	42027.00
chr11	1778553	1778786	233	233	755.00	1312.00	1084.34	1099.00	252652.00
chr11	1469616	1469808	192	192	22.00	43.00	31.38	29.00	6024.00
chr12	120138549	120138630	81	81	174.00	224.00	208.86	211.00	16918.00
chr7	901016	901101	85	85	160.00	207.00	183.28	185.00	15579.00
chr19	13372263	13372424	161	161	110.00	151.00	129.39	128.00	20831.00
chr17	40843154	40843311	157	157	262.00	439.00	351.90	349.00	55249.00
chr17	80039476	80039719	243	243	341.00	447.00	389.80	388.00	94722.00
chr17	16681109	16687365	6256	6256	1.00	110.00	32.52	28.00	203424.00
chr1	116935475	116935610	135	135	1374.00	1850.00	1572.85	1573.00	212335.00
chr6	128294808	128294972	164	164	98.00	171.00	136.36	139.00	22363.00
chr5	109189927	109190617	690	690	0.00	8.00	4.36	4.00	3006.00
chr15	40757533	40757634	101	101	44.00	159.00	115.50	117.00	11666.00
chr2	220164706	220164981	275	275	716.00	1675.00	1133.06	1152.00	311591.00
chr3	164905164	164908639	3475	3475	11.00	89.00	42.96	43.00	149288.00
chr11	60699157	60699356	199	199	96.00	571.00	400.44	360.00	79688.00
chr2	96680301	96680717	416	416	1.00	7.00	3.93	4.00	1636.00
chr17	40845314	40845554	240	240	320.00	574.00	434.42	436.00	104260.00
chr12	125264513	125265391	878	878	10.00	27.00	16.36	15.00	14363.00
chr1	156623704	156624158	454	454	6.00	25.00	15.77	16.00	7159.00
chr6	108370456	108370622	166	166	70.00	95.00	81.39	82.00	13511.00
chr11	19180486	19180587	101	101	8.00	13.00	10.32	10.00	1042.00
chr19	42489069	42489338	269	269	999.00	1933.00	1513.55	1561.00	407144.00
chr2	198274493	198274731	238	238	104.00	205.00	162.66	170.00	38712.00
chr6	47220991	47221257	266	266	136.00	263.00	195.56	186.00	52019.00
chr19	40872679	40872822	143	143	2677.00	4299.00	3697.88	3894.00	528797.00
chr19	54693278	54693627	349	349	9.00	142.00	70.09	67.00	24463.00
chr12	81929	82174	245	245	6.00	28.00	17.22	17.00	4219.00
chr21	45513943	45514114	171	171	55.00	89.00	70.43	72.00	12044.00
chr3	124201630	124201747	117	117	10.00	709.00	526.52	651.00	61603.00
chr17	79805118	79805223	105	105	287.00	409.00	344.80	340.00	36204.00
chr20	46307419	46307548	129	129	94.00	134.00	107.53	104.00	13872.00
chr17	38187790	38187873	83	83	112.00	161.00	128.86	122.00	10695.00
chr2	207452814	207452878	64	64	299.00	390.00	335.42	322.50	21467.00
chr17	45695715	45695823	108	108	307.00	393.00	358.76	364.00	38746.00
chr7	44283023	44283126	103	103	791.00	889.00	849.22	849.00	87470.00
chr20	62274975	62275284	309	309	1.00	2565.00	1139.42	1375.00	352081.00
chr11	108202605	108202764	159	159	12.00	31.00	22.36	24.00	3555.00
chr9	140051314	140051489	175	175	1095.00	1472.00	1222.46	1183.00	213931.00
chr22	45574118	45574781	663	663	56.00	121.00	85.81	87.00	56893.00
chr15	79312382	79312446	64	64	246.00	296.00	263.73	262.50	16879.00
chr1	21940120	21940199	79	79	623.00	787.00	712.86	726.00	56316.00
chr17	3775847	3775921	74	74	406.00	586.00	516.22	529.50	38200.00
chr7	73133931	73134019	88	88	30.00	1575.00	583.44	368.00	51343.00
chr11	72292920	72292991	71	71	665.00	757.00	705.54	707.00	50093.00
chr7	43547616	43547730	114	114	111.00	183.00	157.75	166.00	17984.00
chr16	58713760	58714145	385	385	30.00	48.00	39.45	40.00	15188.00
chr22	21083600	21083794	194	194	1080.00	1688.00	1334.53	1328.00	258899.00
chr11	66457275	66457414	139	139	525.00	923.00	675.91	657.00	93951.00
chr15	91561034	91561115	81	81	38.00	57.00	44.27	41.00	3586.00
chr11	2968525	2969001	476	476	2.00	10.00	5.11	5.00	2434.00
chr19	34869838	34869910	72	72	1506.00	1835.00	1630.54	1637.00	117399.00
chr9	121970996	121971219	223	223	254.00	478.00	355.33	352.00	79239.00
chr3	47449772	47449980	208	208	8.00	102.00	57.57	71.00	11974.00
chr12	57601820	57601999	179	179	239.00	550.00	387.27	391.00	69321.00
chr16	2345590	2345741	151	151	226.00	394.00	318.99	320.00	48167.00
chr12	50471782	50471910	128	128	61.00	89.00	76.70	79.00	9818.00
chr1	109814221	109814344	123	123	464.00	614.00	547.23	557.00	67309.00
chr19	16942304	16942458	154	154	115.00	178.00	148.53	153.50	22874.00
chr11	66333301	66333398	97	97	362.00	432.00	391.31	390.00	37957.00
chr5	74026084	74026223	139	139	80.00	115.00	97.63	99.00	13571.00
chr5	68417520	68417722	202	202	23.00	60.00	44.41	48.00	8971.00
chr19	15272262	15272525	263	263	29.00	70.00	47.44	49.00	12477.00
chr3	45872404	45872482	78	78	123.00	143.00	135.85	137.00	10596.00
chr7	73123374	73123452	78	78	1612.00	2152.00	1990.13	2063.50	155230.00
chr5	14498197	14498360	163	163	166.00	261.00	216.50	219.00	35290.00
chr14	93180167	93180230	63	63	115.00	169.00	143.32	137.00	9029.00
chr9	130984739	130984875	136	136	2248.00	3297.00	2734.89	2610.50	371945.00
chr13	31216764	31216894	130	130	18.00	31.00	24.15	24.00	3140.00
chr12	112614399	112614506	107	107	97.00	241.00	215.23	216.00	23030.00
chr12	57602865	57602982	117	117	310.00	537.00	409.47	402.00	47908.00
chr14	72976861	72976987	126	126	77.00	146.00	106.40	94.00	13406.00
chr1	155209406	155209553	147	147	123.00	196.00	154.14	146.00	22658.00
chr10	49633930	49634113	183	183	118.00	162.00	144.50	147.00	26444.00
chr16	84100093	84100218	125	125	119.00	168.00	148.25	152.00	18531.00
chr1	155207924	155208097	173	173	98.00	259.00	142.75	124.00	24696.00
chr12	2786898	2787033	135	135	30.00	94.00	62.80	65.00	8478.00
chr2	233755457	233756197	740	740	9.00	1292.00	230.07	40.00	170252.00
chr14	60631894	60632099	205	205	43.00	158.00	118.61	127.00	24315.00
chr1	11151549	11151654	105	105	72.00	91.00	80.78	80.00	8482.00
chr4	134076071	134076178	107	107	204.00	303.00	279.00	285.00	29853.00
chr15	91420364	91420441	77	77	159.00	203.00	183.71	189.00	14146.00
chr5	114961533	114961755	222	222	4.00	32.00	21.62	26.00	4800.00
chr16	1814047	1814211	164	164	3.00	823.00	347.99	511.00	57070.00
chr18	44250463	44252581	2118	2118	14.00	260.00	101.70	95.00	215403.00
chr6	158049380	158049518	138	138	52.00	77.00	66.64	67.00	9196.00
chr19	7675585	7675679	94	94	74.00	100.00	86.26	86.00	8108.00
chr13	99461604	99461719	115	115	4.00	257.00	186.28	184.00	21422.00
chr11	130010829	130011467	638	638	2.00	1441.00	166.26	12.00	106072.00
chr11	107526658	107526792	134	134	348.00	499.00	442.34	452.50	59274.00
chr16	1391294	1391490	196	196	134.00	214.00	162.80	160.00	31908.00
chr1	38182716	38184158	1442	1442	3.00	86.00	45.72	43.00	65934.00
chr5	179231023	179231323	300	300	5.00	21.00	13.63	14.50	4090.00
chr14	69814593	69814719	126	126	84.00	170.00	129.42	132.00	16307.00
chr14	69349174	69349309	135	135	313.00	420.00	369.04	372.00	49820.00
chr19	7614792	7614998	206	206	147.00	273.00	227.20	232.00	46804.00
chr1	228270375	228270466	91	91	2.00	948.00	288.81	107.00	26282.00
chr1	38186022	38186315	293	293	4.00	67.00	35.22	40.00	10319.00
chr13	77641715	77641999	284	284	243.00	420.00	340.79	336.00	96784.00
chr14	100157417	100157498	81	81	190.00	402.00	261.89	214.00	21213.00
chr13	32978280	32979333	1053	1053	10.00	63.00	24.83	24.00	26144.00
chr12	7301567	7301794	227	227	770.00	1020.00	887.65	882.00	201496.00
chr9	123583116	123583257	141	141	29.00	41.00	34.09	34.00	4807.00
chr17	26883183	26883284	101	101	75.00	124.00	100.34	98.00	10134.00
chr12	6972993	6973137	144	144	219.00	309.00	266.07	266.50	38314.00
chr20	34322310	34322637	327	327	1.00	5.00	3.08	3.00	1006.00
chr19	7606407	7606570	163	163	136.00	214.00	190.17	199.00	30998.00
chr16	2333186	2333373	187	187	1.00	350.00	261.35	299.00	48873.00
chr12	113825548	113825711	163	163	114.00	396.00	232.26	224.00	37858.00
chr7	4802013	4807749	5736	5736	14.00	152.00	60.03	56.00	344345.00
chr1	43394880	43394985	105	105	194.00	240.00	222.81	225.00	23395.00
chr19	4554399	4554488	89	89	589.00	870.00	718.60	732.00	63955.00
chr16	31719139	31719372	233	233	14.00	23.00	18.49	19.00	4309.00
chr5	134060669	134061744	1075	1075	6.00	26.00	15.05	15.00	16184.00
chr1	202936318	202936371	53	53	15.00	86.00	58.91	72.00	3122.00
chr2	220087366	220087615	249	249	163.00	240.00	205.47	205.00	51161.00
chr2	36764494	36764689	195	195	88.00	128.00	109.15	110.00	21285.00
chr7	43519208	43519343	135	135	110.00	207.00	161.24	173.00	21767.00
chr10	51249585	51249993	408	408	0.00	16.00	8.02	8.50	3271.00
chr6	32123647	32123755	108	108	89.00	149.00	112.51	110.00	12151.00
chr3	118624442	118624692	250	250	2.00	20.00	11.72	8.00	2931.00
chr1	190129797	190130020	223	223	36.00	59.00	47.39	48.00	10569.00
chr9	131004491	131004624	133	133	11.00	3598.00	2725.98	3099.00	362555.00
chr22	33679187	33679334	147	147	327.00	432.00	364.33	358.00	53556.00
chr15	74709931	74710016	85	85	102.00	193.00	142.84	132.00	12141.00
chr7	6470110	6470238	128	128	34.00	55.00	45.38	46.00	5809.00
chr1	6640600	6641359	759	759	11.00	31.00	20.73	19.00	15734.00
chr16	31510622	31510728	106	106	142.00	186.00	166.29	173.00	17627.00
chr4	103710287	103711803	1516	1516	4.00	20.00	10.79	11.00	16365.00
chr19	2862339	2862746	407	407	2.00	17.00	7.77	8.00	3163.00
chr2	15467873	15467994	121	121	37.00	52.00	44.42	45.00	5375.00
chr2	36780721	36781492	771	771	2.00	19.00	11.15	11.00	8600.00
chr10	81070680	81070941	261	261	56.00	102.00	75.03	72.00	19584.00
chr2	217234866	217235986	1120	1120	41.00	115.00	85.97	90.00	96282.00
chr10	93786348	93786508	160	160	29.00	93.00	61.46	69.50	9833.00
chr17	20268785	20269076	291	291	1.00	8.00	4.43	4.00	1289.00
chr9	131002006	131002062	56	56	3.00	3236.00	2809.77	3010.00	157347.00
chr1	155208307	155208441	134	134	193.00	288.00	244.56	249.00	32771.00
chr2	162833877	162834373	496	496	3.00	509.00	44.64	6.00	22140.00
chr9	35799614	35799728	114	114	24.00	43.00	32.12	31.50	3662.00
chr20	62517856	62519234	1378	1378	5.00	163.00	26.98	24.00	37176.00
chr22	35942847	35943127	280	280	78.00	305.00	207.59	224.00	58126.00
chr13	26436438	26436546	108	108	53.00	71.00	63.32	63.00	6839.00
chr14	69371371	69371453	82	82	272.00	370.00	325.43	329.00	26685.00
chr7	44031274	44031581	307	307	3.00	18.00	9.29	9.00	2852.00
chr11	12274988	12275291	303	303	12.00	44.00	26.13	27.00	7918.00
chr5	1334403	1334498	95	95	113.00	177.00	149.83	153.00	14234.00
chr19	34868639	34868786	147	147	1866.00	2589.00	2257.56	2299.00	331862.00
chr16	1815960	1816143	183	183	453.00	770.00	570.62	564.00	104423.00
chr10	73578787	73578868	81	81	2452.00	2871.00	2678.81	2717.00	216984.00
chr17	37420427	37420640	213	213	20.00	34.00	26.37	26.00	5617.00
chr5	60835422	60835586	164	164	32.00	44.00	36.76	35.00	6028.00
chr15	79296143	79296517	374	374	310.00	779.00	537.98	512.50	201204.00
chr19	13039568	13039661	93	93	559.00	753.00	654.04	640.00	60826.00
chr12	49421585	49421713	128	128	138.00	224.00	188.79	192.50	24165.00
chr1	1661057	1662583	1526	1526	8.00	348.00	134.02	123.00	204513.00
chr2	207457340	207457460	120	120	349.00	495.00	430.17	436.00	51620.00
chr11	64542462	64543441	979	979	5.00	35.00	16.09	16.00	15749.00
chr20	61910250	61910347	97	97	118.00	168.00	145.33	147.00	14097.00
chr11	62394042	62394156	114	114	202.00	272.00	240.19	235.00	27382.00
chr5	37301538	37301652	114	114	7.00	17.00	11.82	11.00	1347.00
chr16	4733843	4733933	90	90	225.00	304.00	276.50	280.00	24885.00
chr15	43693913	43694048	135	135	56.00	83.00	70.73	71.00	9548.00
chr11	18764538	18764622	84	84	216.00	308.00	271.48	283.00	22804.00
chr17	57842331	57842499	168	168	98.00	149.00	119.01	119.00	19993.00
chr9	96076729	96078064	1335	1335	7.00	36.00	17.17	16.00	22925.00
chr11	12246219	12246367	148	148	373.00	563.00	453.79	480.00	67161.00
chr12	7030743	7031565	822	822	10.00	3808.00	1388.04	19.00	1140970.00
chr3	14523178	14523349	171	171	17.00	41.00	34.30	36.00	5866.00
chr5	758508	759483	975	975	2.00	31.00	11.91	10.00	11615.00
chr12	22635490	22635677	187	187	47.00	70.00	58.50	57.00	10939.00
chr5	14479369	14479459	90	90	132.00	202.00	156.02	158.00	14042.00
chr6	143655214	143656079	865	865	1.00	22.00	9.53	8.00	8244.00
chr7	75508360	75508578	218	218	93.00	942.00	707.63	844.50	154264.00
chr11	60697981	60698131	150	150	244.00	463.00	335.05	307.00	50257.00
chr1	151400598	151400889	291	291	82.00	211.00	138.89	149.00	40418.00
chr5	172196431	172197309	878	878	13.00	339.00	117.14	52.00	102849.00
chr3	49152660	49152794	134	134	45.00	83.00	65.66	66.00	8798.00
chr7	5518281	5519950	1669	1669	27.00	126.00	75.80	76.00	126502.00
chr17	16691106	16691449	343	343	2.00	49.00	17.50	19.00	6002.00
chr2	220086993	220087172	179	179	189.00	264.00	239.99	243.00	42959.00
chr10	51746916	51748006	1090	1090	2.00	59.00	26.07	23.00	28412.00
chr12	7302118	7302289	171	171	782.00	1007.00	879.75	861.00	150438.00
chr11	59562844	59562955	111	111	26.00	47.00	35.58	40.00	3949.00
chr12	6100984	6101184	200	200	34.00	75.00	49.50	47.00	9900.00
chr19	5683274	5683627	353	353	4.00	23.00	12.50	13.00	4412.00
chr12	2786259	2786387	128	128	40.00	63.00	53.27	53.00	6819.00
chr15	26812727	26812880	153	153	338.00	680.00	485.02	463.00	74208.00
chr1	149007980	149008798	818	818	1.00	20.00	8.65	8.00	7077.00
chr19	54965608	54965861	253	253	59.00	255.00	141.81	113.00	35879.00
chr8	27293259	27293310	51	51	231.00	347.00	295.31	291.00	15061.00
chr15	23014437	23014528	91	91	96.00	120.00	110.42	112.00	10048.00
chr1	111717500	111717585	85	85	43.00	57.00	51.06	50.00	4340.00
chr6	150157220	150157433	213	213	234.00	340.00	282.10	273.00	60087.00
chr13	114566547	114566670	123	123	48.00	232.00	115.28	99.00	14180.00
chr16	58539291	58539605	314	314	8.00	24.00	14.40	14.00	4522.00
chr1	21936612	21936768	156	156	393.00	1039.00	770.16	815.50	120145.00
chr1	17322880	17322991	111	111	384.00	700.00	539.69	598.00	59906.00
chr11	60699455	60699599	144	144	376.00	678.00	526.28	513.00	75785.00
chr5	6749669	6749770	101	101	64.00	107.00	81.94	78.00	8276.00
chr16	2156805	2156949	144	144	230.00	324.00	266.74	263.00	38411.00
chr15	34690834	34690930	96	96	132.00	206.00	173.65	184.00	16670.00
chr3	11074933	11075425	492	492	5.00	390.00	71.93	12.50	35388.00
chr5	74655222	74655381	159	159	130.00	211.00	166.82	165.00	26524.00
chr20	20022968	20023160	192	192	35.00	80.00	54.15	51.00	10396.00
chr2	39055481	39055578	97	97	17.00	26.00	21.82	22.00	2117.00
chr19	16793231	16793528	297	297	6.00	420.00	114.37	11.00	33968.00
chr2	219205450	219205509	59	59	75.00	85.00	78.54	78.00	4634.00
chr17	74087429	74087729	300	300	6.00	16.00	11.54	12.00	3462.00
chr3	184058150	184060036	1886	1886	7.00	1095.00	172.60	42.00	325516.00
chr6	90333128	90333263	135	135	120.00	150.00	133.56	134.00	18031.00
chr12	125267019	125267429	410	410	6.00	38.00	17.56	15.00	7201.00
chr1	207942580	207943104	524	524	5.00	54.00	35.23	37.00	18459.00
chr4	89356876	89357043	167	167	33.00	49.00	40.28	41.00	6726.00
chr7	101995498	101995736	238	238	8.00	39.00	19.48	13.00	4636.00
chr3	11067458	11067562	104	104	431.00	605.00	524.02	530.00	54498.00
chr5	95734582	95734740	158	158	222.00	284.00	248.36	249.00	39241.00
chr6	152529106	152529341	235	235	115.00	226.00	162.41	160.00	38167.00
chr5	102295578	102295763	185	185	115.00	222.00	169.87	176.00	31426.00
chr22	21072980	21073110	130	130	974.00	1386.00	1156.17	1197.50	150302.00
chr12	121855306	121855714	408	408	49.00	145.00	89.04	85.00	36328.00
chr1	160326389	160326544	155	155	74.00	100.00	86.73	86.00	13443.00
chr11	60670930	60671007	77	77	323.00	424.00	364.32	362.00	28053.00
chr17	79804822	79804948	126	126	391.00	564.00	472.18	489.00	59495.00
chr16	18527204	18527332	128	128	518.00	750.00	619.16	616.50	79253.00
chr16	16372518	16372646	128	128	551.00	783.00	653.77	655.00	83683.00
chr2	32750530	32750695	165	165	24.00	37.00	30.08	30.00	4964.00
chr14	69369193	69369279	86	86	321.00	434.00	393.49	401.50	33840.00
chr7	66418212	66418356	144	144	104.00	124.00	114.72	115.00	16519.00
chr6	44107988	44108097	109	109	149.00	195.00	166.10	165.00	18105.00
chr7	70885893	70886091	198	198	494.00	1135.00	704.78	568.00	139546.00
chr8	27295281	27295397	116	116	306.00	358.00	339.35	341.00	39365.00
chr7	73122918	73123018	100	100	2016.00	2430.00	2288.43	2301.50	228843.00
chr15	34698874	34699071	197	197	212.00	295.00	254.05	254.00	50047.00
chr8	22009343	22009513	170	170	262.00	517.00	352.70	342.00	59959.00
chr7	1526557	1526737	180	180	74.00	180.00	130.31	138.50	23456.00
chr5	178053946	178054065	119	119	20.00	188.00	105.72	109.00	12581.00
chr12	6103027	6103369	342	342	36.00	73.00	63.23	65.00	21623.00
chr2	3479491	3480482	991	991	4.00	17.00	9.08	9.00	9000.00
chr3	33883388	33883566	178	178	65.00	127.00	89.40	77.00	15913.00
chr19	11019778	11019883	105	105	123.00	231.00	180.68	192.00	18971.00
chr7	98446205	98446318	113	113	1450.00	2820.00	2071.84	1831.00	234118.00
chr8	106813274	106813932	658	658	7.00	32.00	22.03	23.00	14493.00
chr2	223795338	223795530	192	192	250.00	508.00	340.79	304.00	65431.00
chr7	75511146	75511554	408	408	762.00	1381.00	1044.75	1029.00	426257.00
chr21	40184926	40185038	112	112	175.00	270.00	232.34	240.50	26022.00
chr19	53383575	53385236	1661	1661	4.00	35.00	15.69	15.00	26059.00
chr19	14208130	14208295	165	165	12.00	553.00	367.31	482.00	60606.00
chr15	91461013	91461618	605	605	2.00	305.00	74.47	8.00	45057.00
chr8	145278010	145278133	123	123	39.00	74.00	57.41	58.00	7061.00
chr16	28132990	28133083	93	93	112.00	167.00	137.29	131.00	12768.00
chr11	125280091	125280221	130	130	130.00	190.00	152.62	150.00	19840.00
chr15	63128089	63128317	228	228	67.00	319.00	237.77	266.50	54211.00
chr9	131181435	131181557	122	122	2.00	82.00	61.84	61.00	7545.00
chr19	3281196	3281343	147	147	492.00	718.00	636.67	657.00	93590.00
chr11	6240200	6240280	80	80	44.00	57.00	50.31	50.00	4025.00
chr20	31019123	31019287	164	164	26.00	53.00	35.53	33.00	5827.00
chr6	46825865	46827260	1395	1395	38.00	116.00	70.01	67.00	97666.00
chr12	1672006	1672666	660	660	10.00	52.00	28.03	25.00	18503.00
chr12	9098824	9099001	177	177	129.00	177.00	149.07	149.00	26386.00
chr7	121738503	121738630	127	127	2.00	5.00	3.69	4.00	469.00
chr19	40875814	40875935	121	121	1457.00	1796.00	1654.12	1679.00	200148.00
chr20	3581592	3581671	79	79	115.00	155.00	135.46	136.00	10701.00
chr17	7226965	7227042	77	77	96.00	118.00	107.45	105.00	8274.00
chr2	74331800	74332809	1009	1009	7.00	55.00	25.91	25.00	26147.00
chr1	209785136	209785610	474	474	4.00	283.00	181.34	188.50	85956.00
chr9	35546426	35548532	2106	2106	120.00	372.00	210.57	201.00	443450.00
chr17	80040198	80040290	92	92	357.00	436.00	390.00	380.50	35880.00
chr11	73074791	73075284	493	493	11.00	190.00	63.14	25.00	31127.00
chr20	44674976	44675075	99	99	491.00	588.00	541.60	541.00	53618.00
chr20	5892091	5892328	237	237	63.00	507.00	250.44	240.00	59355.00
chr17	20316581	20317594	1013	1013	1.00	28.00	9.36	8.00	9477.00
chr12	99478702	99478801	99	99	182.00	230.00	204.94	206.00	20289.00
chr17	40842756	40842960	204	204	381.00	560.00	490.29	485.50	100019.00
chr11	107501142	107501288	146	146	279.00	493.00	350.13	322.00	51119.00
chr11	85429236	85429532	296	296	4.00	42.00	14.72	10.00	4358.00
chr20	9449217	9449319	102	102	30.00	47.00	40.39	40.00	4120.00
chr14	23371395	23371591	196	196	83.00	159.00	121.57	128.00	23828.00
chr7	716865	716957	92	92	2434.00	2867.00	2618.02	2599.50	240858.00
chr10	48862360	48862682	322	322	10.00	402.00	255.78	319.00	82360.00
chr10	68686678	68688210	1532	1532	36.00	205.00	80.68	66.00	123606.00
chr5	179674854	179674926	72	72	245.00	355.00	299.65	306.00	21575.00
chr1	209773327	209773456	129	129	154.00	188.00	172.84	175.00	22297.00
chr17	45691034	45691091	57	57	353.00	391.00	366.30	363.00	20879.00
chr1	19669871	19670118	247	247	10.00	30.00	21.98	24.00	5429.00
chr17	45664025	45664710	685	685	4.00	312.00	51.63	12.00	35369.00
chr19	2337634	2338840	1206	1206	10.00	58.00	24.25	23.00	29251.00
chr8	22011480	22011552	72	72	345.00	449.00	390.46	375.50	28113.00
