#chrom	start	end	size	num_data	min	max	mean	median	sum
chr12	1940100	1940691	591	591	41.00	76.00	59.49	60.00	35161.00
chr1	27480473	27481381	908	908	18.00	54.00	35.16	36.00	31923.00
chr15	63112684	63112809	125	125	157.00	229.00	204.32	214.00	25540.00
chr5	149231737	149232254	517	517	7.00	19.00	12.82	13.00	6627.00
chr5	140865429	140867182	1753	1753	10.00	44.00	23.65	24.00	41462.00
chr1	32209793	32209958	165	165	144.00	310.00	236.10	233.00	38957.00
chr16	87873307	87873431	124	124	98.00	126.00	111.94	111.00	13880.00
chr17	34157438	34158175	737	737	5.00	25.00	12.06	11.00	8891.00
chr2	127815619	127816088	469	469	5.00	53.00	24.98	24.00	11716.00
chr1	208212965	208213112	147	147	61.00	90.00	76.05	76.00	11180.00
chr22	19703883	19704666	783	783	4.00	43.00	21.44	19.00	16787.00
chr16	87872319	87872423	104	104	87.00	121.00	105.12	106.00	10932.00
chr9	140055740	140055868	128	128	1279.00	1625.00	1485.48	1480.50	190142.00
chr22	21096515	21096643	128	128	480.00	582.00	512.55	512.00	65606.00
chr9	140056321	140056540	219	219	1.00	1806.00	1111.09	1279.00	243329.00
chr11	78379981	78380253	272	272	11.00	29.00	18.30	17.00	4977.00
chr3	11070420	11070533	113	113	243.00	291.00	265.49	265.00	30000.00
chr1	109812554	109813222	668	668	6.00	399.00	160.70	195.50	107350.00
chr2	220161954	220162155	201	201	505.00	780.00	679.34	701.00	136548.00
chr15	74706887	74707086	199	199	127.00	186.00	158.14	157.00	31470.00
chr17	7318829	7319426	597	597	143.00	339.00	222.26	211.00	132692.00
chr1	21560050	21560154	104	104	28.00	37.00	31.88	32.00	3315.00
chr1	25573799	25573952	153	153	11.00	472.00	295.02	326.00	45138.00
chr14	93198993	93199160	167	167	106.00	206.00	159.62	170.00	26656.00
chr1	205554003	205554119	116	116	231.00	318.00	277.45	280.00	32184.00
chr1	9795005	9795232	227	227	1423.00	2300.00	1862.15	1903.00	422708.00
chr17	42426525	42426670	145	145	59.00	104.00	80.60	80.00	11687.00
chr18	70205887	70206179	292	292	4.00	375.00	136.80	9.00	39947.00
chr1	205553082	205553251	169	169	279.00	400.00	340.29	339.00	57509.00
chr9	140056623	140056766	143	143	1.00	1543.00	972.69	1076.00	139094.00
chr6	33412147	33412394	247	247	11.00	377.00	216.58	294.00	53496.00
chr12	89992366	89992547	181	181	1.00	922.00	703.92	802.00	127409.00
chr2	220088827	220089576	749	749	90.00	242.00	154.89	148.00	116016.00
chr14	100763073	100765222	2149	2149	4.00	60.00	29.62	29.00	63658.00
chr1	110740697	110742543	1846	1846	5.00	1013.00	474.39	431.50	875728.00
chr1	149878201	149879758	1557	1557	12.00	1469.00	336.77	30.00	524355.00
chr3	197264139	197265259	1120	1120	12.00	55.00	25.07	22.00	28082.00
chr8	56449623	56450530	907	907	4.00	31.00	19.67	20.00	17842.00
chr9	139354208	139354326	118	118	57.00	76.00	65.44	64.00	7722.00
chr1	32204908	32205236	328	328	302.00	525.00	408.17	404.00	133881.00
chr7	75608768	75608897	129	129	78.00	133.00	95.96	93.00	12379.00
chr19	45161029	45161178	149	149	42.00	72.00	50.74	49.00	7561.00
chr19	5243911	5244493	582	582	48.00	100.00	72.45	72.00	42168.00
chr6	32119585	32119717	132	132	8.00	517.00	257.61	268.00	34005.00
chr3	42670878	42672067	1189	1189	3.00	28.00	11.80	11.00	14029.00
chr11	45892392	45892485	93	93	109.00	154.00	132.16	132.00	12291.00
chr17	80040789	80040991	202	202	369.00	502.00	444.94	455.50	89878.00
chr2	74902875	74903036	161	161	58.00	73.00	65.30	65.00	10513.00
chr17	38335969	38337946	1977	1977	5.00	184.00	27.54	22.00	54449.00
chr16	87870103	87870253	150	150	82.00	129.00	102.16	98.50	15324.00
chr1	32205947	32206142	195	195	335.00	444.00	395.22	401.00	77067.00
chr6	44117553	44117702	149	149	8.00	276.00	161.79	206.00	24106.00
chr1	159163659	159163830	171	171	1002.00	1328.00	1187.65	1188.00	203089.00
chr3	445565	446023	458	458	4.00	14.00	8.59	9.00	3935.00
chr2	25048913	25048995	82	82	101.00	121.00	108.70	108.00	8913.00
chr10	99504485	99504672	187	187	69.00	124.00	100.88	104.00	18864.00
chr4	54364807	54365010	203	203	99.00	158.00	123.25	121.00	25020.00
chr17	1634367	1634552	185	185	10.00	31.00	21.97	22.00	4064.00
chr7	72416124	72416247	123	123	82.00	106.00	91.03	90.00	11197.00
chr1	208212169	208212329	160	160	68.00	84.00	76.69	76.00	12270.00
chr9	140952500	140952702	202	202	31.00	75.00	46.33	45.00	9358.00
chr6	44197325	44197528	203	203	118.00	175.00	137.62	136.00	27937.00
chr6	44197643	44198218	575	575	40.00	123.00	79.18	66.00	45531.00
chr11	118981972	118982084	112	112	167.00	202.00	181.12	179.00	20285.00
chr5	150503846	150503952	106	106	8.00	2796.00	1899.92	2390.50	201391.00
chr11	118981761	118981878	117	117	180.00	216.00	197.09	197.00	23059.00
chr11	126314873	126315000	127	127	49.00	66.00	56.24	57.00	7143.00
chr1	159165808	159166244	436	436	2.00	1125.00	223.42	19.00	97412.00
chr7	134893542	134893750	208	208	21.00	44.00	34.59	35.00	7195.00
chr9	121976196	121976433	237	237	121.00	319.00	218.86	244.00	51869.00
chr19	54691042	54691169	127	127	159.00	313.00	232.42	230.00	29517.00
chr22	38621430	38621600	170	170	171.00	299.00	241.00	251.50	40970.00
chr13	42035681	42036205	524	524	0.00	7.00	2.64	3.00	1383.00
chr20	1915360	1915413	53	53	3.00	1153.00	785.08	958.00	41609.00
chr5	14496987	14497126	139	139	123.00	235.00	175.95	184.00	24457.00
chr12	56528125	56528212	87	87	120.00	147.00	129.61	129.00	11276.00
chr3	47466974	47467101	127	127	66.00	102.00	86.36	86.00	10968.00
chr17	7415476	7415663	187	187	75.00	115.00	96.95	99.00	18129.00
chr3	33588037	33589252	1215	1215	5.00	30.00	13.53	11.00	16433.00
chr7	887833	888615	782	782	12.00	81.00	35.32	30.00	27622.00
chr10	24813251	24813693	442	442	23.00	71.00	45.65	47.00	20178.00
chr1	109812045	109812213	168	168	164.00	306.00	217.89	210.50	36605.00
chr19	15276597	15276902	305	305	28.00	53.00	40.23	40.00	12269.00
chr16	2334779	2334999	220	220	162.00	234.00	193.16	183.50	42495.00
chr16	68404761	68405261	500	500	19.00	47.00	29.75	28.00	14875.00
chr4	110969111	110969871	760	760	21.00	63.00	40.35	40.00	30668.00
chr1	145693161	145693996	835	835	15.00	107.00	59.28	58.00	49502.00
chr7	44282848	44282932	84	84	485.00	611.00	562.30	567.00	47233.00
chr2	220164315	220164508	193	193	7.00	523.00	228.99	19.00	44196.00
chr12	50472203	50472360	157	157	50.00	81.00	69.07	71.00	10844.00
chr2	220163768	220163833	65	65	592.00	784.00	695.12	691.00	45183.00
chr2	222289928	222290862	934	934	170.00	313.00	239.42	239.00	223620.00
chr12	57599133	57599268	135	135	174.00	258.00	206.64	205.00	27896.00
chr7	157475416	157475629	213	213	325.00	434.00	380.35	377.00	81014.00
chr1	32203800	32203927	127	127	353.00	683.00	507.92	535.00	64506.00
chr1	109811731	109811912	181	181	176.00	326.00	257.20	272.00	46554.00
chr9	140052830	140052975	145	145	829.00	1919.00	1390.57	1506.00	201632.00
chr2	220161706	220161854	148	148	645.00	1141.00	862.25	838.00	127613.00
chr16	29896906	29897070	164	164	416.00	612.00	544.35	551.00	89274.00
chr16	47143393	47143622	229	229	68.00	106.00	85.23	84.00	19518.00
chr11	993753	993985	232	232	164.00	312.00	247.39	237.00	57394.00
chr9	124059698	124061137	1439	1439	1.00	14.00	6.28	6.00	9039.00
chr9	140350140	140350634	494	494	10.00	55.00	31.68	33.00	15652.00
chr11	14504577	14504697	120	120	86.00	118.00	103.02	104.00	12362.00
chr3	49898612	49898733	121	121	540.00	790.00	673.78	664.00	81527.00
chr9	131811659	131811777	118	118	77.00	104.00	89.17	87.00	10522.00
chr9	131810705	131810818	113	113	72.00	101.00	82.48	79.00	9320.00
chr1	223400935	223401080	145	145	116.00	173.00	145.48	144.00	21095.00
chr12	125612185	125612820	635	635	8.00	226.00	43.39	15.00	27554.00
chr2	220088590	220088744	154	154	146.00	195.00	176.24	179.00	27141.00
chr9	70888487	70888750	263	263	8.00	37.00	26.61	29.00	6998.00
chr14	69813756	69813898	142	142	133.00	197.00	162.56	161.00	23083.00
chr2	47399145	47399890	745	745	10.00	464.00	41.23	35.00	30718.00
chr11	62688689	62689041	352	352	6.00	182.00	53.71	15.00	18907.00
chr6	43745205	43745407	202	202	6.00	93.00	70.23	70.00	14186.00
chr3	11072492	11072997	505	505	4.00	423.00	96.37	29.00	48668.00
chr7	2696031	2696168	137	137	105.00	164.00	141.78	144.00	19424.00
chr16	14969196	14969279	83	83	466.00	780.00	616.95	647.00	51207.00
chr17	7377847	7378026	179	179	3.00	10.00	6.93	7.00	1240.00
chr12	65639640	65639719	79	79	58.00	120.00	80.20	69.00	6336.00
chr12	50294912	50295108	196	196	1326.00	3006.00	1688.93	1466.50	331031.00
chr19	42485653	42485788	135	135	1570.00	2390.00	2055.77	2031.00	277529.00
chr10	99509230	99509343	113	113	111.00	169.00	138.87	136.00	15692.00
chr22	38883877	38888120	4243	4243	31.00	597.00	172.89	143.00	733553.00
chr12	49416372	49416658	286	286	61.00	104.00	80.20	77.00	22937.00
chr6	24843089	24843782	693	693	22.00	67.00	39.62	40.00	27455.00
chr5	176295561	176295665	104	104	204.00	240.00	218.61	218.50	22735.00
chr10	99510087	99510227	140	140	135.00	180.00	154.24	150.00	21594.00
chr1	159173658	159174770	1112	1112	6.00	60.00	22.97	20.00	25547.00
chr11	1780745	1780869	124	124	936.00	1292.00	1147.66	1202.50	142310.00
chr19	42486059	42486258	199	199	1074.00	2213.00	1679.47	1714.00	334215.00
chr3	47465422	47465535	113	113	80.00	113.00	94.58	96.00	10688.00
chr1	21573713	21573856	143	143	19.00	37.00	25.43	23.00	3636.00
chr11	65320330	65320453	123	123	58.00	95.00	81.28	83.00	9997.00
chr3	47462420	47462519	99	99	104.00	127.00	116.10	116.00	11494.00
chr2	219204751	219204864	113	113	171.00	221.00	204.66	209.00	23127.00
chr1	43906123	43906257	134	134	13.00	24.00	17.58	16.00	2356.00
chr7	38785158	38785840	682	682	15.00	391.00	53.89	25.00	36755.00
chr2	153499932	153500058	126	126	119.00	174.00	151.76	157.00	19122.00
chr1	32203011	32203132	121	121	5.00	534.00	399.03	462.00	48283.00
chr22	42290823	42290941	118	118	373.00	629.00	546.24	562.00	64456.00
chr19	47940718	47940818	100	100	255.00	503.00	380.59	358.00	38059.00
chr4	119539150	119539274	124	124	2.00	11.00	7.04	8.00	873.00
chr17	44117067	44117250	183	183	41.00	75.00	61.55	65.00	11264.00
chr19	42485873	42485983	110	110	1326.00	1657.00	1511.20	1540.00	166232.00
chr6	44114583	44114664	81	81	85.00	125.00	105.59	105.00	8553.00
chr19	47941105	47941292	187	187	7.00	572.00	317.45	423.00	59364.00
chr11	73074250	73074500	250	250	173.00	245.00	205.39	208.50	51347.00
chr3	33418764	33418825	61	61	335.00	398.00	356.18	354.00	21727.00
chr1	700258	700505	247	247	10.00	34.00	19.81	19.00	4893.00
chr9	74319510	74319719	209	209	23.00	55.00	36.04	35.00	7532.00
chr16	2336694	2336968	274	274	95.00	359.00	224.80	222.00	61596.00
chr20	3575125	3575219	94	94	80.00	110.00	90.03	88.50	8463.00
chr9	139231377	139231529	152	152	64.00	88.00	75.28	78.00	11442.00
chr5	140515951	140516498	547	547	5.00	25.00	13.76	14.00	7524.00
chr1	21938208	21938309	101	101	539.00	643.00	587.50	586.00	59338.00
chr3	155659188	155659936	748	748	7.00	141.00	97.60	107.00	73004.00
chr16	27483068	27483241	173	173	89.00	123.00	104.55	101.00	18087.00
chr11	994071	994245	174	174	121.00	218.00	180.71	182.00	31444.00
chr7	71175745	71175913	168	168	392.00	580.00	492.71	505.00	82776.00
chr12	121204065	121204175	110	110	157.00	203.00	184.92	187.00	20341.00
chr7	73118679	73118753	74	74	1181.00	1431.00	1287.07	1277.50	95243.00
chr9	140972565	140972710	145	145	59.00	94.00	74.69	74.00	10830.00
chr12	121683329	121684024	695	695	7.00	33.00	20.98	22.00	14579.00
chr16	74493579	74493687	108	108	97.00	138.00	116.39	120.00	12570.00
chr2	36771518	36771641	123	123	113.00	150.00	130.20	131.00	16014.00
chr7	94187181	94187996	815	815	6.00	38.00	24.77	25.00	20184.00
chr14	94156951	94157239	288	288	2.00	13.00	6.87	8.00	1978.00
chr7	121739000	121739524	524	524	1.00	12.00	5.24	5.00	2748.00
chr1	19549117	19549328	211	211	67.00	136.00	96.26	95.00	20311.00
chr19	5214571	5214747	176	176	150.00	253.00	178.56	175.00	31427.00
chr19	42557753	42557861	108	108	111.00	157.00	140.44	142.50	15167.00
chr15	102510686	102510925	239	239	1.00	29.00	19.97	22.00	4774.00
chr5	167673761	167675376	1615	1615	22.00	90.00	45.41	46.00	73334.00
chr7	44282158	44282253	95	95	493.00	786.00	626.56	599.00	59523.00
chr2	160621061	160621717	656	656	8.00	157.00	30.78	22.00	20193.00
chr5	10426501	10426634	133	133	208.00	256.00	227.77	227.00	30294.00
chr16	1814301	1814460	159	159	468.00	566.00	517.23	516.00	82240.00
chr11	21581734	21581928	194	194	133.00	201.00	175.12	184.00	33973.00
chr3	126749085	126749255	170	170	117.00	199.00	148.04	143.00	25167.00
chr11	12237765	12237866	101	101	313.00	391.00	349.97	351.00	35347.00
chr6	31750872	31750963	91	91	83.00	111.00	98.80	98.00	8991.00
chr3	53124201	53124398	197	197	6.00	21.00	14.35	15.00	2826.00
chr2	220161470	220161544	74	74	881.00	1158.00	1048.05	1060.00	77556.00
chr2	128951046	128951785	739	739	16.00	96.00	57.43	62.00	42440.00
chr5	24535811	24535931	120	120	100.00	124.00	113.33	115.00	13600.00
chr1	44083406	44083582	176	176	151.00	184.00	167.82	168.00	29536.00
chr1	32207653	32207818	165	165	244.00	378.00	288.41	287.00	47587.00
chr12	7293754	7294000	246	246	9.00	731.00	454.78	661.50	111875.00
chr3	131442289	131442469	180	180	119.00	189.00	148.84	150.00	26791.00
chr3	49898871	49899298	427	427	33.00	913.00	375.51	471.00	160341.00
chr16	66432358	66432464	106	106	27.00	38.00	31.59	30.00	3349.00
chr1	20982593	20982680	87	87	262.00	329.00	295.79	296.00	25734.00
chr16	68398653	68398809	156	156	26.00	42.00	33.75	34.00	5265.00
chr17	16676818	16678279	1461	1461	4.00	30.00	17.08	17.00	24950.00
chr1	109814899	109815027	128	128	248.00	339.00	294.79	302.00	37733.00
chr1	21940478	21940582	104	104	514.00	638.00	574.24	587.50	59721.00
chr20	57468284	57468793	509	509	8.00	23.00	15.31	15.00	7795.00
chr3	127358087	127358366	279	279	265.00	473.00	392.82	403.00	109597.00
chr3	126735359	126735527	168	168	68.00	93.00	80.07	80.00	13451.00
chr10	103869140	103869264	124	124	302.00	357.00	324.97	324.00	40296.00
chr20	44520554	44520666	112	112	156.00	232.00	193.76	187.50	21701.00
chr1	32203252	32203356	104	104	329.00	485.00	412.70	429.50	42921.00
chr21	40186196	40186316	120	120	225.00	275.00	246.11	246.00	29533.00
chr5	111067153	111068349	1196	1196	2.00	25.00	15.32	16.00	18327.00
chr9	128002954	128003186	232	232	295.00	438.00	365.34	355.50	84759.00
chr1	43408896	43408992	96	96	90.00	120.00	102.81	103.00	9870.00
chr3	47463931	47464026	95	95	100.00	118.00	111.44	112.00	10587.00
chr2	220161160	220161238	78	78	892.00	1002.00	945.40	950.50	73741.00
chr11	62472772	62473089	317	317	1251.00	2202.00	1592.31	1433.00	504763.00
chr9	130986341	130986906	565	565	11.00	543.00	132.92	18.00	75099.00
chr14	69358769	69359000	231	231	152.00	243.00	199.45	205.00	46073.00
chr11	64416205	64416379	174	174	101.00	192.00	154.80	160.00	26935.00
chr17	8398454	8398559	105	105	278.00	335.00	306.50	309.00	32182.00
chr12	53572943	53574193	1250	1250	9.00	76.00	39.06	39.00	48819.00
chr17	17696544	17701827	5283	5283	9.00	175.00	52.59	49.00	277822.00
chr8	11705187	11705331	144	144	991.00	1320.00	1212.81	1224.50	174644.00
chr19	54963829	54963931	102	102	123.00	170.00	139.19	135.00	14197.00
chr2	70451682	70456295	4613	4613	4.00	140.00	39.57	35.00	182532.00
chr11	118873959	118874169	210	210	1.00	8.00	4.94	4.00	1038.00
chr10	75548427	75548581	154	154	21.00	57.00	38.75	39.00	5967.00
chr6	33414351	33414563	212	212	236.00	380.00	326.42	337.00	69200.00
chr17	80042910	80043032	122	122	135.00	180.00	159.30	160.00	19435.00
chr11	11470290	11470483	193	193	36.00	66.00	48.72	48.00	9402.00
chr8	23294446	23294771	325	325	82.00	149.00	118.44	118.00	38494.00
chr1	116932060	116932663	603	603	12.00	2626.00	869.39	23.00	524241.00
chr15	83222627	83222741	114	114	87.00	106.00	99.77	102.00	11374.00
chr3	9841562	9841751	189	189	30.00	48.00	38.56	38.00	7288.00
chr1	116937731	116937907	176	176	1898.00	3775.00	2403.77	2216.00	423064.00
chr16	87868019	87868197	178	178	80.00	118.00	97.90	98.00	17426.00
chr3	124209540	124209731	191	191	427.00	584.00	491.27	481.00	93833.00
chr7	71142195	71142291	96	96	452.00	579.00	503.96	508.00	48380.00
chr5	130497324	130497584	260	260	12.00	35.00	24.14	23.00	6277.00
chr13	100199238	100199358	120	120	287.00	396.00	328.32	323.50	39398.00
chr5	139943336	139943506	170	170	16.00	246.00	214.36	219.50	36442.00
chr17	74395529	74396002	473	473	57.00	113.00	92.60	95.00	43801.00
chr14	93179149	93179216	67	67	175.00	210.00	195.13	195.00	13074.00
chr4	160277004	160277310	306	306	37.00	306.00	159.52	165.00	48812.00
chr17	40666306	40666478	172	172	632.00	1101.00	876.23	872.00	150711.00
chr15	34828065	34828207	142	142	7.00	169.00	124.62	135.00	17696.00
chr14	100165802	100165876	74	74	325.00	410.00	365.84	364.50	27072.00
chr22	20128089	20128231	142	142	8.00	115.00	64.89	89.00	9215.00
chr12	3392210	3394421	2211	2211	7.00	150.00	53.93	46.00	119232.00
chr17	16687866	16690667	2801	2801	0.00	89.00	19.10	15.00	53495.00
chr6	31664724	31664810	86	86	122.00	185.00	146.67	143.50	12614.00
chr6	30627512	30627611	99	99	39.00	64.00	52.47	55.00	5195.00
chr11	18752834	18755060	2226	2226	7.00	917.00	102.84	42.00	228928.00
chr12	109332602	109332731	129	129	271.00	432.00	349.01	372.00	45022.00
chr6	90072884	90073110	226	226	6.00	14.00	10.54	10.00	2381.00
chr16	2689371	2689711	340	340	0.00	1.00	0.38	0.00	129.00
chr1	20987373	20987484	111	111	259.00	346.00	304.21	300.00	33767.00
chr14	85985300	85986667	1367	1367	1.00	41.00	17.62	18.00	24084.00
chr13	32863769	32863880	111	111	136.00	173.00	153.41	153.00	17029.00
chr16	1510418	1510528	110	110	41.00	74.00	55.06	55.00	6057.00
chr19	54963269	54963444	175	175	167.00	233.00	185.67	185.00	32492.00
chr6	44224078	44224233	155	155	41.00	55.00	47.83	48.00	7414.00
chr20	3151172	3152285	1113	1113	8.00	42.00	24.50	25.00	27267.00
chr1	892273	892405	132	132	123.00	195.00	146.64	146.00	19356.00
chr16	90192167	90192724	557	557	1.00	79.00	38.92	39.00	21681.00
chr9	111663704	111663810	106	106	86.00	111.00	97.68	95.50	10354.00
chr6	44108764	44108835	71	71	108.00	150.00	133.75	137.00	9496.00
chr1	36028802	36029027	225	225	1809.00	2725.00	2172.77	2081.00	488873.00
chr11	66807259	66807674	415	415	4.00	142.00	104.68	111.00	43442.00
chr1	178426817	178427679	862	862	18.00	70.00	34.13	30.00	29423.00
chr19	42482302	42482478	176	176	1505.00	2423.00	1825.22	1760.00	321239.00
chr1	44084718	44084873	155	155	80.00	276.00	162.19	151.00	25139.00
chr1	109812315	109812442	127	127	178.00	250.00	221.45	225.00	28124.00
chr3	180324268	180324391	123	123	89.00	122.00	108.29	111.00	13320.00
chr15	63933668	63933842	174	174	115.00	166.00	135.91	131.00	23648.00
chr20	44521363	44521519	156	156	253.00	324.00	290.51	290.00	45319.00
chr3	33416779	33416910	131	131	157.00	344.00	239.12	230.00	31325.00
chr1	21934624	21934843	219	219	6.00	926.00	432.72	599.00	94766.00
chr14	69799801	69799886	85	85	87.00	146.00	117.35	115.00	9975.00
chr1	116936134	116936345	211	211	3.00	2529.00	2125.31	2308.00	448441.00
chr14	23634493	23634645	152	152	29.00	41.00	35.86	36.00	5450.00
chr16	1402538	1402947	409	409	14.00	44.00	28.93	29.00	11834.00
chr9	20331	25000	4669	4669	0.00	127.00	21.09	18.00	98485.00
chr17	43545574	43545959	385	385	8.00	32.00	19.01	20.00	7319.00
chr13	100201418	100201476	58	58	324.00	374.00	347.53	345.50	20157.00
chr15	41865505	41865665	160	160	248.00	452.00	337.52	323.00	54003.00
chr19	19641688	19642196	508	508	8.00	22.00	14.46	14.00	7348.00
chr11	134147593	134148159	566	566	7.00	24.00	16.15	16.00	9139.00
chr2	71656420	71657290	870	870	2.00	30.00	18.58	18.00	16162.00
chr7	97834775	97835016	241	241	84.00	182.00	136.73	142.00	32951.00
chr19	13363804	13363915	111	111	73.00	104.00	86.49	84.00	9600.00
chr18	31328383	31329011	628	628	11.00	31.00	18.61	18.00	11689.00
chr16	66431884	66432009	125	125	19.00	38.00	29.09	27.00	3636.00
chr19	47935155	47935702	547	547	15.00	695.00	254.04	265.00	138959.00
chr12	50291769	50291873	104	104	1017.00	1396.00	1151.92	1157.00	119800.00
chr11	1780198	1780317	119	119	643.00	1130.00	809.04	789.00	96276.00
chr15	65392626	65393167	541	541	5.00	21.00	12.32	13.00	6667.00
chr2	86397871	86397967	96	96	127.00	181.00	152.55	157.00	14645.00
chr7	97866087	97866233	146	146	86.00	127.00	105.98	110.00	15473.00
chr11	60687157	60687402	245	245	109.00	153.00	133.78	134.00	32775.00
chr21	43307700	43309453	1753	1753	13.00	92.00	40.09	40.00	70276.00
chr14	24619269	24619657	388	388	27.00	50.00	37.01	37.00	14361.00
chr11	65320634	65320727	93	93	62.00	77.00	68.40	69.00	6361.00
chr16	29891184	29891385	201	201	539.00	686.00	610.36	603.00	122682.00
chr1	32207224	32207326	102	102	415.00	583.00	508.15	517.00	51831.00
chr11	72300218	72300394	176	176	3.00	349.00	117.16	7.00	20620.00
chr17	7608878	7609038	160	160	53.00	125.00	94.36	102.00	15098.00
chr19	7607646	7607814	168	168	110.00	197.00	152.12	166.00	25556.00
chr19	54966129	54966271	142	142	86.00	175.00	146.68	154.00	20829.00
chr12	57995027	57995131	104	104	151.00	192.00	169.93	168.00	17673.00
chr1	27428875	27429049	174	174	70.00	120.00	91.63	91.50	15943.00
chr2	27688277	27688385	108	108	43.00	68.00	55.35	57.00	5978.00
chr16	2691449	2692254	805	805	0.00	10.00	1.03	1.00	827.00
chr9	131503813	131503933	120	120	329.00	382.00	356.55	357.00	42786.00
chr16	2347766	2347922	156	156	128.00	184.00	152.05	154.50	23720.00
chr17	80039884	80040036	152	152	298.00	364.00	324.39	323.50	49308.00
chr1	32204432	32204538	106	106	297.00	688.00	481.02	465.00	50988.00
chr12	9242951	9243078	127	127	119.00	151.00	133.74	131.00	16985.00
chr3	49702661	49702751	90	90	145.00	189.00	167.06	164.50	15035.00
chr19	35820359	35820837	478	478	0.00	8.00	3.95	4.00	1887.00
chr1	201456762	201457615	853	853	1.00	12.00	5.20	5.00	4436.00
chr16	2334279	2334438	159	159	134.00	235.00	189.85	191.00	30186.00
chr10	73578373	73578481	108	108	3883.00	5268.00	4476.64	4385.00	483477.00
chr16	18530550	18530756	206	206	1.00	548.00	272.01	401.50	56035.00
chr16	16369094	16369300	206	206	1.00	560.00	277.00	411.00	57062.00
chr13	113975636	113975785	149	149	7.00	403.00	180.31	13.00	26866.00
chr11	119293822	119294227	405	405	13.00	7610.00	649.88	50.00	263202.00
chr5	150505962	150506041	79	79	1409.00	2198.00	1802.76	1779.00	142418.00
chr22	44224939	44225078	139	139	1135.00	1411.00	1288.08	1297.00	179043.00
chr15	41865199	41865309	110	110	263.00	342.00	297.01	290.00	32671.00
chr17	25633807	25636298	2491	2491	26.00	635.00	270.23	314.00	673144.00
chr15	72495155	72495529	374	374	6.00	4094.00	1648.00	22.00	616352.00
chr9	42540272	42542124	1852	1852	4.00	49.00	23.13	22.00	42843.00
chr11	119290760	119291704	944	944	3.00	10032.00	2313.45	20.00	2183898.00
chr19	5219949	5220165	216	216	120.00	244.00	170.07	169.00	36736.00
chr15	63910769	63911153	384	384	1.00	12.00	7.06	7.00	2711.00
chr17	74393879	74393969	90	90	95.00	148.00	119.21	114.00	10729.00
chr10	104129467	104129532	65	65	76.00	95.00	83.22	82.00	5409.00
chr3	142454224	142454620	396	396	5.00	21.00	11.10	10.00	4396.00
chr12	121205196	121205396	200	200	166.00	220.00	189.56	189.00	37911.00
chr3	31705570	31705724	154	154	24.00	53.00	39.33	40.00	6057.00
chr6	118635190	118636593	1403	1403	31.00	225.00	127.89	125.00	179430.00
chr8	10339867	10340829	962	962	5.00	29.00	15.16	16.00	14585.00
chr19	16952578	16952779	201	201	95.00	144.00	123.72	126.00	24867.00
chr8	110984486	110985016	530	530	77.00	171.00	118.23	109.50	62662.00
chr9	128001219	128001610	391	391	386.00	945.00	674.64	699.00	263785.00
chr11	73070878	73070997	119	119	115.00	149.00	138.03	142.00	16426.00
chr10	104130140	104130235	95	95	86.00	112.00	98.11	97.00	9320.00
chr5	95733039	95733173	134	134	135.00	184.00	162.62	163.00	21791.00
chr19	59059400	59059547	147	147	202.00	260.00	230.29	229.00	33852.00
chr5	139943169	139943255	86	86	15.00	190.00	145.17	159.00	12485.00
chr17	73487771	73487981	210	210	31.00	110.00	61.79	52.00	12975.00
chr1	154315588	154315777	189	189	30.00	42.00	33.98	34.00	6423.00
chr14	95652726	95653070	344	344	0.00	7.00	2.83	3.00	972.00
chr12	123639801	123640772	971	971	9.00	37.00	23.29	23.00	22614.00
chr22	47064870	47065171	301	301	5.00	15.00	10.18	10.00	3065.00
chr5	24535220	24535388	168	168	90.00	116.00	105.52	106.00	17727.00
chr12	6806452	6806958	506	506	144.00	400.00	280.36	295.00	141864.00
chr22	29881711	29881836	125	125	491.00	631.00	551.97	548.00	68996.00
chr7	75894681	75894786	105	105	74.00	94.00	82.79	82.00	8693.00
chr12	121089007	121095893	6886	6886	10.00	326.00	50.94	45.00	350744.00
chr1	207940357	207942365	2008	2008	3.00	217.00	28.43	17.00	57082.00
chr7	154681166	154681240	74	74	403.00	482.00	447.77	450.50	33135.00
chr5	131696513	131697529	1016	1016	5.00	26.00	14.87	15.00	15107.00
chr11	1776135	1776258	123	123	428.00	1042.00	671.41	635.00	82583.00
chr8	11706554	11706673	119	119	952.00	1180.00	1048.39	1053.00	124759.00
chr11	18759426	18759511	85	85	364.00	455.00	396.29	389.00	33685.00
chr16	61689373	61689625	252	252	68.00	119.00	84.24	81.00	21228.00
chr15	51750702	51750824	122	122	218.00	314.00	272.12	281.50	33199.00
chr9	35555056	35555698	642	642	204.00	452.00	296.07	291.00	190078.00
chr2	198356200	198356621	421	421	1.00	12.00	5.91	6.00	2487.00
chr9	131001723	131001794	71	71	2718.00	3537.00	3102.30	3091.00	220263.00
chr19	5214371	5214491	120	120	253.00	339.00	285.38	285.50	34246.00
chr22	35719488	35719623	135	135	150.00	231.00	204.93	212.00	27665.00
chr12	121678738	121679829	1091	1091	7.00	63.00	25.66	22.00	27996.00
chr14	23820960	23821064	104	104	1306.00	1782.00	1552.53	1581.00	161463.00
chr1	32205710	32205779	69	69	343.00	434.00	388.49	390.00	26806.00
chr3	33420176	33420326	150	150	12.00	372.00	137.49	18.00	20623.00
chr9	114820707	114820966	259	259	38.00	65.00	52.99	52.00	13725.00
chr15	41865876	41866023	147	147	10.00	580.00	445.48	465.00	65486.00
chr19	55554308	55554637	329	329	8.00	29.00	13.38	11.00	4403.00
chr1	116933403	116933513	110	110	2304.00	2875.00	2610.87	2582.50	287196.00
chr19	15374230	15374359	129	129	34.00	65.00	53.33	56.00	6879.00
chr12	56090682	56090852	170	170	45.00	59.00	51.66	52.00	8783.00
chr14	69445668	69445876	208	208	32.00	147.00	93.03	97.00	19350.00
chr12	57603474	57603651	177	177	181.00	312.00	244.50	235.00	43276.00
chr22	32897492	32898946	1454	1454	8.00	139.00	75.42	75.00	109661.00
chr16	16367702	16367764	62	62	8.00	347.00	170.98	189.50	10601.00
chr19	5245786	5246056	270	270	59.00	122.00	84.80	87.50	22897.00
chr16	74345440	74345829	389	389	4.00	17.00	12.03	13.00	4680.00
chr6	107096899	107097076	177	177	39.00	61.00	49.59	48.00	8777.00
chr1	29641883	29642019	136	136	44.00	70.00	52.19	51.00	7098.00
chr8	97342440	97342509	69	69	190.00	227.00	204.52	203.00	14112.00
chr8	68116914	68117054	140	140	70.00	128.00	98.60	101.00	13804.00
chr22	22037470	22037546	76	76	30.00	44.00	38.37	40.50	2916.00
chr22	50682147	50683420	1273	1273	11.00	109.00	54.78	53.00	69735.00
chr20	44048971	44049069	98	98	127.00	165.00	145.24	145.50	14234.00
chr1	36904356	36904511	155	155	50.00	89.00	65.85	63.00	10207.00
chr12	71054719	71054877	158	158	78.00	124.00	91.28	89.00	14422.00
chr15	50654364	50655515	1151	1151	13.00	48.00	26.86	24.00	30915.00
chr2	234198499	234198620	121	121	88.00	122.00	102.94	104.00	12456.00
chr9	128001699	128001812	113	113	415.00	494.00	445.91	439.00	50388.00
chr8	38272296	38272419	123	123	71.00	108.00	87.01	87.00	10702.00
chr11	73068069	73068179	110	110	90.00	138.00	116.25	116.50	12788.00
chr16	28123137	28123327	190	190	95.00	211.00	152.36	153.00	28948.00
chr12	49424062	49424222	160	160	14.00	37.00	25.17	25.00	4027.00
chr19	50302885	50303023	138	138	264.00	424.00	331.74	298.50	45780.00
chr19	42480567	42480718	151	151	2870.00	3943.00	3445.64	3537.00	520291.00
chr3	197904395	197905301	906	906	0.00	58.00	21.00	20.00	19027.00
chr13	100189992	100190117	125	125	202.00	271.00	239.37	242.00	29921.00
chr19	14268062	14268272	210	210	149.00	304.00	225.14	229.50	47280.00
chr10	93786886	93787057	171	171	56.00	106.00	75.66	72.00	12938.00
chr1	109808726	109808828	102	102	93.00	141.00	110.77	109.00	11299.00
chr4	134075461	134075520	59	59	223.00	308.00	262.22	270.00	15471.00
chr1	22052268	22053864	1596	1596	7.00	48.00	23.18	22.00	36999.00
chr9	140056855	140056968	113	113	1243.00	1718.00	1514.49	1548.00	171137.00
chr19	42482087	42482224	137	137	2539.00	3691.00	3027.99	3077.00	414834.00
chr19	4556962	4557025	63	63	349.00	426.00	377.75	371.00	23798.00
chr19	14266921	14267013	92	92	194.00	258.00	226.95	224.50	20879.00
chr22	42273851	42274127	276	276	7.00	679.00	353.51	441.50	97568.00
chr1	205549788	205550049	261	261	182.00	276.00	206.07	196.00	53783.00
chr1	110765585	110766522	937	937	59.00	199.00	135.20	140.00	126683.00
chr19	55553595	55554158	563	563	15.00	38.00	25.96	25.00	14618.00
chr7	150929881	150931360	1479	1479	22.00	78.00	45.15	43.00	66776.00
chr3	124215157	124215260	103	103	377.00	557.00	474.78	493.00	48902.00
chr16	58220658	58220760	102	102	83.00	128.00	109.28	110.00	11147.00
chr3	10381925	10382033	108	108	314.00	471.00	406.15	410.50	43864.00
chr10	11356101	11356221	120	120	58.00	81.00	68.26	69.00	8191.00
chr22	42294652	42294785	133	133	465.00	637.00	564.86	577.00	75126.00
chr1	2005531	2005714	183	183	18.00	93.00	62.91	64.00	11513.00
chr12	113722522	113722576	54	54	33.00	39.00	36.07	36.00	1948.00
chr9	131502198	131502398	200	200	4.00	522.00	417.05	435.00	83409.00
chr19	40873602	40873786	184	184	1245.00	1655.00	1468.84	1489.00	270267.00
chr2	220162606	220162825	219	219	314.00	608.00	438.21	422.00	95968.00
chr16	28270027	28270355	328	328	6.00	53.00	31.97	32.00	10487.00
chr4	3225718	3225858	140	140	91.00	122.00	110.24	111.50	15433.00
chr17	44127898	44128070	172	172	38.00	53.00	44.66	44.00	7682.00
chr3	47462043	47462262	219	219	73.00	123.00	91.56	88.00	20051.00
chr6	99873090	99873182	92	92	5.00	272.00	109.34	88.00	10059.00
chr7	142561723	142562504	781	781	292.00	607.00	436.11	433.00	340603.00
chr1	159169540	159169666	126	126	1110.00	1553.00	1322.67	1337.50	166657.00
chr19	7606869	7606953	84	84	68.00	101.00	81.18	80.50	6819.00
chr16	2811561	2818298	6737	6737	5.00	422.00	181.80	163.00	1224796.00
chr3	47450652	47450807	155	155	38.00	50.00	45.75	46.00	7091.00
chr11	118403631	118403922	291	291	154.00	244.00	191.11	188.00	55613.00
chr1	205555161	205555335	174	174	246.00	335.00	288.72	289.00	50237.00
chr12	125603186	125603311	125	125	105.00	146.00	122.69	121.00	15336.00
chr11	86658288	86659498	1210	1210	4.00	31.00	14.44	14.00	17468.00
chr22	37764946	37768745	3799	3799	7.00	429.00	159.74	135.00	606853.00
chr10	46345664	46346215	551	551	4.00	17.00	10.43	10.00	5747.00
chr22	33673045	33673241	196	196	210.00	407.00	270.36	243.50	52991.00
chr9	140042599	140042666	67	67	14.00	331.00	284.90	296.00	19088.00
chr3	48717233	48717320	87	87	218.00	267.00	234.61	232.00	20411.00
chr11	60681600	60681740	140	140	14.00	138.00	68.71	64.00	9620.00
chr10	93784512	93784724	212	212	46.00	77.00	58.72	57.00	12448.00
chr12	7289424	7290372	948	948	3.00	629.00	165.21	16.00	156616.00
chr3	132387062	132387526	464	464	9.00	25.00	17.00	16.00	7886.00
chr16	2335442	2335647	205	205	152.00	287.00	221.55	228.00	45418.00
chr16	1794782	1797276	2494	2494	6.00	440.00	54.96	24.00	137066.00
chr16	3786036	3786204	168	168	48.00	67.00	54.99	55.00	9238.00
chr9	141131209	141131766	557	557	0.00	25.00	10.59	10.00	5898.00
chr14	92965028	92966015	987	987	8.00	28.00	15.26	15.00	15062.00
chr19	54692070	54692200	130	130	144.00	342.00	229.02	197.00	29773.00
chr15	43866006	43866230	224	224	81.00	175.00	109.57	102.00	24543.00
chr3	40231316	40231954	638	638	48.00	102.00	71.86	72.00	45844.00
chr3	50148937	50149455	518	518	7.00	32.00	17.31	17.00	8965.00
chr4	81117505	81117755	250	250	45.00	90.00	73.52	73.00	18380.00
chr10	46740404	46740638	234	234	1.00	17.00	10.83	12.00	2534.00
chr3	124210169	124210271	102	102	345.00	423.00	388.12	389.50	39588.00
chr11	107488830	107488932	102	102	266.00	351.00	313.26	315.50	31953.00
chr9	130591965	130592106	141	141	29.00	40.00	33.92	33.00	4783.00
chr1	20981932	20982027	95	95	244.00	327.00	281.41	275.00	26734.00
chr12	75875613	75875859	246	246	60.00	94.00	80.08	82.00	19700.00
chr22	32046684	32046764	80	80	72.00	102.00	90.40	91.50	7232.00
chr11	70331418	70331658	240	240	27.00	78.00	45.17	43.00	10842.00
chr14	51079976	51080069	93	93	501.00	627.00	570.25	575.00	53033.00
chr17	80041077	80041301	224	224	196.00	642.00	412.17	422.00	92327.00
chr7	158540884	158540971	87	87	139.00	176.00	151.92	149.00	13217.00
chr1	21553651	21553719	68	68	51.00	64.00	57.90	58.00	3937.00
chr2	219206256	219206349	93	93	136.00	203.00	166.75	159.00	15508.00
chr17	18444211	18445242	1031	1031	2.00	31.00	14.69	14.00	15150.00
chr12	57599340	57599460	120	120	203.00	256.00	222.68	218.00	26722.00
chr11	64417919	64418110	191	191	167.00	232.00	201.19	202.00	38427.00
chr19	3274926	3275650	724	724	3.00	23.00	12.84	13.00	9298.00
chr16	18532086	18532305	219	219	450.00	819.00	620.00	616.00	135780.00
chr17	3776702	3776756	54	54	670.00	771.00	737.63	742.00	39832.00
chr1	116932670	116933033	363	363	11.00	2952.00	1429.44	2327.00	518885.00
chr16	1505731	1505796	65	65	138.00	153.00	146.71	147.00	9536.00
chr1	9794029	9794200	171	171	2046.00	2355.00	2208.26	2211.00	377612.00
chr10	73579221	73579379	158	158	3208.00	4395.00	3730.84	3765.00	589472.00
chr11	6411684	6412146	462	462	19.00	97.00	55.08	57.00	25446.00
chr1	159163212	159163350	138	138	880.00	1264.00	990.91	969.00	136746.00
chr16	1816723	1816804	81	81	513.00	622.00	575.43	578.00	46610.00
chr7	91722399	91722630	231	231	8.00	91.00	71.59	76.00	16537.00
chr7	44281816	44281939	123	123	642.00	795.00	707.41	711.00	87012.00
chr2	220467189	220467297	108	108	15.00	32.00	21.54	20.00	2326.00
chr16	4494664	4494729	65	65	142.00	201.00	175.43	174.00	11403.00
chr15	34681844	34681986	142	142	7.00	305.00	189.40	186.00	26895.00
chr9	139995935	139996124	189	189	105.00	188.00	156.36	160.00	29552.00
chr3	180324040	180324160	120	120	90.00	111.00	97.88	98.00	11746.00
chr3	42678359	42681242	2883	2883	28.00	120.00	62.45	59.00	180037.00
chr7	131812776	131815333	2557	2557	11.00	71.00	35.46	36.00	90675.00
chr20	1585387	1585522	135	135	23.00	397.00	217.99	215.00	29428.00
chr3	126751229	126751442	213	213	146.00	202.00	172.26	174.00	36691.00
chr15	63920875	63921014	139	139	148.00	278.00	213.46	221.00	29671.00
chr16	2040128	2040202	74	74	31.00	105.00	73.69	78.50	5453.00
chr9	74324174	74324390	216	216	24.00	49.00	34.06	32.00	7358.00
chr20	44521858	44521950	92	92	301.00	338.00	318.32	317.00	29285.00
chr9	139911647	139911798	151	151	104.00	165.00	136.62	134.00	20630.00
chr9	140055507	140055649	142	142	1214.00	1976.00	1587.55	1421.00	225432.00
chr12	120148055	120148191	136	136	109.00	166.00	132.16	128.00	17974.00
chr12	50474280	50474372	92	92	89.00	129.00	108.15	106.50	9950.00
chr15	63125702	63125828	126	126	135.00	196.00	160.87	161.00	20270.00
chr9	20907148	20907241	93	93	98.00	121.00	110.70	111.00	10295.00
chr16	87874655	87874761	106	106	80.00	122.00	99.06	94.00	10500.00
chr2	162833269	162833460	191	191	14.00	792.00	447.60	677.00	85492.00
chr8	11704560	11704677	117	117	871.00	1184.00	982.26	955.00	114924.00
chr15	63926931	63927087	156	156	172.00	266.00	220.96	230.00	34469.00
chr6	31668718	31668805	87	87	157.00	183.00	170.07	170.00	14796.00
chr7	148910792	148910906	114	114	14.00	38.00	28.75	31.00	3277.00
chr14	42355808	42357213	1405	1405	42.00	196.00	98.66	95.00	138623.00
chr10	88678928	88679226	298	298	10.00	33.00	18.95	18.00	5647.00
chr3	140998219	140998346	127	127	64.00	77.00	70.31	70.00	8930.00
chr1	144859758	144859998	240	240	85.00	140.00	109.52	112.50	26284.00
chr9	96054772	96055455	683	683	77.00	225.00	139.95	136.00	95586.00
chr19	7604803	7604944	141	141	87.00	134.00	106.55	109.00	15024.00
chr12	30906277	30907432	1155	1155	13.00	93.00	39.42	34.00	45535.00
chr9	131112762	131112854	92	92	104.00	171.00	140.85	149.00	12958.00
chr20	61981328	61982379	1051	1051	40.00	78.00	57.28	57.00	60205.00
chr7	38431348	38431618	270	270	410.00	695.00	524.64	510.50	141654.00
chr20	44521036	44521123	87	87	201.00	282.00	234.89	235.00	20435.00
chr11	64418726	64419108	382	382	133.00	211.00	169.44	171.00	64725.00
chr12	120148344	120150270	1926	1926	8.00	233.00	36.90	18.00	71079.00
chr12	6930971	6931066	95	95	9.00	602.00	313.18	309.00	29752.00
chr16	2339434	2339621	187	187	91.00	177.00	138.42	142.00	25884.00
chr2	27700083	27700187	104	104	40.00	64.00	55.77	58.50	5800.00
chr14	69805367	69805494	127	127	97.00	207.00	148.39	139.00	18846.00
chr12	9242497	9242619	122	122	115.00	149.00	134.36	137.00	16392.00
chr3	58256658	58256791	133	133	74.00	154.00	106.47	99.00	14160.00
chr10	79744927	79745098	171	171	67.00	133.00	89.59	87.00	15320.00
chr1	159161725	159161866	141	141	483.00	744.00	664.48	694.00	93691.00
chr16	31085202	31085519	317	317	8.00	32.00	20.21	21.00	6408.00
chr1	171755018	171755218	200	200	48.00	84.00	68.86	72.00	13773.00
chr9	130988124	130989280	1156	1156	5.00	1995.00	238.32	43.00	275502.00
chr15	63127935	63127998	63	63	170.00	203.00	185.54	186.00	11689.00
chr19	1917676	1917821	145	145	6.00	152.00	108.54	116.00	15738.00
chr22	25315792	25315960	168	168	104.00	172.00	136.08	133.00	22861.00
chr2	207943790	207945085	1295	1295	17.00	48.00	30.10	29.00	38979.00
chr11	47330706	47330952	246	246	5.00	563.00	257.77	18.00	63411.00
chr3	142743978	142746095	2117	2117	2.00	127.00	23.21	19.00	49144.00
chr7	44839492	44839694	202	202	6.00	23.00	16.05	17.00	3242.00
chr22	31688260	31688471	211	211	2.00	132.00	81.45	98.00	17186.00
chr11	66333492	66333638	146	146	454.00	569.00	521.43	529.50	76129.00
chr9	131114916	131115026	110	110	181.00	257.00	214.41	208.00	23585.00
chr1	20206	21013	807	807	8.00	94.00	40.13	37.00	32388.00
chr11	108216469	108216635	166	166	22.00	69.00	49.51	51.00	8218.00
chr1	209778880	209779019	139	139	191.00	255.00	221.65	222.00	30810.00
chr1	202935876	202936026	150	150	110.00	200.00	148.89	143.00	22333.00
chr12	57600255	57600524	269	269	218.00	280.00	252.57	251.00	67941.00
chr19	15233503	15233615	112	112	48.00	89.00	65.36	68.00	7320.00
chr8	68115317	68115486	169	169	118.00	175.00	150.42	152.00	25421.00
chr19	13419229	13419342	113	113	36.00	62.00	52.49	56.00	5931.00
chr6	33266815	33267130	315	315	4.00	43.00	22.72	23.00	7158.00
chr16	89780611	89781646	1035	1035	14.00	72.00	39.37	36.00	40753.00
chr12	109964162	109964221	59	59	61.00	73.00	65.88	65.00	3887.00
chr22	24491893	24492045	152	152	36.00	70.00	46.09	44.00	7005.00
chr2	242592926	242593025	99	99	214.00	295.00	244.47	244.00	24203.00
chr1	21937944	21938074	130	130	515.00	951.00	734.93	777.00	95541.00
chr2	223789173	223789313	140	140	272.00	345.00	305.31	303.00	42744.00
chr20	3772318	3772535	217	217	10.00	23.00	16.29	17.00	3535.00
chr16	18531918	18532001	83	83	583.00	880.00	734.69	765.00	60979.00
chr1	43396296	43396537	241	241	83.00	138.00	112.39	113.00	27085.00
chr2	100037960	100038115	155	155	47.00	66.00	59.08	60.00	9157.00
chr16	1500497	1500770	273	273	8.00	152.00	84.96	114.00	23194.00
chr19	40876016	40876144	128	128	1504.00	1901.00	1705.88	1726.00	218352.00
chr5	168112691	168112932	241	241	20.00	43.00	29.61	28.00	7137.00
chr2	127825738	127825831	93	93	459.00	540.00	497.66	496.00	46282.00
chr1	19232015	19234990	2975	2975	10.00	197.00	40.34	34.00	120017.00
chr16	1391129	1391196	67	67	218.00	278.00	241.61	241.00	16188.00
chr6	33410665	33411689	1024	1024	8.00	284.00	131.54	120.00	134693.00
chr9	95872033	95872266	233	233	1.00	17.00	8.57	7.00	1996.00
chr1	53378627	53378839	212	212	5.00	21.00	13.77	14.00	2919.00
chr2	80531276	80531693	417	417	15.00	65.00	37.71	36.00	15727.00
chr7	44286718	44286791	73	73	553.00	669.00	598.14	593.00	43664.00
chr7	157369304	157369471	167	167	417.00	636.00	513.78	506.00	85801.00
chr11	18755079	18755191	112	112	2.00	452.00	301.56	411.50	33775.00
chr6	86237979	86238080	101	101	258.00	312.00	279.80	279.00	28260.00
chr8	145000951	145001050	99	99	62.00	89.00	74.84	73.00	7409.00
chr19	45167680	45167966	286	286	11.00	25.00	18.51	18.00	5294.00
chr10	48930165	48930400	235	235	2.00	22.00	11.14	12.00	2617.00
chr16	87871450	87871547	97	97	100.00	125.00	116.79	118.00	11329.00
chr1	109815454	109815649	195	195	180.00	322.00	242.49	231.00	47286.00
chr1	208215442	208215711	269	269	43.00	79.00	59.78	60.00	16081.00
chr2	260866	261451	585	585	6.00	19.00	12.58	13.00	7360.00
chr5	180481266	180481724	458	458	5.00	18.00	12.45	13.00	5702.00
chr7	73119479	73119631	152	152	8.00	1792.00	779.89	19.00	118544.00
chr15	34677248	34677358	110	110	291.00	439.00	354.06	336.00	38947.00
chr16	57687114	57687247	133	133	55.00	73.00	62.44	61.00	8304.00
chr15	50649406	50649592	186	186	13.00	28.00	21.48	22.00	3996.00
chr22	21071995	21072066	71	71	1332.00	1594.00	1461.48	1461.00	103765.00
chr5	179200882	179201561	679	679	11.00	28.00	20.28	20.00	13769.00
chr10	98763824	98763979	155	155	137.00	196.00	167.89	170.00	26023.00
chr14	102963315	102963457	142	142	69.00	105.00	83.59	83.00	11870.00
chr1	21932558	21933138	580	580	3.00	1025.00	207.18	16.00	120164.00
chr16	28118842	28118998	156	156	182.00	235.00	205.36	206.50	32036.00
chr1	241767561	241767881	320	320	70.00	152.00	111.25	111.00	35599.00
chr11	66812063	66812184	121	121	144.00	253.00	181.64	166.00	21979.00
chr11	12248571	12248678	107	107	405.00	565.00	495.79	490.00	53049.00
chr9	130588788	130588951	163	163	36.00	58.00	48.13	50.00	7845.00
chr22	21068915	21068988	73	73	1311.00	1689.00	1534.00	1564.00	111982.00
chr1	43424304	43424531	227	227	12.00	116.00	86.50	100.00	19636.00
chr14	105852021	105853670	1649	1649	10.00	191.00	29.06	27.00	47925.00
chr15	34823469	34823579	110	110	285.00	411.00	342.31	329.00	37654.00
chr11	171365	172282	917	917	2.00	58.00	21.97	20.00	20142.00
chr22	24493976	24494155	179	179	38.00	77.00	59.17	57.00	10591.00
chr15	79291060	79291167	107	107	345.00	407.00	375.02	372.00	40127.00
chr16	2145904	2146194	290	290	15.00	30.00	23.47	24.00	6806.00
chr9	131503050	131503166	116	116	343.00	519.00	422.59	395.50	49020.00
chr11	61301983	61302579	596	596	5.00	28.00	17.40	17.50	10370.00
chr22	25308609	25308719	110	110	88.00	117.00	100.73	99.00	11080.00
chr12	63977826	63979986	2160	2160	0.00	41.00	15.16	13.00	32748.00
chr19	46928844	46930933	2089	2089	12.00	345.00	183.50	185.00	383323.00
chr16	56969146	56969224	78	78	132.00	193.00	163.59	162.50	12760.00
chr17	40665787	40665996	209	209	5.00	1498.00	600.83	792.00	125573.00
chr9	131669435	131671600	2165	2165	41.00	209.00	116.77	115.00	252797.00
chr2	220164026	220164271	245	245	15.00	725.00	233.40	25.00	57183.00
chr19	7589846	7590052	206	206	45.00	90.00	63.65	64.00	13112.00
chr6	91260186	91260268	82	82	67.00	94.00	83.05	87.00	6810.00
chr9	124543742	124543830	88	88	164.00	208.00	188.95	190.00	16628.00
chr12	54071005	54071170	165	165	3.00	22.00	13.67	14.00	2255.00
chr2	40443	41212	769	769	6.00	40.00	25.94	28.00	19950.00
chr11	67852159	67852747	588	588	12.00	26.00	18.61	18.00	10940.00
chr8	8233762	8234810	1048	1048	6.00	51.00	24.00	23.00	25156.00
chr2	175671113	175672148	1035	1035	4.00	20.00	10.89	10.00	11268.00
chr7	138984922	138985438	516	516	5.00	17.00	10.43	10.00	5384.00
chr22	40816850	40817104	254	254	72.00	145.00	110.03	111.00	27948.00
chr19	14263120	14263249	129	129	206.00	291.00	247.01	244.00	31864.00
chr19	16962222	16962345	123	123	88.00	205.00	156.69	164.00	19273.00
chr1	109813838	109813918	80	80	195.00	256.00	216.65	210.00	17332.00
chr3	49898148	49898562	414	414	3.00	827.00	400.50	639.50	165808.00
chr17	17131202	17131510	308	308	3.00	83.00	59.61	67.00	18360.00
chr1	21936067	21936139	72	72	413.00	520.00	467.89	464.00	33688.00
chr3	130424404	130424615	211	211	54.00	73.00	62.41	62.00	13168.00
chr12	56532710	56532797	87	87	134.00	162.00	145.77	143.00	12682.00
chr16	29888591	29888788	197	197	481.00	765.00	613.13	591.00	120787.00
chr2	114394588	114396196	1608	1608	3.00	61.00	24.67	24.00	39669.00
chr3	124180736	124180803	67	67	270.00	309.00	294.72	296.00	19746.00
chr9	111798485	111798660	175	175	57.00	94.00	72.71	74.00	12725.00
chr10	73847897	73848372	475	475	54.00	1045.00	394.00	369.00	187151.00
chr22	21075585	21075706	121	121	741.00	1323.00	1111.26	1169.00	134462.00
chr22	20920753	20921104	351	351	40.00	141.00	75.51	68.00	26504.00
chr9	140953020	140953185	165	165	55.00	92.00	75.85	79.00	12516.00
chr22	41620970	41621075	105	105	105.00	136.00	120.05	120.00	12605.00
chr11	6243671	6243839	168	168	44.00	78.00	59.81	59.00	10048.00
chr15	74704225	74704353	128	128	153.00	278.00	228.75	246.00	29280.00
chr3	48719780	48719985	205	205	169.00	254.00	212.05	210.00	43470.00
chr1	222833247	222833348	101	101	113.00	153.00	126.24	121.00	12750.00
chr1	6583675	6584824	1149	1149	6.00	69.00	43.30	44.00	49757.00
chr11	126135857	126135976	119	119	258.00	296.00	276.92	278.00	32954.00
chr8	75156763	75157410	647	647	28.00	72.00	49.08	48.00	31757.00
chr15	83345212	83345389	177	177	202.00	250.00	227.96	230.00	40349.00
chr14	68031638	68032561	923	923	0.00	12.00	4.66	4.00	4299.00
chr19	42479780	42479949	169	169	2788.00	3944.00	3299.14	3196.00	557554.00
chr16	31503329	31503407	78	78	204.00	268.00	241.76	245.50	18857.00
chr17	1564564	1564700	136	136	153.00	214.00	176.94	173.00	24064.00
chr16	58717858	58718082	224	224	17.00	47.00	30.58	31.00	6851.00
chr14	71575320	71575763	443	443	28.00	67.00	42.79	42.00	18958.00
chr1	202934498	202934628	130	130	98.00	201.00	137.80	127.00	17914.00
chr7	73118477	73118586	109	109	973.00	1297.00	1115.83	1101.00	121625.00
chr19	13365908	13366073	165	165	57.00	102.00	77.68	79.00	12817.00
chr10	102265117	102265958	841	841	11.00	38.00	24.19	24.00	20341.00
chr9	139983320	139983457	137	137	108.00	141.00	123.61	121.00	16935.00
chr18	29206245	29206347	102	102	162.00	235.00	196.48	186.00	20041.00
chr12	120578662	120578827	165	165	38.00	60.00	48.15	48.00	7945.00
chr5	757516	758226	710	710	13.00	31.00	21.70	23.00	15410.00
chr8	21632483	21632567	84	84	55.00	86.00	67.82	66.00	5697.00
chr4	54011499	54011749	250	250	31.00	99.00	59.06	55.00	14765.00
chr8	141680613	141681365	752	752	0.00	15.00	7.78	8.00	5854.00
chr11	57367351	57367850	499	499	31.00	71.00	51.55	51.00	25721.00
chr12	63980009	63980784	775	775	3.00	21.00	10.44	10.00	8093.00
chr9	140057042	140057203	161	161	13.00	1821.00	1534.15	1650.00	246998.00
chr2	7055953	7056098	145	145	54.00	65.00	60.19	60.00	8727.00
chr12	52387768	52389043	1275	1275	12.00	600.00	177.47	134.00	226276.00
chr19	50104931	50105175	244	244	19.00	112.00	44.68	31.00	10901.00
chr19	5218430	5218543	113	113	187.00	242.00	221.13	225.00	24988.00
chr16	29898969	29899138	169	169	336.00	443.00	389.37	382.00	65803.00
chr7	99030900	99031041	141	141	23.00	39.00	32.40	34.00	4568.00
chr17	36692926	36693212	286	286	5.00	14.00	8.58	8.00	2454.00
chr15	73857770	73859335	1565	1565	16.00	88.00	46.29	40.00	72446.00
chr6	44104085	44104176	91	91	120.00	187.00	154.92	159.00	14098.00
chr1	21938518	21938602	84	84	584.00	785.00	694.71	693.00	58356.00
chr19	13423482	13423595	113	113	28.00	53.00	40.65	41.00	4593.00
chr16	70292882	70293089	207	207	796.00	1048.00	922.50	925.00	190957.00
chr18	61060641	61060782	141	141	86.00	116.00	100.48	100.00	14167.00
chr16	22269814	22270016	202	202	9.00	28.00	19.01	20.00	3840.00
chr1	21554423	21554534	111	111	29.00	57.00	42.82	42.00	4753.00
chr9	140057255	140057455	200	200	11.00	2073.00	1351.38	1637.50	270276.00
chr7	1488255	1488397	142	142	17.00	25.00	21.26	21.00	3019.00
chr14	100166351	100166438	87	87	313.00	362.00	336.62	335.00	29286.00
chr9	101065522	101065705	183	183	309.00	475.00	396.95	404.00	72642.00
chr5	68411752	68412041	289	289	38.00	81.00	60.71	61.00	17544.00
chr1	2452539	2452754	215	215	64.00	140.00	90.14	83.00	19381.00
chr1	21564626	21564737	111	111	28.00	39.00	34.03	34.00	3777.00
chr13	42037713	42039066	1353	1353	0.00	19.00	5.87	5.00	7947.00
chr2	114350236	114350443	207	207	7.00	44.00	26.23	25.00	5430.00
chr1	21939668	21939722	54	54	642.00	743.00	700.07	703.50	37804.00
chr9	139353895	139354007	112	112	54.00	67.00	60.45	61.00	6770.00
chr7	102176367	102176618	251	251	11.00	45.00	34.99	38.00	8783.00
chr3	51411753	51412018	265	265	1.00	259.00	81.82	4.00	21682.00
chr17	73888091	73888266	175	175	11.00	27.00	21.08	23.00	3689.00
chr13	103297258	103297435	177	177	3.00	66.00	36.01	56.00	6374.00
chr15	63922664	63922834	170	170	184.00	299.00	239.62	233.00	40735.00
chr3	33400774	33400849	75	75	201.00	261.00	233.97	231.00	17548.00
chr22	50671744	50671955	211	211	37.00	63.00	46.38	44.00	9786.00
chr1	21190968	21191205	237	237	204.00	302.00	250.30	240.00	59322.00
chr5	14481649	14481727	78	78	166.00	189.00	178.69	179.00	13938.00
chr15	101605556	101606410	854	854	16.00	50.00	37.18	38.00	31754.00
chr17	80040402	80040554	152	152	334.00	469.00	406.63	400.50	61808.00
chr2	132269293	132270897	1604	1604	3.00	55.00	24.69	25.00	39597.00
chr11	1778553	1778786	233	233	872.00	1412.00	1151.25	1165.00	268241.00
chr11	1469616	1469808	192	192	8.00	19.00	13.73	14.00	2637.00
chr12	120138549	120138630	81	81	176.00	226.00	204.12	206.00	16534.00
chr7	901016	901101	85	85	146.00	200.00	175.34	177.00	14904.00
chr19	13372263	13372424	161	161	74.00	105.00	93.06	94.00	14983.00
chr17	40843154	40843311	157	157	287.00	356.00	331.62	334.00	52064.00
chr17	80039476	80039719	243	243	293.00	439.00	355.09	339.00	86287.00
chr17	16681109	16687365	6256	6256	2.00	106.00	36.86	35.00	230570.00
chr1	116935475	116935610	135	135	2248.00	2855.00	2611.54	2663.00	352558.00
chr6	128294808	128294972	164	164	155.00	264.00	212.07	213.00	34780.00
chr5	109189927	109190617	690	690	4.00	22.00	14.95	15.00	10314.00
chr15	40757533	40757634	101	101	19.00	51.00	36.66	36.00	3703.00
chr2	220164706	220164981	275	275	494.00	1000.00	719.25	710.00	197793.00
chr3	164905164	164908639	3475	3475	10.00	150.00	53.78	44.00	186889.00
chr11	60699157	60699356	199	199	98.00	358.00	289.50	298.00	57610.00
chr2	96680301	96680717	416	416	5.00	17.00	9.56	8.00	3979.00
chr17	40845314	40845554	240	240	286.00	459.00	366.34	352.00	87921.00
chr12	125264513	125265391	878	878	6.00	36.00	18.91	18.00	16607.00
chr1	156623704	156624158	454	454	3.00	16.00	8.29	8.00	3763.00
chr6	108370456	108370622	166	166	107.00	129.00	117.34	117.00	19479.00
chr11	19180486	19180587	101	101	46.00	58.00	50.23	49.00	5073.00
chr19	42489069	42489338	269	269	653.00	1350.00	1063.26	1096.00	286016.00
chr2	198274493	198274731	238	238	131.00	187.00	161.66	162.00	38474.00
chr6	47220991	47221257	266	266	154.00	293.00	227.38	223.00	60482.00
chr19	40872679	40872822	143	143	1683.00	2497.00	2131.07	2143.00	304743.00
chr19	54693278	54693627	349	349	5.00	116.00	55.30	45.00	19300.00
chr12	81929	82174	245	245	3.00	22.00	14.07	15.00	3447.00
chr21	45513943	45514114	171	171	78.00	118.00	96.88	98.00	16566.00
chr3	124201630	124201747	117	117	5.00	427.00	317.45	394.00	37142.00
chr17	79805118	79805223	105	105	274.00	335.00	309.36	310.00	32483.00
chr20	46307419	46307548	129	129	89.00	144.00	112.40	115.00	14500.00
chr17	38187790	38187873	83	83	128.00	150.00	138.06	138.00	11459.00
chr2	207452814	207452878	64	64	376.00	459.00	413.94	414.50	26492.00
chr17	45695715	45695823	108	108	403.00	469.00	444.53	446.00	48009.00
chr7	44283023	44283126	103	103	568.00	647.00	595.99	592.00	61387.00
chr20	62274975	62275284	309	309	6.00	3170.00	1530.35	2158.00	472878.00
chr11	108202605	108202764	159	159	23.00	36.00	31.49	32.00	5007.00
chr9	140051314	140051489	175	175	633.00	1007.00	779.02	762.00	136329.00
chr22	45574118	45574781	663	663	50.00	120.00	84.99	88.00	56350.00
chr15	79312382	79312446	64	64	165.00	204.00	188.31	191.00	12052.00
chr1	21940120	21940199	79	79	523.00	692.00	586.30	585.00	46318.00
chr17	3775847	3775921	74	74	499.00	690.00	614.12	637.50	45445.00
chr7	73133931	73134019	88	88	12.00	1637.00	512.67	359.50	45115.00
chr11	72292920	72292991	71	71	480.00	539.00	508.54	513.00	36106.00
chr7	43547616	43547730	114	114	108.00	200.00	154.52	160.00	17615.00
chr16	58713760	58714145	385	385	18.00	37.00	25.30	24.00	9740.00
chr22	21083600	21083794	194	194	690.00	1048.00	864.93	895.50	167797.00
chr11	66457275	66457414	139	139	412.00	720.00	537.86	496.00	74762.00
chr15	91561034	91561115	81	81	50.00	66.00	58.72	58.00	4756.00
chr11	2968525	2969001	476	476	7.00	30.00	17.73	18.00	8441.00
chr19	34869838	34869910	72	72	1463.00	1743.00	1561.04	1546.50	112395.00
chr9	121970996	121971219	223	223	199.00	275.00	241.98	248.00	53961.00
chr3	47449772	47449980	208	208	7.00	43.00	27.35	33.00	5689.00
chr12	57601820	57601999	179	179	251.00	464.00	360.37	349.00	64506.00
chr16	2345590	2345741	151	151	151.00	212.00	189.06	195.00	28548.00
chr12	50471782	50471910	128	128	68.00	102.00	83.38	83.00	10673.00
chr1	109814221	109814344	123	123	224.00	356.00	301.72	308.00	37112.00
chr19	16942304	16942458	154	154	63.00	113.00	90.64	95.00	13958.00
chr11	66333301	66333398	97	97	425.00	586.00	493.47	482.00	47867.00
chr5	74026084	74026223	139	139	120.00	182.00	152.36	151.00	21178.00
chr5	68417520	68417722	202	202	50.00	76.00	64.99	66.00	13128.00
chr19	15272262	15272525	263	263	19.00	39.00	31.07	30.00	8171.00
chr3	45872404	45872482	78	78	208.00	253.00	234.24	234.00	18271.00
chr7	73123374	73123452	78	78	1660.00	2344.00	2094.62	2157.50	163380.00
chr5	14498197	14498360	163	163	154.00	204.00	184.15	184.00	30016.00
chr14	93180167	93180230	63	63	171.00	223.00	194.37	189.00	12245.00
chr9	130984739	130984875	136	136	2003.00	2903.00	2508.87	2541.50	341206.00
chr13	31216764	31216894	130	130	32.00	50.00	41.39	42.00	5381.00
chr12	112614399	112614506	107	107	55.00	148.00	135.00	137.00	14445.00
chr12	57602865	57602982	117	117	291.00	396.00	330.86	318.00	38711.00
chr14	72976861	72976987	126	126	77.00	120.00	96.31	93.50	12135.00
chr1	155209406	155209553	147	147	67.00	135.00	96.28	91.00	14153.00
chr10	49633930	49634113	183	183	182.00	211.00	195.97	196.00	35863.00
chr16	84100093	84100218	125	125	166.00	248.00	204.94	207.00	25618.00
chr1	155207924	155208097	173	173	118.00	180.00	150.75	152.00	26080.00
chr12	2786898	2787033	135	135	16.00	39.00	27.25	28.00	3679.00
chr2	233755457	233756197	740	740	12.00	893.00	164.45	28.00	121695.00
chr14	60631894	60632099	205	205	68.00	268.00	186.84	211.00	38303.00
chr1	11151549	11151654	105	105	74.00	102.00	92.69	95.00	9732.00
chr4	134076071	134076178	107	107	253.00	331.00	311.57	315.00	33338.00
chr15	91420364	91420441	77	77	107.00	123.00	114.31	114.00	8802.00
chr5	114961533	114961755	222	222	7.00	33.00	22.97	25.00	5099.00
chr16	1814047	1814211	164	164	1.00	534.00	249.26	379.50	40879.00
chr18	44250463	44252581	2118	2118	11.00	147.00	72.67	66.00	153925.00
chr6	158049380	158049518	138	138	45.00	67.00	55.94	54.00	7720.00
chr19	7675585	7675679	94	94	41.00	58.00	51.24	53.00	4817.00
chr13	99461604	99461719	115	115	3.00	187.00	160.69	164.00	18479.00
chr11	130010829	130011467	638	638	13.00	1927.00	219.67	23.00	140149.00
chr11	107526658	107526792	134	134	459.00	564.00	507.98	508.00	68069.00
chr16	1391294	1391490	196	196	187.00	239.00	206.23	205.00	40422.00
chr1	38182716	38184158	1442	1442	14.00	155.00	80.02	77.00	115396.00
chr5	179231023	179231323	300	300	8.00	15.00	11.48	12.00	3443.00
chr14	69814593	69814719	126	126	158.00	196.00	170.52	169.00	21486.00
chr14	69349174	69349309	135	135	234.00	327.00	270.57	269.00	36527.00
chr19	7614792	7614998	206	206	146.00	233.00	196.77	199.00	40534.00
chr1	228270375	228270466	91	91	3.00	1553.00	473.89	200.00	43124.00
chr1	38186022	38186315	293	293	13.00	67.00	42.07	48.00	12326.00
chr13	77641715	77641999	284	284	313.00	459.00	389.32	398.00	110568.00
chr14	100157417	100157498	81	81	113.00	218.00	157.12	144.00	12727.00
chr13	32978280	32979333	1053	1053	18.00	147.00	45.68	36.00	48102.00
chr12	7301567	7301794	227	227	582.00	923.00	767.10	760.00	174131.00
chr9	123583116	123583257	141	141	38.00	50.00	44.67	45.00	6298.00
chr17	26883183	26883284	101	101	93.00	119.00	103.24	101.00	10427.00
chr12	6972993	6973137	144	144	301.00	394.00	354.83	360.00	51095.00
chr20	34322310	34322637	327	327	4.00	14.00	8.69	8.00	2840.00
chr19	7606407	7606570	163	163	102.00	151.00	125.58	127.00	20469.00
chr16	2333186	2333373	187	187	3.00	376.00	258.89	304.00	48412.00
chr12	113825548	113825711	163	163	61.00	139.00	100.29	98.00	16347.00
chr7	4802013	4807749	5736	5736	9.00	131.00	52.55	50.00	301440.00
chr1	43394880	43394985	105	105	117.00	171.00	149.07	157.00	15652.00
chr19	4554399	4554488	89	89	317.00	467.00	409.76	434.00	36469.00
chr16	31719139	31719372	233	233	5.00	15.00	10.11	11.00	2356.00
chr5	134060669	134061744	1075	1075	18.00	53.00	33.13	32.00	35617.00
chr1	202936318	202936371	53	53	7.00	119.00	67.28	82.00	3566.00
chr2	220087366	220087615	249	249	190.00	233.00	207.75	207.00	51729.00
chr2	36764494	36764689	195	195	61.00	127.00	91.81	90.00	17903.00
chr7	43519208	43519343	135	135	87.00	166.00	132.17	139.00	17843.00
chr10	51249585	51249993	408	408	0.00	11.00	5.66	6.00	2311.00
chr6	32123647	32123755	108	108	98.00	139.00	115.31	115.00	12454.00
chr3	118624442	118624692	250	250	1.00	35.00	16.44	5.50	4110.00
chr1	190129797	190130020	223	223	46.00	73.00	60.17	60.00	13418.00
chr9	131004491	131004624	133	133	7.00	3484.00	2730.92	3155.00	363212.00
chr22	33679187	33679334	147	147	205.00	244.00	220.84	221.00	32464.00
chr15	74709931	74710016	85	85	142.00	234.00	176.51	163.00	15003.00
chr7	6470110	6470238	128	128	42.00	66.00	51.98	54.00	6654.00
chr1	6640600	6641359	759	759	9.00	49.00	24.49	24.00	18590.00
chr16	31510622	31510728	106	106	177.00	226.00	197.71	198.50	20957.00
chr4	103710287	103711803	1516	1516	24.00	57.00	41.81	42.00	63380.00
chr19	2862339	2862746	407	407	11.00	26.00	19.13	19.00	7786.00
chr2	15467873	15467994	121	121	56.00	75.00	65.36	66.00	7909.00
chr2	36780721	36781492	771	771	4.00	22.00	15.18	17.00	11705.00
chr10	81070680	81070941	261	261	16.00	93.00	42.72	28.00	11149.00
chr2	217234866	217235986	1120	1120	17.00	64.00	34.98	33.00	39183.00
chr10	93786348	93786508	160	160	49.00	106.00	72.11	77.00	11537.00
chr17	20268785	20269076	291	291	2.00	7.00	4.28	4.00	1246.00
chr9	131002006	131002062	56	56	11.00	3585.00	3183.59	3425.00	178281.00
chr1	155208307	155208441	134	134	122.00	199.00	160.20	157.50	21467.00
chr2	162833877	162834373	496	496	5.00	784.00	77.92	23.00	38649.00
chr9	35799614	35799728	114	114	23.00	31.00	28.18	28.00	3213.00
chr20	62517856	62519234	1378	1378	8.00	248.00	35.00	29.00	48231.00
chr22	35942847	35943127	280	280	55.00	182.00	125.82	127.00	35229.00
chr13	26436438	26436546	108	108	64.00	84.00	71.30	70.00	7700.00
chr14	69371371	69371453	82	82	154.00	244.00	194.20	184.50	15924.00
chr7	44031274	44031581	307	307	9.00	31.00	18.40	18.00	5648.00
chr11	12274988	12275291	303	303	3.00	26.00	15.81	17.00	4791.00
chr5	1334403	1334498	95	95	158.00	184.00	168.65	167.00	16022.00
chr19	34868639	34868786	147	147	1493.00	2091.00	1787.30	1766.00	262733.00
chr16	1815960	1816143	183	183	375.00	567.00	474.08	477.00	86757.00
chr10	73578787	73578868	81	81	3605.00	4581.00	4105.10	4120.00	332513.00
chr17	37420427	37420640	213	213	20.00	41.00	31.27	31.00	6661.00
chr5	60835422	60835586	164	164	16.00	24.00	20.23	20.00	3318.00
chr15	79296143	79296517	374	374	223.00	351.00	276.39	273.00	103368.00
chr19	13039568	13039661	93	93	482.00	692.00	593.08	593.00	55156.00
chr12	49421585	49421713	128	128	41.00	77.00	62.45	64.00	7993.00
chr1	1661057	1662583	1526	1526	0.00	251.00	57.68	32.00	88023.00
chr2	207457340	207457460	120	120	428.00	529.00	466.68	466.00	56002.00
chr11	64542462	64543441	979	979	5.00	24.00	12.88	12.00	12610.00
chr20	61910250	61910347	97	97	126.00	156.00	142.55	143.00	13827.00
chr11	62394042	62394156	114	114	237.00	322.00	277.61	273.00	31648.00
chr5	37301538	37301652	114	114	26.00	42.00	33.58	33.00	3828.00
chr16	4733843	4733933	90	90	132.00	167.00	151.12	152.00	13601.00
chr15	43693913	43694048	135	135	49.00	63.00	56.64	57.00	7646.00
chr11	18764538	18764622	84	84	249.00	297.00	268.31	265.50	22538.00
chr17	57842331	57842499	168	168	145.00	193.00	169.44	168.50	28466.00
chr9	96076729	96078064	1335	1335	8.00	44.00	22.39	20.00	29889.00
chr11	12246219	12246367	148	148	325.00	406.00	357.43	355.00	52900.00
chr12	7030743	7031565	822	822	11.00	6100.00	2235.44	40.00	1837529.00
chr3	14523178	14523349	171	171	12.00	26.00	19.42	20.00	3321.00
chr5	758508	759483	975	975	11.00	35.00	19.54	18.00	19056.00
chr12	22635490	22635677	187	187	120.00	161.00	144.67	146.00	27054.00
chr5	14479369	14479459	90	90	163.00	205.00	179.46	180.00	16151.00
chr6	143655214	143656079	865	865	1.00	19.00	8.15	6.00	7051.00
chr7	75508360	75508578	218	218	26.00	1020.00	730.66	873.00	159284.00
chr11	60697981	60698131	150	150	178.00	251.00	216.41	214.00	32462.00
chr1	151400598	151400889	291	291	61.00	102.00	78.08	73.00	22722.00
chr5	172196431	172197309	878	878	6.00	254.00	71.93	34.00	63154.00
chr3	49152660	49152794	134	134	59.00	78.00	68.60	67.00	9193.00
chr7	5518281	5519950	1669	1669	24.00	175.00	81.41	74.00	135879.00
chr17	16691106	16691449	343	343	3.00	89.00	42.79	55.00	14677.00
chr2	220086993	220087172	179	179	191.00	293.00	248.34	248.00	44452.00
chr10	51746916	51748006	1090	1090	1.00	67.00	26.09	23.00	28434.00
chr12	7302118	7302289	171	171	822.00	1070.00	948.30	936.00	162159.00
chr11	59562844	59562955	111	111	33.00	73.00	54.93	63.00	6097.00
chr12	6100984	6101184	200	200	13.00	35.00	25.80	26.00	5161.00
chr19	5683274	5683627	353	353	10.00	48.00	28.58	30.00	10090.00
chr12	2786259	2786387	128	128	19.00	40.00	30.36	32.00	3886.00
chr15	26812727	26812880	153	153	179.00	292.00	215.92	211.00	33035.00
chr1	149007980	149008798	818	818	5.00	43.00	24.10	22.00	19712.00
chr19	54965608	54965861	253	253	74.00	139.00	102.30	96.00	25883.00
chr8	27293259	27293310	51	51	384.00	451.00	425.98	427.00	21725.00
chr15	23014437	23014528	91	91	110.00	163.00	135.32	132.00	12314.00
chr1	111717500	111717585	85	85	69.00	128.00	99.73	100.00	8477.00
chr6	150157220	150157433	213	213	207.00	345.00	297.60	309.00	63389.00
chr13	114566547	114566670	123	123	28.00	169.00	91.67	76.00	11276.00
chr16	58539291	58539605	314	314	4.00	37.00	25.22	28.00	7919.00
chr1	21936612	21936768	156	156	397.00	984.00	647.39	637.50	100993.00
chr1	17322880	17322991	111	111	277.00	433.00	354.86	372.00	39390.00
chr11	60699455	60699599	144	144	265.00	383.00	322.78	327.00	46481.00
chr5	6749669	6749770	101	101	47.00	69.00	59.07	59.00	5966.00
chr16	2156805	2156949	144	144	121.00	202.00	150.83	152.50	21720.00
chr15	34690834	34690930	96	96	79.00	145.00	124.79	126.50	11980.00
chr3	11074933	11075425	492	492	1.00	434.00	83.00	12.00	40835.00
chr5	74655222	74655381	159	159	169.00	261.00	209.23	211.00	33268.00
chr20	20022968	20023160	192	192	44.00	106.00	71.40	67.50	13708.00
chr2	39055481	39055578	97	97	24.00	33.00	30.19	31.00	2928.00
chr19	16793231	16793528	297	297	7.00	239.00	68.89	11.00	20459.00
chr2	219205450	219205509	59	59	163.00	180.00	171.34	172.00	10109.00
chr17	74087429	74087729	300	300	7.00	33.00	23.84	23.50	7152.00
chr3	184058150	184060036	1886	1886	9.00	776.00	125.38	34.00	236470.00
chr6	90333128	90333263	135	135	48.00	86.00	73.16	79.00	9877.00
chr12	125267019	125267429	410	410	13.00	38.00	22.51	19.00	9229.00
chr1	207942580	207943104	524	524	14.00	51.00	32.98	31.00	17282.00
chr4	89356876	89357043	167	167	79.00	117.00	103.41	104.00	17269.00
chr7	101995498	101995736	238	238	13.00	37.00	21.66	19.00	5155.00
chr3	11067458	11067562	104	104	298.00	443.00	376.36	372.50	39141.00
chr5	95734582	95734740	158	158	131.00	211.00	178.61	184.00	28221.00
chr6	152529106	152529341	235	235	101.00	163.00	133.14	133.00	31288.00
chr5	102295578	102295763	185	185	186.00	265.00	226.49	230.00	41900.00
chr22	21072980	21073110	130	130	992.00	1456.00	1229.32	1270.50	159811.00
chr12	121855306	121855714	408	408	89.00	236.00	134.02	132.00	54679.00
chr1	160326389	160326544	155	155	112.00	146.00	125.95	126.00	19523.00
chr11	60670930	60671007	77	77	440.00	533.00	477.10	483.00	36737.00
chr17	79804822	79804948	126	126	326.00	421.00	372.71	374.00	46962.00
chr16	18527204	18527332	128	128	623.00	868.00	770.37	789.50	98607.00
chr16	16372518	16372646	128	128	641.00	901.00	799.91	822.00	102388.00
chr2	32750530	32750695	165	165	25.00	76.00	48.47	45.00	7997.00
chr14	69369193	69369279	86	86	191.00	246.00	219.20	216.00	18851.00
chr7	66418212	66418356	144	144	130.00	275.00	212.75	216.00	30636.00
chr6	44107988	44108097	109	109	129.00	156.00	140.77	140.00	15344.00
chr7	70885893	70886091	198	198	330.00	701.00	479.27	440.50	94895.00
chr8	27295281	27295397	116	116	421.00	499.00	458.85	458.00	53227.00
chr7	73122918	73123018	100	100	1665.00	2067.00	1791.98	1778.50	179198.00
chr15	34698874	34699071	197	197	106.00	191.00	139.28	133.00	27439.00
chr8	22009343	22009513	170	170	210.00	392.00	289.91	294.50	49285.00
chr7	1526557	1526737	180	180	39.00	94.00	64.36	68.00	11585.00
chr5	178053946	178054065	119	119	1.00	134.00	61.89	57.00	7365.00
chr12	6103027	6103369	342	342	18.00	39.00	26.86	27.00	9187.00
chr2	3479491	3480482	991	991	5.00	27.00	13.23	12.00	13106.00
chr3	33883388	33883566	178	178	115.00	166.00	132.39	129.50	23566.00
chr19	11019778	11019883	105	105	91.00	154.00	118.38	119.00	12430.00
chr7	98446205	98446318	113	113	1400.00	2629.00	2061.15	2095.00	232910.00
chr8	106813274	106813932	658	658	10.00	34.00	24.28	25.00	15979.00
chr2	223795338	223795530	192	192	375.00	681.00	519.27	534.50	99699.00
chr7	75511146	75511554	408	408	654.00	1297.00	976.21	980.00	398295.00
chr21	40184926	40185038	112	112	114.00	259.00	198.31	219.50	22211.00
chr19	53383575	53385236	1661	1661	5.00	47.00	27.31	28.00	45367.00
chr19	14208130	14208295	165	165	6.00	524.00	323.27	409.00	53340.00
chr15	91461013	91461618	605	605	7.00	318.00	97.83	12.00	59187.00
chr8	145278010	145278133	123	123	49.00	60.00	53.50	53.00	6581.00
chr16	28132990	28133083	93	93	123.00	172.00	144.08	144.00	13399.00
chr11	125280091	125280221	130	130	87.00	125.00	100.93	99.00	13121.00
chr15	63128089	63128317	228	228	40.00	219.00	159.94	181.50	36466.00
chr9	131181435	131181557	122	122	2.00	113.00	98.34	102.00	11997.00
chr19	3281196	3281343	147	147	167.00	298.00	239.35	256.00	35184.00
chr11	6240200	6240280	80	80	35.00	47.00	40.95	41.00	3276.00
chr20	31019123	31019287	164	164	13.00	27.00	19.51	20.00	3199.00
chr6	46825865	46827260	1395	1395	25.00	83.00	49.39	49.00	68895.00
chr12	1672006	1672666	660	660	14.00	73.00	34.61	27.00	22844.00
chr12	9098824	9099001	177	177	166.00	264.00	221.41	222.00	39190.00
chr7	121738503	121738630	127	127	12.00	23.00	18.52	19.00	2352.00
chr19	40875814	40875935	121	121	1109.00	1581.00	1340.36	1314.00	162183.00
chr20	3581592	3581671	79	79	73.00	99.00	89.65	93.00	7082.00
chr17	7226965	7227042	77	77	78.00	100.00	87.01	87.00	6700.00
chr2	74331800	74332809	1009	1009	4.00	25.00	15.15	16.00	15284.00
chr1	209785136	209785610	474	474	15.00	282.00	223.48	249.00	105930.00
chr9	35546426	35548532	2106	2106	70.00	238.00	142.00	139.00	299042.00
chr17	80040198	80040290	92	92	308.00	400.00	346.98	341.00	31922.00
chr11	73074791	73075284	493	493	14.00	205.00	75.18	25.00	37065.00
chr20	44674976	44675075	99	99	320.00	403.00	358.95	349.00	35536.00
chr20	5892091	5892328	237	237	48.00	648.00	365.33	429.00	86583.00
chr17	20316581	20317594	1013	1013	1.00	21.00	9.00	8.00	9118.00
chr12	99478702	99478801	99	99	161.00	205.00	184.19	187.00	18235.00
chr17	40842756	40842960	204	204	295.00	443.00	377.13	370.50	76934.00
chr11	107501142	107501288	146	146	318.00	410.00	363.18	363.00	53024.00
chr11	85429236	85429532	296	296	8.00	43.00	21.47	22.00	6354.00
chr20	9449217	9449319	102	102	45.00	59.00	52.00	53.00	5304.00
chr14	23371395	23371591	196	196	133.00	188.00	160.40	160.00	31438.00
chr7	716865	716957	92	92	1952.00	2769.00	2504.99	2524.50	230459.00
chr10	48862360	48862682	322	322	2.00	166.00	88.57	104.00	28520.00
chr10	68686678	68688210	1532	1532	32.00	153.00	58.88	49.00	90203.00
chr5	179674854	179674926	72	72	367.00	485.00	434.61	455.50	31292.00
chr1	209773327	209773456	129	129	176.00	271.00	231.33	239.00	29841.00
chr17	45691034	45691091	57	57	414.00	469.00	437.72	435.00	24950.00
chr1	19669871	19670118	247	247	7.00	17.00	11.97	12.00	2957.00
chr17	45664025	45664710	685	685	10.00	317.00	74.08	43.00	50743.00
chr19	2337634	2338840	1206	1206	10.00	77.00	25.62	22.00	30900.00
chr8	22011480	22011552	72	72	314.00	375.00	347.25	349.50	25002.00
