#chrom	start	end	size	num_data	min	max	mean	median	sum
chr12	1940100	1940691	591	591	52.00	105.00	69.37	65.00	41000.00
chr1	27480473	27481381	908	908	34.00	110.00	72.36	70.00	65706.00
chr15	63112684	63112809	125	125	326.00	428.00	377.71	373.00	47214.00
chr5	149231737	149232254	517	517	13.00	49.00	31.22	33.00	16143.00
chr5	140865429	140867182	1753	1753	22.00	81.00	42.11	40.00	73824.00
chr1	32209793	32209958	165	165	293.00	498.00	377.04	357.00	62212.00
chr16	87873307	87873431	124	124	193.00	317.00	263.35	264.50	32656.00
chr17	34157438	34158175	737	737	7.00	39.00	20.80	21.00	15329.00
chr2	127815619	127816088	469	469	14.00	48.00	31.61	35.00	14823.00
chr1	208212965	208213112	147	147	118.00	160.00	137.95	136.00	20279.00
chr22	19703883	19704666	783	783	7.00	42.00	25.58	25.00	20033.00
chr16	87872319	87872423	104	104	203.00	270.00	235.24	226.00	24465.00
chr9	140055740	140055868	128	128	1702.00	1982.00	1852.95	1850.00	237178.00
chr22	21096515	21096643	128	128	688.00	984.00	830.30	824.50	106279.00
chr9	140056321	140056540	219	219	1.00	2204.00	1428.31	1777.00	312799.00
chr11	78379981	78380253	272	272	24.00	47.00	31.80	31.00	8649.00
chr3	11070420	11070533	113	113	416.00	547.00	475.91	482.00	53778.00
chr1	109812554	109813222	668	668	2.00	543.00	212.59	229.00	142012.00
chr2	220161954	220162155	201	201	747.00	1159.00	1000.77	1007.00	201155.00
chr15	74706887	74707086	199	199	156.00	205.00	175.58	174.00	34941.00
chr17	7318829	7319426	597	597	193.00	414.00	315.86	321.00	188568.00
chr1	21560050	21560154	104	104	56.00	75.00	64.88	63.00	6747.00
chr1	25573799	25573952	153	153	14.00	471.00	302.31	347.00	46254.00
chr14	93198993	93199160	167	167	136.00	214.00	178.68	183.00	29839.00
chr1	205554003	205554119	116	116	215.00	450.00	307.62	269.00	35684.00
chr1	9795005	9795232	227	227	2116.00	3162.00	2668.76	2711.00	605808.00
chr17	42426525	42426670	145	145	94.00	198.00	144.17	142.00	20904.00
chr18	70205887	70206179	292	292	10.00	427.00	171.71	20.50	50139.00
chr1	205553082	205553251	169	169	447.00	617.00	525.77	520.00	88855.00
chr9	140056623	140056766	143	143	6.00	1852.00	1124.66	1301.00	160826.00
chr6	33412147	33412394	247	247	10.00	644.00	376.01	501.00	92875.00
chr12	89992366	89992547	181	181	10.00	1167.00	871.97	988.00	157827.00
chr2	220088827	220089576	749	749	152.00	296.00	210.44	202.00	157620.00
chr14	100763073	100765222	2149	2149	13.00	105.00	49.83	50.00	107083.00
chr1	110740697	110742543	1846	1846	0.00	981.00	590.76	612.00	1090547.00
chr1	149878201	149879758	1557	1557	15.00	1715.00	378.04	35.00	588613.00
chr3	197264139	197265259	1120	1120	8.00	41.00	22.19	21.00	24854.00
chr8	56449623	56450530	907	907	26.00	75.00	51.92	50.00	47088.00
chr9	139354208	139354326	118	118	76.00	109.00	84.90	83.00	10018.00
chr1	32204908	32205236	328	328	495.00	819.00	629.82	613.50	206582.00
chr7	75608768	75608897	129	129	108.00	166.00	142.92	147.00	18437.00
chr19	45161029	45161178	149	149	52.00	106.00	83.88	90.00	12498.00
chr19	5243911	5244493	582	582	162.00	440.00	255.40	246.00	148643.00
chr6	32119585	32119717	132	132	14.00	568.00	315.80	332.00	41685.00
chr3	42670878	42672067	1189	1189	10.00	48.00	23.54	23.00	27993.00
chr11	45892392	45892485	93	93	178.00	264.00	214.63	213.00	19961.00
chr17	80040789	80040991	202	202	332.00	500.00	404.18	393.00	81644.00
chr2	74902875	74903036	161	161	50.00	79.00	63.77	63.00	10267.00
chr17	38335969	38337946	1977	1977	2.00	271.00	34.59	22.00	68394.00
chr16	87870103	87870253	150	150	210.00	285.00	243.72	241.00	36558.00
chr1	32205947	32206142	195	195	549.00	777.00	669.84	646.00	130618.00
chr6	44117553	44117702	149	149	8.00	254.00	161.38	203.00	24045.00
chr1	159163659	159163830	171	171	1467.00	1794.00	1625.85	1641.00	278020.00
chr3	445565	446023	458	458	12.00	32.00	22.18	22.00	10157.00
chr2	25048913	25048995	82	82	137.00	172.00	151.62	147.00	12433.00
chr10	99504485	99504672	187	187	82.00	148.00	106.94	107.00	19998.00
chr4	54364807	54365010	203	203	109.00	205.00	158.77	162.00	32230.00
chr17	1634367	1634552	185	185	25.00	40.00	32.37	33.00	5988.00
chr7	72416124	72416247	123	123	32.00	167.00	105.46	97.00	12971.00
chr1	208212169	208212329	160	160	105.00	142.00	121.88	120.00	19501.00
chr9	140952500	140952702	202	202	94.00	169.00	135.00	136.00	27271.00
chr6	44197325	44197528	203	203	120.00	161.00	142.12	143.00	28850.00
chr6	44197643	44198218	575	575	20.00	124.00	52.43	38.00	30147.00
chr11	118981972	118982084	112	112	202.00	287.00	240.90	240.00	26981.00
chr5	150503846	150503952	106	106	5.00	1859.00	1330.75	1681.50	141059.00
chr11	118981761	118981878	117	117	273.00	322.00	299.55	299.00	35047.00
chr11	126314873	126315000	127	127	89.00	119.00	106.75	106.00	13557.00
chr1	159165808	159166244	436	436	10.00	1587.00	301.76	25.00	131567.00
chr7	134893542	134893750	208	208	31.00	59.00	46.83	47.00	9741.00
chr9	121976196	121976433	237	237	273.00	434.00	344.68	352.00	81690.00
chr19	54691042	54691169	127	127	340.00	531.00	426.90	421.00	54216.00
chr22	38621430	38621600	170	170	262.00	397.00	338.11	345.50	57479.00
chr13	42035681	42036205	524	524	11.00	38.00	20.40	18.00	10689.00
chr20	1915360	1915413	53	53	12.00	1804.00	1225.28	1523.00	64940.00
chr5	14496987	14497126	139	139	223.00	299.00	251.91	249.00	35016.00
chr12	56528125	56528212	87	87	118.00	139.00	129.77	130.00	11290.00
chr3	47466974	47467101	127	127	87.00	132.00	112.98	115.00	14349.00
chr17	7415476	7415663	187	187	135.00	202.00	170.60	175.00	31903.00
chr3	33588037	33589252	1215	1215	14.00	48.00	27.89	28.00	33890.00
chr7	887833	888615	782	782	8.00	105.00	44.28	32.00	34624.00
chr10	24813251	24813693	442	442	57.00	135.00	95.68	98.00	42290.00
chr1	109812045	109812213	168	168	262.00	410.00	329.66	333.00	55383.00
chr19	15276597	15276902	305	305	30.00	80.00	53.55	52.00	16332.00
chr16	2334779	2334999	220	220	201.00	254.00	226.76	224.50	49888.00
chr16	68404761	68405261	500	500	46.00	91.00	61.55	61.00	30774.00
chr4	110969111	110969871	760	760	47.00	104.00	68.55	68.00	52101.00
chr1	145693161	145693996	835	835	8.00	104.00	44.89	39.00	37483.00
chr7	44282848	44282932	84	84	678.00	884.00	803.76	803.00	67516.00
chr2	220164315	220164508	193	193	12.00	760.00	312.46	23.00	60305.00
chr12	50472203	50472360	157	157	88.00	129.00	108.34	110.00	17009.00
chr2	220163768	220163833	65	65	687.00	941.00	819.43	840.00	53263.00
chr2	222289928	222290862	934	934	242.00	494.00	380.10	393.50	355014.00
chr12	57599133	57599268	135	135	236.00	348.00	277.58	263.00	37473.00
chr7	157475416	157475629	213	213	363.00	551.00	456.58	450.00	97251.00
chr1	32203800	32203927	127	127	493.00	836.00	664.69	674.00	84415.00
chr1	109811731	109811912	181	181	317.00	463.00	388.38	390.00	70297.00
chr9	140052830	140052975	145	145	1108.00	3033.00	2164.41	2357.00	313840.00
chr2	220161706	220161854	148	148	853.00	1343.00	1082.61	1099.00	160226.00
chr16	29896906	29897070	164	164	501.00	753.00	655.90	682.50	107568.00
chr16	47143393	47143622	229	229	143.00	213.00	175.90	173.00	40281.00
chr11	993753	993985	232	232	192.00	390.00	309.02	317.00	71692.00
chr9	124059698	124061137	1439	1439	4.00	39.00	16.70	17.00	24025.00
chr9	140350140	140350634	494	494	7.00	58.00	36.33	39.00	17948.00
chr11	14504577	14504697	120	120	105.00	159.00	132.53	135.50	15904.00
chr3	49898612	49898733	121	121	694.00	1037.00	890.18	894.00	107712.00
chr9	131811659	131811777	118	118	59.00	118.00	84.05	77.00	9918.00
chr9	131810705	131810818	113	113	71.00	118.00	96.37	92.00	10890.00
chr1	223400935	223401080	145	145	144.00	196.00	171.56	172.00	24876.00
chr12	125612185	125612820	635	635	7.00	206.00	41.53	14.00	26374.00
chr2	220088590	220088744	154	154	167.00	232.00	204.75	204.00	31532.00
chr9	70888487	70888750	263	263	6.00	42.00	26.25	29.00	6903.00
chr14	69813756	69813898	142	142	83.00	139.00	105.25	103.00	14945.00
chr2	47399145	47399890	745	745	15.00	388.00	75.54	67.00	56278.00
chr11	62688689	62689041	352	352	11.00	215.00	71.38	32.00	25124.00
chr6	43745205	43745407	202	202	8.00	165.00	125.68	120.00	25387.00
chr3	11072492	11072997	505	505	12.00	759.00	156.42	34.00	78994.00
chr7	2696031	2696168	137	137	276.00	401.00	353.78	370.00	48468.00
chr16	14969196	14969279	83	83	660.00	1038.00	844.88	882.00	70125.00
chr17	7377847	7378026	179	179	9.00	21.00	14.00	14.00	2506.00
chr12	65639640	65639719	79	79	77.00	176.00	129.77	129.00	10252.00
chr12	50294912	50295108	196	196	1614.00	3497.00	2100.42	1931.00	411683.00
chr19	42485653	42485788	135	135	2005.00	3256.00	2659.13	2628.00	358982.00
chr10	99509230	99509343	113	113	102.00	204.00	140.14	135.00	15836.00
chr22	38883877	38888120	4243	4243	109.00	1142.00	430.02	423.00	1824575.00
chr12	49416372	49416658	286	286	74.00	119.00	94.68	93.00	27079.00
chr6	24843089	24843782	693	693	59.00	109.00	84.43	85.00	58512.00
chr5	176295561	176295665	104	104	267.00	368.00	302.19	294.00	31428.00
chr10	99510087	99510227	140	140	148.00	214.00	183.71	183.50	25719.00
chr1	159173658	159174770	1112	1112	31.00	171.00	62.49	52.00	69485.00
chr11	1780745	1780869	124	124	1095.00	1583.00	1351.42	1406.50	167576.00
chr19	42486059	42486258	199	199	1846.00	2587.00	2173.62	2175.00	432551.00
chr3	47465422	47465535	113	113	104.00	148.00	122.17	121.00	13805.00
chr1	21573713	21573856	143	143	45.00	64.00	55.32	55.00	7911.00
chr11	65320330	65320453	123	123	104.00	167.00	144.36	145.00	17756.00
chr3	47462420	47462519	99	99	164.00	235.00	209.12	215.00	20703.00
chr2	219204751	219204864	113	113	137.00	188.00	168.85	172.00	19080.00
chr1	43906123	43906257	134	134	21.00	34.00	25.81	25.00	3459.00
chr7	38785158	38785840	682	682	21.00	452.00	65.05	33.00	44363.00
chr2	153499932	153500058	126	126	138.00	216.00	184.43	197.50	23238.00
chr1	32203011	32203132	121	121	6.00	637.00	494.38	574.00	59820.00
chr22	42290823	42290941	118	118	387.00	811.00	650.24	634.00	76728.00
chr19	47940718	47940818	100	100	436.00	811.00	605.81	570.50	60581.00
chr4	119539150	119539274	124	124	13.00	45.00	31.52	34.00	3909.00
chr17	44117067	44117250	183	183	89.00	128.00	106.56	105.00	19500.00
chr19	42485873	42485983	110	110	1564.00	2111.00	1904.54	1941.50	209499.00
chr6	44114583	44114664	81	81	154.00	217.00	183.06	176.00	14828.00
chr19	47941105	47941292	187	187	16.00	929.00	496.35	650.00	92817.00
chr11	73074250	73074500	250	250	155.00	241.00	201.84	207.00	50459.00
chr3	33418764	33418825	61	61	256.00	350.00	299.77	305.00	18286.00
chr1	700258	700505	247	247	22.00	55.00	38.96	38.00	9624.00
chr9	74319510	74319719	209	209	36.00	71.00	48.58	45.00	10154.00
chr16	2336694	2336968	274	274	202.00	505.00	344.09	348.00	94281.00
chr20	3575125	3575219	94	94	184.00	266.00	213.23	218.00	20044.00
chr9	139231377	139231529	152	152	88.00	119.00	100.22	98.00	15233.00
chr5	140515951	140516498	547	547	13.00	37.00	24.00	25.00	13129.00
chr1	21938208	21938309	101	101	694.00	862.00	784.29	785.00	79213.00
chr3	155659188	155659936	748	748	17.00	172.00	107.04	120.00	80064.00
chr16	27483068	27483241	173	173	90.00	151.00	115.03	114.00	19901.00
chr11	994071	994245	174	174	105.00	268.00	207.96	238.50	36185.00
chr7	71175745	71175913	168	168	414.00	655.00	535.86	546.00	90025.00
chr12	121204065	121204175	110	110	161.00	244.00	216.65	228.50	23831.00
chr7	73118679	73118753	74	74	1134.00	1430.00	1269.54	1267.00	93946.00
chr9	140972565	140972710	145	145	69.00	99.00	86.03	87.00	12474.00
chr12	121683329	121684024	695	695	3.00	34.00	19.57	20.00	13600.00
chr16	74493579	74493687	108	108	200.00	306.00	260.21	263.00	28103.00
chr2	36771518	36771641	123	123	126.00	180.00	151.10	151.00	18585.00
chr7	94187181	94187996	815	815	13.00	50.00	31.03	32.00	25291.00
chr14	94156951	94157239	288	288	5.00	17.00	12.25	12.50	3529.00
chr7	121739000	121739524	524	524	14.00	41.00	25.70	25.00	13468.00
chr1	19549117	19549328	211	211	74.00	145.00	107.29	106.00	22638.00
chr19	5214571	5214747	176	176	319.00	584.00	386.92	368.50	68098.00
chr19	42557753	42557861	108	108	170.00	209.00	192.08	193.50	20745.00
chr15	102510686	102510925	239	239	5.00	32.00	20.10	22.00	4805.00
chr5	167673761	167675376	1615	1615	34.00	120.00	72.58	72.00	117213.00
chr7	44282158	44282253	95	95	713.00	1075.00	842.48	803.00	80036.00
chr2	160621061	160621717	656	656	14.00	198.00	45.55	38.00	29882.00
chr5	10426501	10426634	133	133	377.00	567.00	482.10	488.00	64119.00
chr16	1814301	1814460	159	159	473.00	662.00	590.26	618.00	93851.00
chr11	21581734	21581928	194	194	72.00	128.00	98.47	99.50	19103.00
chr3	126749085	126749255	170	170	150.00	213.00	177.04	179.00	30097.00
chr11	12237765	12237866	101	101	407.00	513.00	464.48	465.00	46912.00
chr6	31750872	31750963	91	91	114.00	150.00	135.66	139.00	12345.00
chr3	53124201	53124398	197	197	11.00	21.00	15.69	15.00	3090.00
chr2	220161470	220161544	74	74	986.00	1237.00	1162.47	1182.50	86023.00
chr2	128951046	128951785	739	739	18.00	111.00	56.84	60.00	42006.00
chr5	24535811	24535931	120	120	156.00	209.00	184.46	186.00	22135.00
chr1	44083406	44083582	176	176	281.00	429.00	342.73	334.50	60321.00
chr1	32207653	32207818	165	165	422.00	605.00	501.94	513.00	82820.00
chr12	7293754	7294000	246	246	9.00	1014.00	608.27	877.50	149634.00
chr3	131442289	131442469	180	180	146.00	197.00	174.13	177.00	31344.00
chr3	49898871	49899298	427	427	32.00	1155.00	478.80	655.00	204447.00
chr16	66432358	66432464	106	106	31.00	46.00	39.48	39.50	4185.00
chr1	20982593	20982680	87	87	272.00	360.00	318.24	312.00	27687.00
chr16	68398653	68398809	156	156	43.00	85.00	63.36	62.00	9884.00
chr17	16676818	16678279	1461	1461	25.00	89.00	43.49	41.00	63539.00
chr1	109814899	109815027	128	128	324.00	406.00	369.45	377.50	47289.00
chr1	21940478	21940582	104	104	760.00	922.00	832.30	826.50	86559.00
chr20	57468284	57468793	509	509	12.00	24.00	17.46	18.00	8886.00
chr3	127358087	127358366	279	279	203.00	478.00	362.11	359.00	101029.00
chr3	126735359	126735527	168	168	115.00	157.00	130.56	130.00	21934.00
chr10	103869140	103869264	124	124	305.00	368.00	342.76	345.50	42502.00
chr20	44520554	44520666	112	112	114.00	204.00	152.53	149.00	17083.00
chr1	32203252	32203356	104	104	450.00	613.00	540.61	528.50	56223.00
chr21	40186196	40186316	120	120	271.00	365.00	313.57	315.00	37629.00
chr5	111067153	111068349	1196	1196	14.00	71.00	44.76	43.00	53538.00
chr9	128002954	128003186	232	232	414.00	593.00	517.45	525.00	120049.00
chr1	43408896	43408992	96	96	162.00	198.00	182.16	181.00	17487.00
chr3	47463931	47464026	95	95	148.00	195.00	174.68	178.00	16595.00
chr2	220161160	220161238	78	78	970.00	1118.00	1041.51	1038.50	81238.00
chr11	62472772	62473089	317	317	919.00	1766.00	1266.84	1250.00	401589.00
chr9	130986341	130986906	565	565	11.00	718.00	174.28	29.00	98467.00
chr14	69358769	69359000	231	231	245.00	348.00	287.55	290.00	66425.00
chr11	64416205	64416379	174	174	167.00	293.00	235.40	251.00	40960.00
chr17	8398454	8398559	105	105	441.00	660.00	563.44	548.00	59161.00
chr12	53572943	53574193	1250	1250	13.00	58.00	31.77	30.00	39713.00
chr17	17696544	17701827	5283	5283	27.00	180.00	86.72	84.00	458157.00
chr8	11705187	11705331	144	144	1200.00	1862.00	1702.15	1755.50	245110.00
chr19	54963829	54963931	102	102	207.00	318.00	243.19	231.00	24805.00
chr2	70451682	70456295	4613	4613	8.00	173.00	62.99	58.00	290561.00
chr11	118873959	118874169	210	210	15.00	30.00	23.84	24.00	5007.00
chr10	75548427	75548581	154	154	52.00	84.00	67.55	67.00	10402.00
chr6	33414351	33414563	212	212	396.00	756.00	604.05	633.50	128058.00
chr17	80042910	80043032	122	122	213.00	272.00	243.86	249.00	29751.00
chr11	11470290	11470483	193	193	56.00	99.00	69.48	67.00	13410.00
chr8	23294446	23294771	325	325	164.00	261.00	197.47	191.00	64179.00
chr1	116932060	116932663	603	603	5.00	3068.00	955.34	22.00	576073.00
chr15	83222627	83222741	114	114	73.00	113.00	93.18	93.00	10623.00
chr3	9841562	9841751	189	189	19.00	40.00	32.10	32.00	6066.00
chr1	116937731	116937907	176	176	1777.00	3181.00	2184.74	2031.00	384514.00
chr16	87868019	87868197	178	178	181.00	266.00	214.63	211.00	38205.00
chr3	124209540	124209731	191	191	488.00	766.00	637.99	639.00	121857.00
chr7	71142195	71142291	96	96	448.00	623.00	533.93	534.00	51257.00
chr5	130497324	130497584	260	260	14.00	25.00	19.65	20.00	5108.00
chr13	100199238	100199358	120	120	309.00	527.00	415.59	402.00	49871.00
chr5	139943336	139943506	170	170	15.00	233.00	190.33	195.50	32356.00
chr17	74395529	74396002	473	473	107.00	228.00	169.30	172.00	80080.00
chr14	93179149	93179216	67	67	190.00	242.00	207.79	204.00	13922.00
chr4	160277004	160277310	306	306	54.00	385.00	184.21	177.00	56369.00
chr17	40666306	40666478	172	172	739.00	1110.00	917.95	889.00	157888.00
chr15	34828065	34828207	142	142	15.00	371.00	256.74	267.50	36457.00
chr14	100165802	100165876	74	74	558.00	675.00	613.92	618.50	45430.00
chr22	20128089	20128231	142	142	13.00	164.00	93.88	132.00	13331.00
chr12	3392210	3394421	2211	2211	5.00	75.00	38.32	37.00	84733.00
chr17	16687866	16690667	2801	2801	5.00	123.00	34.71	31.00	97234.00
chr6	31664724	31664810	86	86	112.00	214.00	163.17	162.50	14033.00
chr6	30627512	30627611	99	99	46.00	67.00	55.97	54.00	5541.00
chr11	18752834	18755060	2226	2226	7.00	633.00	84.33	40.00	187713.00
chr12	109332602	109332731	129	129	487.00	666.00	562.26	564.00	72532.00
chr6	90072884	90073110	226	226	20.00	38.00	28.94	29.00	6540.00
chr16	2689371	2689711	340	340	0.00	1.00	0.03	0.00	11.00
chr1	20987373	20987484	111	111	255.00	347.00	316.56	322.00	35138.00
chr14	85985300	85986667	1367	1367	7.00	34.00	17.17	17.00	23470.00
chr13	32863769	32863880	111	111	104.00	157.00	137.41	143.00	15252.00
chr16	1510418	1510528	110	110	94.00	121.00	106.64	107.00	11730.00
chr19	54963269	54963444	175	175	265.00	329.00	296.67	296.00	51917.00
chr6	44224078	44224233	155	155	58.00	84.00	73.72	75.00	11426.00
chr20	3151172	3152285	1113	1113	16.00	50.00	30.93	30.00	34429.00
chr1	892273	892405	132	132	124.00	222.00	152.70	143.00	20157.00
chr16	90192167	90192724	557	557	11.00	85.00	47.18	46.00	26281.00
chr9	111663704	111663810	106	106	93.00	127.00	105.66	104.00	11200.00
chr6	44108764	44108835	71	71	161.00	201.00	180.10	179.00	12787.00
chr1	36028802	36029027	225	225	1579.00	2667.00	1995.60	1862.00	449009.00
chr11	66807259	66807674	415	415	11.00	192.00	151.29	159.00	62785.00
chr1	178426817	178427679	862	862	51.00	114.00	75.46	74.00	65047.00
chr19	42482302	42482478	176	176	1590.00	2746.00	1924.24	1845.50	338667.00
chr1	44084718	44084873	155	155	162.00	485.00	281.24	263.00	43592.00
chr1	109812315	109812442	127	127	331.00	445.00	378.72	371.00	48098.00
chr3	180324268	180324391	123	123	154.00	212.00	187.90	194.00	23112.00
chr15	63933668	63933842	174	174	138.00	291.00	215.81	201.50	37551.00
chr20	44521363	44521519	156	156	221.00	308.00	260.91	258.00	40702.00
chr3	33416779	33416910	131	131	171.00	283.00	213.58	212.00	27979.00
chr1	21934624	21934843	219	219	3.00	830.00	397.69	542.00	87095.00
chr14	69799801	69799886	85	85	99.00	127.00	115.40	117.00	9809.00
chr1	116936134	116936345	211	211	7.00	2810.00	2096.46	2218.00	442353.00
chr14	23634493	23634645	152	152	42.00	98.00	76.20	82.50	11582.00
chr16	1402538	1402947	409	409	6.00	27.00	15.02	13.00	6145.00
chr9	20331	25000	4669	4669	0.00	83.00	31.77	33.00	148348.00
chr17	43545574	43545959	385	385	18.00	51.00	30.78	27.00	11850.00
chr13	100201418	100201476	58	58	347.00	416.00	382.28	383.00	22172.00
chr15	41865505	41865665	160	160	360.00	742.00	508.52	509.00	81363.00
chr19	19641688	19642196	508	508	11.00	21.00	16.60	17.00	8432.00
chr11	134147593	134148159	566	566	11.00	36.00	24.84	25.00	14062.00
chr2	71656420	71657290	870	870	5.00	35.00	25.39	26.00	22091.00
chr7	97834775	97835016	241	241	167.00	272.00	221.65	217.00	53418.00
chr19	13363804	13363915	111	111	111.00	153.00	133.02	133.00	14765.00
chr18	31328383	31329011	628	628	17.00	49.00	29.95	27.00	18810.00
chr16	66431884	66432009	125	125	30.00	52.00	41.95	42.00	5244.00
chr19	47935155	47935702	547	547	10.00	1010.00	369.38	449.00	202051.00
chr12	50291769	50291873	104	104	1199.00	1800.00	1491.59	1520.00	155125.00
chr11	1780198	1780317	119	119	694.00	1340.00	914.44	864.00	108818.00
chr15	65392626	65393167	541	541	11.00	26.00	18.19	18.00	9840.00
chr2	86397871	86397967	96	96	178.00	242.00	215.54	219.00	20692.00
chr7	97866087	97866233	146	146	104.00	234.00	155.74	161.00	22738.00
chr11	60687157	60687402	245	245	92.00	196.00	151.65	167.00	37154.00
chr21	43307700	43309453	1753	1753	15.00	84.00	47.73	47.00	83676.00
chr14	24619269	24619657	388	388	24.00	66.00	43.13	43.00	16735.00
chr11	65320634	65320727	93	93	100.00	118.00	106.45	105.00	9900.00
chr16	29891184	29891385	201	201	520.00	741.00	638.59	634.00	128357.00
chr1	32207224	32207326	102	102	783.00	1032.00	892.16	883.50	91000.00
chr11	72300218	72300394	176	176	7.00	608.00	195.25	10.00	34364.00
chr17	7608878	7609038	160	160	31.00	165.00	112.86	134.00	18058.00
chr19	7607646	7607814	168	168	127.00	232.00	188.83	208.00	31724.00
chr19	54966129	54966271	142	142	138.00	258.00	209.95	212.00	29813.00
chr12	57995027	57995131	104	104	215.00	259.00	239.25	241.00	24882.00
chr1	27428875	27429049	174	174	69.00	107.00	87.30	87.50	15191.00
chr2	27688277	27688385	108	108	60.00	89.00	76.39	79.00	8250.00
chr16	2691449	2692254	805	805	0.00	31.00	4.61	4.00	3712.00
chr9	131503813	131503933	120	120	358.00	433.00	396.46	405.50	47575.00
chr16	2347766	2347922	156	156	228.00	301.00	266.92	263.00	41640.00
chr17	80039884	80040036	152	152	316.00	405.00	353.73	348.00	53767.00
chr1	32204432	32204538	106	106	535.00	928.00	738.54	758.50	78285.00
chr12	9242951	9243078	127	127	297.00	362.00	330.15	329.00	41929.00
chr3	49702661	49702751	90	90	272.00	351.00	325.33	326.50	29280.00
chr19	35820359	35820837	478	478	7.00	26.00	15.48	15.00	7400.00
chr1	201456762	201457615	853	853	12.00	52.00	29.89	29.00	25493.00
chr16	2334279	2334438	159	159	210.00	276.00	252.43	257.00	40137.00
chr10	73578373	73578481	108	108	3546.00	4616.00	4052.78	4039.50	437700.00
chr16	18530550	18530756	206	206	0.00	727.00	348.35	510.00	71761.00
chr16	16369094	16369300	206	206	0.00	739.00	351.01	514.50	72308.00
chr13	113975636	113975785	149	149	23.00	488.00	216.42	29.00	32246.00
chr11	119293822	119294227	405	405	19.00	5775.00	570.69	80.00	231128.00
chr5	150505962	150506041	79	79	1329.00	1646.00	1468.29	1458.00	115995.00
chr22	44224939	44225078	139	139	948.00	1392.00	1107.60	1083.00	153956.00
chr15	41865199	41865309	110	110	299.00	420.00	352.08	331.00	38729.00
chr17	25633807	25636298	2491	2491	44.00	685.00	322.68	371.00	803790.00
chr15	72495155	72495529	374	374	22.00	3352.00	1324.48	36.00	495354.00
chr9	42540272	42542124	1852	1852	5.00	50.00	22.26	22.00	41234.00
chr11	119290760	119291704	944	944	3.00	7331.00	1947.76	22.00	1838682.00
chr19	5219949	5220165	216	216	221.00	403.00	292.65	274.00	63213.00
chr15	63910769	63911153	384	384	4.00	36.00	18.38	18.00	7057.00
chr17	74393879	74393969	90	90	193.00	254.00	227.71	233.00	20494.00
chr10	104129467	104129532	65	65	151.00	173.00	164.55	165.00	10696.00
chr3	142454224	142454620	396	396	4.00	26.00	14.56	14.00	5765.00
chr12	121205196	121205396	200	200	190.00	239.00	213.37	212.00	42673.00
chr3	31705570	31705724	154	154	26.00	47.00	34.94	33.00	5380.00
chr6	118635190	118636593	1403	1403	27.00	285.00	190.04	191.00	266620.00
chr8	10339867	10340829	962	962	8.00	41.00	24.68	25.00	23744.00
chr19	16952578	16952779	201	201	215.00	286.00	251.90	253.00	50632.00
chr8	110984486	110985016	530	530	151.00	289.00	225.78	233.00	119665.00
chr9	128001219	128001610	391	391	615.00	1178.00	919.64	975.00	359579.00
chr11	73070878	73070997	119	119	159.00	203.00	184.33	184.00	21935.00
chr10	104130140	104130235	95	95	106.00	171.00	138.60	138.00	13167.00
chr5	95733039	95733173	134	134	298.00	408.00	354.05	347.50	47443.00
chr19	59059400	59059547	147	147	258.00	353.00	299.54	296.00	44033.00
chr5	139943169	139943255	86	86	14.00	167.00	116.50	124.00	10019.00
chr17	73487771	73487981	210	210	124.00	223.00	157.43	154.00	33060.00
chr1	154315588	154315777	189	189	40.00	73.00	58.73	58.00	11100.00
chr14	95652726	95653070	344	344	7.00	24.00	15.63	17.00	5377.00
chr12	123639801	123640772	971	971	22.00	67.00	40.14	39.00	38972.00
chr22	47064870	47065171	301	301	10.00	23.00	16.74	16.00	5038.00
chr5	24535220	24535388	168	168	130.00	184.00	156.68	159.00	26323.00
chr12	6806452	6806958	506	506	187.00	432.00	288.91	292.00	146187.00
chr22	29881711	29881836	125	125	395.00	527.00	445.18	443.00	55648.00
chr7	75894681	75894786	105	105	61.00	78.00	71.54	72.00	7512.00
chr12	121089007	121095893	6886	6886	6.00	168.00	57.12	55.00	393294.00
chr1	207940357	207942365	2008	2008	18.00	237.00	66.16	54.00	132857.00
chr7	154681166	154681240	74	74	440.00	606.00	520.28	510.00	38501.00
chr5	131696513	131697529	1016	1016	12.00	40.00	24.20	24.00	24588.00
chr11	1776135	1776258	123	123	471.00	1062.00	713.71	660.00	87786.00
chr8	11706554	11706673	119	119	1240.00	1515.00	1372.08	1381.00	163278.00
chr11	18759426	18759511	85	85	279.00	344.00	312.68	310.00	26578.00
chr16	61689373	61689625	252	252	89.00	141.00	116.85	117.00	29446.00
chr15	51750702	51750824	122	122	229.00	282.00	258.74	261.00	31566.00
chr9	35555056	35555698	642	642	194.00	483.00	339.44	339.00	217923.00
chr2	198356200	198356621	421	421	6.00	25.00	13.47	12.00	5672.00
chr9	131001723	131001794	71	71	3123.00	3952.00	3655.87	3701.00	259567.00
chr19	5214371	5214491	120	120	454.00	610.00	548.37	553.00	65804.00
chr22	35719488	35719623	135	135	133.00	204.00	171.90	175.00	23207.00
chr12	121678738	121679829	1091	1091	8.00	53.00	25.36	23.00	27670.00
chr14	23820960	23821064	104	104	1274.00	1734.00	1574.86	1625.00	163785.00
chr1	32205710	32205779	69	69	632.00	843.00	734.00	725.00	50646.00
chr3	33420176	33420326	150	150	11.00	349.00	119.48	15.00	17922.00
chr9	114820707	114820966	259	259	42.00	60.00	51.98	53.00	13462.00
chr15	41865876	41866023	147	147	21.00	790.00	657.83	698.00	96701.00
chr19	55554308	55554637	329	329	8.00	20.00	13.32	14.00	4381.00
chr1	116933403	116933513	110	110	2178.00	2781.00	2543.43	2552.00	279777.00
chr19	15374230	15374359	129	129	71.00	177.00	129.16	139.00	16661.00
chr12	56090682	56090852	170	170	49.00	83.00	68.33	70.00	11616.00
chr14	69445668	69445876	208	208	135.00	305.00	236.49	252.00	49190.00
chr12	57603474	57603651	177	177	239.00	382.00	323.42	337.00	57246.00
chr22	32897492	32898946	1454	1454	8.00	111.00	53.19	50.00	77336.00
chr16	16367702	16367764	62	62	17.00	498.00	257.66	279.00	15975.00
chr19	5245786	5246056	270	270	200.00	489.00	320.03	283.50	86408.00
chr16	74345440	74345829	389	389	8.00	21.00	15.63	16.00	6081.00
chr6	107096899	107097076	177	177	49.00	72.00	61.61	61.00	10905.00
chr1	29641883	29642019	136	136	52.00	79.00	66.58	67.00	9055.00
chr8	97342440	97342509	69	69	231.00	286.00	259.87	258.00	17931.00
chr8	68116914	68117054	140	140	98.00	146.00	126.14	126.00	17659.00
chr22	22037470	22037546	76	76	53.00	86.00	73.74	74.00	5604.00
chr22	50682147	50683420	1273	1273	15.00	156.00	87.26	88.00	111082.00
chr20	44048971	44049069	98	98	181.00	235.00	213.91	219.00	20963.00
chr1	36904356	36904511	155	155	63.00	86.00	76.61	77.00	11874.00
chr12	71054719	71054877	158	158	123.00	220.00	160.06	155.50	25290.00
chr15	50654364	50655515	1151	1151	6.00	44.00	23.33	23.00	26858.00
chr2	234198499	234198620	121	121	110.00	159.00	136.17	138.00	16477.00
chr9	128001699	128001812	113	113	557.00	752.00	650.25	663.00	73478.00
chr8	38272296	38272419	123	123	70.00	98.00	87.14	87.00	10718.00
chr11	73068069	73068179	110	110	156.00	208.00	182.48	184.50	20073.00
chr16	28123137	28123327	190	190	193.00	269.00	225.61	227.00	42865.00
chr12	49424062	49424222	160	160	24.00	48.00	36.70	37.00	5872.00
chr19	50302885	50303023	138	138	398.00	544.00	459.77	434.50	63448.00
chr19	42480567	42480718	151	151	2800.00	4409.00	3597.21	3648.00	543178.00
chr3	197904395	197905301	906	906	2.00	89.00	40.11	40.00	36339.00
chr13	100189992	100190117	125	125	299.00	388.00	346.72	344.00	43340.00
chr19	14268062	14268272	210	210	328.00	489.00	399.30	395.00	83852.00
chr10	93786886	93787057	171	171	92.00	148.00	117.46	117.00	20085.00
chr1	109808726	109808828	102	102	221.00	268.00	246.56	247.50	25149.00
chr4	134075461	134075520	59	59	277.00	403.00	318.78	318.00	18808.00
chr1	22052268	22053864	1596	1596	12.00	60.00	32.00	29.00	51074.00
chr9	140056855	140056968	113	113	1298.00	1696.00	1450.22	1420.00	163875.00
chr19	42482087	42482224	137	137	2797.00	3947.00	3397.32	3507.00	465433.00
chr19	4556962	4557025	63	63	535.00	635.00	595.70	594.00	37529.00
chr19	14266921	14267013	92	92	327.00	408.00	365.88	356.50	33661.00
chr22	42273851	42274127	276	276	8.00	880.00	491.07	656.50	135536.00
chr1	205549788	205550049	261	261	261.00	482.00	365.89	350.00	95498.00
chr1	110765585	110766522	937	937	55.00	158.00	107.55	109.00	100771.00
chr19	55553595	55554158	563	563	11.00	35.00	24.26	26.00	13661.00
chr7	150929881	150931360	1479	1479	32.00	148.00	65.47	58.00	96833.00
chr3	124215157	124215260	103	103	448.00	640.00	546.47	552.00	56286.00
chr16	58220658	58220760	102	102	124.00	214.00	168.92	165.50	17230.00
chr3	10381925	10382033	108	108	718.00	987.00	883.69	883.00	95439.00
chr10	11356101	11356221	120	120	181.00	211.00	195.93	196.00	23512.00
chr22	42294652	42294785	133	133	460.00	730.00	629.11	637.00	83672.00
chr1	2005531	2005714	183	183	28.00	77.00	55.22	57.00	10105.00
chr12	113722522	113722576	54	54	83.00	100.00	90.74	89.00	4900.00
chr9	131502198	131502398	200	200	11.00	499.00	414.39	439.00	82878.00
chr19	40873602	40873786	184	184	1150.00	1878.00	1556.59	1605.50	286412.00
chr2	220162606	220162825	219	219	424.00	783.00	597.76	586.00	130910.00
chr16	28270027	28270355	328	328	18.00	100.00	50.85	45.00	16678.00
chr4	3225718	3225858	140	140	149.00	187.00	168.99	168.50	23659.00
chr17	44127898	44128070	172	172	66.00	112.00	87.54	88.00	15057.00
chr3	47462043	47462262	219	219	84.00	208.00	118.92	108.00	26044.00
chr6	99873090	99873182	92	92	14.00	452.00	216.21	193.00	19891.00
chr7	142561723	142562504	781	781	324.00	691.00	519.72	515.00	405900.00
chr1	159169540	159169666	126	126	1106.00	1607.00	1370.39	1418.50	172669.00
chr19	7606869	7606953	84	84	86.00	115.00	97.31	96.50	8174.00
chr16	2811561	2818298	6737	6737	6.00	486.00	319.26	328.00	2150835.00
chr3	47450652	47450807	155	155	49.00	82.00	70.20	73.00	10881.00
chr11	118403631	118403922	291	291	129.00	204.00	167.07	168.00	48618.00
chr1	205555161	205555335	174	174	253.00	389.00	328.64	331.00	57184.00
chr12	125603186	125603311	125	125	146.00	177.00	159.26	159.00	19907.00
chr11	86658288	86659498	1210	1210	18.00	55.00	35.26	36.00	42668.00
chr22	37764946	37768745	3799	3799	5.00	360.00	144.05	136.00	547239.00
chr10	46345664	46346215	551	551	6.00	56.00	26.03	24.00	14343.00
chr22	33673045	33673241	196	196	280.00	471.00	362.82	346.50	71113.00
chr9	140042599	140042666	67	67	14.00	397.00	319.70	335.00	21420.00
chr3	48717233	48717320	87	87	138.00	192.00	163.51	165.00	14225.00
chr11	60681600	60681740	140	140	18.00	151.00	78.93	63.00	11050.00
chr10	93784512	93784724	212	212	56.00	92.00	75.08	74.00	15916.00
chr12	7289424	7290372	948	948	8.00	993.00	246.75	13.00	233923.00
chr3	132387062	132387526	464	464	15.00	38.00	25.10	25.00	11646.00
chr16	2335442	2335647	205	205	196.00	323.00	271.68	285.00	55695.00
chr16	1794782	1797276	2494	2494	11.00	609.00	79.14	40.00	197370.00
chr16	3786036	3786204	168	168	109.00	179.00	147.86	154.00	24840.00
chr9	141131209	141131766	557	557	3.00	43.00	21.42	20.00	11931.00
chr14	92965028	92966015	987	987	7.00	29.00	16.64	17.00	16428.00
chr19	54692070	54692200	130	130	230.00	531.00	357.45	309.50	46469.00
chr15	43866006	43866230	224	224	115.00	225.00	159.12	154.00	35643.00
chr3	40231316	40231954	638	638	64.00	126.00	97.80	100.00	62396.00
chr3	50148937	50149455	518	518	17.00	52.00	33.90	36.00	17561.00
chr4	81117505	81117755	250	250	60.00	97.00	84.98	87.00	21244.00
chr10	46740404	46740638	234	234	0.00	27.00	16.57	19.00	3877.00
chr3	124210169	124210271	102	102	438.00	647.00	560.75	574.00	57197.00
chr11	107488830	107488932	102	102	401.00	508.00	460.85	462.50	47007.00
chr9	130591965	130592106	141	141	60.00	86.00	76.29	77.00	10757.00
chr1	20981932	20982027	95	95	308.00	382.00	349.25	345.00	33179.00
chr12	75875613	75875859	246	246	44.00	83.00	63.84	63.00	15705.00
chr22	32046684	32046764	80	80	59.00	85.00	71.39	71.00	5711.00
chr11	70331418	70331658	240	240	47.00	201.00	115.74	121.00	27777.00
chr14	51079976	51080069	93	93	487.00	658.00	555.46	547.00	51658.00
chr17	80041077	80041301	224	224	249.00	558.00	399.72	394.50	89538.00
chr7	158540884	158540971	87	87	182.00	267.00	224.22	217.00	19507.00
chr1	21553651	21553719	68	68	73.00	92.00	82.49	81.50	5609.00
chr2	219206256	219206349	93	93	112.00	152.00	132.94	132.00	12363.00
chr17	18444211	18445242	1031	1031	12.00	73.00	33.82	29.00	34871.00
chr12	57599340	57599460	120	120	257.00	322.00	282.91	282.50	33949.00
chr11	64417919	64418110	191	191	250.00	497.00	404.43	435.00	77247.00
chr19	3274926	3275650	724	724	8.00	37.00	20.30	18.00	14698.00
chr16	18532086	18532305	219	219	622.00	1047.00	821.30	809.00	179864.00
chr17	3776702	3776756	54	54	556.00	744.00	686.22	691.50	37056.00
chr1	116932670	116933033	363	363	4.00	3424.00	1625.09	2552.00	589908.00
chr16	1505731	1505796	65	65	191.00	246.00	211.05	207.00	13718.00
chr1	9794029	9794200	171	171	2566.00	3100.00	2852.81	2841.00	487830.00
chr10	73579221	73579379	158	158	2832.00	4500.00	3465.86	3475.50	547606.00
chr11	6411684	6412146	462	462	22.00	149.00	97.65	101.50	45114.00
chr1	159163212	159163350	138	138	1289.00	1708.00	1402.01	1376.50	193477.00
chr16	1816723	1816804	81	81	477.00	612.00	544.11	551.00	44073.00
chr7	91722399	91722630	231	231	15.00	141.00	113.78	117.00	26284.00
chr7	44281816	44281939	123	123	953.00	1159.00	1037.26	1036.00	127583.00
chr2	220467189	220467297	108	108	30.00	43.00	36.04	36.00	3892.00
chr16	4494664	4494729	65	65	175.00	210.00	197.49	198.00	12837.00
chr15	34681844	34681986	142	142	12.00	495.00	366.29	400.00	52013.00
chr9	139995935	139996124	189	189	103.00	175.00	144.42	147.00	27295.00
chr3	180324040	180324160	120	120	145.00	202.00	177.39	180.50	21287.00
chr3	42678359	42681242	2883	2883	59.00	168.00	114.11	109.00	328973.00
chr7	131812776	131815333	2557	2557	46.00	155.00	90.55	88.00	231546.00
chr20	1585387	1585522	135	135	18.00	511.00	286.64	311.00	38697.00
chr3	126751229	126751442	213	213	164.00	215.00	192.50	194.00	41003.00
chr15	63920875	63921014	139	139	140.00	204.00	171.83	172.00	23884.00
chr16	2040128	2040202	74	74	76.00	140.00	111.59	119.00	8258.00
chr9	74324174	74324390	216	216	32.00	64.00	48.53	48.00	10483.00
chr20	44521858	44521950	92	92	253.00	302.00	274.28	273.00	25234.00
chr9	139911647	139911798	151	151	279.00	441.00	356.77	339.00	53872.00
chr9	140055507	140055649	142	142	1892.00	2674.00	2234.45	2116.00	317292.00
chr12	120148055	120148191	136	136	179.00	264.00	219.33	218.00	29829.00
chr12	50474280	50474372	92	92	124.00	195.00	164.49	168.50	15133.00
chr15	63125702	63125828	126	126	212.00	350.00	262.94	258.50	33131.00
chr9	20907148	20907241	93	93	143.00	175.00	155.33	154.00	14446.00
chr16	87874655	87874761	106	106	233.00	297.00	268.90	269.00	28503.00
chr2	162833269	162833460	191	191	21.00	829.00	475.72	734.00	90862.00
chr8	11704560	11704677	117	117	955.00	1268.00	1104.01	1085.00	129169.00
chr15	63926931	63927087	156	156	192.00	272.00	239.85	250.00	37416.00
chr6	31668718	31668805	87	87	144.00	217.00	169.83	160.00	14775.00
chr7	148910792	148910906	114	114	20.00	48.00	37.36	41.00	4259.00
chr14	42355808	42357213	1405	1405	64.00	202.00	118.52	120.00	166526.00
chr10	88678928	88679226	298	298	39.00	84.00	57.34	58.00	17088.00
chr3	140998219	140998346	127	127	52.00	78.00	64.03	63.00	8132.00
chr1	144859758	144859998	240	240	128.00	199.00	159.78	154.00	38346.00
chr9	96054772	96055455	683	683	71.00	224.00	141.77	141.00	96829.00
chr19	7604803	7604944	141	141	115.00	204.00	151.40	146.00	21347.00
chr12	30906277	30907432	1155	1155	6.00	152.00	56.04	45.00	64731.00
chr9	131112762	131112854	92	92	117.00	239.00	192.22	205.00	17684.00
chr20	61981328	61982379	1051	1051	38.00	123.00	72.41	72.00	76107.00
chr7	38431348	38431618	270	270	229.00	474.00	328.58	319.50	88717.00
chr20	44521036	44521123	87	87	187.00	250.00	217.20	221.00	18896.00
chr11	64418726	64419108	382	382	216.00	410.00	310.84	315.00	118742.00
chr12	120148344	120150270	1926	1926	10.00	366.00	64.13	36.00	123522.00
chr12	6930971	6931066	95	95	9.00	451.00	233.17	238.00	22151.00
chr16	2339434	2339621	187	187	151.00	328.00	239.93	224.00	44867.00
chr2	27700083	27700187	104	104	60.00	95.00	82.82	87.00	8613.00
chr14	69805367	69805494	127	127	102.00	160.00	126.94	118.00	16121.00
chr12	9242497	9242619	122	122	293.00	399.00	350.69	349.00	42784.00
chr3	58256658	58256791	133	133	103.00	160.00	131.23	129.00	17454.00
chr10	79744927	79745098	171	171	96.00	176.00	129.39	126.00	22126.00
chr1	159161725	159161866	141	141	843.00	1251.00	1095.35	1160.00	154445.00
chr16	31085202	31085519	317	317	16.00	39.00	27.47	27.00	8709.00
chr1	171755018	171755218	200	200	57.00	85.00	70.08	70.00	14015.00
chr9	130988124	130989280	1156	1156	1.00	2076.00	278.86	50.00	322357.00
chr15	63127935	63127998	63	63	208.00	259.00	233.35	236.00	14701.00
chr19	1917676	1917821	145	145	7.00	201.00	139.16	155.00	20178.00
chr22	25315792	25315960	168	168	92.00	148.00	122.75	124.00	20622.00
chr2	207943790	207945085	1295	1295	46.00	120.00	75.80	72.00	98164.00
chr11	47330706	47330952	246	246	12.00	753.00	331.07	21.00	81444.00
chr3	142743978	142746095	2117	2117	16.00	216.00	38.90	33.00	82361.00
chr7	44839492	44839694	202	202	11.00	29.00	20.36	20.00	4112.00
chr22	31688260	31688471	211	211	14.00	156.00	106.72	127.00	22518.00
chr11	66333492	66333638	146	146	517.00	690.00	600.51	606.00	87675.00
chr9	131114916	131115026	110	110	195.00	311.00	254.27	252.00	27970.00
chr1	20206	21013	807	807	8.00	80.00	46.85	48.00	37807.00
chr11	108216469	108216635	166	166	56.00	97.00	82.11	81.50	13631.00
chr1	209778880	209779019	139	139	215.00	327.00	273.19	276.00	37974.00
chr1	202935876	202936026	150	150	152.00	235.00	180.11	171.00	27017.00
chr12	57600255	57600524	269	269	242.00	333.00	293.13	294.00	78852.00
chr19	15233503	15233615	112	112	54.00	70.00	60.95	60.00	6826.00
chr8	68115317	68115486	169	169	122.00	190.00	161.81	166.00	27346.00
chr19	13419229	13419342	113	113	121.00	168.00	150.04	153.00	16955.00
chr6	33266815	33267130	315	315	2.00	17.00	9.63	9.00	3035.00
chr16	89780611	89781646	1035	1035	8.00	42.00	22.97	23.00	23779.00
chr12	109964162	109964221	59	59	65.00	90.00	78.61	80.00	4638.00
chr22	24491893	24492045	152	152	52.00	96.00	72.51	71.00	11021.00
chr2	242592926	242593025	99	99	191.00	271.00	229.69	230.00	22739.00
chr1	21937944	21938074	130	130	734.00	1208.00	1013.75	1056.50	131787.00
chr2	223789173	223789313	140	140	375.00	496.00	429.60	426.00	60144.00
chr20	3772318	3772535	217	217	6.00	19.00	12.65	13.00	2744.00
chr16	18531918	18532001	83	83	974.00	1226.00	1074.43	1088.00	89178.00
chr1	43396296	43396537	241	241	136.00	227.00	171.39	169.00	41306.00
chr2	100037960	100038115	155	155	67.00	104.00	86.95	86.00	13477.00
chr16	1500497	1500770	273	273	2.00	160.00	83.05	116.00	22673.00
chr19	40876016	40876144	128	128	1295.00	1777.00	1485.22	1486.50	190108.00
chr5	168112691	168112932	241	241	29.00	70.00	47.40	46.00	11424.00
chr2	127825738	127825831	93	93	379.00	448.00	419.48	424.00	39012.00
chr1	19232015	19234990	2975	2975	5.00	121.00	50.58	49.00	150461.00
chr16	1391129	1391196	67	67	226.00	326.00	268.69	258.00	18002.00
chr6	33410665	33411689	1024	1024	17.00	435.00	224.63	224.00	230020.00
chr9	95872033	95872266	233	233	9.00	18.00	13.25	13.00	3087.00
chr1	53378627	53378839	212	212	15.00	32.00	24.84	25.00	5266.00
chr2	80531276	80531693	417	417	40.00	99.00	77.79	75.00	32440.00
chr7	44286718	44286791	73	73	860.00	999.00	935.05	934.00	68259.00
chr7	157369304	157369471	167	167	478.00	646.00	575.34	576.00	96081.00
chr11	18755079	18755191	112	112	7.00	355.00	233.01	308.00	26097.00
chr6	86237979	86238080	101	101	213.00	305.00	261.36	264.00	26397.00
chr8	145000951	145001050	99	99	105.00	162.00	135.52	135.00	13416.00
chr19	45167680	45167966	286	286	10.00	28.00	17.37	18.00	4967.00
chr10	48930165	48930400	235	235	0.00	23.00	14.71	17.00	3458.00
chr16	87871450	87871547	97	97	219.00	270.00	244.96	247.00	23761.00
chr1	109815454	109815649	195	195	303.00	468.00	371.85	370.00	72510.00
chr1	208215442	208215711	269	269	99.00	175.00	143.77	149.00	38674.00
chr2	260866	261451	585	585	12.00	55.00	30.69	30.00	17956.00
chr5	180481266	180481724	458	458	4.00	28.00	15.55	16.00	7121.00
chr7	73119479	73119631	152	152	8.00	1939.00	801.18	14.00	121779.00
chr15	34677248	34677358	110	110	410.00	613.00	503.05	489.00	55336.00
chr16	57687114	57687247	133	133	192.00	259.00	227.56	232.00	30265.00
chr15	50649406	50649592	186	186	19.00	32.00	25.25	25.00	4696.00
chr22	21071995	21072066	71	71	1513.00	1679.00	1582.13	1574.00	112331.00
chr5	179200882	179201561	679	679	12.00	48.00	32.65	33.00	22168.00
chr10	98763824	98763979	155	155	243.00	348.00	296.25	305.00	45919.00
chr14	102963315	102963457	142	142	102.00	150.00	120.01	115.00	17041.00
chr1	21932558	21933138	580	580	6.00	984.00	193.81	24.00	112412.00
chr16	28118842	28118998	156	156	172.00	242.00	198.02	194.50	30891.00
chr1	241767561	241767881	320	320	55.00	125.00	94.02	102.00	30087.00
chr11	66812063	66812184	121	121	167.00	261.00	202.89	195.00	24550.00
chr11	12248571	12248678	107	107	451.00	554.00	503.89	505.00	53916.00
chr9	130588788	130588951	163	163	48.00	79.00	65.63	67.00	10698.00
chr22	21068915	21068988	73	73	1215.00	1704.00	1493.53	1519.00	109028.00
chr1	43424304	43424531	227	227	8.00	254.00	175.65	201.00	39873.00
chr14	105852021	105853670	1649	1649	8.00	136.00	31.64	29.00	52172.00
chr15	34823469	34823579	110	110	275.00	407.00	345.43	342.00	37997.00
chr11	171365	172282	917	917	1.00	89.00	41.58	42.00	38126.00
chr22	24493976	24494155	179	179	58.00	96.00	77.87	78.00	13939.00
chr15	79291060	79291167	107	107	495.00	619.00	558.50	565.00	59759.00
chr16	2145904	2146194	290	290	18.00	36.00	27.46	28.00	7963.00
chr9	131503050	131503166	116	116	384.00	463.00	422.93	420.00	49060.00
chr11	61301983	61302579	596	596	10.00	41.00	25.34	27.00	15105.00
chr22	25308609	25308719	110	110	69.00	86.00	76.51	75.00	8416.00
chr12	63977826	63979986	2160	2160	0.00	70.00	26.44	26.00	57106.00
chr19	46928844	46930933	2089	2089	5.00	418.00	210.41	218.00	439553.00
chr16	56969146	56969224	78	78	160.00	218.00	188.59	195.50	14710.00
chr17	40665787	40665996	209	209	9.00	1660.00	671.31	903.00	140303.00
chr9	131669435	131671600	2165	2165	138.00	361.00	222.38	215.00	481456.00
chr2	220164026	220164271	245	245	13.00	1009.00	317.05	21.00	77677.00
chr19	7589846	7590052	206	206	68.00	114.00	84.56	83.50	17419.00
chr6	91260186	91260268	82	82	108.00	153.00	132.89	138.00	10897.00
chr9	124543742	124543830	88	88	263.00	310.00	287.64	290.00	25312.00
chr12	54071005	54071170	165	165	4.00	33.00	20.96	20.00	3458.00
chr2	40443	41212	769	769	17.00	48.00	28.94	28.00	22256.00
chr11	67852159	67852747	588	588	26.00	75.00	51.18	51.00	30094.00
chr8	8233762	8234810	1048	1048	24.00	107.00	67.11	68.50	70334.00
chr2	175671113	175672148	1035	1035	13.00	38.00	24.31	25.00	25165.00
chr7	138984922	138985438	516	516	10.00	40.00	24.03	23.00	12397.00
chr22	40816850	40817104	254	254	86.00	167.00	141.63	149.00	35974.00
chr19	14263120	14263249	129	129	297.00	457.00	378.65	371.00	48846.00
chr19	16962222	16962345	123	123	154.00	265.00	215.43	223.00	26498.00
chr1	109813838	109813918	80	80	235.00	295.00	258.54	259.00	20683.00
chr3	49898148	49898562	414	414	4.00	1042.00	467.51	770.50	193550.00
chr17	17131202	17131510	308	308	5.00	122.00	87.01	96.00	26798.00
chr1	21936067	21936139	72	72	501.00	694.00	591.07	572.00	42557.00
chr3	130424404	130424615	211	211	59.00	105.00	82.38	81.00	17383.00
chr12	56532710	56532797	87	87	83.00	101.00	92.22	93.00	8023.00
chr16	29888591	29888788	197	197	374.00	666.00	507.85	485.00	100046.00
chr2	114394588	114396196	1608	1608	2.00	30.00	13.67	13.00	21977.00
chr3	124180736	124180803	67	67	468.00	527.00	505.75	505.00	33885.00
chr9	111798485	111798660	175	175	125.00	189.00	155.30	155.00	27177.00
chr10	73847897	73848372	475	475	46.00	1656.00	721.57	754.00	342748.00
chr22	21075585	21075706	121	121	862.00	1454.00	1250.52	1295.00	151313.00
chr22	20920753	20921104	351	351	56.00	153.00	99.25	99.00	34837.00
chr9	140953020	140953185	165	165	95.00	190.00	152.48	159.00	25160.00
chr22	41620970	41621075	105	105	96.00	118.00	108.72	109.00	11416.00
chr11	6243671	6243839	168	168	60.00	105.00	85.76	85.00	14408.00
chr15	74704225	74704353	128	128	144.00	178.00	159.32	159.50	20393.00
chr3	48719780	48719985	205	205	104.00	194.00	146.43	134.00	30018.00
chr1	222833247	222833348	101	101	73.00	171.00	117.75	105.00	11893.00
chr1	6583675	6584824	1149	1149	5.00	73.00	48.91	50.00	56194.00
chr11	126135857	126135976	119	119	252.00	299.00	278.72	282.00	33168.00
chr8	75156763	75157410	647	647	36.00	103.00	63.51	62.00	41090.00
chr15	83345212	83345389	177	177	213.00	326.00	275.34	271.00	48736.00
chr14	68031638	68032561	923	923	11.00	39.00	23.69	23.00	21868.00
chr19	42479780	42479949	169	169	2326.00	3559.00	2970.04	2976.00	501936.00
chr16	31503329	31503407	78	78	249.00	314.00	278.56	275.50	21728.00
chr17	1564564	1564700	136	136	266.00	424.00	328.01	312.00	44609.00
chr16	58717858	58718082	224	224	55.00	111.00	81.67	83.00	18293.00
chr14	71575320	71575763	443	443	61.00	115.00	85.19	83.00	37739.00
chr1	202934498	202934628	130	130	118.00	216.00	162.38	151.00	21110.00
chr7	73118477	73118586	109	109	984.00	1256.00	1122.28	1109.00	122329.00
chr19	13365908	13366073	165	165	112.00	159.00	136.12	136.00	22459.00
chr10	102265117	102265958	841	841	15.00	48.00	27.00	27.00	22706.00
chr9	139983320	139983457	137	137	109.00	168.00	133.64	127.00	18309.00
chr18	29206245	29206347	102	102	222.00	310.00	262.01	257.00	26725.00
chr12	120578662	120578827	165	165	61.00	87.00	74.41	75.00	12278.00
chr5	757516	758226	710	710	1.00	13.00	6.80	7.00	4831.00
chr8	21632483	21632567	84	84	68.00	110.00	91.04	92.50	7647.00
chr4	54011499	54011749	250	250	50.00	97.00	69.54	67.00	17385.00
chr8	141680613	141681365	752	752	9.00	64.00	33.60	30.00	25267.00
chr11	57367351	57367850	499	499	25.00	84.00	51.67	48.00	25783.00
chr12	63980009	63980784	775	775	7.00	31.00	19.85	20.00	15382.00
chr9	140057042	140057203	161	161	7.00	2019.00	1652.17	1759.00	265999.00
chr2	7055953	7056098	145	145	59.00	81.00	70.50	71.00	10222.00
chr12	52387768	52389043	1275	1275	14.00	304.00	182.08	179.00	232150.00
chr19	50104931	50105175	244	244	25.00	120.00	54.92	43.00	13401.00
chr19	5218430	5218543	113	113	441.00	696.00	609.01	615.00	68818.00
chr16	29898969	29899138	169	169	431.00	534.00	481.43	482.00	81362.00
chr7	99030900	99031041	141	141	28.00	51.00	35.69	35.00	5032.00
chr17	36692926	36693212	286	286	5.00	27.00	16.32	16.00	4668.00
chr15	73857770	73859335	1565	1565	22.00	95.00	59.27	62.00	92756.00
chr6	44104085	44104176	91	91	210.00	277.00	233.49	230.00	21248.00
chr1	21938518	21938602	84	84	714.00	959.00	854.55	858.50	71782.00
chr19	13423482	13423595	113	113	95.00	142.00	119.26	123.00	13476.00
chr16	70292882	70293089	207	207	617.00	865.00	766.16	766.00	158595.00
chr18	61060641	61060782	141	141	99.00	134.00	117.73	118.00	16600.00
chr16	22269814	22270016	202	202	23.00	57.00	41.14	41.00	8311.00
chr1	21554423	21554534	111	111	70.00	85.00	77.08	76.00	8556.00
chr9	140057255	140057455	200	200	12.00	1970.00	1385.81	1712.00	277161.00
chr7	1488255	1488397	142	142	22.00	39.00	28.59	27.00	4060.00
chr14	100166351	100166438	87	87	577.00	704.00	634.02	625.00	55160.00
chr9	101065522	101065705	183	183	677.00	876.00	786.09	793.00	143855.00
chr5	68411752	68412041	289	289	50.00	106.00	80.93	84.00	23390.00
chr1	2452539	2452754	215	215	61.00	194.00	106.50	82.00	22897.00
chr1	21564626	21564737	111	111	79.00	99.00	88.53	87.00	9827.00
chr13	42037713	42039066	1353	1353	3.00	41.00	20.09	19.00	27176.00
chr2	114350236	114350443	207	207	4.00	31.00	17.21	14.00	3563.00
chr1	21939668	21939722	54	54	736.00	890.00	818.15	825.00	44180.00
chr9	139353895	139354007	112	112	68.00	96.00	86.58	89.00	9697.00
chr7	102176367	102176618	251	251	3.00	21.00	14.09	15.00	3537.00
chr3	51411753	51412018	265	265	8.00	389.00	132.55	12.00	35126.00
chr17	73888091	73888266	175	175	17.00	31.00	24.59	24.00	4303.00
chr13	103297258	103297435	177	177	6.00	121.00	66.12	96.00	11703.00
chr15	63922664	63922834	170	170	188.00	243.00	214.87	216.00	36528.00
chr3	33400774	33400849	75	75	270.00	324.00	298.97	298.00	22423.00
chr22	50671744	50671955	211	211	39.00	80.00	60.09	62.00	12678.00
chr1	21190968	21191205	237	237	309.00	485.00	414.24	429.00	98174.00
chr5	14481649	14481727	78	78	230.00	264.00	247.36	248.00	19294.00
chr15	101605556	101606410	854	854	15.00	70.00	34.66	32.00	29597.00
chr17	80040402	80040554	152	152	306.00	470.00	396.46	381.00	60262.00
chr2	132269293	132270897	1604	1604	14.00	70.00	41.65	42.00	66799.00
chr11	1778553	1778786	233	233	946.00	1571.00	1275.57	1297.00	297208.00
chr11	1469616	1469808	192	192	9.00	20.00	14.62	15.00	2807.00
chr12	120138549	120138630	81	81	201.00	249.00	228.78	227.00	18531.00
chr7	901016	901101	85	85	161.00	223.00	194.88	198.00	16565.00
chr19	13372263	13372424	161	161	123.00	222.00	181.34	184.00	29196.00
chr17	40843154	40843311	157	157	360.00	533.00	449.50	438.00	70571.00
chr17	80039476	80039719	243	243	267.00	441.00	357.97	361.00	86986.00
chr17	16681109	16687365	6256	6256	8.00	201.00	83.04	85.00	519473.00
chr1	116935475	116935610	135	135	2358.00	3265.00	2775.39	2685.00	374677.00
chr6	128294808	128294972	164	164	124.00	278.00	218.32	227.00	35804.00
chr5	109189927	109190617	690	690	5.00	35.00	16.10	16.00	11109.00
chr15	40757533	40757634	101	101	30.00	111.00	86.80	90.00	8767.00
chr2	220164706	220164981	275	275	664.00	1271.00	968.72	978.00	266399.00
chr3	164905164	164908639	3475	3475	14.00	128.00	75.43	75.00	262104.00
chr11	60699157	60699356	199	199	158.00	539.00	420.26	406.00	83632.00
chr2	96680301	96680717	416	416	4.00	22.00	11.47	10.00	4771.00
chr17	40845314	40845554	240	240	346.00	583.00	447.78	421.00	107468.00
chr12	125264513	125265391	878	878	5.00	45.00	22.61	22.00	19850.00
chr1	156623704	156624158	454	454	13.00	57.00	30.81	30.00	13989.00
chr6	108370456	108370622	166	166	124.00	197.00	149.80	144.00	24867.00
chr11	19180486	19180587	101	101	44.00	61.00	54.96	55.00	5551.00
chr19	42489069	42489338	269	269	904.00	1885.00	1451.92	1546.00	390566.00
chr2	198274493	198274731	238	238	197.00	342.00	279.52	277.00	66526.00
chr6	47220991	47221257	266	266	139.00	262.00	201.48	194.00	53593.00
chr19	40872679	40872822	143	143	1732.00	2663.00	2246.64	2308.00	321270.00
chr19	54693278	54693627	349	349	9.00	251.00	103.52	74.00	36128.00
chr12	81929	82174	245	245	6.00	42.00	26.62	28.00	6523.00
chr21	45513943	45514114	171	171	96.00	142.00	125.94	129.00	21536.00
chr3	124201630	124201747	117	117	5.00	616.00	446.75	550.00	52270.00
chr17	79805118	79805223	105	105	327.00	403.00	362.52	358.00	38065.00
chr20	46307419	46307548	129	129	85.00	116.00	98.95	99.00	12764.00
chr17	38187790	38187873	83	83	133.00	183.00	155.82	157.00	12933.00
chr2	207452814	207452878	64	64	368.00	480.00	435.62	443.00	27880.00
chr17	45695715	45695823	108	108	610.00	692.00	654.55	657.00	70691.00
chr7	44283023	44283126	103	103	817.00	966.00	880.85	874.00	90728.00
chr20	62274975	62275284	309	309	11.00	2283.00	1102.58	1622.00	340696.00
chr11	108202605	108202764	159	159	60.00	81.00	71.52	72.00	11372.00
chr9	140051314	140051489	175	175	898.00	1374.00	1104.89	1100.00	193355.00
chr22	45574118	45574781	663	663	67.00	211.00	129.25	124.00	85696.00
chr15	79312382	79312446	64	64	363.00	430.00	400.66	402.50	25642.00
chr1	21940120	21940199	79	79	756.00	870.00	800.85	798.00	63267.00
chr17	3775847	3775921	74	74	441.00	707.00	604.64	632.00	44743.00
chr7	73133931	73134019	88	88	19.00	1492.00	517.26	380.00	45519.00
chr11	72292920	72292991	71	71	608.00	706.00	657.08	661.00	46653.00
chr7	43547616	43547730	114	114	149.00	186.00	168.59	169.00	19219.00
chr16	58713760	58714145	385	385	40.00	78.00	54.84	51.00	21113.00
chr22	21083600	21083794	194	194	1010.00	1418.00	1246.09	1250.00	241742.00
chr11	66457275	66457414	139	139	444.00	665.00	550.97	552.00	76585.00
chr15	91561034	91561115	81	81	52.00	77.00	65.21	66.00	5282.00
chr11	2968525	2969001	476	476	10.00	27.00	18.02	18.00	8577.00
chr19	34869838	34869910	72	72	1828.00	2243.00	2011.35	1995.50	144817.00
chr9	121970996	121971219	223	223	303.00	417.00	365.73	367.00	81557.00
chr3	47449772	47449980	208	208	16.00	116.00	72.62	87.00	15106.00
chr12	57601820	57601999	179	179	234.00	581.00	423.14	455.00	75742.00
chr16	2345590	2345741	151	151	241.00	325.00	285.22	290.00	43068.00
chr12	50471782	50471910	128	128	92.00	151.00	126.67	131.00	16214.00
chr1	109814221	109814344	123	123	270.00	473.00	401.81	410.00	49423.00
chr19	16942304	16942458	154	154	151.00	269.00	209.03	222.00	32191.00
chr11	66333301	66333398	97	97	387.00	524.00	432.02	432.00	41906.00
chr5	74026084	74026223	139	139	129.00	158.00	140.76	140.00	19565.00
chr5	68417520	68417722	202	202	51.00	121.00	92.17	99.00	18619.00
chr19	15272262	15272525	263	263	32.00	66.00	47.94	47.00	12609.00
chr3	45872404	45872482	78	78	213.00	242.00	227.86	229.00	17773.00
chr7	73123374	73123452	78	78	1494.00	1926.00	1780.56	1840.00	138884.00
chr5	14498197	14498360	163	163	182.00	271.00	240.58	245.00	39215.00
chr14	93180167	93180230	63	63	201.00	281.00	237.19	235.00	14943.00
chr9	130984739	130984875	136	136	2814.00	4524.00	3575.60	3423.00	486281.00
chr13	31216764	31216894	130	130	56.00	85.00	69.42	68.00	9025.00
chr12	112614399	112614506	107	107	119.00	271.00	243.31	245.00	26034.00
chr12	57602865	57602982	117	117	385.00	577.00	457.87	452.00	53571.00
chr14	72976861	72976987	126	126	111.00	160.00	135.01	138.00	17011.00
chr1	155209406	155209553	147	147	126.00	184.00	150.68	143.00	22150.00
chr10	49633930	49634113	183	183	217.00	294.00	261.38	263.00	47833.00
chr16	84100093	84100218	125	125	151.00	246.00	180.83	170.00	22604.00
chr1	155207924	155208097	173	173	186.00	271.00	224.98	217.00	38922.00
chr12	2786898	2787033	135	135	29.00	92.00	57.38	57.00	7746.00
chr2	233755457	233756197	740	740	8.00	1105.00	198.45	38.00	146856.00
chr14	60631894	60632099	205	205	62.00	223.00	163.48	192.00	33514.00
chr1	11151549	11151654	105	105	108.00	141.00	122.90	123.00	12904.00
chr4	134076071	134076178	107	107	333.00	447.00	406.16	411.00	43459.00
chr15	91420364	91420441	77	77	153.00	184.00	169.03	171.00	13015.00
chr5	114961533	114961755	222	222	11.00	110.00	77.91	94.00	17297.00
chr16	1814047	1814211	164	164	6.00	628.00	305.88	473.00	50165.00
chr18	44250463	44252581	2118	2118	23.00	217.00	130.39	126.00	276157.00
chr6	158049380	158049518	138	138	81.00	115.00	97.33	97.50	13431.00
chr19	7675585	7675679	94	94	43.00	76.00	59.21	59.00	5566.00
chr13	99461604	99461719	115	115	7.00	323.00	201.86	192.00	23214.00
chr11	130010829	130011467	638	638	10.00	2155.00	246.80	20.00	157457.00
chr11	107526658	107526792	134	134	540.00	693.00	627.30	642.00	84058.00
chr16	1391294	1391490	196	196	165.00	303.00	221.11	204.00	43338.00
chr1	38182716	38184158	1442	1442	7.00	103.00	57.29	57.00	82608.00
chr5	179231023	179231323	300	300	8.00	15.00	11.46	12.00	3439.00
chr14	69814593	69814719	126	126	102.00	156.00	138.48	141.00	17448.00
chr14	69349174	69349309	135	135	247.00	364.00	310.89	314.00	41970.00
chr19	7614792	7614998	206	206	161.00	255.00	229.62	239.00	47301.00
chr1	228270375	228270466	91	91	11.00	1473.00	486.53	228.00	44274.00
chr1	38186022	38186315	293	293	3.00	47.00	29.89	37.00	8758.00
chr13	77641715	77641999	284	284	384.00	566.00	470.89	470.00	133733.00
chr14	100157417	100157498	81	81	280.00	455.00	345.60	310.00	27994.00
chr13	32978280	32979333	1053	1053	15.00	113.00	42.30	39.00	44537.00
chr12	7301567	7301794	227	227	638.00	934.00	788.14	781.00	178907.00
chr9	123583116	123583257	141	141	64.00	79.00	72.30	73.00	10195.00
chr17	26883183	26883284	101	101	82.00	162.00	121.75	119.00	12297.00
chr12	6972993	6973137	144	144	274.00	350.00	309.99	310.50	44638.00
chr20	34322310	34322637	327	327	7.00	17.00	11.76	12.00	3847.00
chr19	7606407	7606570	163	163	100.00	243.00	169.45	176.00	27620.00
chr16	2333186	2333373	187	187	0.00	323.00	245.78	265.00	45960.00
chr12	113825548	113825711	163	163	111.00	346.00	220.48	217.00	35939.00
chr7	4802013	4807749	5736	5736	6.00	129.00	63.46	60.00	363990.00
chr1	43394880	43394985	105	105	161.00	221.00	192.39	193.00	20201.00
chr19	4554399	4554488	89	89	430.00	616.00	542.28	562.00	48263.00
chr16	31719139	31719372	233	233	10.00	22.00	16.52	17.00	3849.00
chr5	134060669	134061744	1075	1075	22.00	82.00	47.29	47.00	50835.00
chr1	202936318	202936371	53	53	20.00	153.00	90.19	116.00	4780.00
chr2	220087366	220087615	249	249	209.00	314.00	259.70	262.00	64665.00
chr2	36764494	36764689	195	195	107.00	158.00	134.04	129.00	26138.00
chr7	43519208	43519343	135	135	130.00	223.00	189.36	197.00	25564.00
chr10	51249585	51249993	408	408	5.00	17.00	9.95	9.00	4059.00
chr6	32123647	32123755	108	108	123.00	178.00	142.62	140.00	15403.00
chr3	118624442	118624692	250	250	2.00	68.00	33.70	12.00	8424.00
chr1	190129797	190130020	223	223	75.00	119.00	94.58	95.00	21091.00
chr9	131004491	131004624	133	133	9.00	4142.00	3265.07	3753.00	434254.00
chr22	33679187	33679334	147	147	274.00	343.00	300.63	296.00	44192.00
chr15	74709931	74710016	85	85	156.00	276.00	216.24	224.00	18380.00
chr7	6470110	6470238	128	128	42.00	67.00	56.96	57.00	7291.00
chr1	6640600	6641359	759	759	15.00	48.00	33.35	35.00	25314.00
chr16	31510622	31510728	106	106	189.00	223.00	206.28	206.00	21866.00
chr4	103710287	103711803	1516	1516	15.00	49.00	31.92	32.00	48391.00
chr19	2862339	2862746	407	407	2.00	10.00	6.17	6.00	2511.00
chr2	15467873	15467994	121	121	85.00	108.00	94.74	93.00	11463.00
chr2	36780721	36781492	771	771	6.00	21.00	13.53	14.00	10435.00
chr10	81070680	81070941	261	261	32.00	108.00	64.77	59.00	16904.00
chr2	217234866	217235986	1120	1120	29.00	149.00	83.42	84.00	93435.00
chr10	93786348	93786508	160	160	56.00	114.00	79.69	80.00	12751.00
chr17	20268785	20269076	291	291	9.00	31.00	19.89	18.00	5788.00
chr9	131002006	131002062	56	56	7.00	4202.00	3663.89	3958.00	205178.00
chr1	155208307	155208441	134	134	198.00	280.00	238.08	238.00	31903.00
chr2	162833877	162834373	496	496	9.00	757.00	78.10	20.00	38740.00
chr9	35799614	35799728	114	114	29.00	52.00	38.25	38.00	4361.00
chr20	62517856	62519234	1378	1378	6.00	170.00	42.19	39.00	58135.00
chr22	35942847	35943127	280	280	40.00	264.00	166.92	185.50	46737.00
chr13	26436438	26436546	108	108	117.00	149.00	130.29	130.00	14071.00
chr14	69371371	69371453	82	82	266.00	381.00	322.48	311.00	26443.00
chr7	44031274	44031581	307	307	1.00	20.00	11.77	13.00	3612.00
chr11	12274988	12275291	303	303	9.00	49.00	29.65	29.00	8983.00
chr5	1334403	1334498	95	95	167.00	220.00	194.85	191.00	18511.00
chr19	34868639	34868786	147	147	2057.00	2892.00	2425.90	2392.00	356607.00
chr16	1815960	1816143	183	183	384.00	616.00	464.55	438.00	85012.00
chr10	73578787	73578868	81	81	3481.00	4511.00	3877.48	3788.00	314076.00
chr17	37420427	37420640	213	213	35.00	55.00	46.82	48.00	9973.00
chr5	60835422	60835586	164	164	63.00	80.00	70.93	72.00	11632.00
chr15	79296143	79296517	374	374	409.00	597.00	516.53	523.00	193182.00
chr19	13039568	13039661	93	93	445.00	633.00	535.03	524.00	49758.00
chr12	49421585	49421713	128	128	83.00	124.00	99.39	94.00	12722.00
chr1	1661057	1662583	1526	1526	13.00	286.00	106.82	75.00	163000.00
chr2	207457340	207457460	120	120	470.00	593.00	528.53	529.50	63424.00
chr11	64542462	64543441	979	979	12.00	66.00	42.81	42.00	41907.00
chr20	61910250	61910347	97	97	144.00	184.00	166.15	164.00	16117.00
chr11	62394042	62394156	114	114	233.00	329.00	274.93	272.50	31342.00
chr5	37301538	37301652	114	114	23.00	45.00	29.76	29.00	3393.00
chr16	4733843	4733933	90	90	190.00	234.00	212.64	209.50	19138.00
chr15	43693913	43694048	135	135	75.00	108.00	93.39	94.00	12607.00
chr11	18764538	18764622	84	84	187.00	280.00	240.88	248.50	20234.00
chr17	57842331	57842499	168	168	167.00	215.00	190.25	192.50	31962.00
chr9	96076729	96078064	1335	1335	12.00	32.00	20.42	20.00	27266.00
chr11	12246219	12246367	148	148	386.00	527.00	469.86	464.00	69540.00
chr12	7030743	7031565	822	822	7.00	4749.00	1640.45	26.00	1348454.00
chr3	14523178	14523349	171	171	41.00	61.00	53.13	54.00	9085.00
chr5	758508	759483	975	975	2.00	20.00	8.18	8.00	7972.00
chr12	22635490	22635677	187	187	122.00	181.00	149.88	151.00	28028.00
chr5	14479369	14479459	90	90	235.00	326.00	261.20	261.50	23508.00
chr6	143655214	143656079	865	865	10.00	28.00	18.87	19.00	16321.00
chr7	75508360	75508578	218	218	140.00	1112.00	846.79	949.00	184600.00
chr11	60697981	60698131	150	150	305.00	391.00	344.04	343.50	51606.00
chr1	151400598	151400889	291	291	124.00	245.00	177.42	184.00	51629.00
chr5	172196431	172197309	878	878	39.00	198.00	91.71	77.00	80521.00
chr3	49152660	49152794	134	134	84.00	125.00	104.60	105.00	14016.00
chr7	5518281	5519950	1669	1669	33.00	159.00	88.27	88.00	147317.00
chr17	16691106	16691449	343	343	8.00	97.00	48.40	62.00	16602.00
chr2	220086993	220087172	179	179	171.00	286.00	242.19	246.00	43352.00
chr10	51746916	51748006	1090	1090	0.00	95.00	37.16	35.00	40499.00
chr12	7302118	7302289	171	171	876.00	1087.00	991.87	992.00	169609.00
chr11	59562844	59562955	111	111	41.00	70.00	54.86	53.00	6089.00
chr12	6100984	6101184	200	200	30.00	48.00	38.88	38.00	7776.00
chr19	5683274	5683627	353	353	14.00	33.00	24.63	25.00	8693.00
chr12	2786259	2786387	128	128	32.00	73.00	51.37	52.00	6575.00
chr15	26812727	26812880	153	153	450.00	735.00	572.27	556.00	87558.00
chr1	149007980	149008798	818	818	1.00	32.00	11.43	8.00	9353.00
chr19	54965608	54965861	253	253	105.00	192.00	149.99	153.00	37948.00
chr8	27293259	27293310	51	51	345.00	489.00	441.61	449.00	22522.00
chr15	23014437	23014528	91	91	171.00	216.00	194.75	193.00	17722.00
chr1	111717500	111717585	85	85	85.00	143.00	118.35	127.00	10060.00
chr6	150157220	150157433	213	213	257.00	392.00	340.13	346.00	72448.00
chr13	114566547	114566670	123	123	33.00	127.00	76.27	67.00	9381.00
chr16	58539291	58539605	314	314	7.00	53.00	36.91	39.00	11589.00
chr1	21936612	21936768	156	156	643.00	1209.00	898.06	940.00	140098.00
chr1	17322880	17322991	111	111	342.00	598.00	470.49	528.00	52224.00
chr11	60699455	60699599	144	144	326.00	543.00	417.63	382.00	60139.00
chr5	6749669	6749770	101	101	76.00	104.00	90.04	92.00	9094.00
chr16	2156805	2156949	144	144	190.00	264.00	222.52	219.00	32043.00
chr15	34690834	34690930	96	96	184.00	250.00	217.23	215.00	20854.00
chr3	11074933	11075425	492	492	6.00	755.00	147.37	20.00	72506.00
chr5	74655222	74655381	159	159	278.00	503.00	371.61	359.00	59086.00
chr20	20022968	20023160	192	192	86.00	120.00	102.54	102.00	19688.00
chr2	39055481	39055578	97	97	40.00	56.00	46.46	46.00	4507.00
chr19	16793231	16793528	297	297	11.00	355.00	99.32	19.00	29498.00
chr2	219205450	219205509	59	59	117.00	137.00	126.32	125.00	7453.00
chr17	74087429	74087729	300	300	8.00	40.00	25.08	23.00	7525.00
chr3	184058150	184060036	1886	1886	13.00	1072.00	156.29	42.00	294756.00
chr6	90333128	90333263	135	135	102.00	145.00	126.55	128.00	17084.00
chr12	125267019	125267429	410	410	9.00	51.00	26.63	23.00	10917.00
chr1	207942580	207943104	524	524	10.00	119.00	73.15	78.00	38328.00
chr4	89356876	89357043	167	167	64.00	102.00	82.53	81.00	13782.00
chr7	101995498	101995736	238	238	9.00	39.00	21.70	19.00	5165.00
chr3	11067458	11067562	104	104	562.00	869.00	733.75	732.50	76310.00
chr5	95734582	95734740	158	158	292.00	397.00	335.72	335.00	53044.00
chr6	152529106	152529341	235	235	177.00	250.00	220.53	223.00	51825.00
chr5	102295578	102295763	185	185	212.00	368.00	290.72	285.00	53783.00
chr22	21072980	21073110	130	130	1005.00	1583.00	1248.18	1315.00	162264.00
chr12	121855306	121855714	408	408	104.00	206.00	159.65	161.00	65139.00
chr1	160326389	160326544	155	155	128.00	200.00	167.50	170.00	25962.00
chr11	60670930	60671007	77	77	447.00	540.00	493.94	503.00	38033.00
chr17	79804822	79804948	126	126	387.00	558.00	476.45	480.00	60033.00
chr16	18527204	18527332	128	128	760.00	968.00	883.56	902.00	113096.00
chr16	16372518	16372646	128	128	786.00	1030.00	933.88	952.00	119536.00
chr2	32750530	32750695	165	165	53.00	89.00	64.73	62.00	10680.00
chr14	69369193	69369279	86	86	342.00	450.00	390.30	383.50	33566.00
chr7	66418212	66418356	144	144	256.00	357.00	313.01	321.00	45073.00
chr6	44107988	44108097	109	109	169.00	203.00	186.73	187.00	20354.00
chr7	70885893	70886091	198	198	391.00	955.00	609.49	500.50	120680.00
chr8	27295281	27295397	116	116	393.00	484.00	434.45	431.50	50396.00
chr7	73122918	73123018	100	100	1489.00	1944.00	1793.21	1783.00	179321.00
chr15	34698874	34699071	197	197	205.00	339.00	270.61	271.00	53311.00
chr8	22009343	22009513	170	170	369.00	639.00	460.75	449.00	78327.00
chr7	1526557	1526737	180	180	73.00	185.00	130.47	141.00	23484.00
chr5	178053946	178054065	119	119	22.00	226.00	120.43	119.00	14331.00
chr12	6103027	6103369	342	342	42.00	62.00	51.40	51.00	17578.00
chr2	3479491	3480482	991	991	5.00	37.00	18.81	19.00	18644.00
chr3	33883388	33883566	178	178	207.00	284.00	241.82	237.50	43044.00
chr19	11019778	11019883	105	105	174.00	258.00	219.98	231.00	23098.00
chr7	98446205	98446318	113	113	1336.00	2712.00	2066.41	1919.00	233504.00
chr8	106813274	106813932	658	658	25.00	72.00	48.05	46.00	31615.00
chr2	223795338	223795530	192	192	595.00	879.00	706.02	680.50	135556.00
chr7	75511146	75511554	408	408	666.00	1121.00	884.32	879.50	360801.00
chr21	40184926	40185038	112	112	190.00	335.00	273.91	307.00	30678.00
chr19	53383575	53385236	1661	1661	10.00	70.00	43.07	44.00	71533.00
chr19	14208130	14208295	165	165	3.00	653.00	436.81	566.00	72073.00
chr15	91461013	91461618	605	605	5.00	353.00	102.18	14.00	61817.00
chr8	145278010	145278133	123	123	53.00	72.00	62.57	62.00	7696.00
chr16	28132990	28133083	93	93	165.00	274.00	217.47	214.00	20225.00
chr11	125280091	125280221	130	130	92.00	149.00	119.45	123.00	15528.00
chr15	63128089	63128317	228	228	58.00	301.00	222.86	255.00	50812.00
chr9	131181435	131181557	122	122	14.00	361.00	300.00	315.50	36600.00
chr19	3281196	3281343	147	147	338.00	472.00	417.57	419.00	61383.00
chr11	6240200	6240280	80	80	57.00	71.00	63.79	64.50	5103.00
chr20	31019123	31019287	164	164	54.00	77.00	63.12	62.00	10352.00
chr6	46825865	46827260	1395	1395	38.00	120.00	80.15	79.00	111806.00
chr12	1672006	1672666	660	660	10.00	70.00	29.34	23.00	19367.00
chr12	9098824	9099001	177	177	217.00	344.00	285.19	285.00	50479.00
chr7	121738503	121738630	127	127	22.00	34.00	27.24	26.00	3460.00
chr19	40875814	40875935	121	121	1069.00	1383.00	1261.50	1261.00	152642.00
chr20	3581592	3581671	79	79	231.00	309.00	264.49	265.00	20895.00
chr17	7226965	7227042	77	77	76.00	102.00	89.22	89.00	6870.00
chr2	74331800	74332809	1009	1009	28.00	80.00	44.06	41.00	44455.00
chr1	209785136	209785610	474	474	7.00	266.00	181.96	194.00	86249.00
chr9	35546426	35548532	2106	2106	164.00	362.00	250.83	249.00	528252.00
chr17	80040198	80040290	92	92	284.00	381.00	322.98	318.00	29714.00
chr11	73074791	73075284	493	493	6.00	219.00	70.06	17.00	34541.00
chr20	44674976	44675075	99	99	463.00	606.00	557.51	560.00	55193.00
chr20	5892091	5892328	237	237	66.00	550.00	311.08	361.00	73725.00
chr17	20316581	20317594	1013	1013	4.00	37.00	16.97	17.00	17190.00
chr12	99478702	99478801	99	99	290.00	368.00	324.23	317.00	32099.00
chr17	40842756	40842960	204	204	461.00	654.00	572.51	578.00	116793.00
chr11	107501142	107501288	146	146	433.00	623.00	504.60	500.50	73671.00
chr11	85429236	85429532	296	296	4.00	63.00	25.35	22.50	7503.00
chr20	9449217	9449319	102	102	82.00	102.00	92.27	91.50	9412.00
chr14	23371395	23371591	196	196	116.00	214.00	160.32	162.00	31422.00
chr7	716865	716957	92	92	1972.00	2501.00	2319.25	2323.50	213371.00
chr10	48862360	48862682	322	322	6.00	377.00	235.63	306.50	75873.00
chr10	68686678	68688210	1532	1532	67.00	201.00	109.11	103.00	167154.00
chr5	179674854	179674926	72	72	416.00	520.00	464.65	476.50	33455.00
chr1	209773327	209773456	129	129	271.00	373.00	329.03	334.00	42445.00
chr17	45691034	45691091	57	57	569.00	669.00	622.77	626.00	35498.00
chr1	19669871	19670118	247	247	18.00	34.00	25.02	24.00	6179.00
chr17	45664025	45664710	685	685	11.00	596.00	117.58	50.00	80542.00
chr19	2337634	2338840	1206	1206	5.00	86.00	27.99	27.00	33754.00
chr8	22011480	22011552	72	72	442.00	559.00	506.53	511.50	36470.00
