#chrom	start	end	size	num_data	min	max	mean	median	sum
chr12	1940100	1940691	591	591	54.00	93.00	69.74	68.00	41218.00
chr1	27480473	27481381	908	908	22.00	81.00	51.61	53.00	46866.00
chr15	63112684	63112809	125	125	350.00	446.00	400.97	401.00	50121.00
chr5	149231737	149232254	517	517	4.00	24.00	16.63	17.00	8600.00
chr5	140865429	140867182	1753	1753	12.00	59.00	31.14	30.00	54581.00
chr1	32209793	32209958	165	165	346.00	597.00	471.55	453.00	77806.00
chr16	87873307	87873431	124	124	175.00	305.00	237.11	245.00	29402.00
chr17	34157438	34158175	737	737	13.00	34.00	23.06	24.00	16995.00
chr2	127815619	127816088	469	469	51.00	211.00	135.93	139.00	63751.00
chr1	208212965	208213112	147	147	93.00	126.00	108.56	109.00	15958.00
chr22	19703883	19704666	783	783	22.00	87.00	41.10	37.00	32181.00
chr16	87872319	87872423	104	104	201.00	270.00	229.94	219.50	23914.00
chr9	140055740	140055868	128	128	1789.00	2060.00	1943.99	1952.00	248831.00
chr22	21096515	21096643	128	128	723.00	859.00	775.19	768.00	99224.00
chr9	140056321	140056540	219	219	6.00	2133.00	1403.09	1746.00	307277.00
chr11	78379981	78380253	272	272	29.00	53.00	41.25	42.00	11219.00
chr3	11070420	11070533	113	113	472.00	571.00	520.45	519.00	58811.00
chr1	109812554	109813222	668	668	16.00	748.00	302.01	367.00	201746.00
chr2	220161954	220162155	201	201	725.00	1081.00	961.33	989.00	193228.00
chr15	74706887	74707086	199	199	172.00	267.00	204.52	197.00	40699.00
chr17	7318829	7319426	597	597	250.00	591.00	384.42	383.00	229496.00
chr1	21560050	21560154	104	104	58.00	85.00	73.75	74.50	7670.00
chr1	25573799	25573952	153	153	24.00	1171.00	746.88	862.00	114273.00
chr14	93198993	93199160	167	167	172.00	223.00	194.65	194.00	32506.00
chr1	205554003	205554119	116	116	369.00	532.00	454.40	467.50	52710.00
chr1	9795005	9795232	227	227	2171.00	3015.00	2660.81	2688.00	604004.00
chr17	42426525	42426670	145	145	184.00	327.00	253.44	241.00	36749.00
chr18	70205887	70206179	292	292	9.00	326.00	128.80	23.50	37609.00
chr1	205553082	205553251	169	169	509.00	658.00	566.14	559.00	95678.00
chr9	140056623	140056766	143	143	6.00	1816.00	1181.27	1348.00	168921.00
chr6	33412147	33412394	247	247	18.00	777.00	452.69	597.00	111814.00
chr12	89992366	89992547	181	181	6.00	987.00	740.52	832.00	134035.00
chr2	220088827	220089576	749	749	156.00	326.00	228.16	217.00	170894.00
chr14	100763073	100765222	2149	2149	41.00	168.00	103.84	105.00	223151.00
chr1	110740697	110742543	1846	1846	30.00	1111.00	637.96	615.00	1177670.00
chr1	149878201	149879758	1557	1557	16.00	1719.00	391.38	38.00	609373.00
chr3	197264139	197265259	1120	1120	6.00	42.00	21.05	20.00	23576.00
chr8	56449623	56450530	907	907	15.00	74.00	41.93	41.00	38035.00
chr9	139354208	139354326	118	118	72.00	100.00	84.67	83.00	9991.00
chr1	32204908	32205236	328	328	624.00	1041.00	818.98	819.50	268624.00
chr7	75608768	75608897	129	129	123.00	161.00	139.33	139.00	17973.00
chr19	45161029	45161178	149	149	53.00	78.00	63.74	64.00	9498.00
chr19	5243911	5244493	582	582	135.00	330.00	220.55	215.00	128360.00
chr6	32119585	32119717	132	132	15.00	1084.00	565.30	599.00	74619.00
chr3	42670878	42672067	1189	1189	8.00	61.00	32.19	32.00	38269.00
chr11	45892392	45892485	93	93	178.00	268.00	213.12	211.00	19820.00
chr17	80040789	80040991	202	202	445.00	634.00	547.87	550.00	110669.00
chr2	74902875	74903036	161	161	68.00	89.00	78.17	78.00	12586.00
chr17	38335969	38337946	1977	1977	12.00	275.00	39.25	28.00	77604.00
chr16	87870103	87870253	150	150	155.00	280.00	205.63	200.00	30844.00
chr1	32205947	32206142	195	195	683.00	924.00	817.83	793.00	159477.00
chr6	44117553	44117702	149	149	17.00	414.00	254.89	322.00	37978.00
chr1	159163659	159163830	171	171	1261.00	1653.00	1486.93	1494.00	254265.00
chr3	445565	446023	458	458	8.00	28.00	16.01	15.00	7334.00
chr2	25048913	25048995	82	82	176.00	218.00	204.84	206.00	16797.00
chr10	99504485	99504672	187	187	91.00	169.00	134.10	144.00	25076.00
chr4	54364807	54365010	203	203	128.00	219.00	156.90	152.00	31851.00
chr17	1634367	1634552	185	185	21.00	53.00	41.88	43.00	7748.00
chr7	72416124	72416247	123	123	151.00	201.00	171.41	166.00	21084.00
chr1	208212169	208212329	160	160	101.00	144.00	122.78	123.00	19645.00
chr9	140952500	140952702	202	202	121.00	160.00	142.62	144.00	28810.00
chr6	44197325	44197528	203	203	126.00	191.00	152.64	153.00	30985.00
chr6	44197643	44198218	575	575	34.00	134.00	75.37	56.00	43335.00
chr11	118981972	118982084	112	112	210.00	268.00	240.06	243.00	26887.00
chr5	150503846	150503952	106	106	3.00	2208.00	1522.96	1920.00	161434.00
chr11	118981761	118981878	117	117	264.00	375.00	322.01	323.00	37675.00
chr11	126314873	126315000	127	127	113.00	143.00	130.14	132.00	16528.00
chr1	159165808	159166244	436	436	7.00	1472.00	288.14	16.00	125628.00
chr7	134893542	134893750	208	208	52.00	97.00	70.22	65.00	14605.00
chr9	121976196	121976433	237	237	261.00	537.00	389.38	413.00	92283.00
chr19	54691042	54691169	127	127	263.00	507.00	359.87	335.00	45703.00
chr22	38621430	38621600	170	170	351.00	624.00	499.75	524.00	84958.00
chr13	42035681	42036205	524	524	28.00	95.00	51.70	44.00	27093.00
chr20	1915360	1915413	53	53	22.00	2262.00	1461.57	1780.00	77463.00
chr5	14496987	14497126	139	139	183.00	323.00	241.96	242.00	33632.00
chr12	56528125	56528212	87	87	93.00	111.00	102.34	102.00	8904.00
chr3	47466974	47467101	127	127	127.00	165.00	143.64	144.00	18242.00
chr17	7415476	7415663	187	187	139.00	212.00	172.61	170.00	32278.00
chr3	33588037	33589252	1215	1215	20.00	72.00	42.79	42.00	51989.00
chr7	887833	888615	782	782	22.00	146.00	56.46	42.00	44153.00
chr10	24813251	24813693	442	442	42.00	102.00	70.00	74.00	30941.00
chr1	109812045	109812213	168	168	323.00	686.00	466.35	407.50	78346.00
chr19	15276597	15276902	305	305	38.00	66.00	53.57	55.00	16338.00
chr16	2334779	2334999	220	220	224.00	337.00	277.62	266.00	61077.00
chr16	68404761	68405261	500	500	39.00	128.00	75.09	69.50	37547.00
chr4	110969111	110969871	760	760	20.00	82.00	49.16	46.00	37361.00
chr1	145693161	145693996	835	835	13.00	80.00	44.34	43.00	37027.00
chr7	44282848	44282932	84	84	678.00	811.00	750.31	752.50	63026.00
chr2	220164315	220164508	193	193	21.00	709.00	316.93	39.00	61167.00
chr12	50472203	50472360	157	157	116.00	169.00	138.29	135.00	21712.00
chr2	220163768	220163833	65	65	743.00	1003.00	897.60	905.00	58344.00
chr2	222289928	222290862	934	934	263.00	438.00	342.43	345.50	319826.00
chr12	57599133	57599268	135	135	298.00	405.00	336.01	329.00	45361.00
chr7	157475416	157475629	213	213	397.00	552.00	475.63	470.00	101310.00
chr1	32203800	32203927	127	127	529.00	1121.00	828.43	872.00	105210.00
chr1	109811731	109811912	181	181	411.00	758.00	610.10	611.00	110429.00
chr9	140052830	140052975	145	145	1113.00	2514.00	1872.98	2067.00	271582.00
chr2	220161706	220161854	148	148	871.00	1368.00	1076.64	1063.00	159342.00
chr16	29896906	29897070	164	164	506.00	693.00	627.87	629.50	102971.00
chr16	47143393	47143622	229	229	134.00	195.00	161.56	161.00	36997.00
chr11	993753	993985	232	232	209.00	460.00	337.91	328.00	78395.00
chr9	124059698	124061137	1439	1439	36.00	157.00	79.74	67.00	114739.00
chr9	140350140	140350634	494	494	20.00	55.00	34.95	34.00	17267.00
chr11	14504577	14504697	120	120	108.00	158.00	126.70	119.00	15204.00
chr3	49898612	49898733	121	121	743.00	1148.00	949.29	946.00	114864.00
chr9	131811659	131811777	118	118	74.00	106.00	87.41	82.00	10314.00
chr9	131810705	131810818	113	113	90.00	115.00	103.35	104.00	11678.00
chr1	223400935	223401080	145	145	141.00	206.00	177.00	176.00	25665.00
chr12	125612185	125612820	635	635	8.00	233.00	50.17	17.00	31861.00
chr2	220088590	220088744	154	154	196.00	267.00	229.51	226.00	35345.00
chr9	70888487	70888750	263	263	10.00	64.00	34.66	32.00	9116.00
chr14	69813756	69813898	142	142	99.00	149.00	128.87	130.50	18300.00
chr2	47399145	47399890	745	745	12.00	420.00	60.08	53.00	44763.00
chr11	62688689	62689041	352	352	17.00	278.00	86.97	30.00	30615.00
chr6	43745205	43745407	202	202	13.00	163.00	132.83	132.50	26832.00
chr3	11072492	11072997	505	505	22.00	714.00	181.75	79.00	91785.00
chr7	2696031	2696168	137	137	345.00	475.00	413.70	415.00	56677.00
chr16	14969196	14969279	83	83	570.00	1004.00	798.66	853.00	66289.00
chr17	7377847	7378026	179	179	8.00	21.00	14.35	15.00	2569.00
chr12	65639640	65639719	79	79	85.00	152.00	115.44	108.00	9120.00
chr12	50294912	50295108	196	196	1895.00	4449.00	2492.66	2148.50	488561.00
chr19	42485653	42485788	135	135	1782.00	2575.00	2186.99	2136.00	295244.00
chr10	99509230	99509343	113	113	145.00	222.00	179.73	180.00	20310.00
chr22	38883877	38888120	4243	4243	147.00	1732.00	569.57	530.00	2416680.00
chr12	49416372	49416658	286	286	92.00	145.00	115.14	112.00	32929.00
chr6	24843089	24843782	693	693	47.00	92.00	67.13	67.00	46522.00
chr5	176295561	176295665	104	104	371.00	465.00	400.88	394.00	41691.00
chr10	99510087	99510227	140	140	177.00	258.00	206.37	200.00	28892.00
chr1	159173658	159174770	1112	1112	38.00	141.00	71.01	61.00	78965.00
chr11	1780745	1780869	124	124	1198.00	1507.00	1366.60	1384.00	169458.00
chr19	42486059	42486258	199	199	1312.00	2180.00	1782.16	1762.00	354650.00
chr3	47465422	47465535	113	113	142.00	201.00	158.42	155.00	17901.00
chr1	21573713	21573856	143	143	57.00	87.00	76.24	79.00	10903.00
chr11	65320330	65320453	123	123	153.00	227.00	205.28	209.00	25249.00
chr3	47462420	47462519	99	99	216.00	323.00	283.27	297.00	28044.00
chr2	219204751	219204864	113	113	96.00	143.00	125.78	128.00	14213.00
chr1	43906123	43906257	134	134	39.00	63.00	49.16	47.00	6587.00
chr7	38785158	38785840	682	682	18.00	426.00	63.35	33.00	43205.00
chr2	153499932	153500058	126	126	143.00	215.00	186.79	194.50	23535.00
chr1	32203011	32203132	121	121	13.00	846.00	608.98	708.00	73687.00
chr22	42290823	42290941	118	118	445.00	734.00	627.84	639.50	74085.00
chr19	47940718	47940818	100	100	529.00	1007.00	787.45	769.50	78745.00
chr4	119539150	119539274	124	124	16.00	30.00	24.06	23.50	2984.00
chr17	44117067	44117250	183	183	74.00	97.00	87.95	87.00	16094.00
chr19	42485873	42485983	110	110	1477.00	1852.00	1688.04	1681.00	185684.00
chr6	44114583	44114664	81	81	138.00	197.00	172.14	174.00	13943.00
chr19	47941105	47941292	187	187	7.00	1193.00	650.76	913.00	121692.00
chr11	73074250	73074500	250	250	141.00	202.00	171.43	171.50	42857.00
chr3	33418764	33418825	61	61	315.00	423.00	356.33	357.00	21736.00
chr1	700258	700505	247	247	33.00	75.00	50.26	49.00	12414.00
chr9	74319510	74319719	209	209	43.00	80.00	53.63	49.00	11208.00
chr16	2336694	2336968	274	274	197.00	587.00	370.90	385.00	101627.00
chr20	3575125	3575219	94	94	174.00	257.00	201.74	200.50	18964.00
chr9	139231377	139231529	152	152	130.00	165.00	147.63	148.00	22440.00
chr5	140515951	140516498	547	547	15.00	44.00	30.81	31.00	16852.00
chr1	21938208	21938309	101	101	635.00	843.00	743.35	742.00	75078.00
chr3	155659188	155659936	748	748	10.00	99.00	72.90	82.00	54531.00
chr16	27483068	27483241	173	173	126.00	168.00	141.56	142.00	24490.00
chr11	994071	994245	174	174	128.00	272.00	223.97	236.50	38971.00
chr7	71175745	71175913	168	168	518.00	704.00	608.35	610.00	102202.00
chr12	121204065	121204175	110	110	192.00	241.00	213.71	215.00	23508.00
chr7	73118679	73118753	74	74	1586.00	2100.00	1819.70	1809.00	134658.00
chr9	140972565	140972710	145	145	111.00	152.00	132.98	131.00	19282.00
chr12	121683329	121684024	695	695	9.00	51.00	25.64	25.00	17823.00
chr16	74493579	74493687	108	108	206.00	328.00	263.38	242.00	28445.00
chr2	36771518	36771641	123	123	119.00	153.00	132.50	131.00	16297.00
chr7	94187181	94187996	815	815	10.00	35.00	21.06	21.00	17164.00
chr14	94156951	94157239	288	288	4.00	17.00	10.47	12.00	3015.00
chr7	121739000	121739524	524	524	16.00	63.00	39.54	38.00	20719.00
chr1	19549117	19549328	211	211	118.00	246.00	168.25	162.00	35500.00
chr19	5214571	5214747	176	176	322.00	618.00	394.81	378.50	69487.00
chr19	42557753	42557861	108	108	176.00	221.00	198.41	197.00	21428.00
chr15	102510686	102510925	239	239	1.00	101.00	57.69	63.00	13789.00
chr5	167673761	167675376	1615	1615	40.00	137.00	69.94	65.00	112946.00
chr7	44282158	44282253	95	95	741.00	971.00	840.97	821.00	79892.00
chr2	160621061	160621717	656	656	20.00	182.00	46.21	34.00	30314.00
chr5	10426501	10426634	133	133	311.00	431.00	385.44	396.00	51263.00
chr16	1814301	1814460	159	159	643.00	727.00	681.20	677.00	108311.00
chr11	21581734	21581928	194	194	136.00	211.00	169.59	170.00	32901.00
chr3	126749085	126749255	170	170	155.00	233.00	188.29	191.00	32009.00
chr11	12237765	12237866	101	101	414.00	617.00	495.57	471.00	50053.00
chr6	31750872	31750963	91	91	100.00	138.00	125.81	127.00	11449.00
chr3	53124201	53124398	197	197	18.00	26.00	21.70	21.00	4274.00
chr2	220161470	220161544	74	74	953.00	1246.00	1149.84	1160.50	85088.00
chr2	128951046	128951785	739	739	26.00	107.00	63.36	63.00	46825.00
chr5	24535811	24535931	120	120	131.00	206.00	172.33	176.50	20680.00
chr1	44083406	44083582	176	176	310.00	485.00	387.82	394.00	68256.00
chr1	32207653	32207818	165	165	503.00	737.00	582.59	556.00	96128.00
chr12	7293754	7294000	246	246	10.00	975.00	601.21	869.50	147897.00
chr3	131442289	131442469	180	180	126.00	157.00	140.58	141.00	25305.00
chr3	49898871	49899298	427	427	33.00	1328.00	555.00	769.00	236983.00
chr16	66432358	66432464	106	106	32.00	55.00	42.89	41.00	4546.00
chr1	20982593	20982680	87	87	359.00	464.00	402.51	387.00	35018.00
chr16	68398653	68398809	156	156	54.00	89.00	77.28	79.00	12056.00
chr17	16676818	16678279	1461	1461	19.00	76.00	47.50	47.00	69395.00
chr1	109814899	109815027	128	128	391.00	569.00	479.32	490.50	61353.00
chr1	21940478	21940582	104	104	846.00	1010.00	922.36	917.00	95925.00
chr20	57468284	57468793	509	509	8.00	37.00	18.83	18.00	9584.00
chr3	127358087	127358366	279	279	223.00	514.00	372.91	343.00	104043.00
chr3	126735359	126735527	168	168	107.00	151.00	129.33	130.00	21727.00
chr10	103869140	103869264	124	124	380.00	526.00	453.67	454.50	56255.00
chr20	44520554	44520666	112	112	180.00	231.00	209.69	210.50	23485.00
chr1	32203252	32203356	104	104	482.00	709.00	605.12	620.00	62932.00
chr21	40186196	40186316	120	120	252.00	344.00	299.67	299.00	35960.00
chr5	111067153	111068349	1196	1196	7.00	58.00	34.79	34.00	41610.00
chr9	128002954	128003186	232	232	482.00	799.00	634.11	631.00	147114.00
chr1	43408896	43408992	96	96	220.00	263.00	238.18	236.00	22865.00
chr3	47463931	47464026	95	95	202.00	254.00	228.64	225.00	21721.00
chr2	220161160	220161238	78	78	964.00	1099.00	1035.09	1026.50	80737.00
chr11	62472772	62473089	317	317	1086.00	2000.00	1408.01	1281.00	446339.00
chr9	130986341	130986906	565	565	30.00	635.00	168.42	39.00	95156.00
chr14	69358769	69359000	231	231	265.00	375.00	306.58	304.00	70820.00
chr11	64416205	64416379	174	174	250.00	377.00	316.64	323.00	55096.00
chr17	8398454	8398559	105	105	432.00	543.00	479.29	473.00	50325.00
chr12	53572943	53574193	1250	1250	20.00	109.00	64.28	64.00	80356.00
chr17	17696544	17701827	5283	5283	36.00	211.00	88.24	85.00	466197.00
chr8	11705187	11705331	144	144	1290.00	1887.00	1666.57	1700.50	239986.00
chr19	54963829	54963931	102	102	473.00	624.00	524.63	503.50	53512.00
chr2	70451682	70456295	4613	4613	11.00	236.00	66.41	62.00	306368.00
chr11	118873959	118874169	210	210	12.00	22.00	18.59	19.00	3904.00
chr10	75548427	75548581	154	154	96.00	136.00	114.27	112.00	17598.00
chr6	33414351	33414563	212	212	440.00	804.00	660.37	662.50	139999.00
chr17	80042910	80043032	122	122	258.00	314.00	286.20	288.50	34917.00
chr11	11470290	11470483	193	193	75.00	106.00	86.51	86.00	16696.00
chr8	23294446	23294771	325	325	140.00	200.00	170.32	170.00	55353.00
chr1	116932060	116932663	603	603	6.00	2620.00	875.72	17.00	528057.00
chr15	83222627	83222741	114	114	100.00	131.00	117.29	119.00	13371.00
chr3	9841562	9841751	189	189	24.00	55.00	37.80	37.00	7145.00
chr1	116937731	116937907	176	176	1505.00	2946.00	1892.52	1728.50	333083.00
chr16	87868019	87868197	178	178	197.00	232.00	213.54	213.00	38011.00
chr3	124209540	124209731	191	191	607.00	904.00	745.67	725.00	142423.00
chr7	71142195	71142291	96	96	534.00	684.00	608.68	612.00	58433.00
chr5	130497324	130497584	260	260	15.00	33.00	25.82	26.00	6714.00
chr13	100199238	100199358	120	120	392.00	532.00	456.24	454.50	54749.00
chr5	139943336	139943506	170	170	32.00	347.00	294.24	303.00	50021.00
chr17	74395529	74396002	473	473	109.00	186.00	156.60	158.00	74072.00
chr14	93179149	93179216	67	67	189.00	230.00	214.04	217.00	14341.00
chr4	160277004	160277310	306	306	61.00	378.00	189.78	162.00	58072.00
chr17	40666306	40666478	172	172	771.00	1326.00	1061.90	1087.00	182646.00
chr15	34828065	34828207	142	142	9.00	325.00	233.09	257.00	33099.00
chr14	100165802	100165876	74	74	496.00	599.00	544.93	551.00	40325.00
chr22	20128089	20128231	142	142	18.00	209.00	130.23	178.00	18493.00
chr12	3392210	3394421	2211	2211	1.00	148.00	57.33	53.00	126757.00
chr17	16687866	16690667	2801	2801	14.00	296.00	76.31	68.00	213740.00
chr6	31664724	31664810	86	86	122.00	227.00	170.71	151.50	14681.00
chr6	30627512	30627611	99	99	46.00	64.00	56.57	58.00	5600.00
chr11	18752834	18755060	2226	2226	4.00	615.00	85.88	44.00	191175.00
chr12	109332602	109332731	129	129	439.00	608.00	524.26	541.00	67630.00
chr6	90072884	90073110	226	226	10.00	25.00	18.19	18.00	4111.00
chr16	2689371	2689711	340	340	0.00	8.00	1.12	0.00	380.00
chr1	20987373	20987484	111	111	348.00	528.00	426.26	405.00	47315.00
chr14	85985300	85986667	1367	1367	3.00	25.00	12.99	13.00	17755.00
chr13	32863769	32863880	111	111	107.00	164.00	132.57	134.00	14715.00
chr16	1510418	1510528	110	110	130.00	172.00	149.22	150.00	16414.00
chr19	54963269	54963444	175	175	603.00	942.00	736.51	725.00	128889.00
chr6	44224078	44224233	155	155	96.00	118.00	106.34	106.00	16482.00
chr20	3151172	3152285	1113	1113	11.00	45.00	29.32	33.00	32630.00
chr1	892273	892405	132	132	155.00	260.00	199.73	196.00	26365.00
chr16	90192167	90192724	557	557	5.00	49.00	28.26	30.00	15741.00
chr9	111663704	111663810	106	106	88.00	130.00	106.36	102.00	11274.00
chr6	44108764	44108835	71	71	190.00	249.00	220.52	225.00	15657.00
chr1	36028802	36029027	225	225	1706.00	2454.00	1977.43	1919.00	444921.00
chr11	66807259	66807674	415	415	4.00	219.00	158.97	163.00	65972.00
chr1	178426817	178427679	862	862	34.00	110.00	67.66	62.00	58324.00
chr19	42482302	42482478	176	176	1547.00	2656.00	1882.57	1777.00	331332.00
chr1	44084718	44084873	155	155	200.00	564.00	371.91	366.00	57646.00
chr1	109812315	109812442	127	127	380.00	510.00	450.44	461.00	57206.00
chr3	180324268	180324391	123	123	147.00	229.00	204.76	215.00	25186.00
chr15	63933668	63933842	174	174	160.00	275.00	210.83	212.50	36685.00
chr20	44521363	44521519	156	156	211.00	312.00	256.47	252.00	40010.00
chr3	33416779	33416910	131	131	181.00	367.00	245.45	235.00	32154.00
chr1	21934624	21934843	219	219	28.00	1084.00	505.82	670.00	110775.00
chr14	69799801	69799886	85	85	71.00	102.00	91.42	93.00	7771.00
chr1	116936134	116936345	211	211	2.00	2400.00	1884.48	2046.00	397626.00
chr14	23634493	23634645	152	152	31.00	70.00	54.03	60.00	8212.00
chr16	1402538	1402947	409	409	24.00	75.00	56.48	56.00	23101.00
chr9	20331	25000	4669	4669	0.00	231.00	70.73	69.00	330257.00
chr17	43545574	43545959	385	385	26.00	52.00	36.41	36.00	14018.00
chr13	100201418	100201476	58	58	406.00	470.00	430.19	429.00	24951.00
chr15	41865505	41865665	160	160	369.00	735.00	534.54	522.00	85526.00
chr19	19641688	19642196	508	508	20.00	42.00	30.57	31.00	15531.00
chr11	134147593	134148159	566	566	9.00	35.00	21.07	20.00	11928.00
chr2	71656420	71657290	870	870	12.00	84.00	42.90	41.00	37327.00
chr7	97834775	97835016	241	241	169.00	276.00	221.90	224.00	53478.00
chr19	13363804	13363915	111	111	108.00	139.00	120.09	117.00	13330.00
chr18	31328383	31329011	628	628	11.00	33.00	23.27	23.00	14611.00
chr16	66431884	66432009	125	125	17.00	42.00	27.21	20.00	3401.00
chr19	47935155	47935702	547	547	9.00	1258.00	440.40	519.00	240898.00
chr12	50291769	50291873	104	104	1265.00	2076.00	1578.11	1653.00	164123.00
chr11	1780198	1780317	119	119	857.00	1355.00	1024.94	1002.00	121968.00
chr15	65392626	65393167	541	541	21.00	71.00	44.49	42.00	24067.00
chr2	86397871	86397967	96	96	150.00	227.00	203.70	216.00	19555.00
chr7	97866087	97866233	146	146	155.00	237.00	199.99	208.00	29199.00
chr11	60687157	60687402	245	245	128.00	218.00	179.09	190.00	43877.00
chr21	43307700	43309453	1753	1753	11.00	73.00	44.87	45.00	78658.00
chr14	24619269	24619657	388	388	29.00	80.00	45.40	43.00	17614.00
chr11	65320634	65320727	93	93	114.00	157.00	128.71	128.00	11970.00
chr16	29891184	29891385	201	201	525.00	713.00	616.21	617.00	123859.00
chr1	32207224	32207326	102	102	847.00	1149.00	1005.68	1015.00	102579.00
chr11	72300218	72300394	176	176	6.00	758.00	247.80	12.00	43612.00
chr17	7608878	7609038	160	160	98.00	231.00	164.72	170.00	26355.00
chr19	7607646	7607814	168	168	154.00	225.00	188.59	197.50	31683.00
chr19	54966129	54966271	142	142	297.00	440.00	386.06	394.50	54820.00
chr12	57995027	57995131	104	104	241.00	287.00	263.48	260.50	27402.00
chr1	27428875	27429049	174	174	65.00	101.00	80.13	79.00	13942.00
chr2	27688277	27688385	108	108	73.00	117.00	100.89	108.00	10896.00
chr16	2691449	2692254	805	805	0.00	18.00	0.63	0.00	505.00
chr9	131503813	131503933	120	120	344.00	449.00	406.02	408.00	48723.00
chr16	2347766	2347922	156	156	233.00	338.00	289.03	291.50	45089.00
chr17	80039884	80040036	152	152	357.00	434.00	391.07	389.50	59442.00
chr1	32204432	32204538	106	106	682.00	1169.00	912.92	920.00	96769.00
chr12	9242951	9243078	127	127	262.00	308.00	285.59	285.00	36270.00
chr3	49702661	49702751	90	90	248.00	306.00	276.58	279.00	24892.00
chr19	35820359	35820837	478	478	57.00	117.00	87.55	89.00	41849.00
chr1	201456762	201457615	853	853	30.00	83.00	58.76	59.00	50125.00
chr16	2334279	2334438	159	159	214.00	328.00	282.65	289.00	44941.00
chr10	73578373	73578481	108	108	3647.00	4874.00	4279.06	4240.00	462138.00
chr16	18530550	18530756	206	206	2.00	751.00	369.25	545.00	76065.00
chr16	16369094	16369300	206	206	2.00	768.00	376.48	558.00	77554.00
chr13	113975636	113975785	149	149	16.00	898.00	386.50	21.00	57588.00
chr11	119293822	119294227	405	405	42.00	10237.00	981.36	120.00	397449.00
chr5	150505962	150506041	79	79	1306.00	1879.00	1549.63	1523.00	122421.00
chr22	44224939	44225078	139	139	1044.00	1335.00	1171.07	1159.00	162779.00
chr15	41865199	41865309	110	110	414.00	545.00	474.26	462.50	52169.00
chr17	25633807	25636298	2491	2491	49.00	1262.00	492.26	485.00	1226209.00
chr15	72495155	72495529	374	374	16.00	2863.00	1165.17	39.00	435775.00
chr9	42540272	42542124	1852	1852	6.00	39.00	21.27	21.00	39398.00
chr11	119290760	119291704	944	944	7.00	12212.00	2711.85	34.00	2559986.00
chr19	5219949	5220165	216	216	233.00	421.00	313.34	294.50	67681.00
chr15	63910769	63911153	384	384	3.00	32.00	15.48	13.00	5944.00
chr17	74393879	74393969	90	90	174.00	213.00	193.51	195.50	17416.00
chr10	104129467	104129532	65	65	112.00	138.00	126.74	128.00	8238.00
chr3	142454224	142454620	396	396	8.00	24.00	16.90	17.00	6692.00
chr12	121205196	121205396	200	200	212.00	290.00	251.14	257.00	50228.00
chr3	31705570	31705724	154	154	36.00	51.00	43.51	44.00	6701.00
chr6	118635190	118636593	1403	1403	27.00	278.00	156.17	156.00	219113.00
chr8	10339867	10340829	962	962	6.00	47.00	24.92	24.00	23969.00
chr19	16952578	16952779	201	201	153.00	251.00	210.49	214.00	42308.00
chr8	110984486	110985016	530	530	173.00	307.00	250.20	255.50	132607.00
chr9	128001219	128001610	391	391	640.00	1539.00	1108.88	1171.00	433574.00
chr11	73070878	73070997	119	119	132.00	187.00	162.61	167.00	19350.00
chr10	104130140	104130235	95	95	92.00	127.00	110.88	112.00	10534.00
chr5	95733039	95733173	134	134	240.00	298.00	270.36	268.00	36228.00
chr19	59059400	59059547	147	147	316.00	417.00	369.08	369.00	54255.00
chr5	139943169	139943255	86	86	50.00	264.00	198.28	211.50	17052.00
chr17	73487771	73487981	210	210	121.00	227.00	160.25	157.00	33652.00
chr1	154315588	154315777	189	189	40.00	66.00	53.33	53.00	10079.00
chr14	95652726	95653070	344	344	44.00	80.00	59.73	60.00	20547.00
chr12	123639801	123640772	971	971	11.00	51.00	34.22	35.00	33228.00
chr22	47064870	47065171	301	301	9.00	22.00	15.97	17.00	4807.00
chr5	24535220	24535388	168	168	114.00	177.00	136.26	128.00	22892.00
chr12	6806452	6806958	506	506	163.00	406.00	276.51	272.00	139915.00
chr22	29881711	29881836	125	125	245.00	307.00	269.15	269.00	33644.00
chr7	75894681	75894786	105	105	87.00	112.00	97.32	97.00	10219.00
chr12	121089007	121095893	6886	6886	18.00	131.00	61.92	59.00	426363.00
chr1	207940357	207942365	2008	2008	25.00	313.00	121.15	101.00	243269.00
chr7	154681166	154681240	74	74	416.00	481.00	453.01	453.00	33523.00
chr5	131696513	131697529	1016	1016	8.00	38.00	22.16	23.00	22511.00
chr11	1776135	1776258	123	123	419.00	1111.00	700.72	655.00	86188.00
chr8	11706554	11706673	119	119	1469.00	1861.00	1653.87	1677.00	196811.00
chr11	18759426	18759511	85	85	294.00	367.00	331.91	332.00	28212.00
chr16	61689373	61689625	252	252	76.00	131.00	108.26	110.50	27281.00
chr15	51750702	51750824	122	122	244.00	295.00	269.17	274.00	32839.00
chr9	35555056	35555698	642	642	215.00	601.00	398.81	401.50	256037.00
chr2	198356200	198356621	421	421	5.00	19.00	11.18	10.00	4705.00
chr9	131001723	131001794	71	71	2713.00	3296.00	3023.52	3055.00	214670.00
chr19	5214371	5214491	120	120	455.00	677.00	566.38	556.00	67966.00
chr22	35719488	35719623	135	135	130.00	153.00	145.34	147.00	19621.00
chr12	121678738	121679829	1091	1091	7.00	79.00	28.69	25.00	31304.00
chr14	23820960	23821064	104	104	1245.00	1786.00	1528.85	1558.50	159000.00
chr1	32205710	32205779	69	69	668.00	847.00	763.36	766.00	52672.00
chr3	33420176	33420326	150	150	14.00	363.00	129.77	20.00	19465.00
chr9	114820707	114820966	259	259	27.00	57.00	43.71	46.00	11321.00
chr15	41865876	41866023	147	147	50.00	985.00	765.05	824.00	112462.00
chr19	55554308	55554637	329	329	10.00	35.00	21.34	21.00	7020.00
chr1	116933403	116933513	110	110	1950.00	2451.00	2223.22	2206.00	244554.00
chr19	15374230	15374359	129	129	88.00	194.00	150.09	160.00	19361.00
chr12	56090682	56090852	170	170	80.00	106.00	92.85	92.00	15784.00
chr14	69445668	69445876	208	208	60.00	289.00	180.65	184.50	37575.00
chr12	57603474	57603651	177	177	214.00	405.00	288.57	284.00	51077.00
chr22	32897492	32898946	1454	1454	11.00	129.00	52.60	50.00	76484.00
chr16	16367702	16367764	62	62	14.00	438.00	231.32	260.50	14342.00
chr19	5245786	5246056	270	270	200.00	417.00	286.34	294.50	77311.00
chr16	74345440	74345829	389	389	11.00	32.00	23.29	23.00	9060.00
chr6	107096899	107097076	177	177	54.00	83.00	67.24	63.00	11902.00
chr1	29641883	29642019	136	136	64.00	84.00	72.59	72.00	9872.00
chr8	97342440	97342509	69	69	229.00	266.00	247.22	248.00	17058.00
chr8	68116914	68117054	140	140	73.00	152.00	111.86	111.00	15661.00
chr22	22037470	22037546	76	76	55.00	68.00	62.17	61.50	4725.00
chr22	50682147	50683420	1273	1273	47.00	249.00	134.21	135.00	170855.00
chr20	44048971	44049069	98	98	288.00	353.00	324.06	325.50	31758.00
chr1	36904356	36904511	155	155	65.00	109.00	80.14	80.00	12421.00
chr12	71054719	71054877	158	158	106.00	184.00	129.87	127.00	20519.00
chr15	50654364	50655515	1151	1151	65.00	142.00	85.59	82.00	98515.00
chr2	234198499	234198620	121	121	98.00	162.00	140.89	150.00	17048.00
chr9	128001699	128001812	113	113	633.00	781.00	709.11	735.00	80129.00
chr8	38272296	38272419	123	123	76.00	114.00	95.24	92.00	11715.00
chr11	73068069	73068179	110	110	105.00	180.00	144.43	155.50	15887.00
chr16	28123137	28123327	190	190	199.00	282.00	238.83	231.50	45378.00
chr12	49424062	49424222	160	160	44.00	79.00	60.14	55.00	9623.00
chr19	50302885	50303023	138	138	371.00	551.00	453.09	417.50	62526.00
chr19	42480567	42480718	151	151	2556.00	3861.00	3236.52	3355.00	488715.00
chr3	197904395	197905301	906	906	0.00	43.00	17.41	17.00	15776.00
chr13	100189992	100190117	125	125	286.00	368.00	331.63	335.00	41454.00
chr19	14268062	14268272	210	210	328.00	559.00	456.68	449.00	95902.00
chr10	93786886	93787057	171	171	101.00	162.00	130.68	130.00	22347.00
chr1	109808726	109808828	102	102	255.00	339.00	290.79	288.00	29661.00
chr4	134075461	134075520	59	59	410.00	547.00	461.17	460.00	27209.00
chr1	22052268	22053864	1596	1596	13.00	59.00	30.38	29.00	48489.00
chr9	140056855	140056968	113	113	1402.00	1914.00	1697.92	1714.00	191865.00
chr19	42482087	42482224	137	137	2734.00	3529.00	3145.24	3173.00	430898.00
chr19	4556962	4557025	63	63	644.00	715.00	687.89	687.00	43337.00
chr19	14266921	14267013	92	92	305.00	452.00	388.16	383.00	35711.00
chr22	42273851	42274127	276	276	14.00	1070.00	560.31	690.50	154646.00
chr1	205549788	205550049	261	261	359.00	544.00	421.44	414.00	109995.00
chr1	110765585	110766522	937	937	32.00	151.00	99.49	105.00	93221.00
chr19	55553595	55554158	563	563	12.00	45.00	29.39	31.00	16548.00
chr7	150929881	150931360	1479	1479	30.00	135.00	62.22	60.00	92027.00
chr3	124215157	124215260	103	103	504.00	786.00	668.50	702.00	68855.00
chr16	58220658	58220760	102	102	123.00	164.00	146.53	148.00	14946.00
chr3	10381925	10382033	108	108	756.00	1058.00	956.82	989.00	103337.00
chr10	11356101	11356221	120	120	157.00	214.00	181.81	183.50	21817.00
chr22	42294652	42294785	133	133	553.00	697.00	651.72	658.00	86679.00
chr1	2005531	2005714	183	183	42.00	94.00	74.95	77.00	13716.00
chr12	113722522	113722576	54	54	88.00	104.00	95.02	94.00	5131.00
chr9	131502198	131502398	200	200	27.00	522.00	431.60	459.00	86320.00
chr19	40873602	40873786	184	184	1464.00	2169.00	1837.58	1864.00	338115.00
chr2	220162606	220162825	219	219	394.00	756.00	565.16	530.00	123771.00
chr16	28270027	28270355	328	328	27.00	165.00	88.51	79.00	29032.00
chr4	3225718	3225858	140	140	176.00	242.00	213.36	210.50	29871.00
chr17	44127898	44128070	172	172	76.00	105.00	91.01	90.00	15654.00
chr3	47462043	47462262	219	219	132.00	332.00	200.63	182.00	43938.00
chr6	99873090	99873182	92	92	27.00	839.00	351.33	285.50	32322.00
chr7	142561723	142562504	781	781	282.00	811.00	516.11	514.00	403082.00
chr1	159169540	159169666	126	126	1322.00	1660.00	1527.31	1540.00	192441.00
chr19	7606869	7606953	84	84	97.00	157.00	118.51	114.00	9955.00
chr16	2811561	2818298	6737	6737	24.00	861.00	463.10	463.00	3119891.00
chr3	47450652	47450807	155	155	80.00	99.00	89.34	89.00	13847.00
chr11	118403631	118403922	291	291	135.00	219.00	175.00	172.00	50926.00
chr1	205555161	205555335	174	174	352.00	483.00	418.41	419.00	72804.00
chr12	125603186	125603311	125	125	170.00	226.00	198.95	200.00	24869.00
chr11	86658288	86659498	1210	1210	16.00	44.00	28.69	29.00	34717.00
chr22	37764946	37768745	3799	3799	23.00	524.00	209.86	196.00	797270.00
chr10	46345664	46346215	551	551	8.00	50.00	24.92	22.00	13733.00
chr22	33673045	33673241	196	196	309.00	707.00	467.45	425.50	91621.00
chr9	140042599	140042666	67	67	9.00	290.00	220.28	227.00	14759.00
chr3	48717233	48717320	87	87	136.00	171.00	149.61	150.00	13016.00
chr11	60681600	60681740	140	140	24.00	182.00	88.93	79.50	12450.00
chr10	93784512	93784724	212	212	87.00	137.00	114.53	117.00	24280.00
chr12	7289424	7290372	948	948	8.00	888.00	231.68	15.00	219631.00
chr3	132387062	132387526	464	464	16.00	35.00	24.94	25.00	11574.00
chr16	2335442	2335647	205	205	220.00	366.00	302.61	312.00	62035.00
chr16	1794782	1797276	2494	2494	24.00	712.00	122.33	74.00	305087.00
chr16	3786036	3786204	168	168	107.00	159.00	130.57	130.00	21936.00
chr9	141131209	141131766	557	557	0.00	18.00	7.89	10.00	4397.00
chr14	92965028	92966015	987	987	7.00	34.00	18.50	18.00	18256.00
chr19	54692070	54692200	130	130	218.00	526.00	371.76	322.00	48329.00
chr15	43866006	43866230	224	224	139.00	235.00	175.03	171.00	39206.00
chr3	40231316	40231954	638	638	84.00	143.00	108.89	105.00	69469.00
chr3	50148937	50149455	518	518	19.00	58.00	39.21	40.00	20309.00
chr4	81117505	81117755	250	250	56.00	114.00	85.05	82.00	21262.00
chr10	46740404	46740638	234	234	1.00	35.00	17.07	16.00	3995.00
chr3	124210169	124210271	102	102	517.00	678.00	623.68	637.00	63615.00
chr11	107488830	107488932	102	102	342.00	395.00	366.43	367.00	37376.00
chr9	130591965	130592106	141	141	82.00	112.00	95.78	96.00	13505.00
chr1	20981932	20982027	95	95	367.00	504.00	420.94	411.00	39989.00
chr12	75875613	75875859	246	246	60.00	93.00	73.69	74.00	18128.00
chr22	32046684	32046764	80	80	85.00	145.00	118.54	121.50	9483.00
chr11	70331418	70331658	240	240	42.00	211.00	122.38	126.50	29372.00
chr14	51079976	51080069	93	93	441.00	528.00	488.14	487.00	45397.00
chr17	80041077	80041301	224	224	360.00	755.00	566.32	582.50	126855.00
chr7	158540884	158540971	87	87	153.00	241.00	196.61	195.00	17105.00
chr1	21553651	21553719	68	68	94.00	118.00	107.26	106.50	7294.00
chr2	219206256	219206349	93	93	85.00	111.00	101.87	103.00	9474.00
chr17	18444211	18445242	1031	1031	0.00	54.00	26.11	29.00	26916.00
chr12	57599340	57599460	120	120	266.00	339.00	306.39	310.00	36767.00
chr11	64417919	64418110	191	191	354.00	595.00	504.33	529.00	96327.00
chr19	3274926	3275650	724	724	15.00	35.00	25.45	25.00	18428.00
chr16	18532086	18532305	219	219	704.00	1101.00	914.19	933.00	200207.00
chr17	3776702	3776756	54	54	598.00	872.00	770.83	775.50	41625.00
chr1	116932670	116933033	363	363	9.00	2874.00	1366.64	2146.00	496092.00
chr16	1505731	1505796	65	65	222.00	306.00	280.58	286.00	18238.00
chr1	9794029	9794200	171	171	2927.00	3506.00	3175.80	3181.00	543062.00
chr10	73579221	73579379	158	158	3151.00	5085.00	4036.35	4216.50	637744.00
chr11	6411684	6412146	462	462	81.00	226.00	145.96	142.50	67434.00
chr1	159163212	159163350	138	138	1170.00	1595.00	1297.79	1275.00	179095.00
chr16	1816723	1816804	81	81	575.00	742.00	657.88	667.00	53288.00
chr7	91722399	91722630	231	231	9.00	118.00	99.09	105.00	22890.00
chr7	44281816	44281939	123	123	874.00	1099.00	962.93	964.00	118440.00
chr2	220467189	220467297	108	108	30.00	43.00	35.29	35.00	3811.00
chr16	4494664	4494729	65	65	227.00	271.00	246.60	247.00	16029.00
chr15	34681844	34681986	142	142	8.00	511.00	346.23	364.00	49164.00
chr9	139995935	139996124	189	189	113.00	222.00	172.25	176.00	32556.00
chr3	180324040	180324160	120	120	158.00	207.00	185.17	186.00	22220.00
chr3	42678359	42681242	2883	2883	76.00	218.00	137.02	135.00	395040.00
chr7	131812776	131815333	2557	2557	7.00	167.00	91.05	94.00	232806.00
chr20	1585387	1585522	135	135	24.00	470.00	272.43	288.00	36778.00
chr3	126751229	126751442	213	213	182.00	231.00	201.15	201.00	42846.00
chr15	63920875	63921014	139	139	193.00	304.00	239.63	234.00	33309.00
chr16	2040128	2040202	74	74	18.00	93.00	55.96	57.00	4141.00
chr9	74324174	74324390	216	216	44.00	64.00	53.96	55.00	11656.00
chr20	44521858	44521950	92	92	223.00	270.00	248.63	248.00	22874.00
chr9	139911647	139911798	151	151	973.00	1195.00	1081.26	1064.00	163271.00
chr9	140055507	140055649	142	142	1824.00	3163.00	2468.35	2249.00	350505.00
chr12	120148055	120148191	136	136	148.00	214.00	173.99	176.50	23663.00
chr12	50474280	50474372	92	92	117.00	165.00	143.16	145.50	13171.00
chr15	63125702	63125828	126	126	232.00	395.00	307.48	308.50	38743.00
chr9	20907148	20907241	93	93	101.00	116.00	108.86	108.00	10124.00
chr16	87874655	87874761	106	106	216.00	286.00	249.65	246.00	26463.00
chr2	162833269	162833460	191	191	7.00	783.00	442.14	675.00	84448.00
chr8	11704560	11704677	117	117	1047.00	1332.00	1198.43	1199.00	140216.00
chr15	63926931	63927087	156	156	219.00	321.00	270.21	276.00	42153.00
chr6	31668718	31668805	87	87	193.00	232.00	209.99	211.00	18269.00
chr7	148910792	148910906	114	114	45.00	100.00	74.28	80.00	8468.00
chr14	42355808	42357213	1405	1405	59.00	144.00	91.43	89.00	128461.00
chr10	88678928	88679226	298	298	36.00	63.00	54.43	56.00	16221.00
chr3	140998219	140998346	127	127	54.00	82.00	70.25	72.00	8922.00
chr1	144859758	144859998	240	240	133.00	176.00	145.34	144.00	34881.00
chr9	96054772	96055455	683	683	66.00	276.00	152.72	162.00	104307.00
chr19	7604803	7604944	141	141	137.00	253.00	170.06	160.00	23979.00
chr12	30906277	30907432	1155	1155	15.00	137.00	59.31	51.00	68504.00
chr9	131112762	131112854	92	92	145.00	290.00	216.79	212.00	19945.00
chr20	61981328	61982379	1051	1051	74.00	163.00	115.68	113.00	121581.00
chr7	38431348	38431618	270	270	278.00	619.00	412.16	432.50	111284.00
chr20	44521036	44521123	87	87	211.00	289.00	250.21	257.00	21768.00
chr11	64418726	64419108	382	382	273.00	619.00	429.48	411.50	164063.00
chr12	120148344	120150270	1926	1926	6.00	312.00	48.02	20.00	92482.00
chr12	6930971	6931066	95	95	17.00	781.00	431.43	458.00	40986.00
chr16	2339434	2339621	187	187	184.00	327.00	240.36	219.00	44947.00
chr2	27700083	27700187	104	104	60.00	95.00	78.59	79.00	8173.00
chr14	69805367	69805494	127	127	67.00	123.00	95.73	100.00	12158.00
chr12	9242497	9242619	122	122	253.00	409.00	337.09	351.50	41125.00
chr3	58256658	58256791	133	133	169.00	267.00	214.62	210.00	28545.00
chr10	79744927	79745098	171	171	71.00	127.00	94.92	91.00	16232.00
chr1	159161725	159161866	141	141	773.00	1173.00	1029.39	1093.00	145144.00
chr16	31085202	31085519	317	317	11.00	59.00	38.51	39.00	12209.00
chr1	171755018	171755218	200	200	82.00	117.00	100.82	99.00	20164.00
chr9	130988124	130989280	1156	1156	3.00	2016.00	264.33	58.00	305565.00
chr15	63127935	63127998	63	63	218.00	273.00	242.16	240.00	15256.00
chr19	1917676	1917821	145	145	8.00	396.00	287.93	313.00	41750.00
chr22	25315792	25315960	168	168	82.00	149.00	113.05	111.50	18992.00
chr2	207943790	207945085	1295	1295	39.00	101.00	71.03	72.00	91983.00
chr11	47330706	47330952	246	246	9.00	694.00	309.07	15.00	76032.00
chr3	142743978	142746095	2117	2117	10.00	224.00	47.75	37.00	101097.00
chr7	44839492	44839694	202	202	16.00	26.00	21.13	21.00	4268.00
chr22	31688260	31688471	211	211	14.00	342.00	216.13	263.00	45604.00
chr11	66333492	66333638	146	146	563.00	734.00	660.65	659.00	96455.00
chr9	131114916	131115026	110	110	280.00	339.00	305.28	303.00	33581.00
chr1	20206	21013	807	807	3.00	197.00	112.35	126.00	90670.00
chr11	108216469	108216635	166	166	80.00	135.00	114.34	113.00	18981.00
chr1	209778880	209779019	139	139	182.00	310.00	247.03	266.00	34337.00
chr1	202935876	202936026	150	150	245.00	428.00	314.10	299.00	47115.00
chr12	57600255	57600524	269	269	286.00	367.00	333.10	335.00	89603.00
chr19	15233503	15233615	112	112	85.00	128.00	105.54	100.50	11820.00
chr8	68115317	68115486	169	169	126.00	182.00	156.99	157.00	26532.00
chr19	13419229	13419342	113	113	88.00	156.00	127.58	127.00	14416.00
chr6	33266815	33267130	315	315	12.00	121.00	63.38	63.00	19964.00
chr16	89780611	89781646	1035	1035	12.00	68.00	29.70	27.00	30744.00
chr12	109964162	109964221	59	59	83.00	98.00	88.93	88.00	5247.00
chr22	24491893	24492045	152	152	68.00	141.00	102.49	101.00	15579.00
chr2	242592926	242593025	99	99	247.00	313.00	284.08	288.00	28124.00
chr1	21937944	21938074	130	130	655.00	1494.00	1157.27	1271.00	150445.00
chr2	223789173	223789313	140	140	358.00	451.00	395.92	394.00	55429.00
chr20	3772318	3772535	217	217	6.00	25.00	13.16	10.00	2856.00
chr16	18531918	18532001	83	83	811.00	1182.00	984.35	1019.00	81701.00
chr1	43396296	43396537	241	241	172.00	286.00	223.77	224.00	53928.00
chr2	100037960	100038115	155	155	65.00	106.00	87.97	90.00	13635.00
chr16	1500497	1500770	273	273	10.00	219.00	124.40	178.00	33960.00
chr19	40876016	40876144	128	128	1408.00	1976.00	1667.46	1658.50	213435.00
chr5	168112691	168112932	241	241	29.00	70.00	42.28	42.00	10190.00
chr2	127825738	127825831	93	93	484.00	610.00	555.92	560.00	51701.00
chr1	19232015	19234990	2975	2975	8.00	143.00	54.70	50.00	162731.00
chr16	1391129	1391196	67	67	130.00	169.00	144.46	145.00	9679.00
chr6	33410665	33411689	1024	1024	29.00	553.00	293.94	279.00	300993.00
chr9	95872033	95872266	233	233	6.00	17.00	11.96	11.00	2786.00
chr1	53378627	53378839	212	212	12.00	20.00	16.32	17.00	3459.00
chr2	80531276	80531693	417	417	40.00	110.00	84.74	84.00	35336.00
chr7	44286718	44286791	73	73	873.00	1024.00	917.03	904.00	66943.00
chr7	157369304	157369471	167	167	500.00	635.00	557.53	552.00	93107.00
chr11	18755079	18755191	112	112	11.00	358.00	230.80	307.00	25850.00
chr6	86237979	86238080	101	101	204.00	285.00	243.58	238.00	24602.00
chr8	145000951	145001050	99	99	121.00	140.00	130.65	131.00	12934.00
chr19	45167680	45167966	286	286	9.00	21.00	14.37	14.00	4109.00
chr10	48930165	48930400	235	235	0.00	31.00	16.01	15.00	3763.00
chr16	87871450	87871547	97	97	222.00	295.00	267.21	275.00	25919.00
chr1	109815454	109815649	195	195	329.00	480.00	395.77	387.00	77176.00
chr1	208215442	208215711	269	269	117.00	200.00	155.26	158.00	41764.00
chr2	260866	261451	585	585	10.00	41.00	29.93	30.00	17509.00
chr5	180481266	180481724	458	458	13.00	60.00	41.06	42.00	18807.00
chr7	73119479	73119631	152	152	7.00	2755.00	1123.80	16.00	170817.00
chr15	34677248	34677358	110	110	432.00	679.00	549.01	521.50	60391.00
chr16	57687114	57687247	133	133	130.00	207.00	176.01	175.00	23409.00
chr15	50649406	50649592	186	186	35.00	78.00	63.45	66.00	11802.00
chr22	21071995	21072066	71	71	1275.00	1499.00	1409.28	1425.00	100059.00
chr5	179200882	179201561	679	679	21.00	75.00	50.10	48.00	34021.00
chr10	98763824	98763979	155	155	243.00	339.00	293.25	294.00	45454.00
chr14	102963315	102963457	142	142	148.00	237.00	185.52	182.00	26344.00
chr1	21932558	21933138	580	580	16.00	1256.00	263.85	37.00	153033.00
chr16	28118842	28118998	156	156	254.00	339.00	296.00	301.00	46176.00
chr1	241767561	241767881	320	320	53.00	107.00	81.46	84.00	26068.00
chr11	66812063	66812184	121	121	204.00	334.00	250.50	242.00	30310.00
chr11	12248571	12248678	107	107	517.00	677.00	598.54	596.00	64044.00
chr9	130588788	130588951	163	163	60.00	104.00	79.51	75.00	12960.00
chr22	21068915	21068988	73	73	1164.00	1552.00	1399.90	1422.00	102193.00
chr1	43424304	43424531	227	227	18.00	266.00	191.80	217.00	43539.00
chr14	105852021	105853670	1649	1649	49.00	175.00	88.02	87.00	145140.00
chr15	34823469	34823579	110	110	140.00	406.00	288.24	300.50	31706.00
chr11	171365	172282	917	917	0.00	43.00	18.65	19.00	17106.00
chr22	24493976	24494155	179	179	96.00	174.00	134.42	134.00	24061.00
chr15	79291060	79291167	107	107	495.00	648.00	585.23	589.00	62620.00
chr16	2145904	2146194	290	290	18.00	47.00	34.80	35.00	10091.00
chr9	131503050	131503166	116	116	411.00	567.00	477.81	487.00	55426.00
chr11	61301983	61302579	596	596	14.00	41.00	27.27	28.00	16255.00
chr22	25308609	25308719	110	110	95.00	120.00	105.11	104.00	11562.00
chr12	63977826	63979986	2160	2160	0.00	44.00	20.00	20.00	43203.00
chr19	46928844	46930933	2089	2089	26.00	445.00	196.39	188.00	410263.00
chr16	56969146	56969224	78	78	179.00	223.00	204.10	209.00	15920.00
chr17	40665787	40665996	209	209	13.00	1662.00	676.65	941.00	141419.00
chr9	131669435	131671600	2165	2165	122.00	337.00	205.23	195.00	444325.00
chr2	220164026	220164271	245	245	17.00	929.00	299.52	25.00	73383.00
chr19	7589846	7590052	206	206	80.00	164.00	118.28	116.50	24365.00
chr6	91260186	91260268	82	82	92.00	118.00	108.51	108.00	8898.00
chr9	124543742	124543830	88	88	254.00	308.00	279.38	283.50	24585.00
chr12	54071005	54071170	165	165	7.00	46.00	29.37	28.00	4846.00
chr2	40443	41212	769	769	9.00	32.00	19.45	19.00	14958.00
chr11	67852159	67852747	588	588	14.00	53.00	37.88	39.00	22273.00
chr8	8233762	8234810	1048	1048	31.00	97.00	60.20	60.00	63086.00
chr2	175671113	175672148	1035	1035	7.00	33.00	21.04	21.00	21773.00
chr7	138984922	138985438	516	516	12.00	37.00	20.97	20.00	10818.00
chr22	40816850	40817104	254	254	126.00	283.00	193.74	176.00	49209.00
chr19	14263120	14263249	129	129	294.00	443.00	361.99	354.00	46697.00
chr19	16962222	16962345	123	123	173.00	458.00	346.59	376.00	42631.00
chr1	109813838	109813918	80	80	324.00	445.00	361.91	354.50	28953.00
chr3	49898148	49898562	414	414	9.00	1062.00	500.49	810.50	207204.00
chr17	17131202	17131510	308	308	24.00	159.00	115.58	123.00	35599.00
chr1	21936067	21936139	72	72	455.00	648.00	550.74	530.00	39653.00
chr3	130424404	130424615	211	211	63.00	90.00	74.54	74.00	15728.00
chr12	56532710	56532797	87	87	72.00	107.00	86.14	84.00	7494.00
chr16	29888591	29888788	197	197	489.00	885.00	675.37	654.00	133048.00
chr2	114394588	114396196	1608	1608	0.00	62.00	23.31	26.00	37478.00
chr3	124180736	124180803	67	67	396.00	452.00	420.64	416.00	28183.00
chr9	111798485	111798660	175	175	117.00	174.00	150.02	152.00	26254.00
chr10	73847897	73848372	475	475	26.00	1362.00	413.37	313.00	196353.00
chr22	21075585	21075706	121	121	806.00	1625.00	1357.15	1423.00	164215.00
chr22	20920753	20921104	351	351	57.00	151.00	108.28	112.00	38007.00
chr9	140953020	140953185	165	165	110.00	160.00	138.59	141.00	22868.00
chr22	41620970	41621075	105	105	115.00	156.00	136.01	135.00	14281.00
chr11	6243671	6243839	168	168	63.00	108.00	88.68	93.00	14898.00
chr15	74704225	74704353	128	128	187.00	325.00	243.05	249.00	31111.00
chr3	48719780	48719985	205	205	114.00	178.00	140.44	134.00	28790.00
chr1	222833247	222833348	101	101	72.00	146.00	106.83	106.00	10790.00
chr1	6583675	6584824	1149	1149	11.00	86.00	47.94	48.00	55079.00
chr11	126135857	126135976	119	119	258.00	326.00	297.87	302.00	35446.00
chr8	75156763	75157410	647	647	37.00	71.00	53.03	52.00	34310.00
chr15	83345212	83345389	177	177	203.00	266.00	234.27	234.00	41465.00
chr14	68031638	68032561	923	923	63.00	167.00	116.02	116.00	107083.00
chr19	42479780	42479949	169	169	2267.00	3174.00	2703.21	2664.00	456842.00
chr16	31503329	31503407	78	78	298.00	384.00	345.12	343.00	26919.00
chr17	1564564	1564700	136	136	217.00	322.00	266.43	254.00	36235.00
chr16	58717858	58718082	224	224	66.00	122.00	92.54	90.00	20729.00
chr14	71575320	71575763	443	443	59.00	111.00	88.52	89.00	39213.00
chr1	202934498	202934628	130	130	169.00	267.00	208.28	208.50	27076.00
chr7	73118477	73118586	109	109	1317.00	1706.00	1507.93	1502.00	164364.00
chr19	13365908	13366073	165	165	104.00	152.00	124.15	121.00	20484.00
chr10	102265117	102265958	841	841	21.00	84.00	51.16	53.00	43022.00
chr9	139983320	139983457	137	137	157.00	204.00	176.23	175.00	24144.00
chr18	29206245	29206347	102	102	178.00	256.00	216.97	217.00	22131.00
chr12	120578662	120578827	165	165	84.00	110.00	95.90	96.00	15824.00
chr5	757516	758226	710	710	25.00	66.00	42.50	42.00	30175.00
chr8	21632483	21632567	84	84	81.00	106.00	93.11	95.00	7821.00
chr4	54011499	54011749	250	250	52.00	87.00	62.68	59.00	15669.00
chr8	141680613	141681365	752	752	19.00	82.00	62.49	64.00	46996.00
chr11	57367351	57367850	499	499	26.00	119.00	62.79	53.00	31334.00
chr12	63980009	63980784	775	775	5.00	30.00	15.89	15.00	12314.00
chr9	140057042	140057203	161	161	15.00	2055.00	1723.30	1845.00	277451.00
chr2	7055953	7056098	145	145	40.00	63.00	51.57	49.00	7478.00
chr12	52387768	52389043	1275	1275	31.00	605.00	238.50	189.00	304090.00
chr19	50104931	50105175	244	244	29.00	147.00	57.13	36.00	13939.00
chr19	5218430	5218543	113	113	406.00	556.00	501.58	508.00	56679.00
chr16	29898969	29899138	169	169	427.00	570.00	492.64	489.00	83256.00
chr7	99030900	99031041	141	141	25.00	43.00	31.99	30.00	4511.00
chr17	36692926	36693212	286	286	19.00	49.00	35.70	36.00	10209.00
chr15	73857770	73859335	1565	1565	19.00	110.00	54.81	55.00	85772.00
chr6	44104085	44104176	91	91	225.00	349.00	289.30	289.00	26326.00
chr1	21938518	21938602	84	84	794.00	1067.00	954.42	976.50	80171.00
chr19	13423482	13423595	113	113	74.00	111.00	94.89	94.00	10723.00
chr16	70292882	70293089	207	207	666.00	992.00	827.56	828.00	171304.00
chr18	61060641	61060782	141	141	135.00	166.00	153.13	154.00	21592.00
chr16	22269814	22270016	202	202	20.00	43.00	32.07	32.00	6479.00
chr1	21554423	21554534	111	111	62.00	110.00	89.58	98.00	9943.00
chr9	140057255	140057455	200	200	23.00	2086.00	1427.37	1758.50	285474.00
chr7	1488255	1488397	142	142	39.00	61.00	49.19	47.00	6985.00
chr14	100166351	100166438	87	87	494.00	623.00	546.70	537.00	47563.00
chr9	101065522	101065705	183	183	559.00	863.00	724.57	749.00	132597.00
chr5	68411752	68412041	289	289	56.00	121.00	87.22	87.00	25208.00
chr1	2452539	2452754	215	215	114.00	285.00	168.37	149.00	36200.00
chr1	21564626	21564737	111	111	69.00	89.00	78.61	78.00	8726.00
chr13	42037713	42039066	1353	1353	23.00	103.00	58.08	59.00	78582.00
chr2	114350236	114350443	207	207	13.00	78.00	47.51	50.00	9834.00
chr1	21939668	21939722	54	54	817.00	974.00	910.91	924.50	49189.00
chr9	139353895	139354007	112	112	65.00	82.00	73.87	75.00	8273.00
chr7	102176367	102176618	251	251	20.00	70.00	53.29	55.00	13377.00
chr3	51411753	51412018	265	265	9.00	505.00	171.51	12.00	45449.00
chr17	73888091	73888266	175	175	25.00	43.00	35.25	35.00	6169.00
chr13	103297258	103297435	177	177	12.00	113.00	64.72	89.00	11456.00
chr15	63922664	63922834	170	170	245.00	319.00	276.89	277.00	47072.00
chr3	33400774	33400849	75	75	277.00	408.00	349.80	330.00	26235.00
chr22	50671744	50671955	211	211	85.00	110.00	99.09	99.00	20909.00
chr1	21190968	21191205	237	237	294.00	406.00	359.44	364.00	85187.00
chr5	14481649	14481727	78	78	203.00	243.00	224.63	225.00	17521.00
chr15	101605556	101606410	854	854	13.00	58.00	41.43	43.00	35384.00
chr17	80040402	80040554	152	152	378.00	586.00	479.52	441.00	72887.00
chr2	132269293	132270897	1604	1604	16.00	125.00	70.80	72.00	113564.00
chr11	1778553	1778786	233	233	1004.00	1508.00	1265.38	1281.00	294833.00
chr11	1469616	1469808	192	192	22.00	37.00	29.76	30.00	5714.00
chr12	120138549	120138630	81	81	220.00	253.00	236.58	234.00	19163.00
chr7	901016	901101	85	85	266.00	366.00	314.44	319.00	26727.00
chr19	13372263	13372424	161	161	105.00	166.00	144.45	151.00	23256.00
chr17	40843154	40843311	157	157	333.00	485.00	412.87	420.00	64821.00
chr17	80039476	80039719	243	243	343.00	543.00	431.61	422.00	104882.00
chr17	16681109	16687365	6256	6256	25.00	290.00	115.16	109.00	720456.00
chr1	116935475	116935610	135	135	2125.00	2725.00	2403.04	2360.00	324410.00
chr6	128294808	128294972	164	164	155.00	294.00	233.46	233.50	38288.00
chr5	109189927	109190617	690	690	18.00	64.00	39.70	38.00	27394.00
chr15	40757533	40757634	101	101	42.00	153.00	116.95	120.00	11812.00
chr2	220164706	220164981	275	275	659.00	1658.00	1171.24	1164.00	322091.00
chr3	164905164	164908639	3475	3475	13.00	153.00	64.75	60.00	224992.00
chr11	60699157	60699356	199	199	101.00	528.00	404.83	415.00	80562.00
chr2	96680301	96680717	416	416	18.00	44.00	28.81	28.00	11985.00
chr17	40845314	40845554	240	240	337.00	508.00	418.40	407.00	100416.00
chr12	125264513	125265391	878	878	25.00	86.00	49.71	47.00	43642.00
chr1	156623704	156624158	454	454	19.00	46.00	30.83	30.00	13999.00
chr6	108370456	108370622	166	166	92.00	148.00	118.86	119.50	19730.00
chr11	19180486	19180587	101	101	42.00	57.00	49.60	51.00	5010.00
chr19	42489069	42489338	269	269	857.00	1742.00	1396.08	1437.00	375546.00
chr2	198274493	198274731	238	238	246.00	438.00	347.84	356.00	82787.00
chr6	47220991	47221257	266	266	192.00	366.00	281.38	276.50	74847.00
chr19	40872679	40872822	143	143	2054.00	3347.00	2786.06	2792.00	398406.00
chr19	54693278	54693627	349	349	20.00	127.00	70.17	65.00	24488.00
chr12	81929	82174	245	245	33.00	82.00	59.20	60.00	14503.00
chr21	45513943	45514114	171	171	96.00	197.00	151.68	157.00	25938.00
chr3	124201630	124201747	117	117	7.00	668.00	495.35	614.00	57956.00
chr17	79805118	79805223	105	105	466.00	563.00	496.62	490.00	52145.00
chr20	46307419	46307548	129	129	85.00	147.00	106.90	106.00	13790.00
chr17	38187790	38187873	83	83	153.00	189.00	170.02	165.00	14112.00
chr2	207452814	207452878	64	64	437.00	530.00	489.27	490.00	31313.00
chr17	45695715	45695823	108	108	398.00	490.00	452.19	462.00	48837.00
chr7	44283023	44283126	103	103	792.00	989.00	896.53	896.00	92343.00
chr20	62274975	62275284	309	309	7.00	3051.00	1463.84	1973.00	452326.00
chr11	108202605	108202764	159	159	101.00	131.00	116.42	115.00	18510.00
chr9	140051314	140051489	175	175	994.00	1603.00	1225.99	1142.00	214548.00
chr22	45574118	45574781	663	663	81.00	165.00	122.39	123.00	81147.00
chr15	79312382	79312446	64	64	359.00	423.00	388.78	390.50	24882.00
chr1	21940120	21940199	79	79	832.00	940.00	871.47	873.00	68846.00
chr17	3775847	3775921	74	74	502.00	808.00	689.35	717.50	51012.00
chr7	73133931	73134019	88	88	33.00	2886.00	1042.31	810.50	91723.00
chr11	72292920	72292991	71	71	659.00	757.00	701.23	703.00	49787.00
chr7	43547616	43547730	114	114	138.00	199.00	174.84	177.00	19932.00
chr16	58713760	58714145	385	385	42.00	68.00	56.09	57.00	21593.00
chr22	21083600	21083794	194	194	816.00	1241.00	1043.91	1070.00	202518.00
chr11	66457275	66457414	139	139	478.00	699.00	563.62	550.00	78343.00
chr15	91561034	91561115	81	81	52.00	77.00	60.09	57.00	4867.00
chr11	2968525	2969001	476	476	15.00	42.00	24.63	23.00	11725.00
chr19	34869838	34869910	72	72	1317.00	1704.00	1471.18	1434.50	105925.00
chr9	121970996	121971219	223	223	327.00	455.00	389.70	398.00	86902.00
chr3	47449772	47449980	208	208	25.00	146.00	95.69	116.00	19904.00
chr12	57601820	57601999	179	179	325.00	610.00	482.05	469.00	86287.00
chr16	2345590	2345741	151	151	257.00	360.00	314.71	318.00	47521.00
chr12	50471782	50471910	128	128	148.00	198.00	174.40	173.00	22323.00
chr1	109814221	109814344	123	123	448.00	667.00	592.45	603.00	72871.00
chr19	16942304	16942458	154	154	117.00	183.00	155.94	163.00	24015.00
chr11	66333301	66333398	97	97	581.00	740.00	650.08	650.00	63058.00
chr5	74026084	74026223	139	139	133.00	190.00	165.72	169.00	23035.00
chr5	68417520	68417722	202	202	62.00	107.00	83.57	82.50	16882.00
chr19	15272262	15272525	263	263	18.00	40.00	29.60	30.00	7786.00
chr3	45872404	45872482	78	78	181.00	239.00	210.31	214.50	16404.00
chr7	73123374	73123452	78	78	2904.00	3616.00	3350.31	3418.50	261324.00
chr5	14498197	14498360	163	163	205.00	314.00	276.94	289.00	45142.00
chr14	93180167	93180230	63	63	181.00	243.00	207.71	210.00	13086.00
chr9	130984739	130984875	136	136	2425.00	3635.00	3020.88	2933.00	410839.00
chr13	31216764	31216894	130	130	43.00	71.00	51.95	50.00	6754.00
chr12	112614399	112614506	107	107	121.00	284.00	258.09	262.00	27616.00
chr12	57602865	57602982	117	117	399.00	603.00	487.12	485.00	56993.00
chr14	72976861	72976987	126	126	109.00	185.00	140.98	128.50	17763.00
chr1	155209406	155209553	147	147	127.00	241.00	178.46	173.00	26233.00
chr10	49633930	49634113	183	183	188.00	290.00	243.35	256.00	44533.00
chr16	84100093	84100218	125	125	175.00	281.00	229.78	232.00	28722.00
chr1	155207924	155208097	173	173	160.00	270.00	207.02	201.00	35814.00
chr12	2786898	2787033	135	135	29.00	93.00	60.17	56.00	8123.00
chr2	233755457	233756197	740	740	18.00	1147.00	222.80	52.00	164872.00
chr14	60631894	60632099	205	205	121.00	370.00	272.47	298.00	55856.00
chr1	11151549	11151654	105	105	121.00	172.00	151.91	151.00	15951.00
chr4	134076071	134076178	107	107	388.00	570.00	505.73	508.00	54113.00
chr15	91420364	91420441	77	77	271.00	332.00	299.61	301.00	23070.00
chr5	114961533	114961755	222	222	10.00	121.00	78.62	85.50	17453.00
chr16	1814047	1814211	164	164	23.00	669.00	327.48	492.50	53707.00
chr18	44250463	44252581	2118	2118	27.00	239.00	129.04	126.00	273309.00
chr6	158049380	158049518	138	138	91.00	163.00	134.53	136.00	18565.00
chr19	7675585	7675679	94	94	50.00	69.00	61.45	63.00	5776.00
chr13	99461604	99461719	115	115	11.00	373.00	305.78	309.00	35165.00
chr11	130010829	130011467	638	638	12.00	2155.00	240.29	20.00	153306.00
chr11	107526658	107526792	134	134	430.00	598.00	523.74	527.50	70181.00
chr16	1391294	1391490	196	196	81.00	154.00	115.84	117.00	22705.00
chr1	38182716	38184158	1442	1442	8.00	118.00	69.91	72.00	100809.00
chr5	179231023	179231323	300	300	15.00	34.00	24.04	23.00	7211.00
chr14	69814593	69814719	126	126	116.00	147.00	131.37	131.00	16553.00
chr14	69349174	69349309	135	135	227.00	351.00	294.39	299.00	39742.00
chr19	7614792	7614998	206	206	205.00	270.00	243.94	245.00	50252.00
chr1	228270375	228270466	91	91	7.00	2269.00	741.76	321.00	67500.00
chr1	38186022	38186315	293	293	9.00	62.00	35.16	41.00	10301.00
chr13	77641715	77641999	284	284	331.00	455.00	399.26	399.00	113390.00
chr14	100157417	100157498	81	81	210.00	345.00	257.99	226.00	20897.00
chr13	32978280	32979333	1053	1053	12.00	85.00	34.76	31.00	36606.00
chr12	7301567	7301794	227	227	729.00	1006.00	878.92	888.00	199515.00
chr9	123583116	123583257	141	141	75.00	96.00	84.71	85.00	11944.00
chr17	26883183	26883284	101	101	122.00	205.00	158.56	148.00	16015.00
chr12	6972993	6973137	144	144	276.00	394.00	339.55	346.00	48895.00
chr20	34322310	34322637	327	327	6.00	15.00	11.43	12.00	3739.00
chr19	7606407	7606570	163	163	167.00	255.00	219.49	222.00	35777.00
chr16	2333186	2333373	187	187	5.00	408.00	306.57	342.00	57328.00
chr12	113825548	113825711	163	163	136.00	318.00	209.48	202.00	34145.00
chr7	4802013	4807749	5736	5736	12.00	191.00	77.46	74.00	444290.00
chr1	43394880	43394985	105	105	252.00	383.00	333.82	359.00	35051.00
chr19	4554399	4554488	89	89	434.00	675.00	584.12	629.00	51987.00
chr16	31719139	31719372	233	233	22.00	30.00	25.80	26.00	6012.00
chr5	134060669	134061744	1075	1075	21.00	52.00	35.95	36.00	38642.00
chr1	202936318	202936371	53	53	21.00	289.00	165.25	232.00	8758.00
chr2	220087366	220087615	249	249	224.00	322.00	276.96	279.00	68963.00
chr2	36764494	36764689	195	195	93.00	117.00	107.74	108.00	21009.00
chr7	43519208	43519343	135	135	162.00	235.00	199.61	197.00	26947.00
chr10	51249585	51249993	408	408	6.00	36.00	19.50	18.00	7956.00
chr6	32123647	32123755	108	108	155.00	219.00	189.23	191.00	20437.00
chr3	118624442	118624692	250	250	7.00	83.00	40.36	17.00	10089.00
chr1	190129797	190130020	223	223	78.00	104.00	89.70	89.00	20002.00
chr9	131004491	131004624	133	133	7.00	3194.00	2590.44	3043.00	344529.00
chr22	33679187	33679334	147	147	295.00	371.00	337.78	346.00	49654.00
chr15	74709931	74710016	85	85	251.00	437.00	309.86	279.00	26338.00
chr7	6470110	6470238	128	128	49.00	68.00	57.61	56.00	7374.00
chr1	6640600	6641359	759	759	15.00	92.00	44.50	44.00	33777.00
chr16	31510622	31510728	106	106	225.00	288.00	250.23	252.00	26524.00
chr4	103710287	103711803	1516	1516	13.00	42.00	24.17	23.00	36641.00
chr19	2862339	2862746	407	407	5.00	32.00	17.17	16.00	6988.00
chr2	15467873	15467994	121	121	44.00	93.00	66.05	66.00	7992.00
chr2	36780721	36781492	771	771	8.00	36.00	24.19	26.00	18648.00
chr10	81070680	81070941	261	261	75.00	228.00	118.17	91.00	30843.00
chr2	217234866	217235986	1120	1120	48.00	162.00	94.20	89.00	105505.00
chr10	93786348	93786508	160	160	79.00	147.00	114.93	119.00	18389.00
chr17	20268785	20269076	291	291	16.00	30.00	22.84	23.00	6646.00
chr9	131002006	131002062	56	56	4.00	3443.00	3051.55	3294.00	170887.00
chr1	155208307	155208441	134	134	212.00	315.00	262.70	260.50	35202.00
chr2	162833877	162834373	496	496	3.00	711.00	60.79	8.00	30150.00
chr9	35799614	35799728	114	114	33.00	57.00	45.82	46.00	5223.00
chr20	62517856	62519234	1378	1378	38.00	217.00	82.36	78.00	113487.00
chr22	35942847	35943127	280	280	78.00	260.00	177.60	191.00	49728.00
chr13	26436438	26436546	108	108	94.00	127.00	106.32	104.00	11483.00
chr14	69371371	69371453	82	82	238.00	369.00	299.94	297.00	24595.00
chr7	44031274	44031581	307	307	1.00	35.00	14.51	12.00	4454.00
chr11	12274988	12275291	303	303	13.00	57.00	35.89	37.00	10875.00
chr5	1334403	1334498	95	95	186.00	253.00	213.78	211.00	20309.00
chr19	34868639	34868786	147	147	1762.00	2399.00	2046.81	2057.00	300881.00
chr16	1815960	1816143	183	183	433.00	651.00	528.88	535.00	96785.00
chr10	73578787	73578868	81	81	3559.00	4486.00	3996.30	3958.00	323700.00
chr17	37420427	37420640	213	213	42.00	64.00	54.59	55.00	11627.00
chr5	60835422	60835586	164	164	61.00	92.00	74.98	73.00	12296.00
chr15	79296143	79296517	374	374	432.00	647.00	533.91	522.00	199683.00
chr19	13039568	13039661	93	93	628.00	951.00	804.04	820.00	74776.00
chr12	49421585	49421713	128	128	162.00	289.00	231.96	222.00	29691.00
chr1	1661057	1662583	1526	1526	5.00	442.00	116.74	69.00	178140.00
chr2	207457340	207457460	120	120	489.00	618.00	536.44	532.50	64373.00
chr11	64542462	64543441	979	979	29.00	79.00	55.46	56.00	54296.00
chr20	61910250	61910347	97	97	231.00	279.00	258.53	259.00	25077.00
chr11	62394042	62394156	114	114	256.00	339.00	290.46	284.50	33112.00
chr5	37301538	37301652	114	114	30.00	50.00	40.39	39.00	4604.00
chr16	4733843	4733933	90	90	202.00	244.00	222.54	222.00	20029.00
chr15	43693913	43694048	135	135	80.00	120.00	99.97	102.00	13496.00
chr11	18764538	18764622	84	84	237.00	286.00	261.21	261.50	21942.00
chr17	57842331	57842499	168	168	205.00	275.00	232.52	227.50	39063.00
chr9	96076729	96078064	1335	1335	3.00	46.00	20.01	20.00	26713.00
chr11	12246219	12246367	148	148	398.00	558.00	489.48	496.00	72443.00
chr12	7030743	7031565	822	822	16.00	4665.00	1655.74	26.00	1361020.00
chr3	14523178	14523349	171	171	23.00	57.00	47.47	50.00	8117.00
chr5	758508	759483	975	975	22.00	69.00	43.27	42.00	42184.00
chr12	22635490	22635677	187	187	90.00	133.00	112.46	110.00	21030.00
chr5	14479369	14479459	90	90	217.00	280.00	234.11	231.50	21070.00
chr6	143655214	143656079	865	865	8.00	30.00	18.33	18.00	15857.00
chr7	75508360	75508578	218	218	24.00	1491.00	1097.07	1255.00	239162.00
chr11	60697981	60698131	150	150	285.00	364.00	316.15	307.00	47422.00
chr1	151400598	151400889	291	291	163.00	366.00	250.13	261.00	72788.00
chr5	172196431	172197309	878	878	26.00	334.00	131.39	92.00	115362.00
chr3	49152660	49152794	134	134	107.00	137.00	122.07	122.00	16358.00
chr7	5518281	5519950	1669	1669	39.00	158.00	88.78	88.00	148182.00
chr17	16691106	16691449	343	343	23.00	247.00	132.15	179.00	45326.00
chr2	220086993	220087172	179	179	245.00	390.00	326.41	325.00	58428.00
chr10	51746916	51748006	1090	1090	1.00	111.00	39.13	29.00	42652.00
chr12	7302118	7302289	171	171	844.00	1073.00	968.39	973.00	165595.00
chr11	59562844	59562955	111	111	44.00	112.00	73.14	80.00	8119.00
chr12	6100984	6101184	200	200	36.00	50.00	42.84	42.00	8567.00
chr19	5683274	5683627	353	353	8.00	38.00	22.06	21.00	7786.00
chr12	2786259	2786387	128	128	44.00	63.00	53.48	54.00	6845.00
chr15	26812727	26812880	153	153	431.00	719.00	503.80	477.00	77081.00
chr1	149007980	149008798	818	818	1.00	33.00	11.93	9.00	9762.00
chr19	54965608	54965861	253	253	189.00	355.00	269.31	270.00	68136.00
chr8	27293259	27293310	51	51	244.00	325.00	278.24	278.00	14190.00
chr15	23014437	23014528	91	91	159.00	235.00	198.98	199.00	18107.00
chr1	111717500	111717585	85	85	100.00	167.00	138.28	139.00	11754.00
chr6	150157220	150157433	213	213	276.00	373.00	329.64	334.00	70214.00
chr13	114566547	114566670	123	123	32.00	145.00	84.33	71.00	10372.00
chr16	58539291	58539605	314	314	6.00	46.00	30.78	34.00	9665.00
chr1	21936612	21936768	156	156	548.00	1576.00	974.90	997.00	152084.00
chr1	17322880	17322991	111	111	316.00	550.00	442.14	499.00	49078.00
chr11	60699455	60699599	144	144	345.00	509.00	446.04	470.00	64230.00
chr5	6749669	6749770	101	101	83.00	119.00	99.65	94.00	10065.00
chr16	2156805	2156949	144	144	346.00	500.00	432.15	417.00	62230.00
chr15	34690834	34690930	96	96	142.00	217.00	192.73	195.00	18502.00
chr3	11074933	11075425	492	492	20.00	679.00	141.57	31.00	69654.00
chr5	74655222	74655381	159	159	254.00	344.00	289.57	285.00	46042.00
chr20	20022968	20023160	192	192	81.00	135.00	100.97	96.50	19387.00
chr2	39055481	39055578	97	97	20.00	37.00	29.37	28.00	2849.00
chr19	16793231	16793528	297	297	8.00	435.00	123.31	16.00	36622.00
chr2	219205450	219205509	59	59	106.00	127.00	115.61	113.00	6821.00
chr17	74087429	74087729	300	300	25.00	79.00	56.27	54.00	16882.00
chr3	184058150	184060036	1886	1886	11.00	1090.00	183.38	59.50	345856.00
chr6	90333128	90333263	135	135	89.00	122.00	108.03	112.00	14584.00
chr12	125267019	125267429	410	410	31.00	74.00	48.13	44.00	19733.00
chr1	207942580	207943104	524	524	27.00	221.00	157.64	171.00	82602.00
chr4	89356876	89357043	167	167	50.00	71.00	60.64	60.00	10127.00
chr7	101995498	101995736	238	238	16.00	90.00	38.02	26.00	9049.00
chr3	11067458	11067562	104	104	619.00	849.00	749.15	755.00	77912.00
chr5	95734582	95734740	158	158	226.00	290.00	263.37	263.00	41612.00
chr6	152529106	152529341	235	235	161.00	245.00	202.57	201.00	47603.00
chr5	102295578	102295763	185	185	154.00	250.00	205.62	211.00	38040.00
chr22	21072980	21073110	130	130	1091.00	1551.00	1313.05	1338.50	170697.00
chr12	121855306	121855714	408	408	106.00	254.00	155.32	152.00	63372.00
chr1	160326389	160326544	155	155	156.00	227.00	196.12	194.00	30399.00
chr11	60670930	60671007	77	77	457.00	540.00	492.78	489.00	37944.00
chr17	79804822	79804948	126	126	464.00	679.00	575.73	577.00	72542.00
chr16	18527204	18527332	128	128	678.00	892.00	810.55	830.50	103750.00
chr16	16372518	16372646	128	128	716.00	957.00	869.49	892.00	111295.00
chr2	32750530	32750695	165	165	71.00	105.00	84.72	85.00	13979.00
chr14	69369193	69369279	86	86	328.00	433.00	365.78	359.00	31457.00
chr7	66418212	66418356	144	144	227.00	380.00	300.14	298.00	43220.00
chr6	44107988	44108097	109	109	216.00	275.00	251.76	256.00	27442.00
chr7	70885893	70886091	198	198	514.00	1036.00	711.16	615.50	140809.00
chr8	27295281	27295397	116	116	244.00	304.00	272.51	274.00	31611.00
chr7	73122918	73123018	100	100	2652.00	3190.00	2913.59	2932.50	291359.00
chr15	34698874	34699071	197	197	29.00	284.00	143.51	147.00	28271.00
chr8	22009343	22009513	170	170	443.00	778.00	575.91	558.50	97904.00
chr7	1526557	1526737	180	180	79.00	212.00	125.42	119.00	22575.00
chr5	178053946	178054065	119	119	24.00	370.00	203.76	205.00	24248.00
chr12	6103027	6103369	342	342	34.00	59.00	48.30	49.00	16519.00
chr2	3479491	3480482	991	991	10.00	33.00	20.35	21.00	20164.00
chr3	33883388	33883566	178	178	187.00	247.00	223.16	225.00	39722.00
chr19	11019778	11019883	105	105	156.00	219.00	194.04	204.00	20374.00
chr7	98446205	98446318	113	113	1212.00	2014.00	1576.65	1437.00	178161.00
chr8	106813274	106813932	658	658	15.00	37.00	26.96	26.00	17742.00
chr2	223795338	223795530	192	192	493.00	818.00	616.75	604.50	118416.00
chr7	75511146	75511554	408	408	658.00	1490.00	1061.63	1092.50	433147.00
chr21	40184926	40185038	112	112	185.00	329.00	265.14	290.00	29696.00
chr19	53383575	53385236	1661	1661	12.00	68.00	43.17	43.00	71707.00
chr19	14208130	14208295	165	165	1.00	621.00	405.67	510.00	66935.00
chr15	91461013	91461618	605	605	50.00	632.00	221.07	69.00	133748.00
chr8	145278010	145278133	123	123	69.00	87.00	80.23	81.00	9868.00
chr16	28132990	28133083	93	93	214.00	309.00	257.96	253.00	23990.00
chr11	125280091	125280221	130	130	106.00	178.00	133.88	130.50	17404.00
chr15	63128089	63128317	228	228	41.00	345.00	250.44	293.00	57101.00
chr9	131181435	131181557	122	122	39.00	1406.00	1183.17	1230.00	144347.00
chr19	3281196	3281343	147	147	377.00	607.00	506.97	533.00	74524.00
chr11	6240200	6240280	80	80	79.00	95.00	86.05	86.00	6884.00
chr20	31019123	31019287	164	164	71.00	100.00	85.52	86.00	14025.00
chr6	46825865	46827260	1395	1395	39.00	101.00	69.43	68.00	96858.00
chr12	1672006	1672666	660	660	25.00	117.00	52.35	40.00	34551.00
chr12	9098824	9099001	177	177	258.00	382.00	327.28	334.00	57929.00
chr7	121738503	121738630	127	127	46.00	72.00	59.31	61.00	7532.00
chr19	40875814	40875935	121	121	1245.00	1618.00	1407.24	1406.00	170276.00
chr20	3581592	3581671	79	79	165.00	242.00	213.46	217.00	16863.00
chr17	7226965	7227042	77	77	84.00	105.00	94.43	94.00	7271.00
chr2	74331800	74332809	1009	1009	34.00	86.00	51.37	49.00	51830.00
chr1	209785136	209785610	474	474	7.00	265.00	187.24	203.00	88751.00
chr9	35546426	35548532	2106	2106	179.00	456.00	272.30	256.00	573469.00
chr17	80040198	80040290	92	92	374.00	459.00	418.73	422.00	38523.00
chr11	73074791	73075284	493	493	6.00	199.00	64.92	17.00	32005.00
chr20	44674976	44675075	99	99	460.00	557.00	499.49	496.00	49450.00
chr20	5892091	5892328	237	237	78.00	621.00	395.47	464.00	93727.00
chr17	20316581	20317594	1013	1013	6.00	86.00	43.07	39.00	43625.00
chr12	99478702	99478801	99	99	214.00	263.00	242.29	244.00	23987.00
chr17	40842756	40842960	204	204	433.00	716.00	579.68	572.00	118254.00
chr11	107501142	107501288	146	146	342.00	465.00	394.60	395.00	57611.00
chr11	85429236	85429532	296	296	6.00	67.00	26.53	21.00	7853.00
chr20	9449217	9449319	102	102	55.00	71.00	61.52	60.00	6275.00
chr14	23371395	23371591	196	196	157.00	216.00	190.81	194.00	37399.00
chr7	716865	716957	92	92	1746.00	2313.00	2134.35	2151.50	196360.00
chr10	48862360	48862682	322	322	18.00	606.00	349.94	412.50	112680.00
chr10	68686678	68688210	1532	1532	63.00	222.00	107.12	96.00	164111.00
chr5	179674854	179674926	72	72	404.00	469.00	440.25	446.50	31698.00
chr1	209773327	209773456	129	129	163.00	262.00	213.12	213.00	27493.00
chr17	45691034	45691091	57	57	375.00	482.00	428.75	436.00	24439.00
chr1	19669871	19670118	247	247	21.00	37.00	29.13	28.00	7194.00
chr17	45664025	45664710	685	685	11.00	463.00	91.41	54.00	62617.00
chr19	2337634	2338840	1206	1206	20.00	135.00	58.29	54.00	70292.00
chr8	22011480	22011552	72	72	590.00	710.00	652.38	656.00	46971.00
