#chrom	start	end	size	num_data	min	max	mean	median	sum
chr12	1940100	1940691	591	591	53.00	103.00	77.86	77.00	46017.00
chr1	27480473	27481381	908	908	42.00	96.00	68.36	66.00	62068.00
chr15	63112684	63112809	125	125	302.00	387.00	351.44	351.00	43930.00
chr5	149231737	149232254	517	517	13.00	42.00	25.11	25.00	12983.00
chr5	140865429	140867182	1753	1753	16.00	72.00	35.43	35.00	62102.00
chr1	32209793	32209958	165	165	235.00	416.00	320.30	317.00	52849.00
chr16	87873307	87873431	124	124	154.00	242.00	199.92	209.00	24790.00
chr17	34157438	34158175	737	737	3.00	22.00	12.11	11.00	8923.00
chr2	127815619	127816088	469	469	11.00	62.00	35.81	35.00	16796.00
chr1	208212965	208213112	147	147	72.00	100.00	87.25	87.00	12826.00
chr22	19703883	19704666	783	783	9.00	48.00	30.23	31.00	23667.00
chr16	87872319	87872423	104	104	182.00	263.00	221.74	213.50	23061.00
chr9	140055740	140055868	128	128	1804.00	2144.00	1996.52	1995.50	255554.00
chr22	21096515	21096643	128	128	668.00	961.00	747.51	712.00	95681.00
chr9	140056321	140056540	219	219	2.00	2687.00	1695.81	2130.00	371383.00
chr11	78379981	78380253	272	272	14.00	42.00	26.09	26.00	7097.00
chr3	11070420	11070533	113	113	332.00	414.00	378.85	376.00	42810.00
chr1	109812554	109813222	668	668	7.00	682.00	258.14	258.00	172436.00
chr2	220161954	220162155	201	201	868.00	1466.00	1226.77	1214.00	246581.00
chr15	74706887	74707086	199	199	140.00	199.00	159.41	158.00	31722.00
chr17	7318829	7319426	597	597	195.00	437.00	312.45	319.00	186530.00
chr1	21560050	21560154	104	104	54.00	76.00	66.85	67.00	6952.00
chr1	25573799	25573952	153	153	6.00	230.00	157.17	170.00	24047.00
chr14	93198993	93199160	167	167	123.00	218.00	180.28	191.00	30106.00
chr1	205554003	205554119	116	116	189.00	397.00	265.83	255.00	30836.00
chr1	9795005	9795232	227	227	2136.00	3027.00	2666.34	2697.00	605259.00
chr17	42426525	42426670	145	145	53.00	121.00	99.53	105.00	14432.00
chr18	70205887	70206179	292	292	10.00	355.00	136.56	21.00	39876.00
chr1	205553082	205553251	169	169	394.00	531.00	462.60	470.00	78179.00
chr9	140056623	140056766	143	143	13.00	1933.00	1342.20	1545.00	191934.00
chr6	33412147	33412394	247	247	15.00	517.00	291.63	389.00	72033.00
chr12	89992366	89992547	181	181	4.00	991.00	656.15	726.00	118763.00
chr2	220088827	220089576	749	749	101.00	256.00	173.57	176.00	130007.00
chr14	100763073	100765222	2149	2149	5.00	81.00	37.36	36.00	80295.00
chr1	110740697	110742543	1846	1846	3.00	1050.00	647.25	678.00	1194828.00
chr1	149878201	149879758	1557	1557	10.00	1526.00	369.22	30.00	574882.00
chr3	197264139	197265259	1120	1120	9.00	32.00	18.76	18.00	21009.00
chr8	56449623	56450530	907	907	11.00	38.00	24.45	25.00	22175.00
chr9	139354208	139354326	118	118	80.00	124.00	97.28	95.00	11479.00
chr1	32204908	32205236	328	328	571.00	789.00	677.49	674.50	222218.00
chr7	75608768	75608897	129	129	108.00	141.00	126.66	127.00	16339.00
chr19	45161029	45161178	149	149	64.00	82.00	72.96	73.00	10871.00
chr19	5243911	5244493	582	582	147.00	342.00	227.16	223.00	132208.00
chr6	32119585	32119717	132	132	7.00	653.00	331.00	334.50	43692.00
chr3	42670878	42672067	1189	1189	1.00	28.00	11.19	10.00	13304.00
chr11	45892392	45892485	93	93	147.00	231.00	182.42	187.00	16965.00
chr17	80040789	80040991	202	202	421.00	570.00	490.87	494.00	99155.00
chr2	74902875	74903036	161	161	57.00	78.00	67.70	68.00	10899.00
chr17	38335969	38337946	1977	1977	5.00	255.00	32.91	21.00	65055.00
chr16	87870103	87870253	150	150	159.00	248.00	192.79	184.50	28919.00
chr1	32205947	32206142	195	195	467.00	662.00	541.91	509.00	105673.00
chr6	44117553	44117702	149	149	10.00	360.00	225.09	278.00	33538.00
chr1	159163659	159163830	171	171	1062.00	1331.00	1199.05	1201.00	205037.00
chr3	445565	446023	458	458	5.00	17.00	10.36	10.00	4745.00
chr2	25048913	25048995	82	82	136.00	181.00	158.05	157.50	12960.00
chr10	99504485	99504672	187	187	78.00	141.00	100.07	102.00	18713.00
chr4	54364807	54365010	203	203	77.00	189.00	127.49	127.00	25880.00
chr17	1634367	1634552	185	185	21.00	40.00	32.90	34.00	6086.00
chr7	72416124	72416247	123	123	87.00	148.00	112.63	103.00	13854.00
chr1	208212169	208212329	160	160	66.00	115.00	83.83	77.00	13412.00
chr9	140952500	140952702	202	202	83.00	179.00	119.52	115.00	24144.00
chr6	44197325	44197528	203	203	95.00	188.00	134.15	129.00	27233.00
chr6	44197643	44198218	575	575	52.00	128.00	86.02	75.00	49459.00
chr11	118981972	118982084	112	112	215.00	334.00	265.91	260.00	29782.00
chr5	150503846	150503952	106	106	5.00	2095.00	1484.49	1887.00	157356.00
chr11	118981761	118981878	117	117	299.00	373.00	329.97	325.00	38606.00
chr11	126314873	126315000	127	127	83.00	119.00	103.27	108.00	13115.00
chr1	159165808	159166244	436	436	6.00	1267.00	232.05	11.00	101173.00
chr7	134893542	134893750	208	208	31.00	52.00	41.02	42.00	8532.00
chr9	121976196	121976433	237	237	171.00	354.00	258.83	242.00	61342.00
chr19	54691042	54691169	127	127	303.00	583.00	410.24	371.00	52100.00
chr22	38621430	38621600	170	170	219.00	418.00	316.29	319.50	53770.00
chr13	42035681	42036205	524	524	3.00	22.00	12.70	13.00	6654.00
chr20	1915360	1915413	53	53	12.00	1701.00	1208.70	1529.00	64061.00
chr5	14496987	14497126	139	139	161.00	226.00	189.80	189.00	26382.00
chr12	56528125	56528212	87	87	115.00	147.00	132.94	134.00	11566.00
chr3	47466974	47467101	127	127	89.00	109.00	96.74	95.00	12286.00
chr17	7415476	7415663	187	187	144.00	185.00	159.85	157.00	29892.00
chr3	33588037	33589252	1215	1215	7.00	34.00	17.31	16.00	21035.00
chr7	887833	888615	782	782	8.00	61.00	22.24	17.00	17395.00
chr10	24813251	24813693	442	442	52.00	183.00	105.69	108.00	46714.00
chr1	109812045	109812213	168	168	312.00	606.00	452.97	424.00	76099.00
chr19	15276597	15276902	305	305	68.00	128.00	100.90	98.00	30773.00
chr16	2334779	2334999	220	220	211.00	303.00	259.84	265.00	57165.00
chr16	68404761	68405261	500	500	20.00	53.00	39.28	40.00	19640.00
chr4	110969111	110969871	760	760	14.00	55.00	33.56	32.00	25503.00
chr1	145693161	145693996	835	835	8.00	113.00	46.90	40.00	39160.00
chr7	44282848	44282932	84	84	790.00	923.00	869.31	878.00	73022.00
chr2	220164315	220164508	193	193	32.00	678.00	310.77	49.00	59978.00
chr12	50472203	50472360	157	157	77.00	98.00	89.70	90.00	14083.00
chr2	220163768	220163833	65	65	708.00	825.00	762.14	756.00	49539.00
chr2	222289928	222290862	934	934	143.00	284.00	212.27	216.00	198258.00
chr12	57599133	57599268	135	135	295.00	475.00	362.86	360.00	48986.00
chr7	157475416	157475629	213	213	417.00	654.00	539.68	540.00	114951.00
chr1	32203800	32203927	127	127	398.00	855.00	647.65	692.00	82251.00
chr1	109811731	109811912	181	181	403.00	720.00	591.73	606.00	107103.00
chr9	140052830	140052975	145	145	1311.00	2840.00	2227.86	2356.00	323039.00
chr2	220161706	220161854	148	148	1019.00	1736.00	1382.07	1411.50	204546.00
chr16	29896906	29897070	164	164	709.00	1089.00	934.41	975.50	153244.00
chr16	47143393	47143622	229	229	50.00	91.00	69.46	67.00	15907.00
chr11	993753	993985	232	232	257.00	495.00	359.57	321.00	83420.00
chr9	124059698	124061137	1439	1439	1.00	26.00	9.91	9.00	14254.00
chr9	140350140	140350634	494	494	11.00	36.00	25.43	26.00	12561.00
chr11	14504577	14504697	120	120	58.00	118.00	83.17	80.00	9980.00
chr3	49898612	49898733	121	121	532.00	897.00	727.87	699.00	88072.00
chr9	131811659	131811777	118	118	89.00	135.00	105.26	97.00	12421.00
chr9	131810705	131810818	113	113	103.00	137.00	121.95	118.00	13780.00
chr1	223400935	223401080	145	145	116.00	192.00	163.28	169.00	23676.00
chr12	125612185	125612820	635	635	5.00	184.00	38.45	16.00	24418.00
chr2	220088590	220088744	154	154	210.00	262.00	236.03	235.00	36348.00
chr9	70888487	70888750	263	263	2.00	21.00	12.86	13.00	3382.00
chr14	69813756	69813898	142	142	162.00	233.00	191.99	189.50	27262.00
chr2	47399145	47399890	745	745	5.00	419.00	35.54	32.00	26478.00
chr11	62688689	62689041	352	352	12.00	200.00	59.46	24.00	20929.00
chr6	43745205	43745407	202	202	0.00	60.00	48.34	49.00	9764.00
chr3	11072492	11072997	505	505	1.00	560.00	117.01	24.00	59088.00
chr7	2696031	2696168	137	137	273.00	405.00	347.96	359.00	47670.00
chr16	14969196	14969279	83	83	449.00	713.00	611.53	656.00	50757.00
chr17	7377847	7378026	179	179	6.00	20.00	13.09	12.00	2343.00
chr12	65639640	65639719	79	79	78.00	119.00	98.35	98.00	7770.00
chr12	50294912	50295108	196	196	1492.00	2384.00	1801.22	1696.50	353039.00
chr19	42485653	42485788	135	135	2714.00	3915.00	3285.45	3298.00	443536.00
chr10	99509230	99509343	113	113	101.00	272.00	164.97	153.00	18642.00
chr22	38883877	38888120	4243	4243	49.00	827.00	261.71	253.00	1110420.00
chr12	49416372	49416658	286	286	64.00	144.00	96.93	88.00	27723.00
chr6	24843089	24843782	693	693	23.00	61.00	39.24	37.00	27190.00
chr5	176295561	176295665	104	104	298.00	358.00	324.52	323.00	33750.00
chr10	99510087	99510227	140	140	193.00	299.00	249.06	245.00	34868.00
chr1	159173658	159174770	1112	1112	6.00	104.00	40.40	35.00	44927.00
chr11	1780745	1780869	124	124	1416.00	1944.00	1658.88	1675.50	205701.00
chr19	42486059	42486258	199	199	1964.00	2905.00	2454.66	2517.00	488478.00
chr3	47465422	47465535	113	113	94.00	165.00	117.04	112.00	13226.00
chr1	21573713	21573856	143	143	51.00	70.00	60.55	61.00	8659.00
chr11	65320330	65320453	123	123	132.00	180.00	163.12	163.00	20064.00
chr3	47462420	47462519	99	99	189.00	243.00	216.74	223.00	21457.00
chr2	219204751	219204864	113	113	127.00	181.00	161.29	162.00	18226.00
chr1	43906123	43906257	134	134	21.00	31.00	25.22	26.00	3379.00
chr7	38785158	38785840	682	682	6.00	276.00	34.18	14.00	23313.00
chr2	153499932	153500058	126	126	91.00	150.00	119.28	124.00	15029.00
chr1	32203011	32203132	121	121	6.00	581.00	408.51	450.00	49430.00
chr22	42290823	42290941	118	118	342.00	641.00	500.39	512.00	59046.00
chr19	47940718	47940818	100	100	464.00	690.00	556.24	557.00	55624.00
chr4	119539150	119539274	124	124	6.00	17.00	12.65	13.00	1569.00
chr17	44117067	44117250	183	183	55.00	93.00	79.48	81.00	14544.00
chr19	42485873	42485983	110	110	1940.00	2726.00	2302.84	2353.00	253312.00
chr6	44114583	44114664	81	81	131.00	186.00	161.62	164.00	13091.00
chr19	47941105	47941292	187	187	17.00	689.00	411.37	566.00	76926.00
chr11	73074250	73074500	250	250	198.00	277.00	237.63	234.00	59408.00
chr3	33418764	33418825	61	61	228.00	364.00	273.03	269.00	16655.00
chr1	700258	700505	247	247	4.00	31.00	19.47	19.00	4809.00
chr9	74319510	74319719	209	209	33.00	53.00	41.26	41.00	8624.00
chr16	2336694	2336968	274	274	253.00	628.00	438.69	476.00	120200.00
chr20	3575125	3575219	94	94	103.00	178.00	127.89	125.50	12022.00
chr9	139231377	139231529	152	152	83.00	135.00	104.35	105.00	15861.00
chr5	140515951	140516498	547	547	15.00	55.00	33.90	33.00	18541.00
chr1	21938208	21938309	101	101	578.00	738.00	673.25	681.00	67998.00
chr3	155659188	155659936	748	748	14.00	117.00	68.69	73.50	51383.00
chr16	27483068	27483241	173	173	129.00	160.00	143.12	142.00	24760.00
chr11	994071	994245	174	174	142.00	306.00	253.18	264.00	44053.00
chr7	71175745	71175913	168	168	458.00	712.00	594.46	612.50	99869.00
chr12	121204065	121204175	110	110	123.00	206.00	179.85	185.00	19783.00
chr7	73118679	73118753	74	74	941.00	1308.00	1060.91	1042.00	78507.00
chr9	140972565	140972710	145	145	80.00	115.00	99.97	102.00	14496.00
chr12	121683329	121684024	695	695	5.00	26.00	16.34	17.00	11359.00
chr16	74493579	74493687	108	108	155.00	196.00	179.73	180.50	19411.00
chr2	36771518	36771641	123	123	100.00	167.00	133.04	130.00	16364.00
chr7	94187181	94187996	815	815	12.00	65.00	35.65	34.00	29058.00
chr14	94156951	94157239	288	288	3.00	12.00	7.58	8.00	2183.00
chr7	121739000	121739524	524	524	0.00	18.00	7.23	8.00	3789.00
chr1	19549117	19549328	211	211	111.00	197.00	148.16	143.00	31262.00
chr19	5214571	5214747	176	176	251.00	552.00	333.31	318.00	58662.00
chr19	42557753	42557861	108	108	192.00	225.00	203.37	202.00	21964.00
chr15	102510686	102510925	239	239	15.00	58.00	38.27	39.00	9147.00
chr5	167673761	167675376	1615	1615	33.00	141.00	74.15	68.00	119752.00
chr7	44282158	44282253	95	95	912.00	1237.00	1093.67	1135.00	103899.00
chr2	160621061	160621717	656	656	4.00	107.00	17.61	12.00	11551.00
chr5	10426501	10426634	133	133	214.00	402.00	314.97	333.00	41891.00
chr16	1814301	1814460	159	159	818.00	1056.00	955.14	973.00	151868.00
chr11	21581734	21581928	194	194	103.00	198.00	151.51	143.00	29393.00
chr3	126749085	126749255	170	170	132.00	190.00	160.45	159.00	27277.00
chr11	12237765	12237866	101	101	413.00	550.00	487.57	487.00	49245.00
chr6	31750872	31750963	91	91	116.00	149.00	137.56	139.00	12518.00
chr3	53124201	53124398	197	197	7.00	32.00	21.94	23.00	4322.00
chr2	220161470	220161544	74	74	1450.00	1671.00	1548.35	1551.50	114578.00
chr2	128951046	128951785	739	739	12.00	74.00	35.82	33.00	26472.00
chr5	24535811	24535931	120	120	94.00	127.00	110.59	112.50	13271.00
chr1	44083406	44083582	176	176	197.00	422.00	285.04	265.00	50167.00
chr1	32207653	32207818	165	165	282.00	480.00	351.98	329.00	58076.00
chr12	7293754	7294000	246	246	10.00	1372.00	733.12	948.00	180348.00
chr3	131442289	131442469	180	180	93.00	125.00	108.37	108.00	19506.00
chr3	49898871	49899298	427	427	45.00	982.00	416.08	576.00	177668.00
chr16	66432358	66432464	106	106	10.00	31.00	19.73	16.00	2091.00
chr1	20982593	20982680	87	87	250.00	330.00	282.51	279.00	24578.00
chr16	68398653	68398809	156	156	32.00	46.00	38.40	38.00	5991.00
chr17	16676818	16678279	1461	1461	10.00	38.00	20.60	20.00	30101.00
chr1	109814899	109815027	128	128	357.00	492.00	428.47	422.00	54844.00
chr1	21940478	21940582	104	104	753.00	942.00	851.22	856.50	88527.00
chr20	57468284	57468793	509	509	6.00	21.00	12.62	12.00	6426.00
chr3	127358087	127358366	279	279	126.00	534.00	302.63	286.00	84434.00
chr3	126735359	126735527	168	168	99.00	120.00	108.76	108.00	18272.00
chr10	103869140	103869264	124	124	359.00	467.00	422.93	435.00	52443.00
chr20	44520554	44520666	112	112	125.00	204.00	158.80	152.00	17786.00
chr1	32203252	32203356	104	104	399.00	523.00	460.43	452.50	47885.00
chr21	40186196	40186316	120	120	215.00	298.00	253.89	251.00	30467.00
chr5	111067153	111068349	1196	1196	5.00	54.00	22.25	22.00	26615.00
chr9	128002954	128003186	232	232	256.00	435.00	352.69	368.00	81825.00
chr1	43408896	43408992	96	96	177.00	278.00	233.10	232.50	22378.00
chr3	47463931	47464026	95	95	186.00	221.00	205.89	206.00	19560.00
chr2	220161160	220161238	78	78	1259.00	1535.00	1399.13	1426.50	109132.00
chr11	62472772	62473089	317	317	1127.00	2092.00	1623.32	1656.00	514593.00
chr9	130986341	130986906	565	565	10.00	676.00	163.37	32.00	92304.00
chr14	69358769	69359000	231	231	240.00	362.00	300.57	308.00	69432.00
chr11	64416205	64416379	174	174	204.00	277.00	234.55	234.00	40811.00
chr17	8398454	8398559	105	105	305.00	482.00	376.90	351.00	39575.00
chr12	53572943	53574193	1250	1250	12.00	88.00	34.58	32.00	43224.00
chr17	17696544	17701827	5283	5283	29.00	205.00	85.89	82.00	453781.00
chr8	11705187	11705331	144	144	1017.00	1544.00	1409.03	1456.00	202900.00
chr19	54963829	54963931	102	102	257.00	351.00	307.07	301.50	31321.00
chr2	70451682	70456295	4613	4613	2.00	128.00	29.80	27.00	137449.00
chr11	118873959	118874169	210	210	20.00	33.00	27.54	27.50	5783.00
chr10	75548427	75548581	154	154	56.00	78.00	68.49	68.00	10547.00
chr6	33414351	33414563	212	212	356.00	625.00	530.19	523.00	112401.00
chr17	80042910	80043032	122	122	217.00	288.00	252.63	252.00	30821.00
chr11	11470290	11470483	193	193	50.00	112.00	66.84	56.00	12900.00
chr8	23294446	23294771	325	325	115.00	212.00	146.44	140.00	47594.00
chr1	116932060	116932663	603	603	8.00	2631.00	899.92	20.00	542654.00
chr15	83222627	83222741	114	114	60.00	88.00	74.67	74.00	8512.00
chr3	9841562	9841751	189	189	16.00	46.00	25.00	20.00	4725.00
chr1	116937731	116937907	176	176	1705.00	3552.00	2157.57	1841.00	379732.00
chr16	87868019	87868197	178	178	155.00	266.00	196.61	182.00	34997.00
chr3	124209540	124209731	191	191	432.00	651.00	584.93	600.00	111722.00
chr7	71142195	71142291	96	96	512.00	641.00	565.23	558.50	54262.00
chr5	130497324	130497584	260	260	11.00	24.00	17.12	17.00	4450.00
chr13	100199238	100199358	120	120	239.00	327.00	281.36	282.50	33763.00
chr5	139943336	139943506	170	170	20.00	165.00	133.69	143.50	22727.00
chr17	74395529	74396002	473	473	86.00	223.00	162.09	169.00	76669.00
chr14	93179149	93179216	67	67	185.00	239.00	216.73	225.00	14521.00
chr4	160277004	160277310	306	306	69.00	333.00	201.60	214.00	61690.00
chr17	40666306	40666478	172	172	788.00	1186.00	1042.78	1082.00	179359.00
chr15	34828065	34828207	142	142	2.00	193.00	128.45	131.00	18240.00
chr14	100165802	100165876	74	74	327.00	395.00	359.12	362.00	26575.00
chr22	20128089	20128231	142	142	7.00	190.00	91.82	114.00	13039.00
chr12	3392210	3394421	2211	2211	4.00	101.00	48.11	45.00	106365.00
chr17	16687866	16690667	2801	2801	3.00	110.00	20.48	16.00	57376.00
chr6	31664724	31664810	86	86	125.00	212.00	160.98	154.50	13844.00
chr6	30627512	30627611	99	99	40.00	65.00	54.38	55.00	5384.00
chr11	18752834	18755060	2226	2226	7.00	789.00	102.08	46.00	227230.00
chr12	109332602	109332731	129	129	474.00	629.00	527.85	519.00	68093.00
chr6	90072884	90073110	226	226	13.00	33.00	23.22	23.00	5248.00
chr16	2689371	2689711	340	340	0.00	0.00	0.00	0.00	0.00
chr1	20987373	20987484	111	111	189.00	274.00	237.86	240.00	26403.00
chr14	85985300	85986667	1367	1367	2.00	24.00	11.91	12.00	16277.00
chr13	32863769	32863880	111	111	109.00	139.00	120.85	121.00	13414.00
chr16	1510418	1510528	110	110	99.00	133.00	113.90	112.50	12529.00
chr19	54963269	54963444	175	175	317.00	410.00	360.51	362.00	63089.00
chr6	44224078	44224233	155	155	70.00	93.00	79.13	79.00	12265.00
chr20	3151172	3152285	1113	1113	3.00	68.00	31.71	31.00	35296.00
chr1	892273	892405	132	132	105.00	221.00	145.26	124.00	19174.00
chr16	90192167	90192724	557	557	1.00	53.00	25.32	25.00	14103.00
chr9	111663704	111663810	106	106	81.00	110.00	90.48	88.00	9591.00
chr6	44108764	44108835	71	71	182.00	238.00	211.03	214.00	14983.00
chr1	36028802	36029027	225	225	1800.00	3533.00	2745.85	2734.00	617816.00
chr11	66807259	66807674	415	415	25.00	233.00	163.29	176.00	67767.00
chr1	178426817	178427679	862	862	37.00	76.00	54.81	53.00	47248.00
chr19	42482302	42482478	176	176	2443.00	4506.00	2943.69	2704.00	518089.00
chr1	44084718	44084873	155	155	167.00	396.00	264.91	264.00	41061.00
chr1	109812315	109812442	127	127	346.00	527.00	420.46	416.00	53399.00
chr3	180324268	180324391	123	123	82.00	123.00	108.16	113.00	13304.00
chr15	63933668	63933842	174	174	148.00	263.00	207.14	203.00	36042.00
chr20	44521363	44521519	156	156	201.00	278.00	243.92	248.00	38052.00
chr3	33416779	33416910	131	131	155.00	263.00	197.52	196.00	25875.00
chr1	21934624	21934843	219	219	2.00	691.00	316.72	426.00	69362.00
chr14	69799801	69799886	85	85	104.00	125.00	116.47	117.00	9900.00
chr1	116936134	116936345	211	211	5.00	2266.00	1791.26	1980.00	377955.00
chr14	23634493	23634645	152	152	42.00	93.00	66.84	65.00	10159.00
chr16	1402538	1402947	409	409	11.00	40.00	27.93	31.00	11424.00
chr9	20331	25000	4669	4669	0.00	142.00	39.41	39.00	183999.00
chr17	43545574	43545959	385	385	12.00	39.00	25.68	25.00	9885.00
chr13	100201418	100201476	58	58	273.00	366.00	321.43	320.00	18643.00
chr15	41865505	41865665	160	160	333.00	672.00	493.90	538.00	79024.00
chr19	19641688	19642196	508	508	8.00	28.00	17.97	18.00	9128.00
chr11	134147593	134148159	566	566	4.00	37.00	16.56	14.00	9371.00
chr2	71656420	71657290	870	870	2.00	29.00	14.88	15.00	12948.00
chr7	97834775	97835016	241	241	161.00	299.00	224.11	218.00	54010.00
chr19	13363804	13363915	111	111	129.00	181.00	154.89	159.00	17193.00
chr18	31328383	31329011	628	628	4.00	25.00	11.87	11.00	7454.00
chr16	66431884	66432009	125	125	15.00	30.00	20.36	20.00	2545.00
chr19	47935155	47935702	547	547	5.00	932.00	356.07	471.00	194771.00
chr12	50291769	50291873	104	104	1149.00	1507.00	1347.61	1357.50	140151.00
chr11	1780198	1780317	119	119	823.00	1523.00	1078.51	1076.00	128343.00
chr15	65392626	65393167	541	541	5.00	46.00	21.92	22.00	11861.00
chr2	86397871	86397967	96	96	99.00	163.00	132.58	138.00	12728.00
chr7	97866087	97866233	146	146	119.00	206.00	162.16	171.00	23675.00
chr11	60687157	60687402	245	245	78.00	129.00	102.38	106.00	25082.00
chr21	43307700	43309453	1753	1753	10.00	87.00	38.83	37.00	68069.00
chr14	24619269	24619657	388	388	26.00	59.00	38.27	37.50	14848.00
chr11	65320634	65320727	93	93	131.00	153.00	142.22	142.00	13226.00
chr16	29891184	29891385	201	201	726.00	996.00	862.36	865.00	173334.00
chr1	32207224	32207326	102	102	678.00	845.00	750.47	758.50	76548.00
chr11	72300218	72300394	176	176	8.00	520.00	181.69	15.00	31978.00
chr17	7608878	7609038	160	160	18.00	121.00	64.54	67.50	10327.00
chr19	7607646	7607814	168	168	148.00	272.00	201.01	190.00	33769.00
chr19	54966129	54966271	142	142	154.00	244.00	213.32	225.00	30292.00
chr12	57995027	57995131	104	104	187.00	236.00	211.22	211.50	21967.00
chr1	27428875	27429049	174	174	116.00	176.00	145.40	146.00	25300.00
chr2	27688277	27688385	108	108	29.00	45.00	36.82	37.00	3977.00
chr16	2691449	2692254	805	805	0.00	16.00	2.76	2.00	2224.00
chr9	131503813	131503933	120	120	337.00	466.00	402.15	402.00	48258.00
chr16	2347766	2347922	156	156	238.00	310.00	275.44	274.00	42969.00
chr17	80039884	80040036	152	152	401.00	503.00	445.39	448.00	67700.00
chr1	32204432	32204538	106	106	612.00	922.00	752.48	764.00	79763.00
chr12	9242951	9243078	127	127	160.00	247.00	195.40	189.00	24816.00
chr3	49702661	49702751	90	90	234.00	300.00	277.67	283.00	24990.00
chr19	35820359	35820837	478	478	7.00	25.00	15.03	15.00	7183.00
chr1	201456762	201457615	853	853	4.00	14.00	8.95	9.00	7632.00
chr16	2334279	2334438	159	159	201.00	258.00	236.79	239.00	37649.00
chr10	73578373	73578481	108	108	3382.00	4428.00	3951.79	3961.50	426793.00
chr16	18530550	18530756	206	206	3.00	638.00	312.49	466.00	64373.00
chr16	16369094	16369300	206	206	3.00	644.00	316.29	471.50	65156.00
chr13	113975636	113975785	149	149	12.00	485.00	205.18	19.00	30572.00
chr11	119293822	119294227	405	405	17.00	6359.00	635.79	53.00	257496.00
chr5	150505962	150506041	79	79	1418.00	2032.00	1656.16	1648.00	130837.00
chr22	44224939	44225078	139	139	1148.00	1454.00	1267.07	1253.00	176123.00
chr15	41865199	41865309	110	110	246.00	340.00	286.72	269.50	31539.00
chr17	25633807	25636298	2491	2491	18.00	419.00	175.88	190.00	438113.00
chr15	72495155	72495529	374	374	17.00	4952.00	1818.79	26.00	680228.00
chr9	42540272	42542124	1852	1852	2.00	18.00	9.89	10.00	18310.00
chr11	119290760	119291704	944	944	7.00	7390.00	2032.44	28.00	1918626.00
chr19	5219949	5220165	216	216	237.00	442.00	320.72	287.50	69276.00
chr15	63910769	63911153	384	384	2.00	17.00	10.77	11.00	4136.00
chr17	74393879	74393969	90	90	143.00	213.00	173.86	177.50	15647.00
chr10	104129467	104129532	65	65	104.00	127.00	117.17	121.00	7616.00
chr3	142454224	142454620	396	396	2.00	8.00	5.70	6.00	2256.00
chr12	121205196	121205396	200	200	169.00	289.00	231.00	230.00	46199.00
chr3	31705570	31705724	154	154	22.00	38.00	31.38	33.00	4833.00
chr6	118635190	118636593	1403	1403	22.00	191.00	129.19	127.00	181250.00
chr8	10339867	10340829	962	962	4.00	36.00	20.99	21.00	20191.00
chr19	16952578	16952779	201	201	135.00	233.00	183.74	185.00	36932.00
chr8	110984486	110985016	530	530	154.00	268.00	200.96	196.00	106510.00
chr9	128001219	128001610	391	391	289.00	765.00	554.87	586.00	216956.00
chr11	73070878	73070997	119	119	166.00	252.00	223.30	225.00	26573.00
chr10	104130140	104130235	95	95	106.00	138.00	119.44	119.00	11347.00
chr5	95733039	95733173	134	134	178.00	276.00	220.14	210.50	29499.00
chr19	59059400	59059547	147	147	238.00	305.00	266.24	263.00	39138.00
chr5	139943169	139943255	86	86	21.00	155.00	118.56	127.00	10196.00
chr17	73487771	73487981	210	210	78.00	179.00	118.03	116.50	24786.00
chr1	154315588	154315777	189	189	24.00	52.00	36.80	37.00	6955.00
chr14	95652726	95653070	344	344	2.00	19.00	9.69	9.00	3335.00
chr12	123639801	123640772	971	971	13.00	39.00	23.71	22.00	23024.00
chr22	47064870	47065171	301	301	5.00	11.00	7.83	8.00	2356.00
chr5	24535220	24535388	168	168	93.00	128.00	112.45	114.00	18891.00
chr12	6806452	6806958	506	506	216.00	585.00	377.70	361.00	191115.00
chr22	29881711	29881836	125	125	376.00	489.00	433.14	439.00	54143.00
chr7	75894681	75894786	105	105	96.00	144.00	126.96	130.00	13331.00
chr12	121089007	121095893	6886	6886	5.00	233.00	68.38	64.00	470880.00
chr1	207940357	207942365	2008	2008	8.00	169.00	44.90	39.00	90168.00
chr7	154681166	154681240	74	74	390.00	451.00	425.55	425.00	31491.00
chr5	131696513	131697529	1016	1016	4.00	20.00	12.88	13.00	13089.00
chr11	1776135	1776258	123	123	437.00	1064.00	690.09	665.00	84881.00
chr8	11706554	11706673	119	119	1126.00	1421.00	1230.50	1230.00	146430.00
chr11	18759426	18759511	85	85	380.00	504.00	448.44	457.00	38117.00
chr16	61689373	61689625	252	252	50.00	78.00	65.32	67.00	16460.00
chr15	51750702	51750824	122	122	148.00	231.00	184.70	182.00	22533.00
chr9	35555056	35555698	642	642	207.00	723.00	447.67	441.00	287404.00
chr2	198356200	198356621	421	421	0.00	10.00	5.34	6.00	2249.00
chr9	131001723	131001794	71	71	3420.00	3905.00	3737.30	3750.00	265348.00
chr19	5214371	5214491	120	120	375.00	593.00	514.67	523.00	61761.00
chr22	35719488	35719623	135	135	194.00	279.00	248.22	261.00	33510.00
chr12	121678738	121679829	1091	1091	11.00	61.00	30.98	30.00	33801.00
chr14	23820960	23821064	104	104	1853.00	2154.00	2024.94	2041.50	210594.00
chr1	32205710	32205779	69	69	487.00	707.00	601.00	619.00	41469.00
chr3	33420176	33420326	150	150	5.00	354.00	122.69	20.00	18403.00
chr9	114820707	114820966	259	259	33.00	59.00	44.87	45.00	11621.00
chr15	41865876	41866023	147	147	27.00	804.00	649.73	691.00	95511.00
chr19	55554308	55554637	329	329	6.00	19.00	10.46	10.00	3441.00
chr1	116933403	116933513	110	110	1738.00	2613.00	2245.91	2249.00	247050.00
chr19	15374230	15374359	129	129	90.00	179.00	145.02	157.00	18708.00
chr12	56090682	56090852	170	170	29.00	51.00	41.06	41.00	6980.00
chr14	69445668	69445876	208	208	79.00	276.00	206.56	230.00	42964.00
chr12	57603474	57603651	177	177	175.00	333.00	264.04	267.00	46735.00
chr22	32897492	32898946	1454	1454	4.00	170.00	76.71	75.00	111533.00
chr16	16367702	16367764	62	62	4.00	441.00	202.55	218.00	12558.00
chr19	5245786	5246056	270	270	175.00	361.00	258.80	248.00	69876.00
chr16	74345440	74345829	389	389	7.00	18.00	11.61	11.00	4517.00
chr6	107096899	107097076	177	177	33.00	56.00	44.94	45.00	7954.00
chr1	29641883	29642019	136	136	73.00	100.00	83.28	82.00	11326.00
chr8	97342440	97342509	69	69	179.00	236.00	203.86	202.00	14066.00
chr8	68116914	68117054	140	140	47.00	101.00	75.74	75.00	10603.00
chr22	22037470	22037546	76	76	45.00	61.00	52.16	52.00	3964.00
chr22	50682147	50683420	1273	1273	26.00	152.00	94.32	94.00	120074.00
chr20	44048971	44049069	98	98	187.00	224.00	207.15	208.00	20301.00
chr1	36904356	36904511	155	155	43.00	69.00	53.47	50.00	8288.00
chr12	71054719	71054877	158	158	65.00	129.00	92.92	88.50	14681.00
chr15	50654364	50655515	1151	1151	7.00	32.00	20.69	20.00	23810.00
chr2	234198499	234198620	121	121	51.00	80.00	72.25	75.00	8742.00
chr9	128001699	128001812	113	113	357.00	438.00	388.42	386.00	43892.00
chr8	38272296	38272419	123	123	81.00	112.00	97.54	95.00	11998.00
chr11	73068069	73068179	110	110	165.00	209.00	188.48	192.00	20733.00
chr16	28123137	28123327	190	190	161.00	222.00	195.61	193.00	37166.00
chr12	49424062	49424222	160	160	23.00	66.00	37.59	35.00	6014.00
chr19	50302885	50303023	138	138	386.00	650.00	516.64	510.00	71296.00
chr19	42480567	42480718	151	151	4537.00	6558.00	5365.34	5321.00	810167.00
chr3	197904395	197905301	906	906	0.00	58.00	21.13	19.00	19140.00
chr13	100189992	100190117	125	125	208.00	283.00	246.16	247.00	30770.00
chr19	14268062	14268272	210	210	293.00	478.00	390.23	393.00	81949.00
chr10	93786886	93787057	171	171	57.00	105.00	71.83	67.00	12283.00
chr1	109808726	109808828	102	102	224.00	294.00	253.58	248.00	25865.00
chr4	134075461	134075520	59	59	253.00	328.00	278.44	278.00	16428.00
chr1	22052268	22053864	1596	1596	7.00	35.00	21.42	23.00	34179.00
chr9	140056855	140056968	113	113	1616.00	2100.00	1856.12	1869.00	209742.00
chr19	42482087	42482224	137	137	4552.00	6225.00	5626.68	5735.00	770855.00
chr19	4556962	4557025	63	63	621.00	827.00	689.95	673.00	43467.00
chr19	14266921	14267013	92	92	285.00	396.00	339.80	334.00	31262.00
chr22	42273851	42274127	276	276	3.00	910.00	472.02	558.00	130277.00
chr1	205549788	205550049	261	261	259.00	426.00	356.13	353.00	92951.00
chr1	110765585	110766522	937	937	78.00	236.00	157.44	156.00	147518.00
chr19	55553595	55554158	563	563	11.00	32.00	20.98	21.00	11812.00
chr7	150929881	150931360	1479	1479	20.00	147.00	53.85	47.00	79637.00
chr3	124215157	124215260	103	103	444.00	691.00	605.34	640.00	62350.00
chr16	58220658	58220760	102	102	123.00	179.00	145.28	140.00	14819.00
chr3	10381925	10382033	108	108	837.00	1066.00	958.80	972.50	103550.00
chr10	11356101	11356221	120	120	116.00	161.00	137.10	138.00	16452.00
chr22	42294652	42294785	133	133	407.00	578.00	507.29	519.00	67470.00
chr1	2005531	2005714	183	183	11.00	83.00	45.64	45.00	8352.00
chr12	113722522	113722576	54	54	66.00	83.00	76.43	76.00	4127.00
chr9	131502198	131502398	200	200	15.00	504.00	386.17	398.00	77234.00
chr19	40873602	40873786	184	184	1407.00	2425.00	2031.77	2098.00	373846.00
chr2	220162606	220162825	219	219	397.00	916.00	637.93	645.00	139707.00
chr16	28270027	28270355	328	328	12.00	59.00	28.12	21.00	9223.00
chr4	3225718	3225858	140	140	160.00	222.00	185.60	185.00	25984.00
chr17	44127898	44128070	172	172	53.00	103.00	77.28	75.00	13293.00
chr3	47462043	47462262	219	219	132.00	235.00	165.08	158.00	36152.00
chr6	99873090	99873182	92	92	9.00	266.00	111.92	88.00	10297.00
chr7	142561723	142562504	781	781	317.00	902.00	584.21	567.00	456268.00
chr1	159169540	159169666	126	126	1235.00	1441.00	1330.04	1315.50	167585.00
chr19	7606869	7606953	84	84	96.00	153.00	121.30	117.50	10189.00
chr16	2811561	2818298	6737	6737	10.00	694.00	328.88	325.00	2215652.00
chr3	47450652	47450807	155	155	51.00	118.00	93.65	103.00	14516.00
chr11	118403631	118403922	291	291	191.00	267.00	221.87	221.00	64565.00
chr1	205555161	205555335	174	174	215.00	299.00	256.86	256.00	44694.00
chr12	125603186	125603311	125	125	109.00	156.00	126.40	123.00	15800.00
chr11	86658288	86659498	1210	1210	5.00	43.00	20.39	20.00	24674.00
chr22	37764946	37768745	3799	3799	4.00	314.00	146.02	142.00	554734.00
chr10	46345664	46346215	551	551	4.00	23.00	14.88	15.00	8200.00
chr22	33673045	33673241	196	196	234.00	593.00	357.66	302.00	70101.00
chr9	140042599	140042666	67	67	12.00	420.00	309.72	321.00	20751.00
chr3	48717233	48717320	87	87	179.00	260.00	208.36	202.00	18127.00
chr11	60681600	60681740	140	140	13.00	100.00	56.94	53.00	7971.00
chr10	93784512	93784724	212	212	43.00	65.00	54.83	54.00	11625.00
chr12	7289424	7290372	948	948	6.00	980.00	270.17	20.00	256117.00
chr3	132387062	132387526	464	464	4.00	16.00	10.24	11.00	4753.00
chr16	2335442	2335647	205	205	252.00	356.00	306.30	306.00	62791.00
chr16	1794782	1797276	2494	2494	8.00	750.00	94.51	39.00	235699.00
chr16	3786036	3786204	168	168	101.00	186.00	135.54	134.00	22770.00
chr9	141131209	141131766	557	557	0.00	21.00	9.57	11.00	5328.00
chr14	92965028	92966015	987	987	3.00	42.00	19.83	21.00	19570.00
chr19	54692070	54692200	130	130	221.00	579.00	420.12	375.00	54616.00
chr15	43866006	43866230	224	224	108.00	177.00	135.68	133.00	30392.00
chr3	40231316	40231954	638	638	68.00	133.00	102.04	104.00	65102.00
chr3	50148937	50149455	518	518	1.00	28.00	14.64	15.00	7581.00
chr4	81117505	81117755	250	250	44.00	85.00	63.73	65.00	15932.00
chr10	46740404	46740638	234	234	6.00	33.00	17.03	17.00	3984.00
chr3	124210169	124210271	102	102	338.00	537.00	444.50	441.00	45339.00
chr11	107488830	107488932	102	102	296.00	381.00	338.14	334.00	34490.00
chr9	130591965	130592106	141	141	89.00	105.00	97.60	97.00	13762.00
chr1	20981932	20982027	95	95	280.00	347.00	313.93	311.00	29823.00
chr12	75875613	75875859	246	246	36.00	72.00	50.98	52.00	12540.00
chr22	32046684	32046764	80	80	79.00	122.00	103.03	107.00	8242.00
chr11	70331418	70331658	240	240	30.00	158.00	106.10	120.00	25464.00
chr14	51079976	51080069	93	93	340.00	469.00	395.61	396.00	36792.00
chr17	80041077	80041301	224	224	310.00	668.00	474.16	440.00	106212.00
chr7	158540884	158540971	87	87	155.00	230.00	185.44	179.00	16133.00
chr1	21553651	21553719	68	68	52.00	74.00	62.99	63.50	4283.00
chr2	219206256	219206349	93	93	130.00	156.00	143.43	144.00	13339.00
chr17	18444211	18445242	1031	1031	6.00	32.00	18.76	18.00	19343.00
chr12	57599340	57599460	120	120	318.00	408.00	356.55	354.00	42786.00
chr11	64417919	64418110	191	191	246.00	455.00	383.37	397.00	73223.00
chr19	3274926	3275650	724	724	10.00	41.00	25.12	24.00	18186.00
chr16	18532086	18532305	219	219	551.00	856.00	662.79	613.00	145150.00
chr17	3776702	3776756	54	54	615.00	808.00	739.69	760.50	39943.00
chr1	116932670	116933033	363	363	10.00	3087.00	1450.27	2311.00	526449.00
chr16	1505731	1505796	65	65	191.00	223.00	207.09	208.00	13461.00
chr1	9794029	9794200	171	171	2723.00	3512.00	3122.73	3104.00	533986.00
chr10	73579221	73579379	158	158	3083.00	4988.00	3902.63	3931.00	616615.00
chr11	6411684	6412146	462	462	15.00	119.00	69.52	68.00	32117.00
chr1	159163212	159163350	138	138	917.00	1227.00	1022.30	991.00	141077.00
chr16	1816723	1816804	81	81	565.00	802.00	690.43	690.00	55925.00
chr7	91722399	91722630	231	231	9.00	89.00	69.00	70.00	15938.00
chr7	44281816	44281939	123	123	1065.00	1317.00	1185.84	1171.00	145858.00
chr2	220467189	220467297	108	108	13.00	20.00	17.01	17.00	1837.00
chr16	4494664	4494729	65	65	213.00	247.00	232.68	234.00	15124.00
chr15	34681844	34681986	142	142	1.00	246.00	175.73	196.00	24954.00
chr9	139995935	139996124	189	189	75.00	151.00	109.72	112.00	20738.00
chr3	180324040	180324160	120	120	75.00	118.00	102.78	108.00	12333.00
chr3	42678359	42681242	2883	2883	36.00	143.00	79.88	75.00	230293.00
chr7	131812776	131815333	2557	2557	1.00	111.00	48.96	49.00	125185.00
chr20	1585387	1585522	135	135	27.00	557.00	298.42	311.00	40287.00
chr3	126751229	126751442	213	213	119.00	190.00	160.37	163.00	34158.00
chr15	63920875	63921014	139	139	164.00	249.00	201.58	209.00	28020.00
chr16	2040128	2040202	74	74	301.00	435.00	366.18	360.00	27097.00
chr9	74324174	74324390	216	216	30.00	56.00	41.93	40.00	9057.00
chr20	44521858	44521950	92	92	216.00	255.00	236.00	237.00	21712.00
chr9	139911647	139911798	151	151	278.00	441.00	379.59	390.00	57318.00
chr9	140055507	140055649	142	142	2086.00	3313.00	2702.26	2634.00	383721.00
chr12	120148055	120148191	136	136	214.00	336.00	270.96	250.00	36850.00
chr12	50474280	50474372	92	92	107.00	127.00	117.11	117.00	10774.00
chr15	63125702	63125828	126	126	208.00	352.00	267.18	257.00	33665.00
chr9	20907148	20907241	93	93	83.00	95.00	89.57	89.00	8330.00
chr16	87874655	87874761	106	106	164.00	220.00	191.25	190.00	20272.00
chr2	162833269	162833460	191	191	9.00	679.00	380.91	567.00	72754.00
chr8	11704560	11704677	117	117	754.00	1062.00	859.16	853.00	100522.00
chr15	63926931	63927087	156	156	181.00	264.00	225.28	227.00	35143.00
chr6	31668718	31668805	87	87	106.00	206.00	156.47	151.00	13613.00
chr7	148910792	148910906	114	114	32.00	65.00	53.32	57.00	6078.00
chr14	42355808	42357213	1405	1405	51.00	141.00	80.20	80.00	112678.00
chr10	88678928	88679226	298	298	13.00	45.00	26.53	27.00	7905.00
chr3	140998219	140998346	127	127	50.00	84.00	69.21	72.00	8790.00
chr1	144859758	144859998	240	240	63.00	182.00	118.17	129.00	28361.00
chr9	96054772	96055455	683	683	63.00	279.00	169.93	168.00	116065.00
chr19	7604803	7604944	141	141	96.00	212.00	149.51	160.00	21081.00
chr12	30906277	30907432	1155	1155	3.00	99.00	41.59	36.00	48041.00
chr9	131112762	131112854	92	92	138.00	318.00	259.96	288.50	23916.00
chr20	61981328	61982379	1051	1051	42.00	113.00	80.21	82.00	84301.00
chr7	38431348	38431618	270	270	305.00	621.00	443.55	463.00	119759.00
chr20	44521036	44521123	87	87	187.00	238.00	219.80	220.00	19123.00
chr11	64418726	64419108	382	382	198.00	394.00	292.13	294.00	111592.00
chr12	120148344	120150270	1926	1926	11.00	402.00	70.60	33.00	135975.00
chr12	6930971	6931066	95	95	34.00	551.00	309.91	330.00	29441.00
chr16	2339434	2339621	187	187	138.00	284.00	190.63	168.00	35648.00
chr2	27700083	27700187	104	104	36.00	51.00	44.39	44.00	4617.00
chr14	69805367	69805494	127	127	95.00	210.00	159.78	147.00	20292.00
chr12	9242497	9242619	122	122	175.00	255.00	219.31	225.00	26756.00
chr3	58256658	58256791	133	133	60.00	115.00	85.24	83.00	11337.00
chr10	79744927	79745098	171	171	110.00	173.00	132.61	125.00	22677.00
chr1	159161725	159161866	141	141	686.00	1055.00	934.35	976.00	131743.00
chr16	31085202	31085519	317	317	8.00	39.00	28.91	31.00	9164.00
chr1	171755018	171755218	200	200	51.00	104.00	88.19	93.00	17638.00
chr9	130988124	130989280	1156	1156	9.00	2463.00	305.48	43.00	353132.00
chr15	63127935	63127998	63	63	210.00	258.00	232.98	232.00	14678.00
chr19	1917676	1917821	145	145	3.00	130.00	106.54	119.00	15448.00
chr22	25315792	25315960	168	168	69.00	132.00	103.98	108.00	17469.00
chr2	207943790	207945085	1295	1295	9.00	54.00	27.40	27.00	35488.00
chr11	47330706	47330952	246	246	16.00	699.00	335.85	24.00	82619.00
chr3	142743978	142746095	2117	2117	2.00	125.00	15.83	10.00	33515.00
chr7	44839492	44839694	202	202	6.00	11.00	8.78	9.00	1774.00
chr22	31688260	31688471	211	211	9.00	135.00	87.18	102.00	18394.00
chr11	66333492	66333638	146	146	478.00	611.00	553.47	559.00	80806.00
chr9	131114916	131115026	110	110	252.00	338.00	305.47	310.50	33602.00
chr1	20206	21013	807	807	7.00	83.00	57.53	63.00	46425.00
chr11	108216469	108216635	166	166	30.00	52.00	43.39	44.00	7203.00
chr1	209778880	209779019	139	139	201.00	354.00	288.66	289.00	40124.00
chr1	202935876	202936026	150	150	113.00	179.00	148.39	154.00	22259.00
chr12	57600255	57600524	269	269	309.00	457.00	371.79	366.00	100011.00
chr19	15233503	15233615	112	112	44.00	78.00	59.45	58.00	6658.00
chr8	68115317	68115486	169	169	76.00	100.00	89.36	90.00	15102.00
chr19	13419229	13419342	113	113	72.00	135.00	108.52	109.00	12263.00
chr6	33266815	33267130	315	315	5.00	25.00	16.23	17.00	5113.00
chr16	89780611	89781646	1035	1035	8.00	77.00	31.47	30.00	32567.00
chr12	109964162	109964221	59	59	74.00	89.00	82.22	80.00	4851.00
chr22	24491893	24492045	152	152	55.00	96.00	75.30	72.00	11446.00
chr2	242592926	242593025	99	99	123.00	200.00	161.40	153.00	15979.00
chr1	21937944	21938074	130	130	685.00	1139.00	975.45	1016.00	126808.00
chr2	223789173	223789313	140	140	231.00	324.00	274.91	274.00	38488.00
chr20	3772318	3772535	217	217	6.00	25.00	12.51	9.00	2714.00
chr16	18531918	18532001	83	83	814.00	982.00	906.75	913.00	75260.00
chr1	43396296	43396537	241	241	178.00	278.00	222.62	224.00	53652.00
chr2	100037960	100038115	155	155	46.00	71.00	58.81	55.00	9116.00
chr16	1500497	1500770	273	273	9.00	183.00	102.60	141.00	28010.00
chr19	40876016	40876144	128	128	1604.00	2128.00	1870.82	1861.50	239465.00
chr5	168112691	168112932	241	241	18.00	58.00	31.10	28.00	7495.00
chr2	127825738	127825831	93	93	411.00	510.00	466.49	466.00	43384.00
chr1	19232015	19234990	2975	2975	9.00	79.00	38.06	38.00	113231.00
chr16	1391129	1391196	67	67	386.00	477.00	427.82	415.00	28664.00
chr6	33410665	33411689	1024	1024	9.00	280.00	187.47	224.00	191967.00
chr9	95872033	95872266	233	233	4.00	13.00	8.20	8.00	1911.00
chr1	53378627	53378839	212	212	8.00	20.00	12.76	12.00	2706.00
chr2	80531276	80531693	417	417	16.00	90.00	58.03	57.00	24199.00
chr7	44286718	44286791	73	73	826.00	1018.00	918.79	925.00	67072.00
chr7	157369304	157369471	167	167	545.00	878.00	693.03	689.00	115736.00
chr11	18755079	18755191	112	112	8.00	461.00	298.06	398.00	33383.00
chr6	86237979	86238080	101	101	140.00	176.00	157.06	158.00	15863.00
chr8	145000951	145001050	99	99	88.00	149.00	123.75	126.00	12251.00
chr19	45167680	45167966	286	286	8.00	27.00	18.92	20.00	5412.00
chr10	48930165	48930400	235	235	6.00	28.00	14.40	14.00	3383.00
chr16	87871450	87871547	97	97	217.00	280.00	244.82	246.00	23748.00
chr1	109815454	109815649	195	195	295.00	417.00	355.83	354.00	69387.00
chr1	208215442	208215711	269	269	97.00	166.00	138.62	141.00	37290.00
chr2	260866	261451	585	585	5.00	14.00	9.39	9.00	5494.00
chr5	180481266	180481724	458	458	3.00	15.00	9.37	9.00	4293.00
chr7	73119479	73119631	152	152	3.00	1614.00	672.32	14.00	102192.00
chr15	34677248	34677358	110	110	317.00	459.00	374.77	352.00	41225.00
chr16	57687114	57687247	133	133	58.00	99.00	75.95	74.00	10102.00
chr15	50649406	50649592	186	186	8.00	16.00	11.56	11.00	2151.00
chr22	21071995	21072066	71	71	1619.00	1830.00	1714.54	1712.00	121732.00
chr5	179200882	179201561	679	679	18.00	53.00	37.28	39.00	25312.00
chr10	98763824	98763979	155	155	156.00	247.00	188.97	175.00	29290.00
chr14	102963315	102963457	142	142	99.00	163.00	126.20	126.00	17920.00
chr1	21932558	21933138	580	580	4.00	798.00	167.95	21.00	97411.00
chr16	28118842	28118998	156	156	178.00	214.00	199.40	201.00	31107.00
chr1	241767561	241767881	320	320	80.00	204.00	126.47	117.00	40471.00
chr11	66812063	66812184	121	121	141.00	192.00	164.31	162.00	19881.00
chr11	12248571	12248678	107	107	503.00	634.00	568.99	557.00	60882.00
chr9	130588788	130588951	163	163	39.00	90.00	61.67	59.00	10052.00
chr22	21068915	21068988	73	73	1266.00	1750.00	1541.73	1595.00	112546.00
chr1	43424304	43424531	227	227	26.00	238.00	168.55	187.00	38260.00
chr14	105852021	105853670	1649	1649	12.00	142.00	37.82	37.00	62373.00
chr15	34823469	34823579	110	110	321.00	482.00	397.00	381.50	43670.00
chr11	171365	172282	917	917	0.00	58.00	22.53	23.00	20659.00
chr22	24493976	24494155	179	179	53.00	132.00	98.78	105.00	17682.00
chr15	79291060	79291167	107	107	416.00	507.00	460.01	456.00	49221.00
chr16	2145904	2146194	290	290	20.00	38.00	28.72	29.00	8329.00
chr9	131503050	131503166	116	116	323.00	460.00	393.66	415.50	45664.00
chr11	61301983	61302579	596	596	18.00	65.00	43.37	43.00	25846.00
chr22	25308609	25308719	110	110	67.00	83.00	78.34	79.00	8617.00
chr12	63977826	63979986	2160	2160	2.00	45.00	18.65	18.00	40290.00
chr19	46928844	46930933	2089	2089	4.00	406.00	169.51	174.00	354102.00
chr16	56969146	56969224	78	78	117.00	150.00	132.69	133.00	10350.00
chr17	40665787	40665996	209	209	3.00	1590.00	683.05	977.00	142757.00
chr9	131669435	131671600	2165	2165	90.00	275.00	158.98	148.00	344198.00
chr2	220164026	220164271	245	245	29.00	851.00	282.41	36.00	69191.00
chr19	7589846	7590052	206	206	63.00	170.00	91.93	83.00	18938.00
chr6	91260186	91260268	82	82	87.00	103.00	95.09	95.00	7797.00
chr9	124543742	124543830	88	88	260.00	348.00	311.64	315.00	27424.00
chr12	54071005	54071170	165	165	9.00	45.00	29.51	28.00	4869.00
chr2	40443	41212	769	769	14.00	47.00	26.42	25.00	20320.00
chr11	67852159	67852747	588	588	9.00	28.00	18.39	19.00	10814.00
chr8	8233762	8234810	1048	1048	25.00	87.00	50.41	53.00	52832.00
chr2	175671113	175672148	1035	1035	3.00	26.00	15.91	17.00	16470.00
chr7	138984922	138985438	516	516	5.00	16.00	10.25	10.00	5289.00
chr22	40816850	40817104	254	254	77.00	207.00	164.90	167.50	41885.00
chr19	14263120	14263249	129	129	355.00	487.00	414.00	415.00	53406.00
chr19	16962222	16962345	123	123	133.00	278.00	220.76	240.00	27154.00
chr1	109813838	109813918	80	80	314.00	424.00	341.94	332.50	27355.00
chr3	49898148	49898562	414	414	2.00	1103.00	526.22	803.00	217856.00
chr17	17131202	17131510	308	308	41.00	176.00	132.86	144.00	40921.00
chr1	21936067	21936139	72	72	316.00	490.00	401.64	421.50	28918.00
chr3	130424404	130424615	211	211	31.00	65.00	55.01	60.00	11607.00
chr12	56532710	56532797	87	87	77.00	95.00	84.10	85.00	7317.00
chr16	29888591	29888788	197	197	539.00	799.00	645.77	619.00	127216.00
chr2	114394588	114396196	1608	1608	0.00	47.00	20.45	18.00	32878.00
chr3	124180736	124180803	67	67	321.00	360.00	345.61	345.00	23156.00
chr9	111798485	111798660	175	175	78.00	108.00	92.89	93.00	16255.00
chr10	73847897	73848372	475	475	17.00	1741.00	540.53	449.00	256753.00
chr22	21075585	21075706	121	121	840.00	1435.00	1183.88	1214.00	143250.00
chr22	20920753	20921104	351	351	72.00	175.00	127.18	126.00	44641.00
chr9	140953020	140953185	165	165	63.00	188.00	117.65	102.00	19412.00
chr22	41620970	41621075	105	105	107.00	147.00	121.59	120.00	12767.00
chr11	6243671	6243839	168	168	53.00	78.00	67.22	67.00	11293.00
chr15	74704225	74704353	128	128	149.00	301.00	233.02	248.00	29826.00
chr3	48719780	48719985	205	205	194.00	278.00	240.74	240.00	49352.00
chr1	222833247	222833348	101	101	88.00	126.00	112.47	114.00	11359.00
chr1	6583675	6584824	1149	1149	9.00	62.00	40.48	42.00	46507.00
chr11	126135857	126135976	119	119	233.00	279.00	256.91	256.00	30572.00
chr8	75156763	75157410	647	647	42.00	97.00	66.06	67.00	42738.00
chr15	83345212	83345389	177	177	230.00	309.00	269.49	275.00	47699.00
chr14	68031638	68032561	923	923	7.00	30.00	17.56	18.00	16204.00
chr19	42479780	42479949	169	169	4193.00	6145.00	5058.86	4924.00	854948.00
chr16	31503329	31503407	78	78	272.00	328.00	298.54	297.00	23286.00
chr17	1564564	1564700	136	136	260.00	362.00	304.22	297.00	41374.00
chr16	58717858	58718082	224	224	20.00	48.00	38.88	40.50	8710.00
chr14	71575320	71575763	443	443	51.00	100.00	75.28	75.00	33349.00
chr1	202934498	202934628	130	130	146.00	177.00	163.35	163.00	21236.00
chr7	73118477	73118586	109	109	776.00	1034.00	889.42	885.00	96947.00
chr19	13365908	13366073	165	165	89.00	159.00	111.62	105.00	18417.00
chr10	102265117	102265958	841	841	20.00	70.00	38.54	35.00	32411.00
chr9	139983320	139983457	137	137	105.00	157.00	132.42	127.00	18141.00
chr18	29206245	29206347	102	102	148.00	175.00	159.84	158.00	16304.00
chr12	120578662	120578827	165	165	61.00	84.00	71.81	72.00	11849.00
chr5	757516	758226	710	710	3.00	41.00	16.93	15.00	12020.00
chr8	21632483	21632567	84	84	77.00	131.00	103.55	101.00	8698.00
chr4	54011499	54011749	250	250	47.00	80.00	64.10	64.50	16024.00
chr8	141680613	141681365	752	752	3.00	21.00	13.10	13.00	9852.00
chr11	57367351	57367850	499	499	25.00	104.00	57.83	51.00	28856.00
chr12	63980009	63980784	775	775	6.00	27.00	15.15	15.00	11740.00
chr9	140057042	140057203	161	161	9.00	2387.00	1970.19	2125.00	317200.00
chr2	7055953	7056098	145	145	43.00	63.00	53.10	52.00	7700.00
chr12	52387768	52389043	1275	1275	12.00	330.00	174.00	165.00	221851.00
chr19	50104931	50105175	244	244	41.00	163.00	73.48	58.00	17928.00
chr19	5218430	5218543	113	113	446.00	723.00	605.12	620.00	68378.00
chr16	29898969	29899138	169	169	412.00	723.00	524.65	537.00	88666.00
chr7	99030900	99031041	141	141	25.00	45.00	34.68	33.00	4890.00
chr17	36692926	36693212	286	286	5.00	13.00	10.04	10.00	2871.00
chr15	73857770	73859335	1565	1565	11.00	70.00	41.12	40.00	64351.00
chr6	44104085	44104176	91	91	205.00	294.00	247.26	246.00	22501.00
chr1	21938518	21938602	84	84	678.00	868.00	771.01	778.00	64765.00
chr19	13423482	13423595	113	113	61.00	81.00	70.96	72.00	8019.00
chr16	70292882	70293089	207	207	697.00	1041.00	892.15	917.00	184675.00
chr18	61060641	61060782	141	141	54.00	97.00	76.01	76.00	10718.00
chr16	22269814	22270016	202	202	21.00	44.00	32.16	33.00	6497.00
chr1	21554423	21554534	111	111	57.00	69.00	64.45	65.00	7154.00
chr9	140057255	140057455	200	200	25.00	2503.00	1541.11	1860.50	308221.00
chr7	1488255	1488397	142	142	37.00	53.00	44.65	44.00	6340.00
chr14	100166351	100166438	87	87	360.00	412.00	389.55	393.00	33891.00
chr9	101065522	101065705	183	183	557.00	867.00	730.40	768.00	133663.00
chr5	68411752	68412041	289	289	35.00	76.00	51.94	47.00	15012.00
chr1	2452539	2452754	215	215	72.00	162.00	101.85	87.00	21897.00
chr1	21564626	21564737	111	111	50.00	82.00	63.82	62.00	7084.00
chr13	42037713	42039066	1353	1353	4.00	32.00	16.96	16.00	22953.00
chr2	114350236	114350443	207	207	2.00	38.00	21.53	18.00	4457.00
chr1	21939668	21939722	54	54	720.00	794.00	748.17	744.50	40401.00
chr9	139353895	139354007	112	112	57.00	86.00	74.21	76.00	8311.00
chr7	102176367	102176618	251	251	1.00	10.00	6.22	7.00	1562.00
chr3	51411753	51412018	265	265	10.00	388.00	160.29	15.00	42476.00
chr17	73888091	73888266	175	175	10.00	30.00	21.79	23.00	3813.00
chr13	103297258	103297435	177	177	9.00	83.00	47.58	72.00	8421.00
chr15	63922664	63922834	170	170	225.00	286.00	258.02	263.50	43863.00
chr3	33400774	33400849	75	75	160.00	200.00	179.31	177.00	13448.00
chr22	50671744	50671955	211	211	72.00	105.00	85.49	83.00	18039.00
chr1	21190968	21191205	237	237	234.00	390.00	319.86	321.00	75808.00
chr5	14481649	14481727	78	78	201.00	272.00	224.65	219.00	17523.00
chr15	101605556	101606410	854	854	38.00	112.00	76.35	77.00	65203.00
chr17	80040402	80040554	152	152	342.00	496.00	427.74	425.00	65017.00
chr2	132269293	132270897	1604	1604	5.00	55.00	30.35	33.00	48674.00
chr11	1778553	1778786	233	233	1099.00	1578.00	1363.88	1388.00	317783.00
chr11	1469616	1469808	192	192	17.00	36.00	27.22	28.00	5226.00
chr12	120138549	120138630	81	81	253.00	313.00	295.02	297.00	23897.00
chr7	901016	901101	85	85	167.00	234.00	198.14	196.00	16842.00
chr19	13372263	13372424	161	161	107.00	166.00	134.35	136.00	21631.00
chr17	40843154	40843311	157	157	337.00	541.00	439.74	434.00	69039.00
chr17	80039476	80039719	243	243	364.00	567.00	462.93	456.00	112492.00
chr17	16681109	16687365	6256	6256	3.00	142.00	49.58	47.00	310185.00
chr1	116935475	116935610	135	135	1826.00	2433.00	2074.90	2082.00	280111.00
chr6	128294808	128294972	164	164	125.00	249.00	198.38	204.00	32535.00
chr5	109189927	109190617	690	690	3.00	24.00	11.11	11.00	7667.00
chr15	40757533	40757634	101	101	34.00	109.00	83.74	87.00	8458.00
chr2	220164706	220164981	275	275	692.00	1430.00	1028.64	1042.00	282877.00
chr3	164905164	164908639	3475	3475	13.00	117.00	55.33	53.00	192277.00
chr11	60699157	60699356	199	199	115.00	473.00	359.30	354.00	71501.00
chr2	96680301	96680717	416	416	5.00	22.00	13.51	14.00	5619.00
chr17	40845314	40845554	240	240	314.00	665.00	449.91	395.00	107979.00
chr12	125264513	125265391	878	878	6.00	29.00	17.07	17.00	14986.00
chr1	156623704	156624158	454	454	10.00	18.00	13.35	13.00	6060.00
chr6	108370456	108370622	166	166	99.00	131.00	113.89	113.00	18905.00
chr11	19180486	19180587	101	101	16.00	28.00	21.16	21.00	2137.00
chr19	42489069	42489338	269	269	1116.00	2245.00	1788.75	1950.00	481175.00
chr2	198274493	198274731	238	238	140.00	256.00	189.08	178.00	45000.00
chr6	47220991	47221257	266	266	156.00	306.00	227.69	224.00	60565.00
chr19	40872679	40872822	143	143	2114.00	3356.00	2917.38	3095.00	417185.00
chr19	54693278	54693627	349	349	4.00	226.00	110.97	108.00	38727.00
chr12	81929	82174	245	245	12.00	52.00	34.21	35.00	8382.00
chr21	45513943	45514114	171	171	82.00	139.00	109.09	104.00	18654.00
chr3	124201630	124201747	117	117	15.00	707.00	528.26	651.00	61806.00
chr17	79805118	79805223	105	105	367.00	442.00	394.03	387.00	41373.00
chr20	46307419	46307548	129	129	89.00	134.00	102.08	100.00	13168.00
chr17	38187790	38187873	83	83	116.00	162.00	133.59	131.00	11088.00
chr2	207452814	207452878	64	64	287.00	381.00	329.12	331.00	21064.00
chr17	45695715	45695823	108	108	360.00	505.00	457.57	474.00	49418.00
chr7	44283023	44283126	103	103	843.00	986.00	915.73	922.00	94320.00
chr20	62274975	62275284	309	309	4.00	2664.00	1207.99	1542.00	373269.00
chr11	108202605	108202764	159	159	19.00	26.00	22.15	22.00	3522.00
chr9	140051314	140051489	175	175	1022.00	1608.00	1239.87	1182.00	216977.00
chr22	45574118	45574781	663	663	62.00	123.00	92.81	93.00	61534.00
chr15	79312382	79312446	64	64	246.00	286.00	262.02	258.50	16769.00
chr1	21940120	21940199	79	79	709.00	861.00	787.22	794.00	62190.00
chr17	3775847	3775921	74	74	542.00	782.00	708.57	735.00	52434.00
chr7	73133931	73134019	88	88	19.00	935.00	342.86	215.00	30172.00
chr11	72292920	72292991	71	71	494.00	571.00	532.42	531.00	37802.00
chr7	43547616	43547730	114	114	135.00	207.00	174.81	178.00	19928.00
chr16	58713760	58714145	385	385	22.00	54.00	37.30	36.00	14359.00
chr22	21083600	21083794	194	194	1200.00	1725.00	1424.75	1401.50	276402.00
chr11	66457275	66457414	139	139	512.00	789.00	622.47	630.00	86524.00
chr15	91561034	91561115	81	81	51.00	73.00	60.44	60.00	4896.00
chr11	2968525	2969001	476	476	2.00	15.00	7.71	8.00	3668.00
chr19	34869838	34869910	72	72	1943.00	2428.00	2153.57	2143.50	155057.00
chr9	121970996	121971219	223	223	223.00	425.00	311.10	316.00	69375.00
chr3	47449772	47449980	208	208	16.00	145.00	85.16	95.00	17713.00
chr12	57601820	57601999	179	179	311.00	607.00	454.09	478.00	81282.00
chr16	2345590	2345741	151	151	261.00	406.00	344.46	347.00	52014.00
chr12	50471782	50471910	128	128	77.00	114.00	97.18	101.00	12439.00
chr1	109814221	109814344	123	123	479.00	684.00	600.18	617.00	73822.00
chr19	16942304	16942458	154	154	111.00	211.00	175.49	195.00	27025.00
chr11	66333301	66333398	97	97	507.00	702.00	567.12	554.00	55011.00
chr5	74026084	74026223	139	139	95.00	132.00	116.87	120.00	16245.00
chr5	68417520	68417722	202	202	47.00	90.00	66.91	67.50	13516.00
chr19	15272262	15272525	263	263	34.00	59.00	49.26	50.00	12956.00
chr3	45872404	45872482	78	78	148.00	175.00	161.27	161.00	12579.00
chr7	73123374	73123452	78	78	958.00	1338.00	1226.64	1250.00	95678.00
chr5	14498197	14498360	163	163	168.00	249.00	205.66	201.00	33522.00
chr14	93180167	93180230	63	63	171.00	226.00	196.19	188.00	12360.00
chr9	130984739	130984875	136	136	2795.00	3737.00	3263.61	3187.00	443851.00
chr13	31216764	31216894	130	130	32.00	52.00	39.08	39.00	5080.00
chr12	112614399	112614506	107	107	98.00	260.00	215.93	220.00	23104.00
chr12	57602865	57602982	117	117	322.00	515.00	418.76	416.00	48995.00
chr14	72976861	72976987	126	126	88.00	138.00	109.55	103.00	13803.00
chr1	155209406	155209553	147	147	131.00	222.00	170.04	161.00	24996.00
chr10	49633930	49634113	183	183	148.00	203.00	172.94	172.00	31648.00
chr16	84100093	84100218	125	125	165.00	215.00	196.04	198.00	24505.00
chr1	155207924	155208097	173	173	124.00	255.00	160.79	157.00	27816.00
chr12	2786898	2787033	135	135	43.00	93.00	65.14	62.00	8794.00
chr2	233755457	233756197	740	740	4.00	1448.00	247.79	36.00	183364.00
chr14	60631894	60632099	205	205	68.00	225.00	162.57	180.00	33327.00
chr1	11151549	11151654	105	105	87.00	120.00	101.48	99.00	10655.00
chr4	134076071	134076178	107	107	254.00	390.00	354.41	361.00	37922.00
chr15	91420364	91420441	77	77	146.00	181.00	161.88	160.00	12465.00
chr5	114961533	114961755	222	222	3.00	61.00	39.74	46.00	8822.00
chr16	1814047	1814211	164	164	7.00	1010.00	419.75	578.00	68839.00
chr18	44250463	44252581	2118	2118	5.00	211.00	87.31	84.00	184928.00
chr6	158049380	158049518	138	138	45.00	71.00	57.46	56.00	7930.00
chr19	7675585	7675679	94	94	56.00	88.00	73.14	73.00	6875.00
chr13	99461604	99461719	115	115	3.00	264.00	191.92	190.00	22071.00
chr11	130010829	130011467	638	638	1.00	1736.00	191.63	12.00	122259.00
chr11	107526658	107526792	134	134	383.00	512.00	474.84	484.50	63629.00
chr16	1391294	1391490	196	196	297.00	476.00	370.20	348.50	72560.00
chr1	38182716	38184158	1442	1442	10.00	99.00	63.48	65.00	91534.00
chr5	179231023	179231323	300	300	8.00	19.00	13.86	14.00	4158.00
chr14	69814593	69814719	126	126	149.00	238.00	192.16	189.50	24212.00
chr14	69349174	69349309	135	135	271.00	370.00	319.28	321.00	43103.00
chr19	7614792	7614998	206	206	171.00	340.00	281.60	284.50	58010.00
chr1	228270375	228270466	91	91	4.00	1010.00	304.70	109.00	27728.00
chr1	38186022	38186315	293	293	5.00	64.00	35.11	40.00	10286.00
chr13	77641715	77641999	284	284	328.00	516.00	408.56	410.50	116032.00
chr14	100157417	100157498	81	81	168.00	323.00	222.23	189.00	18001.00
chr13	32978280	32979333	1053	1053	17.00	132.00	43.13	38.00	45411.00
chr12	7301567	7301794	227	227	761.00	1030.00	898.22	895.00	203895.00
chr9	123583116	123583257	141	141	43.00	59.00	51.24	51.00	7225.00
chr17	26883183	26883284	101	101	64.00	93.00	77.12	77.00	7789.00
chr12	6972993	6973137	144	144	256.00	381.00	303.62	283.00	43721.00
chr20	34322310	34322637	327	327	3.00	13.00	6.90	6.00	2257.00
chr19	7606407	7606570	163	163	155.00	233.00	189.11	188.00	30825.00
chr16	2333186	2333373	187	187	4.00	396.00	277.45	294.00	51883.00
chr12	113825548	113825711	163	163	109.00	260.00	169.07	159.00	27558.00
chr7	4802013	4807749	5736	5736	15.00	135.00	64.77	62.00	371526.00
chr1	43394880	43394985	105	105	203.00	268.00	243.03	252.00	25518.00
chr19	4554399	4554488	89	89	400.00	628.00	505.78	525.00	45014.00
chr16	31719139	31719372	233	233	12.00	25.00	17.20	16.00	4008.00
chr5	134060669	134061744	1075	1075	8.00	61.00	28.92	26.00	31087.00
chr1	202936318	202936371	53	53	13.00	115.00	75.77	99.00	4016.00
chr2	220087366	220087615	249	249	218.00	318.00	248.74	243.00	61936.00
chr2	36764494	36764689	195	195	99.00	132.00	114.94	115.00	22413.00
chr7	43519208	43519343	135	135	138.00	252.00	204.93	223.00	27665.00
chr10	51249585	51249993	408	408	2.00	23.00	11.71	13.00	4776.00
chr6	32123647	32123755	108	108	105.00	146.00	117.10	113.00	12647.00
chr3	118624442	118624692	250	250	1.00	37.00	17.72	6.00	4431.00
chr1	190129797	190130020	223	223	28.00	55.00	40.99	42.00	9141.00
chr9	131004491	131004624	133	133	11.00	4513.00	3385.89	3881.00	450323.00
chr22	33679187	33679334	147	147	228.00	329.00	274.88	269.00	40408.00
chr15	74709931	74710016	85	85	193.00	338.00	266.71	247.00	22670.00
chr7	6470110	6470238	128	128	34.00	72.00	52.45	56.00	6713.00
chr1	6640600	6641359	759	759	10.00	44.00	26.97	26.00	20468.00
chr16	31510622	31510728	106	106	167.00	226.00	204.94	212.50	21724.00
chr4	103710287	103711803	1516	1516	15.00	45.00	28.36	27.00	42993.00
chr19	2862339	2862746	407	407	6.00	26.00	16.72	17.00	6806.00
chr2	15467873	15467994	121	121	47.00	76.00	63.30	61.00	7659.00
chr2	36780721	36781492	771	771	4.00	30.00	14.65	13.00	11292.00
chr10	81070680	81070941	261	261	37.00	108.00	59.72	52.00	15587.00
chr2	217234866	217235986	1120	1120	15.00	68.00	42.84	43.00	47981.00
chr10	93786348	93786508	160	160	44.00	126.00	83.75	88.00	13400.00
chr17	20268785	20269076	291	291	3.00	11.00	6.40	6.00	1863.00
chr9	131002006	131002062	56	56	2.00	3948.00	3434.55	3687.00	192335.00
chr1	155208307	155208441	134	134	220.00	314.00	271.54	277.50	36387.00
chr2	162833877	162834373	496	496	1.00	590.00	57.50	12.00	28522.00
chr9	35799614	35799728	114	114	36.00	50.00	43.04	43.00	4906.00
chr20	62517856	62519234	1378	1378	4.00	207.00	31.94	29.00	44019.00
chr22	35942847	35943127	280	280	87.00	286.00	201.86	224.50	56521.00
chr13	26436438	26436546	108	108	69.00	90.00	78.04	77.00	8428.00
chr14	69371371	69371453	82	82	221.00	311.00	276.10	286.00	22640.00
chr7	44031274	44031581	307	307	2.00	15.00	7.97	8.00	2446.00
chr11	12274988	12275291	303	303	10.00	20.00	14.47	14.00	4385.00
chr5	1334403	1334498	95	95	146.00	175.00	161.59	163.00	15351.00
chr19	34868639	34868786	147	147	2457.00	3218.00	2850.23	2879.00	418984.00
chr16	1815960	1816143	183	183	522.00	909.00	650.73	615.00	119083.00
chr10	73578787	73578868	81	81	3590.00	4226.00	3926.19	3998.00	318021.00
chr17	37420427	37420640	213	213	37.00	55.00	44.70	44.00	9521.00
chr5	60835422	60835586	164	164	25.00	49.00	36.65	37.50	6011.00
chr15	79296143	79296517	374	374	390.00	746.00	543.19	527.00	203152.00
chr19	13039568	13039661	93	93	614.00	842.00	728.52	716.00	67752.00
chr12	49421585	49421713	128	128	112.00	178.00	150.08	151.00	19210.00
chr1	1661057	1662583	1526	1526	15.00	296.00	93.08	57.00	142041.00
chr2	207457340	207457460	120	120	432.00	565.00	496.82	485.50	59618.00
chr11	64542462	64543441	979	979	7.00	30.00	17.74	17.00	17367.00
chr20	61910250	61910347	97	97	135.00	209.00	168.59	162.00	16353.00
chr11	62394042	62394156	114	114	294.00	342.00	318.88	319.00	36352.00
chr5	37301538	37301652	114	114	12.00	28.00	17.65	16.00	2012.00
chr16	4733843	4733933	90	90	202.00	243.00	228.93	229.00	20604.00
chr15	43693913	43694048	135	135	60.00	90.00	76.41	77.00	10316.00
chr11	18764538	18764622	84	84	193.00	361.00	279.83	284.00	23506.00
chr17	57842331	57842499	168	168	125.00	173.00	148.36	145.50	24924.00
chr9	96076729	96078064	1335	1335	7.00	28.00	17.85	18.00	23826.00
chr11	12246219	12246367	148	148	339.00	607.00	466.32	504.00	69015.00
chr12	7030743	7031565	822	822	11.00	5866.00	1992.54	25.00	1637868.00
chr3	14523178	14523349	171	171	33.00	62.00	44.99	43.00	7693.00
chr5	758508	759483	975	975	4.00	19.00	11.20	11.00	10921.00
chr12	22635490	22635677	187	187	73.00	92.00	82.54	82.00	15435.00
chr5	14479369	14479459	90	90	144.00	203.00	169.88	171.00	15289.00
chr6	143655214	143656079	865	865	0.00	15.00	6.32	7.00	5464.00
chr7	75508360	75508578	218	218	94.00	1172.00	801.45	915.00	174717.00
chr11	60697981	60698131	150	150	215.00	340.00	271.66	258.50	40749.00
chr1	151400598	151400889	291	291	117.00	322.00	211.56	230.00	61563.00
chr5	172196431	172197309	878	878	6.00	269.00	95.73	32.00	84052.00
chr3	49152660	49152794	134	134	68.00	100.00	84.65	84.50	11343.00
chr7	5518281	5519950	1669	1669	22.00	116.00	67.45	69.00	112578.00
chr17	16691106	16691449	343	343	4.00	85.00	43.86	59.00	15044.00
chr2	220086993	220087172	179	179	219.00	346.00	298.59	301.00	53448.00
chr10	51746916	51748006	1090	1090	3.00	98.00	39.02	35.00	42531.00
chr12	7302118	7302289	171	171	810.00	1053.00	903.29	891.00	154463.00
chr11	59562844	59562955	111	111	29.00	58.00	44.23	50.00	4909.00
chr12	6100984	6101184	200	200	60.00	83.00	71.16	72.00	14231.00
chr19	5683274	5683627	353	353	7.00	27.00	19.29	20.00	6808.00
chr12	2786259	2786387	128	128	43.00	68.00	56.35	57.00	7213.00
chr15	26812727	26812880	153	153	344.00	590.00	443.80	444.00	67902.00
chr1	149007980	149008798	818	818	0.00	18.00	7.26	6.00	5941.00
chr19	54965608	54965861	253	253	79.00	288.00	165.11	143.00	41774.00
chr8	27293259	27293310	51	51	495.00	663.00	629.69	638.00	32114.00
chr15	23014437	23014528	91	91	118.00	150.00	132.02	132.00	12014.00
chr1	111717500	111717585	85	85	61.00	78.00	69.16	69.00	5879.00
chr6	150157220	150157433	213	213	225.00	323.00	280.76	280.00	59802.00
chr13	114566547	114566670	123	123	55.00	168.00	104.76	108.00	12886.00
chr16	58539291	58539605	314	314	5.00	20.00	11.99	11.00	3765.00
chr1	21936612	21936768	156	156	376.00	1040.00	735.21	749.50	114692.00
chr1	17322880	17322991	111	111	450.00	741.00	591.52	645.00	65659.00
chr11	60699455	60699599	144	144	286.00	497.00	399.08	415.00	57468.00
chr5	6749669	6749770	101	101	64.00	89.00	74.85	73.00	7560.00
chr16	2156805	2156949	144	144	224.00	325.00	249.69	242.00	35955.00
chr15	34690834	34690930	96	96	101.00	136.00	113.67	112.00	10912.00
chr3	11074933	11075425	492	492	6.00	482.00	93.12	15.50	45816.00
chr5	74655222	74655381	159	159	164.00	250.00	199.19	201.00	31671.00
chr20	20022968	20023160	192	192	47.00	87.00	63.51	61.00	12193.00
chr2	39055481	39055578	97	97	25.00	37.00	31.74	32.00	3079.00
chr19	16793231	16793528	297	297	8.00	386.00	104.74	12.00	31107.00
chr2	219205450	219205509	59	59	131.00	150.00	142.22	142.00	8391.00
chr17	74087429	74087729	300	300	11.00	25.00	17.57	17.00	5270.00
chr3	184058150	184060036	1886	1886	6.00	936.00	142.98	38.00	269661.00
chr6	90333128	90333263	135	135	57.00	84.00	74.37	75.00	10040.00
chr12	125267019	125267429	410	410	7.00	56.00	22.79	14.00	9343.00
chr1	207942580	207943104	524	524	12.00	95.00	64.09	71.00	33583.00
chr4	89356876	89357043	167	167	37.00	71.00	53.06	53.00	8861.00
chr7	101995498	101995736	238	238	6.00	31.00	15.11	11.00	3597.00
chr3	11067458	11067562	104	104	453.00	608.00	535.09	539.00	55649.00
chr5	95734582	95734740	158	158	209.00	280.00	247.23	246.00	39063.00
chr6	152529106	152529341	235	235	163.00	265.00	215.65	214.00	50678.00
chr5	102295578	102295763	185	185	151.00	278.00	225.32	228.00	41685.00
chr22	21072980	21073110	130	130	1008.00	1673.00	1296.97	1370.00	168606.00
chr12	121855306	121855714	408	408	92.00	192.00	128.67	127.00	52497.00
chr1	160326389	160326544	155	155	90.00	125.00	112.91	113.00	17501.00
chr11	60670930	60671007	77	77	455.00	557.00	502.10	509.00	38662.00
chr17	79804822	79804948	126	126	424.00	609.00	517.71	527.50	65231.00
chr16	18527204	18527332	128	128	615.00	795.00	691.62	689.50	88528.00
chr16	16372518	16372646	128	128	643.00	840.00	724.12	718.00	92688.00
chr2	32750530	32750695	165	165	30.00	56.00	41.11	41.00	6783.00
chr14	69369193	69369279	86	86	285.00	349.00	323.12	328.00	27788.00
chr7	66418212	66418356	144	144	163.00	208.00	182.49	183.00	26279.00
chr6	44107988	44108097	109	109	177.00	224.00	200.28	198.00	21831.00
chr7	70885893	70886091	198	198	488.00	989.00	667.64	545.50	132193.00
chr8	27295281	27295397	116	116	515.00	619.00	572.11	577.00	66365.00
chr7	73122918	73123018	100	100	1235.00	1637.00	1520.82	1534.50	152082.00
chr15	34698874	34699071	197	197	196.00	250.00	221.69	220.00	43673.00
chr8	22009343	22009513	170	170	358.00	739.00	489.46	491.50	83208.00
chr7	1526557	1526737	180	180	94.00	207.00	160.43	173.50	28878.00
chr5	178053946	178054065	119	119	12.00	137.00	77.13	87.00	9178.00
chr12	6103027	6103369	342	342	40.00	98.00	74.65	78.00	25530.00
chr2	3479491	3480482	991	991	6.00	33.00	16.42	16.00	16276.00
chr3	33883388	33883566	178	178	100.00	161.00	130.44	131.00	23218.00
chr19	11019778	11019883	105	105	129.00	231.00	179.32	187.00	18829.00
chr7	98446205	98446318	113	113	1809.00	3355.00	2500.40	2201.00	282545.00
chr8	106813274	106813932	658	658	21.00	53.00	34.23	34.00	22526.00
chr2	223795338	223795530	192	192	336.00	683.00	451.55	403.00	86697.00
chr7	75511146	75511554	408	408	840.00	1473.00	1171.59	1189.50	478010.00
chr21	40184926	40185038	112	112	229.00	324.00	280.50	286.00	31416.00
chr19	53383575	53385236	1661	1661	8.00	39.00	25.65	27.00	42605.00
chr19	14208130	14208295	165	165	6.00	714.00	475.69	616.00	78489.00
chr15	91461013	91461618	605	605	12.00	421.00	128.52	20.00	77755.00
chr8	145278010	145278133	123	123	39.00	88.00	52.03	48.00	6400.00
chr16	28132990	28133083	93	93	181.00	234.00	206.71	204.00	19224.00
chr11	125280091	125280221	130	130	121.00	228.00	171.56	171.00	22303.00
chr15	63128089	63128317	228	228	103.00	336.00	261.68	293.00	59663.00
chr9	131181435	131181557	122	122	8.00	396.00	314.98	315.00	38427.00
chr19	3281196	3281343	147	147	376.00	595.00	507.09	524.00	74542.00
chr11	6240200	6240280	80	80	51.00	65.00	58.36	59.00	4669.00
chr20	31019123	31019287	164	164	40.00	57.00	49.77	50.00	8163.00
chr6	46825865	46827260	1395	1395	32.00	108.00	62.56	62.00	87268.00
chr12	1672006	1672666	660	660	9.00	70.00	31.24	21.00	20619.00
chr12	9098824	9099001	177	177	166.00	234.00	203.67	213.00	36050.00
chr7	121738503	121738630	127	127	7.00	20.00	12.59	12.00	1599.00
chr19	40875814	40875935	121	121	1310.00	1681.00	1496.25	1496.00	181046.00
chr20	3581592	3581671	79	79	134.00	190.00	156.10	152.00	12332.00
chr17	7226965	7227042	77	77	109.00	135.00	121.39	120.00	9347.00
chr2	74331800	74332809	1009	1009	7.00	42.00	21.75	21.00	21949.00
chr1	209785136	209785610	474	474	5.00	417.00	250.84	253.00	118900.00
chr9	35546426	35548532	2106	2106	121.00	376.00	224.38	221.00	472536.00
chr17	80040198	80040290	92	92	392.00	490.00	443.16	438.00	40771.00
chr11	73074791	73075284	493	493	18.00	248.00	84.69	28.00	41751.00
chr20	44674976	44675075	99	99	588.00	733.00	655.34	647.00	64879.00
chr20	5892091	5892328	237	237	57.00	453.00	229.41	219.00	54371.00
chr17	20316581	20317594	1013	1013	1.00	32.00	15.57	15.00	15770.00
chr12	99478702	99478801	99	99	226.00	278.00	256.59	259.00	25402.00
chr17	40842756	40842960	204	204	487.00	673.00	598.62	603.00	122119.00
chr11	107501142	107501288	146	146	337.00	508.00	403.55	387.00	58918.00
chr11	85429236	85429532	296	296	3.00	27.00	12.14	11.00	3594.00
chr20	9449217	9449319	102	102	40.00	62.00	51.86	54.00	5290.00
chr14	23371395	23371591	196	196	123.00	174.00	153.41	157.00	30069.00
chr7	716865	716957	92	92	2667.00	3137.00	2859.49	2862.50	263073.00
chr10	48862360	48862682	322	322	5.00	314.00	187.34	235.00	60322.00
chr10	68686678	68688210	1532	1532	25.00	200.00	80.68	66.00	123603.00
chr5	179674854	179674926	72	72	339.00	418.00	379.39	387.00	27316.00
chr1	209773327	209773456	129	129	211.00	289.00	251.84	246.00	32488.00
chr17	45691034	45691091	57	57	429.00	503.00	456.70	454.00	26032.00
chr1	19669871	19670118	247	247	11.00	32.00	20.67	20.00	5106.00
chr17	45664025	45664710	685	685	4.00	362.00	72.28	29.00	49511.00
chr19	2337634	2338840	1206	1206	13.00	72.00	28.23	24.00	34049.00
chr8	22011480	22011552	72	72	482.00	673.00	565.89	538.00	40744.00
