#chrom	start	end	size	num_data	min	max	mean	median	sum
chr12	1940100	1940691	591	591	18.00	57.00	33.59	32.00	19854.00
chr1	27480473	27481381	908	908	40.00	127.00	85.52	81.00	77654.00
chr15	63112684	63112809	125	125	287.00	453.00	396.20	414.00	49525.00
chr5	149231737	149232254	517	517	1.00	16.00	8.79	9.00	4543.00
chr5	140865429	140867182	1753	1753	427.00	1260.00	723.44	713.00	1268182.00
chr1	32209793	32209958	165	165	941.00	1382.00	1130.00	1107.00	186450.00
chr16	87873307	87873431	124	124	738.00	1227.00	952.76	994.00	118142.00
chr17	34157438	34158175	737	737	132.00	299.00	231.71	239.00	170768.00
chr2	127815619	127816088	469	469	38.00	287.00	143.72	148.00	67407.00
chr1	208212965	208213112	147	147	1162.00	1494.00	1283.87	1264.00	188729.00
chr22	19703883	19704666	783	783	167.00	1033.00	615.55	572.00	481973.00
chr16	87872319	87872423	104	104	737.00	940.00	834.95	836.50	86835.00
chr9	140055740	140055868	128	128	1097.00	1440.00	1322.49	1339.50	169279.00
chr22	21096515	21096643	128	128	707.00	855.00	760.78	759.00	97380.00
chr9	140056321	140056540	219	219	10.00	1467.00	924.06	1135.00	202369.00
chr11	78379981	78380253	272	272	466.00	887.00	646.60	633.00	175876.00
chr3	11070420	11070533	113	113	374.00	456.00	412.23	411.00	46582.00
chr1	109812554	109813222	668	668	99.00	2374.00	978.52	968.00	653651.00
chr2	220161954	220162155	201	201	318.00	476.00	407.26	408.00	81859.00
chr15	74706887	74707086	199	199	306.00	516.00	373.71	366.00	74368.00
chr17	7318829	7319426	597	597	1059.00	2607.00	1763.98	1838.00	1053096.00
chr1	21560050	21560154	104	104	181.00	212.00	195.24	194.00	20305.00
chr1	25573799	25573952	153	153	49.00	3004.00	1735.95	2031.00	265601.00
chr14	93198993	93199160	167	167	272.00	372.00	317.66	315.00	53049.00
chr1	205554003	205554119	116	116	2.00	6.00	4.38	5.00	508.00
chr1	9795005	9795232	227	227	2405.00	3509.00	2949.89	2907.00	669625.00
chr17	42426525	42426670	145	145	203.00	404.00	306.34	315.00	44420.00
chr18	70205887	70206179	292	292	472.00	3498.00	1753.11	767.50	511909.00
chr1	205553082	205553251	169	169	2.00	7.00	3.49	3.00	590.00
chr9	140056623	140056766	143	143	15.00	1136.00	716.18	812.00	102414.00
chr6	33412147	33412394	247	247	116.00	3103.00	1719.04	2297.00	424602.00
chr12	89992366	89992547	181	181	44.00	530.00	392.60	452.00	71061.00
chr2	220088827	220089576	749	749	186.00	498.00	353.03	356.00	264418.00
chr14	100763073	100765222	2149	2149	413.00	1078.00	735.44	724.00	1580455.00
chr1	110740697	110742543	1846	1846	6.00	315.00	176.23	169.00	325320.00
chr1	149878201	149879758	1557	1557	100.00	2899.00	710.64	220.00	1106466.00
chr3	197264139	197265259	1120	1120	23.00	101.00	50.99	48.00	57105.00
chr8	56449623	56450530	907	907	159.00	475.00	323.50	330.00	293415.00
chr9	139354208	139354326	118	118	469.00	735.00	545.80	526.50	64404.00
chr1	32204908	32205236	328	328	1056.00	1686.00	1281.33	1256.00	420275.00
chr7	75608768	75608897	129	129	639.00	929.00	805.12	809.00	103861.00
chr19	45161029	45161178	149	149	253.00	313.00	283.71	286.00	42273.00
chr19	5243911	5244493	582	582	1290.00	3668.00	2179.79	1960.00	1268637.00
chr6	32119585	32119717	132	132	4.00	94.00	46.49	46.00	6137.00
chr3	42670878	42672067	1189	1189	131.00	790.00	393.03	377.00	467311.00
chr11	45892392	45892485	93	93	367.00	454.00	411.54	409.00	38273.00
chr17	80040789	80040991	202	202	2849.00	4931.00	3593.20	3588.50	725827.00
chr2	74902875	74903036	161	161	198.00	286.00	245.02	243.00	39448.00
chr17	38335969	38337946	1977	1977	26.00	203.00	69.58	61.00	137562.00
chr16	87870103	87870253	150	150	753.00	1157.00	906.31	870.00	135947.00
chr1	32205947	32206142	195	195	1296.00	1875.00	1587.89	1618.00	309638.00
chr6	44117553	44117702	149	149	97.00	1761.00	1096.75	1309.00	163416.00
chr1	159163659	159163830	171	171	3646.00	4937.00	4239.87	4314.00	725017.00
chr3	445565	446023	458	458	80.00	141.00	106.96	104.00	48989.00
chr2	25048913	25048995	82	82	358.00	440.00	392.05	385.00	32148.00
chr10	99504485	99504672	187	187	385.00	582.00	491.35	499.00	91883.00
chr4	54364807	54365010	203	203	376.00	608.00	471.37	463.00	95689.00
chr17	1634367	1634552	185	185	103.00	149.00	124.94	123.00	23114.00
chr7	72416124	72416247	123	123	298.00	709.00	425.09	393.00	52286.00
chr1	208212169	208212329	160	160	1222.00	1512.00	1393.43	1415.50	222949.00
chr9	140952500	140952702	202	202	478.00	749.00	635.18	661.50	128306.00
chr6	44197325	44197528	203	203	103.00	147.00	126.85	128.00	25751.00
chr6	44197643	44198218	575	575	29.00	99.00	56.98	46.00	32764.00
chr11	118981972	118982084	112	112	307.00	399.00	355.83	363.50	39853.00
chr5	150503846	150503952	106	106	76.00	1648.00	1125.33	1384.50	119285.00
chr11	118981761	118981878	117	117	367.00	475.00	416.31	413.00	48708.00
chr11	126314873	126315000	127	127	128.00	187.00	155.86	146.00	19794.00
chr1	159165808	159166244	436	436	215.00	4347.00	968.94	305.00	422460.00
chr7	134893542	134893750	208	208	182.00	263.00	227.74	231.00	47369.00
chr9	121976196	121976433	237	237	193.00	419.00	301.66	312.00	71494.00
chr19	54691042	54691169	127	127	399.00	708.00	544.17	545.00	69109.00
chr22	38621430	38621600	170	170	368.00	654.00	513.25	532.50	87252.00
chr13	42035681	42036205	524	524	18.00	45.00	33.65	34.00	17634.00
chr20	1915360	1915413	53	53	6.00	397.00	267.70	324.00	14188.00
chr5	14496987	14497126	139	139	2234.00	2974.00	2544.08	2496.00	353627.00
chr12	56528125	56528212	87	87	196.00	238.00	206.98	205.00	18007.00
chr3	47466974	47467101	127	127	527.00	596.00	560.46	562.00	71178.00
chr17	7415476	7415663	187	187	507.00	824.00	650.94	650.00	121726.00
chr3	33588037	33589252	1215	1215	140.00	500.00	316.65	317.00	384724.00
chr7	887833	888615	782	782	227.00	780.00	489.01	481.00	382408.00
chr10	24813251	24813693	442	442	30.00	108.00	68.88	74.00	30447.00
chr1	109812045	109812213	168	168	1043.00	1866.00	1371.85	1249.00	230470.00
chr19	15276597	15276902	305	305	388.00	541.00	459.05	461.00	140009.00
chr16	2334779	2334999	220	220	640.00	834.00	731.73	725.00	160980.00
chr16	68404761	68405261	500	500	563.00	1116.00	841.51	863.50	420754.00
chr4	110969111	110969871	760	760	217.00	570.00	348.55	313.00	264899.00
chr1	145693161	145693996	835	835	75.00	436.00	241.71	224.00	201826.00
chr7	44282848	44282932	84	84	638.00	880.00	789.02	824.00	66278.00
chr2	220164315	220164508	193	193	53.00	296.00	161.06	81.00	31085.00
chr12	50472203	50472360	157	157	795.00	1056.00	934.83	968.00	146769.00
chr2	220163768	220163833	65	65	311.00	442.00	395.05	409.00	25678.00
chr2	222289928	222290862	934	934	449.00	869.00	659.71	676.00	616166.00
chr12	57599133	57599268	135	135	1240.00	1879.00	1432.87	1397.00	193438.00
chr7	157475416	157475629	213	213	510.00	917.00	695.84	699.00	148213.00
chr1	32203800	32203927	127	127	995.00	2540.00	1647.89	1719.00	209282.00
chr1	109811731	109811912	181	181	1268.00	2000.00	1692.22	1719.00	306291.00
chr9	140052830	140052975	145	145	734.00	2341.00	1528.17	1706.00	221585.00
chr2	220161706	220161854	148	148	329.00	589.00	451.29	450.00	66791.00
chr16	29896906	29897070	164	164	747.00	1429.00	1209.04	1239.00	198283.00
chr16	47143393	47143622	229	229	2010.00	2911.00	2467.17	2440.00	564983.00
chr11	993753	993985	232	232	672.00	1460.00	1134.85	1157.50	263286.00
chr9	124059698	124061137	1439	1439	0.00	11.00	5.12	5.00	7368.00
chr9	140350140	140350634	494	494	79.00	573.00	343.65	360.00	169761.00
chr11	14504577	14504697	120	120	749.00	1097.00	933.43	949.00	112012.00
chr3	49898612	49898733	121	121	2222.00	5164.00	4108.46	4316.00	497124.00
chr9	131811659	131811777	118	118	172.00	252.00	204.58	199.50	24141.00
chr9	131810705	131810818	113	113	207.00	266.00	241.42	244.00	27280.00
chr1	223400935	223401080	145	145	88.00	134.00	112.73	113.00	16346.00
chr12	125612185	125612820	635	635	45.00	460.00	137.81	81.00	87509.00
chr2	220088590	220088744	154	154	311.00	446.00	400.59	403.50	61691.00
chr9	70888487	70888750	263	263	33.00	181.00	122.06	131.00	32103.00
chr14	69813756	69813898	142	142	352.00	483.00	408.33	406.00	57983.00
chr2	47399145	47399890	745	745	109.00	1859.00	533.67	461.00	397586.00
chr11	62688689	62689041	352	352	22.00	93.00	53.59	56.00	18865.00
chr6	43745205	43745407	202	202	90.00	836.00	673.80	674.00	136107.00
chr3	11072492	11072997	505	505	20.00	747.00	272.40	206.00	137562.00
chr7	2696031	2696168	137	137	2936.00	4041.00	3647.19	3804.00	499665.00
chr16	14969196	14969279	83	83	1418.00	2178.00	1758.73	1746.00	145975.00
chr17	7377847	7378026	179	179	48.00	124.00	101.35	105.00	18142.00
chr12	65639640	65639719	79	79	423.00	705.00	564.23	548.00	44574.00
chr12	50294912	50295108	196	196	626.00	1466.00	845.29	765.50	165676.00
chr19	42485653	42485788	135	135	3047.00	4462.00	3869.36	3854.00	522364.00
chr10	99509230	99509343	113	113	611.00	905.00	763.84	780.00	86314.00
chr22	38883877	38888120	4243	4243	625.00	8447.00	2644.71	2464.00	11221517.00
chr12	49416372	49416658	286	286	540.00	840.00	665.53	652.00	190343.00
chr6	24843089	24843782	693	693	138.00	236.00	189.83	185.00	131555.00
chr5	176295561	176295665	104	104	331.00	511.00	407.77	401.00	42408.00
chr10	99510087	99510227	140	140	670.00	1015.00	804.27	767.00	112598.00
chr1	159173658	159174770	1112	1112	88.00	734.00	239.58	188.00	266409.00
chr11	1780745	1780869	124	124	743.00	1122.00	956.72	1023.50	118633.00
chr19	42486059	42486258	199	199	2516.00	4603.00	3535.70	3625.00	703604.00
chr3	47465422	47465535	113	113	565.00	681.00	613.68	617.00	69346.00
chr1	21573713	21573856	143	143	191.00	246.00	222.62	222.00	31835.00
chr11	65320330	65320453	123	123	641.00	958.00	813.02	822.00	100002.00
chr3	47462420	47462519	99	99	696.00	1052.00	910.85	962.00	90174.00
chr2	219204751	219204864	113	113	83.00	120.00	102.82	105.00	11619.00
chr1	43906123	43906257	134	134	187.00	244.00	220.15	219.00	29500.00
chr7	38785158	38785840	682	682	128.00	1136.00	313.87	251.00	214058.00
chr2	153499932	153500058	126	126	1153.00	1831.00	1512.30	1562.50	190550.00
chr1	32203011	32203132	121	121	97.00	1785.00	1304.68	1486.00	157866.00
chr22	42290823	42290941	118	118	1710.00	3265.00	2720.30	2742.50	320995.00
chr19	47940718	47940818	100	100	425.00	881.00	696.91	701.00	69691.00
chr4	119539150	119539274	124	124	119.00	591.00	384.40	416.50	47665.00
chr17	44117067	44117250	183	183	818.00	1088.00	952.39	949.00	174288.00
chr19	42485873	42485983	110	110	2737.00	3637.00	3173.08	3074.00	349039.00
chr6	44114583	44114664	81	81	629.00	838.00	758.86	768.00	61468.00
chr19	47941105	47941292	187	187	27.00	931.00	520.90	693.00	97409.00
chr11	73074250	73074500	250	250	362.00	466.00	410.18	406.50	102545.00
chr3	33418764	33418825	61	61	734.00	862.00	785.85	784.00	47937.00
chr1	700258	700505	247	247	254.00	737.00	526.78	526.00	130114.00
chr9	74319510	74319719	209	209	237.00	457.00	325.19	303.00	67964.00
chr16	2336694	2336968	274	274	520.00	1677.00	1036.83	1076.50	284092.00
chr20	3575125	3575219	94	94	460.00	638.00	546.54	550.00	51375.00
chr9	139231377	139231529	152	152	1220.00	1469.00	1339.59	1339.50	203617.00
chr5	140515951	140516498	547	547	92.00	469.00	234.49	244.00	128265.00
chr1	21938208	21938309	101	101	374.00	500.00	443.18	449.00	44761.00
chr3	155659188	155659936	748	748	85.00	580.00	382.59	414.00	286181.00
chr16	27483068	27483241	173	173	532.00	754.00	633.94	631.00	109672.00
chr11	994071	994245	174	174	324.00	838.00	663.79	708.00	115499.00
chr7	71175745	71175913	168	168	373.00	575.00	494.09	507.50	83007.00
chr12	121204065	121204175	110	110	683.00	952.00	838.00	863.00	92180.00
chr7	73118679	73118753	74	74	1318.00	1746.00	1585.76	1611.00	117346.00
chr9	140972565	140972710	145	145	453.00	679.00	557.71	560.00	80868.00
chr12	121683329	121684024	695	695	50.00	307.00	164.87	157.00	114582.00
chr16	74493579	74493687	108	108	681.00	931.00	824.84	807.50	89083.00
chr2	36771518	36771641	123	123	452.00	583.00	503.26	500.00	61901.00
chr7	94187181	94187996	815	815	41.00	119.00	87.24	93.00	71104.00
chr14	94156951	94157239	288	288	73.00	117.00	99.96	102.00	28788.00
chr7	121739000	121739524	524	524	59.00	144.00	107.27	112.00	56207.00
chr1	19549117	19549328	211	211	375.00	675.00	513.27	481.00	108301.00
chr19	5214571	5214747	176	176	2793.00	5164.00	3439.63	3252.50	605375.00
chr19	42557753	42557861	108	108	1049.00	1180.00	1112.87	1109.50	120190.00
chr15	102510686	102510925	239	239	12.00	559.00	304.41	292.00	72754.00
chr5	167673761	167675376	1615	1615	235.00	549.00	367.74	355.00	593896.00
chr7	44282158	44282253	95	95	619.00	833.00	689.09	654.00	65464.00
chr2	160621061	160621717	656	656	305.00	1110.00	587.93	576.50	385685.00
chr5	10426501	10426634	133	133	1484.00	2439.00	2098.89	2255.00	279152.00
chr16	1814301	1814460	159	159	1021.00	1319.00	1146.26	1128.00	182255.00
chr11	21581734	21581928	194	194	207.00	332.00	281.09	296.00	54531.00
chr3	126749085	126749255	170	170	1070.00	1440.00	1218.36	1207.00	207122.00
chr11	12237765	12237866	101	101	108.00	133.00	123.58	125.00	12482.00
chr6	31750872	31750963	91	91	1112.00	1430.00	1331.29	1349.00	121147.00
chr3	53124201	53124398	197	197	94.00	125.00	106.10	103.00	20901.00
chr2	220161470	220161544	74	74	403.00	530.00	481.91	499.00	35661.00
chr2	128951046	128951785	739	739	151.00	888.00	471.36	480.00	348336.00
chr5	24535811	24535931	120	120	417.00	539.00	454.31	440.50	54517.00
chr1	44083406	44083582	176	176	998.00	1549.00	1244.16	1263.50	218973.00
chr1	32207653	32207818	165	165	939.00	1514.00	1148.58	1178.00	189515.00
chr12	7293754	7294000	246	246	20.00	1358.00	820.50	1167.00	201844.00
chr3	131442289	131442469	180	180	57.00	90.00	72.81	74.00	13106.00
chr3	49898871	49899298	427	427	897.00	5305.00	2490.10	2739.00	1063272.00
chr16	66432358	66432464	106	106	166.00	260.00	215.57	200.00	22850.00
chr1	20982593	20982680	87	87	1399.00	1879.00	1569.86	1482.00	136578.00
chr16	68398653	68398809	156	156	811.00	1067.00	920.96	897.50	143670.00
chr17	16676818	16678279	1461	1461	231.00	740.00	459.37	467.00	671134.00
chr1	109814899	109815027	128	128	1247.00	1748.00	1508.80	1510.50	193126.00
chr1	21940478	21940582	104	104	464.00	662.00	576.12	582.00	59916.00
chr20	57468284	57468793	509	509	215.00	434.00	329.74	336.00	167838.00
chr3	127358087	127358366	279	279	1570.00	4045.00	3017.72	3130.00	841945.00
chr3	126735359	126735527	168	168	849.00	1064.00	962.55	968.50	161709.00
chr10	103869140	103869264	124	124	3734.00	4927.00	4259.77	4186.00	528211.00
chr20	44520554	44520666	112	112	188.00	280.00	217.87	211.00	24401.00
chr1	32203252	32203356	104	104	931.00	1304.00	1129.67	1181.00	117486.00
chr21	40186196	40186316	120	120	116.00	141.00	128.65	128.00	15438.00
chr5	111067153	111068349	1196	1196	137.00	880.00	562.28	553.00	672487.00
chr9	128002954	128003186	232	232	1916.00	2808.00	2298.62	2246.00	533279.00
chr1	43408896	43408992	96	96	635.00	789.00	709.94	706.00	68154.00
chr3	47463931	47464026	95	95	704.00	790.00	750.20	750.00	71269.00
chr2	220161160	220161238	78	78	361.00	436.00	404.91	409.50	31583.00
chr11	62472772	62473089	317	317	1276.00	2438.00	1679.54	1501.00	532413.00
chr9	130986341	130986906	565	565	232.00	931.00	454.20	339.00	256625.00
chr14	69358769	69359000	231	231	446.00	618.00	508.29	504.00	117416.00
chr11	64416205	64416379	174	174	924.00	1409.00	1175.80	1190.50	204590.00
chr17	8398454	8398559	105	105	1854.00	2570.00	2337.50	2390.00	245438.00
chr12	53572943	53574193	1250	1250	171.00	826.00	501.70	510.00	627121.00
chr17	17696544	17701827	5283	5283	225.00	868.00	479.16	466.00	2531423.00
chr8	11705187	11705331	144	144	875.00	1304.00	1170.75	1182.00	168588.00
chr19	54963829	54963931	102	102	1991.00	2917.00	2338.86	2259.00	238564.00
chr2	70451682	70456295	4613	4613	249.00	3225.00	1096.53	1044.00	5058276.00
chr11	118873959	118874169	210	210	156.00	288.00	221.46	220.00	46506.00
chr10	75548427	75548581	154	154	596.00	1049.00	854.75	883.50	131631.00
chr6	33414351	33414563	212	212	1416.00	2894.00	2427.55	2642.50	514641.00
chr17	80042910	80043032	122	122	1584.00	1929.00	1759.11	1802.50	214612.00
chr11	11470290	11470483	193	193	111.00	186.00	134.10	131.00	25882.00
chr8	23294446	23294771	325	325	352.00	603.00	463.46	467.00	150626.00
chr1	116932060	116932663	603	603	26.00	2229.00	728.70	63.00	439409.00
chr15	83222627	83222741	114	114	5.00	9.00	7.09	7.00	808.00
chr3	9841562	9841751	189	189	77.00	116.00	97.15	98.00	18362.00
chr1	116937731	116937907	176	176	1224.00	2217.00	1444.57	1343.50	254244.00
chr16	87868019	87868197	178	178	522.00	794.00	659.49	649.00	117389.00
chr3	124209540	124209731	191	191	653.00	943.00	789.01	790.00	150700.00
chr7	71142195	71142291	96	96	503.00	690.00	577.90	565.00	55478.00
chr5	130497324	130497584	260	260	71.00	196.00	142.15	148.00	36960.00
chr13	100199238	100199358	120	120	1038.00	1779.00	1340.11	1236.50	160813.00
chr5	139943336	139943506	170	170	448.00	894.00	784.33	771.50	133336.00
chr17	74395529	74396002	473	473	464.00	932.00	722.56	724.00	341769.00
chr14	93179149	93179216	67	67	316.00	361.00	336.37	335.00	22537.00
chr4	160277004	160277310	306	306	108.00	782.00	417.40	437.50	127723.00
chr17	40666306	40666478	172	172	995.00	1380.00	1195.14	1208.50	205564.00
chr15	34828065	34828207	142	142	30.00	1345.00	832.85	865.50	118264.00
chr14	100165802	100165876	74	74	70.00	87.00	78.89	79.50	5838.00
chr22	20128089	20128231	142	142	145.00	439.00	301.07	354.00	42752.00
chr12	3392210	3394421	2211	2211	10.00	475.00	185.04	175.00	409132.00
chr17	16687866	16690667	2801	2801	146.00	980.00	426.67	434.00	1195107.00
chr6	31664724	31664810	86	86	648.00	984.00	770.26	724.50	66242.00
chr6	30627512	30627611	99	99	228.00	308.00	269.71	269.00	26701.00
chr11	18752834	18755060	2226	2226	46.00	1586.00	429.33	380.00	955689.00
chr12	109332602	109332731	129	129	543.00	777.00	654.95	675.00	84488.00
chr6	90072884	90073110	226	226	51.00	109.00	81.12	85.00	18333.00
chr16	2689371	2689711	340	340	0.00	9.00	3.22	2.00	1095.00
chr1	20987373	20987484	111	111	1221.00	1629.00	1438.15	1461.00	159635.00
chr14	85985300	85986667	1367	1367	24.00	78.00	48.40	48.00	66159.00
chr13	32863769	32863880	111	111	375.00	422.00	391.73	388.00	43482.00
chr16	1510418	1510528	110	110	285.00	375.00	325.29	328.00	35782.00
chr19	54963269	54963444	175	175	2674.00	3649.00	3049.13	3040.00	533597.00
chr6	44224078	44224233	155	155	414.00	502.00	459.90	455.00	71284.00
chr20	3151172	3152285	1113	1113	68.00	287.00	178.81	193.00	199020.00
chr1	892273	892405	132	132	722.00	1271.00	900.62	867.50	118882.00
chr16	90192167	90192724	557	557	16.00	194.00	112.66	101.00	62753.00
chr9	111663704	111663810	106	106	531.00	634.00	566.47	571.00	60046.00
chr6	44108764	44108835	71	71	799.00	1050.00	909.39	905.00	64567.00
chr1	36028802	36029027	225	225	991.00	1541.00	1245.38	1202.00	280210.00
chr11	66807259	66807674	415	415	0.00	7.00	3.90	4.00	1620.00
chr1	178426817	178427679	862	862	278.00	609.00	417.94	414.00	360264.00
chr19	42482302	42482478	176	176	2727.00	4095.00	3053.79	2964.50	537467.00
chr1	44084718	44084873	155	155	613.00	1955.00	1218.95	1104.00	188937.00
chr1	109812315	109812442	127	127	1165.00	1483.00	1309.52	1313.00	166309.00
chr3	180324268	180324391	123	123	713.00	1052.00	923.38	941.00	113576.00
chr15	63933668	63933842	174	174	592.00	1263.00	890.16	795.50	154888.00
chr20	44521363	44521519	156	156	304.00	384.00	343.40	338.00	53570.00
chr3	33416779	33416910	131	131	458.00	746.00	570.34	565.00	74715.00
chr1	21934624	21934843	219	219	13.00	593.00	275.27	374.00	60284.00
chr14	69799801	69799886	85	85	344.00	412.00	382.22	383.00	32489.00
chr1	116936134	116936345	211	211	20.00	1815.00	1392.88	1465.00	293898.00
chr14	23634493	23634645	152	152	37.00	92.00	63.77	69.00	9693.00
chr16	1402538	1402947	409	409	48.00	220.00	170.28	176.00	69644.00
chr9	20331	25000	4669	4669	8.00	1701.00	643.94	622.00	3006560.00
chr17	43545574	43545959	385	385	125.00	202.00	162.17	165.00	62435.00
chr13	100201418	100201476	58	58	1007.00	1175.00	1105.10	1102.00	64096.00
chr15	41865505	41865665	160	160	195.00	393.00	300.95	298.00	48152.00
chr19	19641688	19642196	508	508	174.00	369.00	274.18	277.50	139283.00
chr11	134147593	134148159	566	566	4.00	15.00	8.61	8.00	4871.00
chr2	71656420	71657290	870	870	45.00	206.00	157.06	162.00	136646.00
chr7	97834775	97835016	241	241	286.00	479.00	391.05	412.00	94242.00
chr19	13363804	13363915	111	111	425.00	536.00	474.38	466.00	52656.00
chr18	31328383	31329011	628	628	543.00	1201.00	858.82	869.50	539337.00
chr16	66431884	66432009	125	125	168.00	248.00	201.55	194.00	25194.00
chr19	47935155	47935702	547	547	36.00	1041.00	413.67	448.00	226275.00
chr12	50291769	50291873	104	104	412.00	637.00	483.69	486.50	50304.00
chr11	1780198	1780317	119	119	581.00	987.00	700.30	682.00	83336.00
chr15	65392626	65393167	541	541	66.00	122.00	93.82	93.00	50754.00
chr2	86397871	86397967	96	96	503.00	740.00	632.48	668.00	60718.00
chr7	97866087	97866233	146	146	419.00	764.00	551.32	581.50	80493.00
chr11	60687157	60687402	245	245	231.00	444.00	341.78	362.00	83736.00
chr21	43307700	43309453	1753	1753	18.00	101.00	65.05	66.00	114026.00
chr14	24619269	24619657	388	388	183.00	342.00	234.98	223.00	91174.00
chr11	65320634	65320727	93	93	600.00	710.00	635.84	626.00	59133.00
chr16	29891184	29891385	201	201	996.00	1415.00	1189.75	1181.00	239140.00
chr1	32207224	32207326	102	102	1824.00	2337.00	2090.47	2104.50	213228.00
chr11	72300218	72300394	176	176	27.00	530.00	186.98	33.50	32908.00
chr17	7608878	7609038	160	160	180.00	911.00	578.14	629.00	92502.00
chr19	7607646	7607814	168	168	248.00	369.00	310.00	334.00	52080.00
chr19	54966129	54966271	142	142	1096.00	2033.00	1736.39	1872.50	246568.00
chr12	57995027	57995131	104	104	222.00	289.00	252.05	247.00	26213.00
chr1	27428875	27429049	174	174	62.00	97.00	80.98	86.00	14091.00
chr2	27688277	27688385	108	108	370.00	583.00	503.09	546.00	54334.00
chr16	2691449	2692254	805	805	1.00	80.00	14.34	7.00	11546.00
chr9	131503813	131503933	120	120	689.00	899.00	805.63	820.50	96676.00
chr16	2347766	2347922	156	156	721.00	1124.00	900.99	894.00	140554.00
chr17	80039884	80040036	152	152	2387.00	3049.00	2822.16	2844.00	428968.00
chr1	32204432	32204538	106	106	1127.00	2482.00	1765.72	1656.00	187166.00
chr12	9242951	9243078	127	127	301.00	409.00	363.25	370.00	46133.00
chr3	49702661	49702751	90	90	387.00	504.00	456.19	459.00	41057.00
chr19	35820359	35820837	478	478	0.00	0.00	0.00	0.00	0.00
chr1	201456762	201457615	853	853	7.00	31.00	20.99	21.00	17905.00
chr16	2334279	2334438	159	159	494.00	818.00	670.15	670.00	106554.00
chr10	73578373	73578481	108	108	4524.00	5684.00	5114.10	5104.00	552323.00
chr16	18530550	18530756	206	206	35.00	807.00	382.78	521.50	78853.00
chr16	16369094	16369300	206	206	35.00	859.00	402.02	548.00	82816.00
chr13	113975636	113975785	149	149	87.00	1144.00	541.54	122.00	80689.00
chr11	119293822	119294227	405	405	0.00	2067.00	161.50	3.00	65406.00
chr5	150505962	150506041	79	79	994.00	1246.00	1137.56	1152.00	89867.00
chr22	44224939	44225078	139	139	721.00	936.00	789.92	781.00	109799.00
chr15	41865199	41865309	110	110	236.00	328.00	280.16	266.00	30818.00
chr17	25633807	25636298	2491	2491	651.00	6482.00	2465.88	1886.00	6142515.00
chr15	72495155	72495529	374	374	127.00	2344.00	964.74	204.00	360813.00
chr9	42540272	42542124	1852	1852	0.00	20.00	9.87	10.00	18285.00
chr11	119290760	119291704	944	944	40.00	2822.00	686.18	111.00	647753.00
chr19	5219949	5220165	216	216	2103.00	3559.00	2691.48	2549.50	581359.00
chr15	63910769	63911153	384	384	8.00	175.00	124.36	139.00	47755.00
chr17	74393879	74393969	90	90	642.00	930.00	799.52	809.00	71957.00
chr10	104129467	104129532	65	65	550.00	627.00	598.89	602.00	38928.00
chr3	142454224	142454620	396	396	30.00	132.00	73.26	62.00	29012.00
chr12	121205196	121205396	200	200	796.00	1059.00	916.02	906.50	183204.00
chr3	31705570	31705724	154	154	116.00	188.00	146.03	138.50	22488.00
chr6	118635190	118636593	1403	1403	137.00	1108.00	705.44	706.00	989739.00
chr8	10339867	10340829	962	962	132.00	733.00	469.33	462.00	451499.00
chr19	16952578	16952779	201	201	684.00	1274.00	994.00	1004.00	199793.00
chr8	110984486	110985016	530	530	203.00	355.00	303.08	306.50	160631.00
chr9	128001219	128001610	391	391	2146.00	5989.00	4171.75	4518.00	1631155.00
chr11	73070878	73070997	119	119	387.00	492.00	447.05	449.00	53199.00
chr10	104130140	104130235	95	95	609.00	813.00	727.35	745.00	69098.00
chr5	95733039	95733173	134	134	10.00	33.00	18.44	18.00	2471.00
chr19	59059400	59059547	147	147	3675.00	5403.00	4534.05	4636.00	666505.00
chr5	139943169	139943255	86	86	429.00	735.00	644.98	663.00	55468.00
chr17	73487771	73487981	210	210	477.00	899.00	618.01	589.00	129782.00
chr1	154315588	154315777	189	189	227.00	398.00	312.05	312.00	58978.00
chr14	95652726	95653070	344	344	2.00	10.00	5.75	6.00	1978.00
chr12	123639801	123640772	971	971	67.00	214.00	164.67	170.00	159899.00
chr22	47064870	47065171	301	301	174.00	294.00	234.18	231.00	70489.00
chr5	24535220	24535388	168	168	354.00	493.00	424.70	419.50	71349.00
chr12	6806452	6806958	506	506	283.00	1103.00	621.40	612.50	314428.00
chr22	29881711	29881836	125	125	22.00	33.00	26.67	26.00	3334.00
chr7	75894681	75894786	105	105	347.00	608.00	480.23	453.00	50424.00
chr12	121089007	121095893	6886	6886	1.00	54.00	22.27	22.00	153332.00
chr1	207940357	207942365	2008	2008	122.00	650.00	277.53	251.00	557271.00
chr7	154681166	154681240	74	74	602.00	736.00	683.07	694.50	50547.00
chr5	131696513	131697529	1016	1016	178.00	417.00	290.12	290.00	294758.00
chr11	1776135	1776258	123	123	341.00	799.00	515.70	469.00	63431.00
chr8	11706554	11706673	119	119	794.00	1073.00	930.00	928.00	110670.00
chr11	18759426	18759511	85	85	804.00	1012.00	896.94	897.00	76240.00
chr16	61689373	61689625	252	252	71.00	118.00	94.69	96.00	23862.00
chr15	51750702	51750824	122	122	590.00	837.00	732.75	748.00	89395.00
chr9	35555056	35555698	642	642	713.00	1796.00	1226.36	1282.00	787325.00
chr2	198356200	198356621	421	421	52.00	165.00	108.19	107.00	45546.00
chr9	131001723	131001794	71	71	1504.00	1879.00	1682.49	1673.00	119457.00
chr19	5214371	5214491	120	120	5032.00	6459.00	5452.20	5310.50	654264.00
chr22	35719488	35719623	135	135	118.00	179.00	156.99	160.00	21193.00
chr12	121678738	121679829	1091	1091	48.00	200.00	98.05	90.00	106975.00
chr14	23820960	23821064	104	104	1484.00	2099.00	1809.04	1857.50	188140.00
chr1	32205710	32205779	69	69	1375.00	1680.00	1557.42	1574.00	107462.00
chr3	33420176	33420326	150	150	88.00	858.00	343.99	108.00	51599.00
chr9	114820707	114820966	259	259	181.00	306.00	234.63	230.00	60768.00
chr15	41865876	41866023	147	147	72.00	518.00	391.27	393.00	57517.00
chr19	55554308	55554637	329	329	106.00	162.00	136.57	139.00	44930.00
chr1	116933403	116933513	110	110	1666.00	2155.00	1933.29	1915.50	212662.00
chr19	15374230	15374359	129	129	545.00	962.00	762.56	772.00	98370.00
chr12	56090682	56090852	170	170	111.00	147.00	132.66	135.00	22553.00
chr14	69445668	69445876	208	208	132.00	626.00	387.60	431.50	80621.00
chr12	57603474	57603651	177	177	1150.00	1993.00	1564.98	1578.00	277002.00
chr22	32897492	32898946	1454	1454	110.00	1209.00	514.68	461.00	748342.00
chr16	16367702	16367764	62	62	29.00	560.00	280.81	298.50	17410.00
chr19	5245786	5246056	270	270	1819.00	4210.00	2795.44	2643.50	754768.00
chr16	74345440	74345829	389	389	155.00	378.00	271.64	268.00	105669.00
chr6	107096899	107097076	177	177	277.00	420.00	341.60	334.00	60463.00
chr1	29641883	29642019	136	136	314.00	400.00	354.62	349.50	48228.00
chr8	97342440	97342509	69	69	801.00	993.00	877.99	861.00	60581.00
chr8	68116914	68117054	140	140	582.00	853.00	713.66	734.50	99912.00
chr22	22037470	22037546	76	76	383.00	555.00	478.45	485.00	36362.00
chr22	50682147	50683420	1273	1273	74.00	1116.00	629.26	637.00	801045.00
chr20	44048971	44049069	98	98	491.00	650.00	588.69	595.50	57692.00
chr1	36904356	36904511	155	155	76.00	122.00	96.35	97.00	14935.00
chr12	71054719	71054877	158	158	101.00	180.00	123.68	119.00	19541.00
chr15	50654364	50655515	1151	1151	377.00	920.00	628.96	624.00	723936.00
chr2	234198499	234198620	121	121	317.00	440.00	387.12	396.00	46842.00
chr9	128001699	128001812	113	113	2390.00	2989.00	2623.06	2576.00	296406.00
chr8	38272296	38272419	123	123	395.00	621.00	524.15	528.00	64471.00
chr11	73068069	73068179	110	110	324.00	498.00	407.51	408.00	44826.00
chr16	28123137	28123327	190	190	622.00	1083.00	840.96	823.00	159782.00
chr12	49424062	49424222	160	160	180.00	414.00	281.61	261.00	45058.00
chr19	50302885	50303023	138	138	848.00	1422.00	1112.08	1022.00	153467.00
chr19	42480567	42480718	151	151	4448.00	6424.00	5546.34	5686.00	837497.00
chr3	197904395	197905301	906	906	2.00	143.00	69.96	79.00	63383.00
chr13	100189992	100190117	125	125	1008.00	1298.00	1146.96	1147.00	143370.00
chr19	14268062	14268272	210	210	1151.00	2107.00	1651.85	1642.50	346888.00
chr10	93786886	93787057	171	171	535.00	754.00	607.92	601.00	103955.00
chr1	109808726	109808828	102	102	739.00	1128.00	879.68	846.00	89727.00
chr4	134075461	134075520	59	59	1340.00	1988.00	1633.75	1649.00	96391.00
chr1	22052268	22053864	1596	1596	88.00	281.00	190.18	191.00	303524.00
chr9	140056855	140056968	113	113	715.00	1026.00	873.27	918.00	98680.00
chr19	42482087	42482224	137	137	4170.00	6109.00	4913.28	4965.00	673119.00
chr19	4556962	4557025	63	63	807.00	960.00	903.00	899.00	56889.00
chr19	14266921	14267013	92	92	1051.00	1419.00	1257.59	1282.00	115698.00
chr22	42273851	42274127	276	276	89.00	4573.00	2311.87	2620.50	638076.00
chr1	205549788	205550049	261	261	0.00	7.00	3.80	4.00	992.00
chr1	110765585	110766522	937	937	44.00	157.00	101.00	99.00	94641.00
chr19	55553595	55554158	563	563	88.00	188.00	135.66	132.00	76375.00
chr7	150929881	150931360	1479	1479	68.00	421.00	160.81	144.00	237836.00
chr3	124215157	124215260	103	103	562.00	709.00	654.37	667.00	67400.00
chr16	58220658	58220760	102	102	575.00	703.00	624.91	626.50	63741.00
chr3	10381925	10382033	108	108	483.00	678.00	609.77	621.00	65855.00
chr10	11356101	11356221	120	120	1303.00	1562.00	1410.71	1414.50	169285.00
chr22	42294652	42294785	133	133	2314.00	3479.00	3005.81	3199.00	399773.00
chr1	2005531	2005714	183	183	7.00	37.00	24.23	25.00	4434.00
chr12	113722522	113722576	54	54	49.00	61.00	55.83	57.00	3015.00
chr9	131502198	131502398	200	200	65.00	820.00	700.62	734.50	140123.00
chr19	40873602	40873786	184	184	1362.00	1728.00	1531.18	1532.50	281737.00
chr2	220162606	220162825	219	219	157.00	318.00	231.49	218.00	50697.00
chr16	28270027	28270355	328	328	0.00	8.00	3.91	4.00	1284.00
chr4	3225718	3225858	140	140	438.00	561.00	500.01	503.00	70002.00
chr17	44127898	44128070	172	172	697.00	996.00	838.59	839.00	144238.00
chr3	47462043	47462262	219	219	421.00	1009.00	616.53	561.00	135019.00
chr6	99873090	99873182	92	92	41.00	3855.00	1422.95	1211.50	130911.00
chr7	142561723	142562504	781	781	611.00	2532.00	1424.65	1379.00	1112649.00
chr1	159169540	159169666	126	126	3324.00	4575.00	4015.74	4094.00	505983.00
chr19	7606869	7606953	84	84	181.00	249.00	205.48	201.50	17260.00
chr16	2811561	2818298	6737	6737	56.00	5236.00	2981.05	2984.00	20083361.00
chr3	47450652	47450807	155	155	398.00	577.00	510.60	510.00	79143.00
chr11	118403631	118403922	291	291	473.00	685.00	564.71	565.00	164332.00
chr1	205555161	205555335	174	174	2.00	8.00	5.60	6.00	975.00
chr12	125603186	125603311	125	125	340.00	401.00	359.45	355.00	44931.00
chr11	86658288	86659498	1210	1210	195.00	569.00	350.00	347.50	423503.00
chr22	37764946	37768745	3799	3799	42.00	2570.00	1000.67	893.00	3801560.00
chr10	46345664	46346215	551	551	106.00	477.00	267.39	234.00	147330.00
chr22	33673045	33673241	196	196	512.00	1151.00	717.97	645.00	140722.00
chr9	140042599	140042666	67	67	43.00	154.00	135.94	140.00	9108.00
chr3	48717233	48717320	87	87	205.00	263.00	228.48	230.00	19878.00
chr11	60681600	60681740	140	140	36.00	366.00	187.42	169.00	26239.00
chr10	93784512	93784724	212	212	330.00	646.00	518.82	562.50	109989.00
chr12	7289424	7290372	948	948	43.00	1190.00	355.90	107.00	337395.00
chr3	132387062	132387526	464	464	96.00	208.00	168.50	171.00	78186.00
chr16	2335442	2335647	205	205	603.00	1097.00	874.41	868.00	179254.00
chr16	1794782	1797276	2494	2494	100.00	1461.00	482.32	406.50	1202904.00
chr16	3786036	3786204	168	168	1616.00	2202.00	1855.95	1802.00	311800.00
chr9	141131209	141131766	557	557	5.00	89.00	34.31	31.00	19112.00
chr14	92965028	92966015	987	987	0.00	5.00	1.13	1.00	1113.00
chr19	54692070	54692200	130	130	233.00	821.00	491.05	407.00	63836.00
chr15	43866006	43866230	224	224	194.00	365.00	260.50	262.00	58351.00
chr3	40231316	40231954	638	638	28.00	62.00	40.99	40.00	26150.00
chr3	50148937	50149455	518	518	220.00	576.00	379.88	399.00	196776.00
chr4	81117505	81117755	250	250	319.00	534.00	410.35	402.00	102587.00
chr10	46740404	46740638	234	234	43.00	384.00	249.26	277.00	58327.00
chr3	124210169	124210271	102	102	559.00	741.00	655.45	669.00	66856.00
chr11	107488830	107488932	102	102	905.00	1285.00	1105.02	1082.50	112712.00
chr9	130591965	130592106	141	141	194.00	303.00	269.89	278.00	38055.00
chr1	20981932	20982027	95	95	1442.00	1734.00	1579.98	1578.00	150098.00
chr12	75875613	75875859	246	246	9.00	24.00	16.79	19.00	4131.00
chr22	32046684	32046764	80	80	310.00	481.00	407.01	416.50	32561.00
chr11	70331418	70331658	240	240	199.00	843.00	576.17	642.50	138280.00
chr14	51079976	51080069	93	93	646.00	792.00	718.29	715.00	66801.00
chr17	80041077	80041301	224	224	1806.00	5924.00	3807.42	3874.00	852863.00
chr7	158540884	158540971	87	87	712.00	922.00	803.61	791.00	69914.00
chr1	21553651	21553719	68	68	252.00	282.00	262.09	260.00	17822.00
chr2	219206256	219206349	93	93	61.00	98.00	79.06	77.00	7353.00
chr17	18444211	18445242	1031	1031	136.00	653.00	359.66	380.00	370806.00
chr12	57599340	57599460	120	120	1333.00	1688.00	1483.55	1487.50	178026.00
chr11	64417919	64418110	191	191	1271.00	2033.00	1738.74	1825.00	332099.00
chr19	3274926	3275650	724	724	154.00	638.00	310.94	303.00	225122.00
chr16	18532086	18532305	219	219	499.00	1492.00	1011.88	1032.00	221601.00
chr17	3776702	3776756	54	54	412.00	518.00	476.46	478.00	25729.00
chr1	116932670	116933033	363	363	25.00	2675.00	1203.90	1760.00	437017.00
chr16	1505731	1505796	65	65	553.00	704.00	647.20	639.00	42068.00
chr1	9794029	9794200	171	171	3081.00	3662.00	3404.09	3384.00	582100.00
chr10	73579221	73579379	158	158	4058.00	6868.00	5117.02	5313.50	808489.00
chr11	6411684	6412146	462	462	43.00	338.00	204.82	218.00	94625.00
chr1	159163212	159163350	138	138	3152.00	4180.00	3406.42	3357.00	470086.00
chr16	1816723	1816804	81	81	947.00	1180.00	1068.88	1064.00	86579.00
chr7	91722399	91722630	231	231	131.00	1363.00	1148.88	1203.00	265392.00
chr7	44281816	44281939	123	123	752.00	1014.00	860.50	870.00	105841.00
chr2	220467189	220467297	108	108	145.00	195.00	169.41	168.00	18296.00
chr16	4494664	4494729	65	65	380.00	512.00	450.09	446.00	29256.00
chr15	34681844	34681986	142	142	58.00	1852.00	1196.44	1247.50	169895.00
chr9	139995935	139996124	189	189	342.00	629.00	510.52	533.00	96488.00
chr3	180324040	180324160	120	120	820.00	1018.00	906.78	898.50	108814.00
chr3	42678359	42681242	2883	2883	725.00	2322.00	1322.21	1272.00	3811940.00
chr7	131812776	131815333	2557	2557	541.00	2837.00	1580.53	1583.00	4041403.00
chr20	1585387	1585522	135	135	7.00	96.00	59.98	71.00	8097.00
chr3	126751229	126751442	213	213	1331.00	1609.00	1454.00	1449.00	309702.00
chr15	63920875	63921014	139	139	581.00	1050.00	778.27	786.00	108179.00
chr16	2040128	2040202	74	74	26.00	70.00	50.62	49.00	3746.00
chr9	74324174	74324390	216	216	278.00	430.00	349.45	350.00	75482.00
chr20	44521858	44521950	92	92	329.00	371.00	344.97	344.50	31737.00
chr9	139911647	139911798	151	151	427.00	555.00	493.05	496.00	74451.00
chr9	140055507	140055649	142	142	1185.00	2206.00	1718.85	1528.50	244077.00
chr12	120148055	120148191	136	136	68.00	110.00	91.39	94.00	12429.00
chr12	50474280	50474372	92	92	1094.00	1536.00	1327.32	1338.00	122113.00
chr15	63125702	63125828	126	126	229.00	397.00	296.07	299.50	37305.00
chr9	20907148	20907241	93	93	297.00	395.00	352.16	358.00	32751.00
chr16	87874655	87874761	106	106	783.00	1201.00	1024.97	998.00	108647.00
chr2	162833269	162833460	191	191	23.00	1129.00	556.92	779.00	106371.00
chr8	11704560	11704677	117	117	686.00	876.00	797.47	801.00	93304.00
chr15	63926931	63927087	156	156	839.00	1153.00	1042.72	1084.50	162665.00
chr6	31668718	31668805	87	87	851.00	977.00	889.40	884.00	77378.00
chr7	148910792	148910906	114	114	225.00	656.00	500.55	567.50	57063.00
chr14	42355808	42357213	1405	1405	141.00	342.00	216.11	214.00	303640.00
chr10	88678928	88679226	298	298	522.00	758.00	617.05	616.00	183881.00
chr3	140998219	140998346	127	127	458.00	893.00	661.06	645.00	83955.00
chr1	144859758	144859998	240	240	518.00	774.00	617.19	635.00	148125.00
chr9	96054772	96055455	683	683	234.00	946.00	594.99	624.00	406379.00
chr19	7604803	7604944	141	141	260.00	385.00	329.11	334.00	46404.00
chr12	30906277	30907432	1155	1155	114.00	641.00	383.93	392.00	443442.00
chr9	131112762	131112854	92	92	189.00	387.00	312.13	326.00	28716.00
chr20	61981328	61982379	1051	1051	160.00	608.00	334.82	307.00	351894.00
chr7	38431348	38431618	270	270	527.00	1150.00	785.38	740.00	212052.00
chr20	44521036	44521123	87	87	273.00	362.00	313.03	317.00	27234.00
chr11	64418726	64419108	382	382	1005.00	2237.00	1616.82	1665.00	617625.00
chr12	120148344	120150270	1926	1926	6.00	139.00	29.35	20.00	56524.00
chr12	6930971	6931066	95	95	11.00	984.00	481.56	420.00	45748.00
chr16	2339434	2339621	187	187	529.00	1029.00	699.19	659.00	130748.00
chr2	27700083	27700187	104	104	329.00	464.00	416.51	427.00	43317.00
chr14	69805367	69805494	127	127	322.00	521.00	421.94	419.00	53587.00
chr12	9242497	9242619	122	122	288.00	388.00	341.88	348.00	41709.00
chr3	58256658	58256791	133	133	236.00	425.00	310.81	287.00	41338.00
chr10	79744927	79745098	171	171	424.00	764.00	582.88	581.00	99673.00
chr1	159161725	159161866	141	141	2232.00	3239.00	2815.20	2959.00	396943.00
chr16	31085202	31085519	317	317	48.00	138.00	110.32	117.00	34971.00
chr1	171755018	171755218	200	200	243.00	334.00	287.64	288.50	57529.00
chr9	130988124	130989280	1156	1156	29.00	1203.00	615.07	581.00	711025.00
chr15	63127935	63127998	63	63	218.00	285.00	244.00	233.00	15372.00
chr19	1917676	1917821	145	145	66.00	785.00	571.46	622.00	82861.00
chr22	25315792	25315960	168	168	160.00	288.00	217.30	202.00	36507.00
chr2	207943790	207945085	1295	1295	500.00	1796.00	1222.57	1162.00	1583232.00
chr11	47330706	47330952	246	246	105.00	1578.00	744.02	158.00	183030.00
chr3	142743978	142746095	2117	2117	90.00	1669.00	399.89	330.00	846572.00
chr7	44839492	44839694	202	202	127.00	349.00	251.11	236.50	50725.00
chr22	31688260	31688471	211	211	21.00	321.00	211.36	260.00	44597.00
chr11	66333492	66333638	146	146	759.00	982.00	906.60	929.00	132364.00
chr9	131114916	131115026	110	110	397.00	491.00	429.78	426.00	47276.00
chr1	20206	21013	807	807	188.00	1133.00	680.67	720.00	549300.00
chr11	108216469	108216635	166	166	292.00	615.00	504.19	523.00	83695.00
chr1	209778880	209779019	139	139	55.00	95.00	77.09	80.00	10715.00
chr1	202935876	202936026	150	150	322.00	486.00	384.23	370.00	57635.00
chr12	57600255	57600524	269	269	1322.00	1683.00	1517.20	1532.00	408128.00
chr19	15233503	15233615	112	112	274.00	362.00	314.41	313.50	35214.00
chr8	68115317	68115486	169	169	663.00	920.00	821.11	824.00	138767.00
chr19	13419229	13419342	113	113	470.00	753.00	609.26	605.00	68846.00
chr6	33266815	33267130	315	315	90.00	1055.00	505.93	509.00	159369.00
chr16	89780611	89781646	1035	1035	13.00	92.00	45.47	42.00	47061.00
chr12	109964162	109964221	59	59	311.00	349.00	331.88	335.00	19581.00
chr22	24491893	24492045	152	152	291.00	643.00	432.57	424.00	65751.00
chr2	242592926	242593025	99	99	1009.00	1415.00	1159.10	1140.00	114751.00
chr1	21937944	21938074	130	130	434.00	808.00	638.12	698.00	82956.00
chr2	223789173	223789313	140	140	749.00	948.00	831.26	820.00	116376.00
chr20	3772318	3772535	217	217	12.00	55.00	35.03	35.00	7601.00
chr16	18531918	18532001	83	83	971.00	1556.00	1252.13	1261.00	103927.00
chr1	43396296	43396537	241	241	437.00	625.00	547.63	551.00	131979.00
chr2	100037960	100038115	155	155	519.00	667.00	583.19	578.00	90394.00
chr16	1500497	1500770	273	273	38.00	446.00	255.32	334.00	69703.00
chr19	40876016	40876144	128	128	1416.00	1769.00	1607.59	1626.00	205771.00
chr5	168112691	168112932	241	241	38.00	87.00	55.19	57.00	13300.00
chr2	127825738	127825831	93	93	927.00	1080.00	1013.60	1020.00	94265.00
chr1	19232015	19234990	2975	2975	17.00	297.00	101.02	89.00	300521.00
chr16	1391129	1391196	67	67	18.00	29.00	22.42	21.00	1502.00
chr6	33410665	33411689	1024	1024	40.00	2137.00	991.05	982.50	1014836.00
chr9	95872033	95872266	233	233	38.00	58.00	50.28	50.00	11715.00
chr1	53378627	53378839	212	212	30.00	76.00	62.67	64.00	13285.00
chr2	80531276	80531693	417	417	102.00	331.00	235.91	230.00	98374.00
chr7	44286718	44286791	73	73	725.00	892.00	804.84	804.00	58753.00
chr7	157369304	157369471	167	167	624.00	881.00	760.94	783.00	127077.00
chr11	18755079	18755191	112	112	87.00	1057.00	728.46	924.00	81587.00
chr6	86237979	86238080	101	101	590.00	774.00	703.52	713.00	71056.00
chr8	145000951	145001050	99	99	329.00	578.00	449.03	427.00	44454.00
chr19	45167680	45167966	286	286	83.00	189.00	134.84	133.50	38565.00
chr10	48930165	48930400	235	235	29.00	294.00	193.76	219.00	45534.00
chr16	87871450	87871547	97	97	815.00	1145.00	1023.11	1060.00	99242.00
chr1	109815454	109815649	195	195	928.00	1538.00	1167.61	1146.00	227684.00
chr1	208215442	208215711	269	269	1214.00	1802.00	1512.25	1490.00	406796.00
chr2	260866	261451	585	585	129.00	402.00	267.13	275.00	156270.00
chr5	180481266	180481724	458	458	23.00	117.00	69.17	70.00	31679.00
chr7	73119479	73119631	152	152	13.00	2294.00	959.93	23.50	145909.00
chr15	34677248	34677358	110	110	1698.00	3061.00	2406.98	2570.00	264768.00
chr16	57687114	57687247	133	133	875.00	1385.00	1172.40	1243.00	155929.00
chr15	50649406	50649592	186	186	360.00	775.00	608.00	645.00	113088.00
chr22	21071995	21072066	71	71	1459.00	2194.00	1798.20	1869.00	127672.00
chr5	179200882	179201561	679	679	247.00	746.00	582.20	597.00	395312.00
chr10	98763824	98763979	155	155	1257.00	1713.00	1452.59	1461.00	225151.00
chr14	102963315	102963457	142	142	170.00	303.00	219.92	213.50	31228.00
chr1	21932558	21933138	580	580	17.00	686.00	161.97	47.00	93940.00
chr16	28118842	28118998	156	156	769.00	1026.00	905.84	920.50	141311.00
chr1	241767561	241767881	320	320	83.00	147.00	111.34	112.00	35630.00
chr11	66812063	66812184	121	121	5.00	9.00	6.41	7.00	776.00
chr11	12248571	12248678	107	107	111.00	141.00	127.72	131.00	13666.00
chr9	130588788	130588951	163	163	109.00	270.00	197.10	211.00	32128.00
chr22	21068915	21068988	73	73	1271.00	1558.00	1433.77	1456.00	104665.00
chr1	43424304	43424531	227	227	68.00	782.00	574.95	685.00	130514.00
chr14	105852021	105853670	1649	1649	207.00	748.00	385.36	363.00	635464.00
chr15	34823469	34823579	110	110	1192.00	1622.00	1381.42	1399.50	151956.00
chr11	171365	172282	917	917	6.00	144.00	71.98	79.00	66003.00
chr22	24493976	24494155	179	179	346.00	682.00	514.09	557.00	92022.00
chr15	79291060	79291167	107	107	51.00	80.00	69.20	71.00	7404.00
chr16	2145904	2146194	290	290	126.00	187.00	155.68	155.00	45146.00
chr9	131503050	131503166	116	116	778.00	944.00	840.59	827.00	97508.00
chr11	61301983	61302579	596	596	29.00	171.00	121.84	121.00	72618.00
chr22	25308609	25308719	110	110	121.00	196.00	155.64	146.00	17120.00
chr12	63977826	63979986	2160	2160	15.00	1039.00	333.42	294.00	720191.00
chr19	46928844	46930933	2089	2089	17.00	543.00	258.99	258.00	541024.00
chr16	56969146	56969224	78	78	413.00	555.00	476.73	478.50	37185.00
chr17	40665787	40665996	209	209	92.00	2073.00	911.10	1284.00	190420.00
chr9	131669435	131671600	2165	2165	310.00	836.00	526.75	508.00	1140405.00
chr2	220164026	220164271	245	245	66.00	467.00	188.90	77.00	46280.00
chr19	7589846	7590052	206	206	177.00	413.00	269.64	262.00	55546.00
chr6	91260186	91260268	82	82	481.00	628.00	553.68	556.00	45402.00
chr9	124543742	124543830	88	88	1058.00	1333.00	1183.10	1191.00	104113.00
chr12	54071005	54071170	165	165	18.00	116.00	73.93	69.00	12198.00
chr2	40443	41212	769	769	22.00	65.00	43.62	45.00	33547.00
chr11	67852159	67852747	588	588	49.00	189.00	129.84	135.00	76347.00
chr8	8233762	8234810	1048	1048	164.00	489.00	325.83	340.50	341475.00
chr2	175671113	175672148	1035	1035	12.00	57.00	36.71	37.00	37998.00
chr7	138984922	138985438	516	516	167.00	298.00	223.06	217.00	115097.00
chr22	40816850	40817104	254	254	384.00	829.00	668.82	667.00	169881.00
chr19	14263120	14263249	129	129	918.00	1556.00	1163.22	1095.00	150055.00
chr19	16962222	16962345	123	123	575.00	1341.00	996.02	1025.00	122511.00
chr1	109813838	109813918	80	80	869.00	1144.00	977.84	952.50	78227.00
chr3	49898148	49898562	414	414	60.00	3710.00	2080.16	3107.50	861186.00
chr17	17131202	17131510	308	308	109.00	482.00	364.68	389.00	112322.00
chr1	21936067	21936139	72	72	219.00	297.00	259.01	263.50	18649.00
chr3	130424404	130424615	211	211	153.00	221.00	193.16	194.00	40757.00
chr12	56532710	56532797	87	87	158.00	191.00	173.74	173.00	15115.00
chr16	29888591	29888788	197	197	835.00	1180.00	983.72	969.00	193793.00
chr2	114394588	114396196	1608	1608	30.00	320.00	130.62	108.00	210038.00
chr3	124180736	124180803	67	67	563.00	674.00	628.75	638.00	42126.00
chr9	111798485	111798660	175	175	385.00	548.00	471.58	475.00	82526.00
chr10	73847897	73848372	475	475	30.00	450.00	159.33	138.00	75681.00
chr22	21075585	21075706	121	121	774.00	1427.00	1159.98	1222.00	140358.00
chr22	20920753	20921104	351	351	126.00	459.00	281.40	279.00	98772.00
chr9	140953020	140953185	165	165	483.00	845.00	693.16	720.00	114371.00
chr22	41620970	41621075	105	105	243.00	365.00	318.47	328.00	33439.00
chr11	6243671	6243839	168	168	299.00	442.00	364.72	369.50	61273.00
chr15	74704225	74704353	128	128	287.00	550.00	416.73	443.00	53341.00
chr3	48719780	48719985	205	205	170.00	218.00	192.93	192.00	39551.00
chr1	222833247	222833348	101	101	407.00	655.00	523.50	520.00	52873.00
chr1	6583675	6584824	1149	1149	68.00	561.00	335.31	326.00	385268.00
chr11	126135857	126135976	119	119	408.00	460.00	433.93	432.00	51638.00
chr8	75156763	75157410	647	647	151.00	337.00	247.21	256.00	159947.00
chr15	83345212	83345389	177	177	808.00	980.00	889.62	890.00	157463.00
chr14	68031638	68032561	923	923	40.00	119.00	81.31	82.00	75052.00
chr19	42479780	42479949	169	169	3465.00	5195.00	4386.05	4325.00	741242.00
chr16	31503329	31503407	78	78	730.00	1050.00	871.04	877.50	67941.00
chr17	1564564	1564700	136	136	1895.00	2678.00	2249.29	2147.00	305903.00
chr16	58717858	58718082	224	224	167.00	357.00	256.89	247.00	57544.00
chr14	71575320	71575763	443	443	355.00	722.00	546.67	561.00	242176.00
chr1	202934498	202934628	130	130	290.00	466.00	352.12	331.50	45776.00
chr7	73118477	73118586	109	109	1181.00	1556.00	1360.31	1356.00	148274.00
chr19	13365908	13366073	165	165	337.00	481.00	406.61	393.00	67090.00
chr10	102265117	102265958	841	841	166.00	393.00	250.05	235.00	210289.00
chr9	139983320	139983457	137	137	567.00	767.00	662.58	652.00	90774.00
chr18	29206245	29206347	102	102	136.00	201.00	162.35	150.00	16560.00
chr12	120578662	120578827	165	165	580.00	790.00	668.11	659.00	110238.00
chr5	757516	758226	710	710	17.00	38.00	26.74	26.00	18983.00
chr8	21632483	21632567	84	84	134.00	154.00	143.56	144.00	12059.00
chr4	54011499	54011749	250	250	113.00	272.00	178.88	178.00	44720.00
chr8	141680613	141681365	752	752	6.00	109.00	66.93	69.00	50335.00
chr11	57367351	57367850	499	499	110.00	373.00	219.04	197.00	109303.00
chr12	63980009	63980784	775	775	128.00	461.00	305.90	306.00	237070.00
chr9	140057042	140057203	161	161	43.00	1226.00	1026.17	1095.00	165214.00
chr2	7055953	7056098	145	145	22.00	36.00	29.52	30.00	4281.00
chr12	52387768	52389043	1275	1275	75.00	3747.00	1215.25	1022.00	1549446.00
chr19	50104931	50105175	244	244	172.00	877.00	333.16	217.00	81291.00
chr19	5218430	5218543	113	113	3904.00	5311.00	4757.00	4846.00	537541.00
chr16	29898969	29899138	169	169	744.00	1071.00	859.00	821.00	145171.00
chr7	99030900	99031041	141	141	126.00	202.00	163.46	157.00	23048.00
chr17	36692926	36693212	286	286	109.00	363.00	234.77	223.00	67145.00
chr15	73857770	73859335	1565	1565	82.00	452.00	245.82	250.00	384701.00
chr6	44104085	44104176	91	91	950.00	1499.00	1214.70	1204.00	110538.00
chr1	21938518	21938602	84	84	454.00	632.00	554.83	569.00	46606.00
chr19	13423482	13423595	113	113	379.00	539.00	459.10	453.00	51878.00
chr16	70292882	70293089	207	207	1007.00	1581.00	1308.52	1327.00	270864.00
chr18	61060641	61060782	141	141	305.00	378.00	343.38	345.00	48416.00
chr16	22269814	22270016	202	202	127.00	166.00	145.51	145.00	29393.00
chr1	21554423	21554534	111	111	193.00	267.00	215.95	204.00	23971.00
chr9	140057255	140057455	200	200	62.00	1312.00	942.18	1145.50	188437.00
chr7	1488255	1488397	142	142	75.00	110.00	92.92	94.00	13195.00
chr14	100166351	100166438	87	87	58.00	88.00	73.83	75.00	6423.00
chr9	101065522	101065705	183	183	404.00	670.00	532.42	538.00	97433.00
chr5	68411752	68412041	289	289	225.00	477.00	351.68	365.00	101635.00
chr1	2452539	2452754	215	215	288.00	946.00	528.78	430.00	113687.00
chr1	21564626	21564737	111	111	204.00	330.00	265.41	259.00	29460.00
chr13	42037713	42039066	1353	1353	15.00	99.00	39.73	36.00	53760.00
chr2	114350236	114350443	207	207	122.00	529.00	320.58	323.00	66360.00
chr1	21939668	21939722	54	54	523.00	637.00	572.04	575.00	30890.00
chr9	139353895	139354007	112	112	490.00	559.00	529.49	533.00	59303.00
chr7	102176367	102176618	251	251	193.00	627.00	467.32	491.00	117297.00
chr3	51411753	51412018	265	265	51.00	710.00	286.12	67.00	75823.00
chr17	73888091	73888266	175	175	76.00	138.00	108.79	111.00	19039.00
chr13	103297258	103297435	177	177	71.00	604.00	365.45	532.00	64684.00
chr15	63922664	63922834	170	170	827.00	1085.00	950.35	922.00	161559.00
chr3	33400774	33400849	75	75	640.00	891.00	765.65	731.00	57424.00
chr22	50671744	50671955	211	211	377.00	558.00	485.77	503.00	102497.00
chr1	21190968	21191205	237	237	768.00	1330.00	1105.15	1128.00	261921.00
chr5	14481649	14481727	78	78	1979.00	2283.00	2178.40	2197.50	169915.00
chr15	101605556	101606410	854	854	1.00	15.00	6.53	6.00	5577.00
chr17	80040402	80040554	152	152	2491.00	3686.00	3063.88	2914.50	465710.00
chr2	132269293	132270897	1604	1604	92.00	576.00	384.24	406.00	616315.00
chr11	1778553	1778786	233	233	653.00	1088.00	865.24	871.00	201601.00
chr11	1469616	1469808	192	192	66.00	152.00	113.39	117.00	21770.00
chr12	120138549	120138630	81	81	80.00	106.00	96.06	98.00	7781.00
chr7	901016	901101	85	85	1187.00	1551.00	1354.32	1333.00	115117.00
chr19	13372263	13372424	161	161	548.00	702.00	623.35	630.00	100359.00
chr17	40843154	40843311	157	157	58.00	98.00	73.93	71.00	11607.00
chr17	80039476	80039719	243	243	2059.00	3974.00	2998.56	2859.00	728649.00
chr17	16681109	16687365	6256	6256	119.00	1476.00	776.00	823.00	4854663.00
chr1	116935475	116935610	135	135	1723.00	2363.00	2095.53	2131.00	282897.00
chr6	128294808	128294972	164	164	513.00	1082.00	828.02	873.00	135795.00
chr5	109189927	109190617	690	690	9.00	41.00	18.11	15.00	12497.00
chr15	40757533	40757634	101	101	234.00	624.00	509.97	520.00	51507.00
chr2	220164706	220164981	275	275	327.00	598.00	446.71	428.00	122844.00
chr3	164905164	164908639	3475	3475	18.00	315.00	139.62	135.00	485183.00
chr11	60699157	60699356	199	199	697.00	2810.00	1994.71	1896.00	396947.00
chr2	96680301	96680717	416	416	40.00	86.00	58.52	57.00	24346.00
chr17	40845314	40845554	240	240	67.00	135.00	93.06	87.00	22335.00
chr12	125264513	125265391	878	878	77.00	273.00	143.16	135.50	125694.00
chr1	156623704	156624158	454	454	70.00	158.00	102.41	100.00	46494.00
chr6	108370456	108370622	166	166	332.00	586.00	456.47	459.50	75774.00
chr11	19180486	19180587	101	101	282.00	398.00	343.32	339.00	34675.00
chr19	42489069	42489338	269	269	1274.00	2984.00	2290.39	2432.00	616115.00
chr2	198274493	198274731	238	238	1634.00	2518.00	2133.09	2152.50	507676.00
chr6	47220991	47221257	266	266	478.00	930.00	722.88	721.50	192286.00
chr19	40872679	40872822	143	143	1805.00	2840.00	2397.38	2483.00	342826.00
chr19	54693278	54693627	349	349	8.00	245.00	109.89	103.00	38351.00
chr12	81929	82174	245	245	99.00	667.00	441.24	461.00	108103.00
chr21	45513943	45514114	171	171	223.00	350.00	294.88	294.00	50424.00
chr3	124201630	124201747	117	117	11.00	778.00	544.74	652.00	63734.00
chr17	79805118	79805223	105	105	1375.00	1869.00	1636.93	1694.00	171878.00
chr20	46307419	46307548	129	129	426.00	673.00	504.53	505.00	65085.00
chr17	38187790	38187873	83	83	959.00	1220.00	1069.04	1043.00	88730.00
chr2	207452814	207452878	64	64	494.00	621.00	561.42	562.50	35931.00
chr17	45695715	45695823	108	108	1907.00	2222.00	2099.89	2104.00	226788.00
chr7	44283023	44283126	103	103	800.00	898.00	848.49	848.00	87394.00
chr20	62274975	62275284	309	309	37.00	4081.00	2030.20	2923.00	627331.00
chr11	108202605	108202764	159	159	322.00	466.00	393.86	401.00	62624.00
chr9	140051314	140051489	175	175	551.00	908.00	680.20	658.00	119035.00
chr22	45574118	45574781	663	663	349.00	915.00	567.06	558.00	375964.00
chr15	79312382	79312446	64	64	49.00	63.00	56.69	57.00	3628.00
chr1	21940120	21940199	79	79	464.00	549.00	504.94	502.00	39890.00
chr17	3775847	3775921	74	74	354.00	502.00	441.36	457.00	32661.00
chr7	73133931	73134019	88	88	4.00	2506.00	731.07	451.00	64334.00
chr11	72292920	72292991	71	71	463.00	562.00	512.27	512.00	36371.00
chr7	43547616	43547730	114	114	428.00	601.00	537.39	555.00	61263.00
chr16	58713760	58714145	385	385	142.00	254.00	193.71	182.00	74577.00
chr22	21083600	21083794	194	194	911.00	1268.00	1073.95	1070.00	208347.00
chr11	66457275	66457414	139	139	1184.00	1703.00	1387.01	1343.00	192794.00
chr15	91561034	91561115	81	81	227.00	281.00	252.94	247.00	20488.00
chr11	2968525	2969001	476	476	124.00	284.00	224.26	227.00	106750.00
chr19	34869838	34869910	72	72	2263.00	2844.00	2437.96	2386.00	175533.00
chr9	121970996	121971219	223	223	266.00	343.00	310.48	314.00	69238.00
chr3	47449772	47449980	208	208	127.00	751.00	533.30	667.00	110927.00
chr12	57601820	57601999	179	179	1528.00	3405.00	2384.44	2264.00	426815.00
chr16	2345590	2345741	151	151	775.00	1081.00	974.26	999.00	147113.00
chr12	50471782	50471910	128	128	973.00	1404.00	1200.52	1200.00	153667.00
chr1	109814221	109814344	123	123	1043.00	1786.00	1531.36	1618.00	188357.00
chr19	16942304	16942458	154	154	549.00	786.00	686.43	705.00	105710.00
chr11	66333301	66333398	97	97	720.00	964.00	814.08	789.00	78966.00
chr5	74026084	74026223	139	139	335.00	498.00	421.81	429.00	58632.00
chr5	68417520	68417722	202	202	250.00	402.00	357.97	368.00	72310.00
chr19	15272262	15272525	263	263	113.00	348.00	207.64	169.00	54609.00
chr3	45872404	45872482	78	78	290.00	350.00	317.87	316.50	24794.00
chr7	73123374	73123452	78	78	2505.00	3248.00	2985.22	3091.50	232847.00
chr5	14498197	14498360	163	163	2160.00	2868.00	2554.06	2568.00	416312.00
chr14	93180167	93180230	63	63	315.00	409.00	358.76	355.00	22602.00
chr9	130984739	130984875	136	136	1259.00	1897.00	1546.24	1405.50	210288.00
chr13	31216764	31216894	130	130	247.00	385.00	324.01	319.50	42121.00
chr12	112614399	112614506	107	107	765.00	1799.00	1631.78	1653.00	174600.00
chr12	57602865	57602982	117	117	1899.00	2822.00	2312.82	2251.00	270600.00
chr14	72976861	72976987	126	126	120.00	201.00	149.84	140.00	18880.00
chr1	155209406	155209553	147	147	123.00	220.00	154.78	139.00	22753.00
chr10	49633930	49634113	183	183	1983.00	2635.00	2346.60	2363.00	429427.00
chr16	84100093	84100218	125	125	1006.00	1234.00	1103.58	1107.00	137947.00
chr1	155207924	155208097	173	173	79.00	637.00	346.58	241.00	59958.00
chr12	2786898	2787033	135	135	118.00	259.00	184.68	175.00	24932.00
chr2	233755457	233756197	740	740	34.00	392.00	163.35	125.00	120876.00
chr14	60631894	60632099	205	205	211.00	640.00	490.38	543.00	100527.00
chr1	11151549	11151654	105	105	843.00	1192.00	976.53	956.00	102536.00
chr4	134076071	134076178	107	107	1339.00	2035.00	1769.38	1782.00	189324.00
chr15	91420364	91420441	77	77	491.00	568.00	527.79	527.00	40640.00
chr5	114961533	114961755	222	222	52.00	304.00	204.36	229.00	45367.00
chr16	1814047	1814211	164	164	85.00	1251.00	630.02	899.00	103323.00
chr18	44250463	44252581	2118	2118	77.00	317.00	193.21	195.00	409215.00
chr6	158049380	158049518	138	138	63.00	97.00	80.74	83.00	11142.00
chr19	7675585	7675679	94	94	814.00	953.00	892.55	908.00	83900.00
chr13	99461604	99461719	115	115	69.00	1111.00	830.81	815.00	95543.00
chr11	130010829	130011467	638	638	78.00	3486.00	545.89	202.00	348279.00
chr11	107526658	107526792	134	134	1744.00	2510.00	2062.98	2021.00	276439.00
chr16	1391294	1391490	196	196	8.00	19.00	12.18	12.00	2387.00
chr1	38182716	38184158	1442	1442	11.00	161.00	85.64	86.00	123492.00
chr5	179231023	179231323	300	300	73.00	135.00	107.64	108.00	32292.00
chr14	69814593	69814719	126	126	326.00	426.00	384.53	384.00	48451.00
chr14	69349174	69349309	135	135	381.00	526.00	459.13	456.00	61983.00
chr19	7614792	7614998	206	206	407.00	488.00	452.17	458.00	93147.00
chr1	228270375	228270466	91	91	5.00	5095.00	1415.14	578.00	128778.00
chr1	38186022	38186315	293	293	17.00	67.00	43.19	49.00	12654.00
chr13	77641715	77641999	284	284	896.00	1323.00	1112.00	1134.50	315807.00
chr14	100157417	100157498	81	81	31.00	65.00	44.19	42.00	3579.00
chr13	32978280	32979333	1053	1053	28.00	147.00	68.61	65.00	72249.00
chr12	7301567	7301794	227	227	830.00	1118.00	1005.37	1011.00	228219.00
chr9	123583116	123583257	141	141	277.00	383.00	320.70	313.00	45218.00
chr17	26883183	26883284	101	101	302.00	402.00	348.50	344.00	35198.00
chr12	6972993	6973137	144	144	512.00	791.00	653.26	672.50	94069.00
chr20	34322310	34322637	327	327	44.00	99.00	66.39	64.00	21711.00
chr19	7606407	7606570	163	163	226.00	393.00	313.69	329.00	51132.00
chr16	2333186	2333373	187	187	56.00	973.00	742.32	863.00	138813.00
chr12	113825548	113825711	163	163	174.00	424.00	290.75	278.00	47393.00
chr7	4802013	4807749	5736	5736	29.00	724.00	287.64	276.00	1649903.00
chr1	43394880	43394985	105	105	619.00	867.00	762.11	824.00	80022.00
chr19	4554399	4554488	89	89	512.00	738.00	648.06	670.00	57677.00
chr16	31719139	31719372	233	233	114.00	175.00	142.39	138.00	33176.00
chr5	134060669	134061744	1075	1075	138.00	308.00	216.45	214.00	232689.00
chr1	202936318	202936371	53	53	21.00	339.00	180.64	189.00	9574.00
chr2	220087366	220087615	249	249	317.00	502.00	412.96	413.00	102828.00
chr2	36764494	36764689	195	195	258.00	374.00	329.37	327.00	64227.00
chr7	43519208	43519343	135	135	522.00	937.00	769.75	765.00	103916.00
chr10	51249585	51249993	408	408	18.00	182.00	98.68	95.50	40261.00
chr6	32123647	32123755	108	108	743.00	1090.00	844.54	827.00	91210.00
chr3	118624442	118624692	250	250	12.00	103.00	53.50	25.00	13375.00
chr1	190129797	190130020	223	223	126.00	167.00	142.57	142.00	31794.00
chr9	131004491	131004624	133	133	37.00	1916.00	1497.15	1724.00	199121.00
chr22	33679187	33679334	147	147	521.00	602.00	548.21	545.00	80587.00
chr15	74709931	74710016	85	85	444.00	1026.00	616.26	518.00	52382.00
chr7	6470110	6470238	128	128	182.00	229.00	206.07	206.50	26377.00
chr1	6640600	6641359	759	759	157.00	413.00	265.00	263.00	201132.00
chr16	31510622	31510728	106	106	533.00	685.00	628.25	640.00	66595.00
chr4	103710287	103711803	1516	1516	20.00	62.00	36.34	36.00	55091.00
chr19	2862339	2862746	407	407	47.00	123.00	81.86	81.00	33317.00
chr2	15467873	15467994	121	121	348.00	519.00	427.74	429.00	51757.00
chr2	36780721	36781492	771	771	55.00	139.00	91.64	95.00	70655.00
chr10	81070680	81070941	261	261	1425.00	2351.00	1836.39	1809.00	479299.00
chr2	217234866	217235986	1120	1120	532.00	1595.00	910.92	852.50	1020231.00
chr10	93786348	93786508	160	160	298.00	760.00	508.85	524.50	81416.00
chr17	20268785	20269076	291	291	45.00	166.00	109.74	114.00	31934.00
chr9	131002006	131002062	56	56	18.00	1939.00	1640.66	1733.00	91877.00
chr1	155208307	155208441	134	134	234.00	631.00	397.42	363.50	53254.00
chr2	162833877	162834373	496	496	19.00	780.00	96.64	45.00	47931.00
chr9	35799614	35799728	114	114	337.00	442.00	384.04	385.00	43780.00
chr20	62517856	62519234	1378	1378	105.00	620.00	323.02	321.00	445127.00
chr22	35942847	35943127	280	280	13.00	70.00	47.51	50.00	13302.00
chr13	26436438	26436546	108	108	517.00	643.00	571.31	563.00	61701.00
chr14	69371371	69371453	82	82	355.00	644.00	478.73	448.00	39256.00
chr7	44031274	44031581	307	307	64.00	458.00	260.88	225.00	80090.00
chr11	12274988	12275291	303	303	8.00	57.00	31.51	33.00	9548.00
chr5	1334403	1334498	95	95	530.00	650.00	604.52	608.00	57429.00
chr19	34868639	34868786	147	147	2479.00	3538.00	2978.98	2938.00	437910.00
chr16	1815960	1816143	183	183	725.00	1212.00	910.06	869.00	166541.00
chr10	73578787	73578868	81	81	4563.00	5585.00	5008.79	4957.00	405712.00
chr17	37420427	37420640	213	213	323.00	418.00	373.80	373.00	79619.00
chr5	60835422	60835586	164	164	481.00	687.00	574.65	569.00	94242.00
chr15	79296143	79296517	374	374	56.00	88.00	71.17	70.00	26618.00
chr19	13039568	13039661	93	93	1303.00	1992.00	1736.88	1836.00	161530.00
chr12	49421585	49421713	128	128	692.00	1123.00	961.07	946.00	123017.00
chr1	1661057	1662583	1526	1526	126.00	2710.00	934.98	766.00	1426779.00
chr2	207457340	207457460	120	120	514.00	663.00	605.10	616.00	72612.00
chr11	64542462	64543441	979	979	131.00	400.00	304.58	306.00	298180.00
chr20	61910250	61910347	97	97	606.00	768.00	680.63	674.00	66021.00
chr11	62394042	62394156	114	114	815.00	1306.00	1068.28	1109.00	121784.00
chr5	37301538	37301652	114	114	242.00	313.00	284.23	287.50	32402.00
chr16	4733843	4733933	90	90	650.00	747.00	700.27	704.00	63024.00
chr15	43693913	43694048	135	135	344.00	420.00	388.53	388.00	52451.00
chr11	18764538	18764622	84	84	532.00	649.00	606.21	609.50	50922.00
chr17	57842331	57842499	168	168	508.00	706.00	616.62	626.00	103592.00
chr9	96076729	96078064	1335	1335	160.00	466.00	255.67	242.00	341322.00
chr11	12246219	12246367	148	148	72.00	121.00	96.26	93.00	14247.00
chr12	7030743	7031565	822	822	66.00	6615.00	2218.47	142.00	1823580.00
chr3	14523178	14523349	171	171	127.00	311.00	230.21	235.00	39366.00
chr5	758508	759483	975	975	10.00	58.00	29.25	28.00	28515.00
chr12	22635490	22635677	187	187	690.00	893.00	808.87	819.00	151259.00
chr5	14479369	14479459	90	90	2399.00	2751.00	2574.73	2559.00	231726.00
chr6	143655214	143656079	865	865	42.00	105.00	66.72	61.00	57712.00
chr7	75508360	75508578	218	218	24.00	827.00	559.70	677.50	122014.00
chr11	60697981	60698131	150	150	1258.00	1668.00	1469.77	1449.00	220465.00
chr1	151400598	151400889	291	291	1505.00	3391.00	2433.42	2613.00	708126.00
chr5	172196431	172197309	878	878	41.00	1171.00	332.07	100.00	291559.00
chr3	49152660	49152794	134	134	454.00	641.00	532.68	517.00	71379.00
chr7	5518281	5519950	1669	1669	51.00	263.00	161.85	159.00	270133.00
chr17	16691106	16691449	343	343	218.00	988.00	535.48	611.00	183669.00
chr2	220086993	220087172	179	179	292.00	450.00	374.21	368.00	66984.00
chr10	51746916	51748006	1090	1090	11.00	953.00	288.69	194.50	314676.00
chr12	7302118	7302289	171	171	1022.00	1281.00	1143.48	1132.00	195535.00
chr11	59562844	59562955	111	111	128.00	287.00	206.40	223.00	22910.00
chr12	6100984	6101184	200	200	33.00	93.00	51.97	42.00	10393.00
chr19	5683274	5683627	353	353	102.00	334.00	238.33	242.00	84131.00
chr12	2786259	2786387	128	128	146.00	245.00	191.32	197.00	24489.00
chr15	26812727	26812880	153	153	1064.00	1764.00	1289.86	1228.00	197349.00
chr1	149007980	149008798	818	818	0.00	2.00	0.67	1.00	549.00
chr19	54965608	54965861	253	253	583.00	1614.00	1067.15	1004.00	269988.00
chr8	27293259	27293310	51	51	166.00	215.00	190.31	188.00	9706.00
chr15	23014437	23014528	91	91	429.00	807.00	646.59	643.00	58840.00
chr1	111717500	111717585	85	85	297.00	524.00	431.51	460.00	36678.00
chr6	150157220	150157433	213	213	370.00	487.00	437.33	438.00	93152.00
chr13	114566547	114566670	123	123	86.00	324.00	173.68	153.00	21363.00
chr16	58539291	58539605	314	314	21.00	384.00	252.18	269.50	79183.00
chr1	21936612	21936768	156	156	236.00	824.00	461.50	454.50	71994.00
chr1	17322880	17322991	111	111	627.00	1113.00	891.23	973.00	98926.00
chr11	60699455	60699599	144	144	1704.00	2949.00	2206.15	1992.00	317685.00
chr5	6749669	6749770	101	101	552.00	666.00	594.34	584.00	60028.00
chr16	2156805	2156949	144	144	997.00	1472.00	1235.78	1230.50	177953.00
chr15	34690834	34690930	96	96	181.00	1271.00	546.09	401.00	52425.00
chr3	11074933	11075425	492	492	37.00	722.00	165.36	68.50	81357.00
chr5	74655222	74655381	159	159	1764.00	2805.00	2192.02	2229.00	348531.00
chr20	20022968	20023160	192	192	659.00	1328.00	899.43	807.00	172690.00
chr2	39055481	39055578	97	97	354.00	402.00	380.14	381.00	36874.00
chr19	16793231	16793528	297	297	31.00	122.00	64.36	60.00	19114.00
chr2	219205450	219205509	59	59	72.00	104.00	88.56	91.00	5225.00
chr17	74087429	74087729	300	300	140.00	598.00	412.17	405.00	123651.00
chr3	184058150	184060036	1886	1886	35.00	621.00	172.59	124.00	325509.00
chr6	90333128	90333263	135	135	243.00	347.00	293.99	298.00	39689.00
chr12	125267019	125267429	410	410	105.00	199.00	145.36	136.00	59597.00
chr1	207942580	207943104	524	524	94.00	592.00	414.49	436.00	217193.00
chr4	89356876	89357043	167	167	36.00	55.00	45.19	45.00	7547.00
chr7	101995498	101995736	238	238	189.00	1123.00	523.01	421.00	124477.00
chr3	11067458	11067562	104	104	525.00	795.00	680.08	693.50	70728.00
chr5	95734582	95734740	158	158	10.00	28.00	21.59	23.00	3412.00
chr6	152529106	152529341	235	235	380.00	642.00	504.77	483.00	118620.00
chr5	102295578	102295763	185	185	442.00	607.00	540.96	561.00	100078.00
chr22	21072980	21073110	130	130	1022.00	2143.00	1560.81	1547.50	202905.00
chr12	121855306	121855714	408	408	437.00	1031.00	602.56	555.50	245846.00
chr1	160326389	160326544	155	155	544.00	712.00	620.97	616.00	96251.00
chr11	60670930	60671007	77	77	1029.00	1215.00	1107.95	1094.00	85312.00
chr17	79804822	79804948	126	126	1764.00	2291.00	2017.98	2018.00	254265.00
chr16	18527204	18527332	128	128	693.00	1316.00	1060.40	1071.00	135731.00
chr16	16372518	16372646	128	128	787.00	1394.00	1160.61	1176.50	148558.00
chr2	32750530	32750695	165	165	485.00	634.00	541.20	531.00	89298.00
chr14	69369193	69369279	86	86	560.00	747.00	651.67	660.00	56044.00
chr7	66418212	66418356	144	144	555.00	942.00	771.57	769.00	111106.00
chr6	44107988	44108097	109	109	926.00	1204.00	1048.40	1058.00	114276.00
chr7	70885893	70886091	198	198	455.00	994.00	673.28	574.00	133310.00
chr8	27295281	27295397	116	116	164.00	218.00	187.17	184.00	21712.00
chr7	73122918	73123018	100	100	2280.00	2944.00	2566.70	2564.00	256670.00
chr15	34698874	34699071	197	197	1111.00	1505.00	1307.78	1322.00	257632.00
chr8	22009343	22009513	170	170	4.00	19.00	10.32	7.00	1755.00
chr7	1526557	1526737	180	180	274.00	646.00	464.12	506.00	83541.00
chr5	178053946	178054065	119	119	15.00	1076.00	458.08	384.00	54511.00
chr12	6103027	6103369	342	342	40.00	96.00	61.65	63.00	21085.00
chr2	3479491	3480482	991	991	112.00	313.00	176.14	157.00	174556.00
chr3	33883388	33883566	178	178	702.00	895.00	792.90	778.00	141136.00
chr19	11019778	11019883	105	105	1232.00	1627.00	1440.27	1467.00	151228.00
chr7	98446205	98446318	113	113	502.00	1025.00	793.99	873.00	89721.00
chr8	106813274	106813932	658	658	81.00	193.00	148.66	148.00	97820.00
chr2	223795338	223795530	192	192	1016.00	1486.00	1174.00	1150.00	225408.00
chr7	75511146	75511554	408	408	432.00	1016.00	711.03	689.00	290099.00
chr21	40184926	40185038	112	112	76.00	140.00	115.35	122.00	12919.00
chr19	53383575	53385236	1661	1661	220.00	769.00	533.20	533.00	885648.00
chr19	14208130	14208295	165	165	18.00	1230.00	741.78	949.00	122393.00
chr15	91461013	91461618	605	605	161.00	915.00	393.57	219.00	238108.00
chr8	145278010	145278133	123	123	181.00	242.00	208.64	204.00	25663.00
chr16	28132990	28133083	93	93	717.00	1118.00	876.39	881.00	81504.00
chr11	125280091	125280221	130	130	251.00	312.00	285.29	287.00	37088.00
chr15	63128089	63128317	228	228	17.00	312.00	223.63	266.00	50987.00
chr9	131181435	131181557	122	122	3.00	69.00	59.55	61.00	7265.00
chr19	3281196	3281343	147	147	1702.00	2315.00	1997.08	1996.00	293571.00
chr11	6240200	6240280	80	80	284.00	379.00	331.52	337.00	26522.00
chr20	31019123	31019287	164	164	659.00	798.00	737.26	741.00	120910.00
chr6	46825865	46827260	1395	1395	63.00	141.00	98.71	98.00	137699.00
chr12	1672006	1672666	660	660	18.00	115.00	48.58	40.50	32066.00
chr12	9098824	9099001	177	177	484.00	672.00	559.15	548.00	98970.00
chr7	121738503	121738630	127	127	190.00	267.00	221.67	218.00	28152.00
chr19	40875814	40875935	121	121	1134.00	1559.00	1347.14	1334.00	163004.00
chr20	3581592	3581671	79	79	450.00	675.00	585.81	623.00	46279.00
chr17	7226965	7227042	77	77	453.00	544.00	491.79	476.00	37868.00
chr2	74331800	74332809	1009	1009	367.00	1069.00	555.09	505.00	560090.00
chr1	209785136	209785610	474	474	10.00	84.00	56.25	61.00	26664.00
chr9	35546426	35548532	2106	2106	641.00	1845.00	1098.55	1048.00	2313538.00
chr17	80040198	80040290	92	92	2482.00	3152.00	2678.09	2598.00	246384.00
chr11	73074791	73075284	493	493	83.00	484.00	238.58	174.00	117619.00
chr20	44674976	44675075	99	99	101.00	160.00	134.77	134.00	13342.00
chr20	5892091	5892328	237	237	88.00	554.00	384.23	456.00	91062.00
chr17	20316581	20317594	1013	1013	75.00	359.00	194.33	176.00	196854.00
chr12	99478702	99478801	99	99	571.00	695.00	647.54	649.00	64106.00
chr17	40842756	40842960	204	204	76.00	127.00	104.28	106.00	21273.00
chr11	107501142	107501288	146	146	1285.00	1644.00	1455.40	1458.50	212488.00
chr11	85429236	85429532	296	296	2.00	11.00	5.33	5.00	1577.00
chr20	9449217	9449319	102	102	288.00	415.00	343.28	348.00	35015.00
chr14	23371395	23371591	196	196	575.00	981.00	789.04	803.50	154651.00
chr7	716865	716957	92	92	1780.00	2491.00	2252.92	2288.50	207269.00
chr10	48862360	48862682	322	322	0.00	10.00	4.28	4.00	1377.00
chr10	68686678	68688210	1532	1532	145.00	392.00	239.32	228.00	366643.00
chr5	179674854	179674926	72	72	299.00	408.00	351.10	341.50	25279.00
chr1	209773327	209773456	129	129	54.00	94.00	75.89	80.00	9790.00
chr17	45691034	45691091	57	57	1656.00	2139.00	1895.72	1845.00	108056.00
chr1	19669871	19670118	247	247	129.00	224.00	167.54	159.00	41383.00
chr17	45664025	45664710	685	685	163.00	2451.00	688.79	503.00	471821.00
chr19	2337634	2338840	1206	1206	107.00	529.00	262.08	245.50	316069.00
chr8	22011480	22011552	72	72	16.00	22.00	18.18	18.00	1309.00
