#chrom	start	end	size	num_data	min	max	mean	median	sum
chr12	1940100	1940691	591	591	0.00	2.00	0.54	0.00	320.00
chr1	27480473	27481381	908	908	4.00	26.00	12.57	11.00	11411.00
chr15	63112684	63112809	125	125	86.00	126.00	105.14	102.00	13142.00
chr5	149231737	149232254	517	517	0.00	5.00	2.27	2.00	1172.00
chr5	140865429	140867182	1753	1753	0.00	18.00	7.22	7.00	12659.00
chr1	32209793	32209958	165	165	82.00	139.00	109.48	109.00	18064.00
chr16	87873307	87873431	124	124	50.00	88.00	69.47	70.00	8614.00
chr17	34157438	34158175	737	737	12.00	37.00	25.85	27.00	19054.00
chr2	127815619	127816088	469	469	79.00	303.00	178.53	161.00	83729.00
chr1	208212965	208213112	147	147	0.00	5.00	2.21	2.00	325.00
chr22	19703883	19704666	783	783	1.00	12.00	6.96	7.00	5449.00
chr16	87872319	87872423	104	104	56.00	86.00	69.95	67.50	7275.00
chr9	140055740	140055868	128	128	28.00	40.00	34.01	34.00	4353.00
chr22	21096515	21096643	128	128	51.00	86.00	62.66	60.00	8020.00
chr9	140056321	140056540	219	219	0.00	50.00	28.26	35.00	6188.00
chr11	78379981	78380253	272	272	2.00	6.00	3.83	4.00	1042.00
chr3	11070420	11070533	113	113	327.00	406.00	371.72	372.00	42004.00
chr1	109812554	109813222	668	668	15.00	643.00	240.06	247.00	160360.00
chr2	220161954	220162155	201	201	7.00	23.00	17.27	19.00	3472.00
chr15	74706887	74707086	199	199	145.00	211.00	173.58	173.00	34543.00
chr17	7318829	7319426	597	597	90.00	246.00	179.62	187.00	107232.00
chr1	21560050	21560154	104	104	82.00	102.00	91.22	92.00	9487.00
chr1	25573799	25573952	153	153	22.00	1026.00	689.73	747.00	105529.00
chr14	93198993	93199160	167	167	105.00	170.00	145.92	151.00	24369.00
chr1	205554003	205554119	116	116	21.00	33.00	27.38	28.00	3176.00
chr1	9795005	9795232	227	227	400.00	538.00	464.30	456.00	105396.00
chr17	42426525	42426670	145	145	117.00	221.00	188.02	197.00	27263.00
chr18	70205887	70206179	292	292	0.00	7.00	1.94	0.00	566.00
chr1	205553082	205553251	169	169	21.00	37.00	29.06	29.00	4911.00
chr9	140056623	140056766	143	143	0.00	36.00	22.23	26.00	3179.00
chr6	33412147	33412394	247	247	0.00	30.00	15.23	21.00	3761.00
chr12	89992366	89992547	181	181	0.00	27.00	18.12	20.00	3280.00
chr2	220088827	220089576	749	749	92.00	200.00	145.14	151.00	108708.00
chr14	100763073	100765222	2149	2149	40.00	281.00	142.05	143.00	305260.00
chr1	110740697	110742543	1846	1846	0.00	20.00	10.30	11.00	19010.00
chr1	149878201	149879758	1557	1557	2.00	182.00	47.25	11.00	73563.00
chr3	197264139	197265259	1120	1120	0.00	20.00	7.46	7.00	8352.00
chr8	56449623	56450530	907	907	0.00	6.00	2.79	2.00	2530.00
chr9	139354208	139354326	118	118	63.00	81.00	72.66	74.00	8574.00
chr1	32204908	32205236	328	328	98.00	161.00	131.42	130.00	43107.00
chr7	75608768	75608897	129	129	81.00	134.00	105.27	109.00	13580.00
chr19	45161029	45161178	149	149	15.00	25.00	21.03	22.00	3133.00
chr19	5243911	5244493	582	582	71.00	244.00	126.00	106.00	73330.00
chr6	32119585	32119717	132	132	5.00	136.00	66.42	60.00	8768.00
chr3	42670878	42672067	1189	1189	4.00	58.00	18.19	18.00	21622.00
chr11	45892392	45892485	93	93	28.00	55.00	42.71	44.00	3972.00
chr17	80040789	80040991	202	202	434.00	560.00	492.10	495.50	99405.00
chr2	74902875	74903036	161	161	10.00	19.00	13.97	14.00	2249.00
chr17	38335969	38337946	1977	1977	0.00	10.00	3.12	2.00	6167.00
chr16	87870103	87870253	150	150	41.00	66.00	52.83	54.00	7924.00
chr1	32205947	32206142	195	195	77.00	116.00	97.76	98.00	19063.00
chr6	44117553	44117702	149	149	17.00	216.00	127.03	143.00	18928.00
chr1	159163659	159163830	171	171	23.00	34.00	27.58	28.00	4717.00
chr3	445565	446023	458	458	0.00	13.00	3.92	4.00	1797.00
chr2	25048913	25048995	82	82	106.00	152.00	136.96	138.00	11231.00
chr10	99504485	99504672	187	187	53.00	97.00	67.74	66.00	12668.00
chr4	54364807	54365010	203	203	0.00	4.00	1.66	2.00	336.00
chr17	1634367	1634552	185	185	40.00	104.00	75.29	73.00	13928.00
chr7	72416124	72416247	123	123	69.00	88.00	78.36	78.00	9638.00
chr1	208212169	208212329	160	160	1.00	5.00	2.40	2.00	384.00
chr9	140952500	140952702	202	202	1.00	3.00	1.53	1.00	310.00
chr6	44197325	44197528	203	203	24.00	63.00	49.71	50.00	10091.00
chr6	44197643	44198218	575	575	4.00	32.00	12.96	10.00	7450.00
chr11	118981972	118982084	112	112	51.00	106.00	71.96	66.00	8059.00
chr5	150503846	150503952	106	106	2.00	149.00	92.30	110.00	9784.00
chr11	118981761	118981878	117	117	99.00	128.00	114.56	116.00	13403.00
chr11	126314873	126315000	127	127	108.00	136.00	121.71	122.00	15457.00
chr1	159165808	159166244	436	436	0.00	36.00	5.86	1.00	2557.00
chr7	134893542	134893750	208	208	21.00	58.00	42.00	49.00	8737.00
chr9	121976196	121976433	237	237	12.00	26.00	18.15	18.00	4302.00
chr19	54691042	54691169	127	127	54.00	121.00	85.98	82.00	10920.00
chr22	38621430	38621600	170	170	207.00	548.00	368.96	386.00	62723.00
chr13	42035681	42036205	524	524	40.00	110.00	79.17	79.00	41486.00
chr20	1915360	1915413	53	53	15.00	572.00	415.42	512.00	22017.00
chr5	14496987	14497126	139	139	21.00	40.00	29.82	29.00	4145.00
chr12	56528125	56528212	87	87	56.00	77.00	64.41	63.00	5604.00
chr3	47466974	47467101	127	127	77.00	131.00	107.45	106.00	13646.00
chr17	7415476	7415663	187	187	138.00	196.00	162.07	160.00	30308.00
chr3	33588037	33589252	1215	1215	16.00	65.00	40.06	39.00	48667.00
chr7	887833	888615	782	782	15.00	49.00	28.09	26.00	21965.00
chr10	24813251	24813693	442	442	1.00	17.00	9.22	9.00	4077.00
chr1	109812045	109812213	168	168	219.00	527.00	326.03	270.50	54773.00
chr19	15276597	15276902	305	305	14.00	39.00	23.29	22.00	7103.00
chr16	2334779	2334999	220	220	74.00	129.00	109.80	112.00	24157.00
chr16	68404761	68405261	500	500	0.00	14.00	4.51	4.00	2257.00
chr4	110969111	110969871	760	760	12.00	46.00	24.73	23.00	18796.00
chr1	145693161	145693996	835	835	3.00	65.00	24.06	20.00	20092.00
chr7	44282848	44282932	84	84	21.00	31.00	26.88	27.00	2258.00
chr2	220164315	220164508	193	193	0.00	13.00	4.62	1.00	891.00
chr12	50472203	50472360	157	157	83.00	113.00	98.81	99.00	15513.00
chr2	220163768	220163833	65	65	10.00	16.00	13.78	14.00	896.00
chr2	222289928	222290862	934	934	1.00	10.00	5.47	6.00	5107.00
chr12	57599133	57599268	135	135	141.00	194.00	170.44	171.00	23009.00
chr7	157475416	157475629	213	213	9.00	24.00	15.14	15.00	3224.00
chr1	32203800	32203927	127	127	71.00	130.00	101.98	108.00	12951.00
chr1	109811731	109811912	181	181	315.00	620.00	500.35	534.00	90564.00
chr9	140052830	140052975	145	145	12.00	53.00	34.68	39.00	5028.00
chr2	220161706	220161854	148	148	20.00	35.00	27.71	28.00	4101.00
chr16	29896906	29897070	164	164	97.00	196.00	158.96	164.00	26069.00
chr16	47143393	47143622	229	229	2.00	11.00	6.86	8.00	1570.00
chr11	993753	993985	232	232	72.00	150.00	103.56	95.00	24027.00
chr9	124059698	124061137	1439	1439	78.00	451.00	239.39	212.00	344485.00
chr9	140350140	140350634	494	494	8.00	38.00	20.57	20.00	10161.00
chr11	14504577	14504697	120	120	74.00	155.00	106.12	100.00	12734.00
chr3	49898612	49898733	121	121	12.00	28.00	20.92	23.00	2531.00
chr9	131811659	131811777	118	118	55.00	88.00	66.84	65.00	7887.00
chr9	131810705	131810818	113	113	81.00	109.00	95.22	95.00	10760.00
chr1	223400935	223401080	145	145	5.00	13.00	10.01	10.00	1452.00
chr12	125612185	125612820	635	635	0.00	33.00	5.98	3.00	3795.00
chr2	220088590	220088744	154	154	123.00	179.00	154.26	154.50	23756.00
chr9	70888487	70888750	263	263	3.00	19.00	10.51	11.00	2764.00
chr14	69813756	69813898	142	142	3.00	10.00	6.58	7.00	934.00
chr2	47399145	47399890	745	745	14.00	407.00	66.11	69.00	49251.00
chr11	62688689	62689041	352	352	0.00	6.00	1.56	0.00	549.00
chr6	43745205	43745407	202	202	5.00	41.00	33.32	33.00	6730.00
chr3	11072492	11072997	505	505	13.00	583.00	152.08	59.00	76800.00
chr7	2696031	2696168	137	137	47.00	69.00	59.36	60.00	8132.00
chr16	14969196	14969279	83	83	378.00	599.00	509.20	537.00	42264.00
chr17	7377847	7378026	179	179	4.00	8.00	6.12	6.00	1096.00
chr12	65639640	65639719	79	79	51.00	107.00	74.81	72.00	5910.00
chr12	50294912	50295108	196	196	720.00	1506.00	995.80	967.50	195176.00
chr19	42485653	42485788	135	135	44.00	88.00	73.15	77.00	9875.00
chr10	99509230	99509343	113	113	69.00	110.00	85.08	83.00	9614.00
chr22	38883877	38888120	4243	4243	165.00	2261.00	879.42	869.00	3731369.00
chr12	49416372	49416658	286	286	80.00	174.00	115.79	107.00	33116.00
chr6	24843089	24843782	693	693	0.00	5.00	2.48	3.00	1719.00
chr5	176295561	176295665	104	104	1.00	7.00	4.44	5.50	462.00
chr10	99510087	99510227	140	140	91.00	127.00	106.75	107.00	14945.00
chr1	159173658	159174770	1112	1112	0.00	6.00	1.03	0.00	1146.00
chr11	1780745	1780869	124	124	1152.00	1598.00	1395.45	1375.50	173036.00
chr19	42486059	42486258	199	199	49.00	75.00	63.97	64.00	12731.00
chr3	47465422	47465535	113	113	92.00	181.00	127.75	120.00	14436.00
chr1	21573713	21573856	143	143	72.00	95.00	80.10	80.00	11455.00
chr11	65320330	65320453	123	123	226.00	332.00	301.47	307.00	37081.00
chr3	47462420	47462519	99	99	204.00	257.00	236.40	238.00	23404.00
chr2	219204751	219204864	113	113	2.00	8.00	4.39	4.00	496.00
chr1	43906123	43906257	134	134	47.00	75.00	57.29	53.00	7677.00
chr7	38785158	38785840	682	682	13.00	145.00	35.35	28.00	24111.00
chr2	153499932	153500058	126	126	34.00	53.00	41.43	40.00	5220.00
chr1	32203011	32203132	121	121	4.00	109.00	76.26	85.00	9227.00
chr22	42290823	42290941	118	118	235.00	383.00	313.07	319.50	36942.00
chr19	47940718	47940818	100	100	17.00	24.00	20.42	21.00	2042.00
chr4	119539150	119539274	124	124	10.00	47.00	31.64	35.50	3923.00
chr17	44117067	44117250	183	183	43.00	78.00	67.52	69.00	12356.00
chr19	42485873	42485983	110	110	27.00	56.00	39.74	37.00	4371.00
chr6	44114583	44114664	81	81	73.00	104.00	88.67	88.00	7182.00
chr19	47941105	47941292	187	187	1.00	26.00	15.07	21.00	2819.00
chr11	73074250	73074500	250	250	12.00	23.00	16.89	17.00	4222.00
chr3	33418764	33418825	61	61	22.00	33.00	26.49	27.00	1616.00
chr1	700258	700505	247	247	8.00	37.00	26.66	30.00	6584.00
chr9	74319510	74319719	209	209	7.00	14.00	10.28	11.00	2149.00
chr16	2336694	2336968	274	274	110.00	343.00	222.49	231.00	60963.00
chr20	3575125	3575219	94	94	95.00	143.00	109.15	108.50	10260.00
chr9	139231377	139231529	152	152	43.00	79.00	57.61	55.00	8757.00
chr5	140515951	140516498	547	547	19.00	49.00	30.49	28.00	16677.00
chr1	21938208	21938309	101	101	112.00	154.00	136.86	138.00	13823.00
chr3	155659188	155659936	748	748	5.00	65.00	31.38	32.00	23471.00
chr16	27483068	27483241	173	173	79.00	132.00	110.94	110.00	19193.00
chr11	994071	994245	174	174	70.00	102.00	88.43	89.00	15387.00
chr7	71175745	71175913	168	168	5.00	23.00	13.17	11.00	2212.00
chr12	121204065	121204175	110	110	123.00	200.00	163.87	165.00	18026.00
chr7	73118679	73118753	74	74	16.00	23.00	19.03	19.00	1408.00
chr9	140972565	140972710	145	145	1.00	5.00	3.06	3.00	444.00
chr12	121683329	121684024	695	695	4.00	30.00	17.32	18.00	12035.00
chr16	74493579	74493687	108	108	256.00	396.00	329.43	340.50	35578.00
chr2	36771518	36771641	123	123	22.00	38.00	31.09	32.00	3824.00
chr7	94187181	94187996	815	815	3.00	12.00	6.96	7.00	5673.00
chr14	94156951	94157239	288	288	3.00	8.00	5.47	5.00	1576.00
chr7	121739000	121739524	524	524	28.00	68.00	48.74	50.00	25540.00
chr1	19549117	19549328	211	211	83.00	127.00	105.40	107.00	22240.00
chr19	5214571	5214747	176	176	117.00	264.00	162.20	153.50	28547.00
chr19	42557753	42557861	108	108	10.00	16.00	13.62	14.00	1471.00
chr15	102510686	102510925	239	239	19.00	107.00	69.63	68.00	16642.00
chr5	167673761	167675376	1615	1615	0.00	4.00	0.66	0.00	1066.00
chr7	44282158	44282253	95	95	22.00	36.00	27.78	26.00	2639.00
chr2	160621061	160621717	656	656	4.00	80.00	14.91	9.00	9778.00
chr5	10426501	10426634	133	133	167.00	262.00	216.98	220.00	28859.00
chr16	1814301	1814460	159	159	539.00	752.00	662.95	684.00	105409.00
chr11	21581734	21581928	194	194	0.00	5.00	2.38	3.00	462.00
chr3	126749085	126749255	170	170	8.00	18.00	12.67	12.00	2154.00
chr11	12237765	12237866	101	101	34.00	54.00	42.08	42.00	4250.00
chr6	31750872	31750963	91	91	101.00	136.00	115.49	114.00	10510.00
chr3	53124201	53124398	197	197	15.00	35.00	25.72	26.00	5066.00
chr2	220161470	220161544	74	74	19.00	25.00	22.11	22.00	1636.00
chr2	128951046	128951785	739	739	10.00	67.00	33.86	31.00	25026.00
chr5	24535811	24535931	120	120	4.00	8.00	6.20	6.00	744.00
chr1	44083406	44083582	176	176	174.00	393.00	271.49	255.00	47783.00
chr1	32207653	32207818	165	165	37.00	90.00	63.35	60.00	10452.00
chr12	7293754	7294000	246	246	0.00	38.00	19.92	27.00	4900.00
chr3	131442289	131442469	180	180	0.00	1.00	0.63	1.00	113.00
chr3	49898871	49899298	427	427	0.00	33.00	10.09	7.00	4309.00
chr16	66432358	66432464	106	106	16.00	25.00	20.47	20.00	2170.00
chr1	20982593	20982680	87	87	192.00	271.00	244.91	252.00	21307.00
chr16	68398653	68398809	156	156	0.00	6.00	2.53	3.00	394.00
chr17	16676818	16678279	1461	1461	1.00	24.00	12.12	13.00	17705.00
chr1	109814899	109815027	128	128	274.00	354.00	307.94	301.50	39416.00
chr1	21940478	21940582	104	104	159.00	230.00	198.12	200.50	20604.00
chr20	57468284	57468793	509	509	6.00	25.00	13.91	12.00	7078.00
chr3	127358087	127358366	279	279	60.00	175.00	118.81	111.00	33149.00
chr3	126735359	126735527	168	168	4.00	16.00	8.85	8.00	1486.00
chr10	103869140	103869264	124	124	215.00	309.00	269.68	284.00	33440.00
chr20	44520554	44520666	112	112	99.00	144.00	119.12	113.00	13341.00
chr1	32203252	32203356	104	104	77.00	120.00	101.35	102.00	10540.00
chr21	40186196	40186316	120	120	17.00	35.00	28.05	30.00	3366.00
chr5	111067153	111068349	1196	1196	0.00	8.00	2.64	2.00	3154.00
chr9	128002954	128003186	232	232	305.00	596.00	443.87	457.50	102978.00
chr1	43408896	43408992	96	96	264.00	399.00	333.06	326.00	31974.00
chr3	47463931	47464026	95	95	179.00	245.00	214.96	216.00	20421.00
chr2	220161160	220161238	78	78	20.00	25.00	22.27	22.00	1737.00
chr11	62472772	62473089	317	317	129.00	222.00	179.82	184.00	57002.00
chr9	130986341	130986906	565	565	0.00	21.00	4.57	1.00	2580.00
chr14	69358769	69359000	231	231	15.00	29.00	21.26	20.00	4910.00
chr11	64416205	64416379	174	174	242.00	338.00	299.54	306.00	52120.00
chr17	8398454	8398559	105	105	18.00	31.00	23.87	22.00	2506.00
chr12	53572943	53574193	1250	1250	22.00	120.00	64.67	61.50	80834.00
chr17	17696544	17701827	5283	5283	8.00	84.00	34.55	33.00	182516.00
chr8	11705187	11705331	144	144	242.00	535.00	437.99	467.00	63071.00
chr19	54963829	54963931	102	102	760.00	977.00	850.19	825.50	86719.00
chr2	70451682	70456295	4613	4613	6.00	264.00	45.24	39.00	208678.00
chr11	118873959	118874169	210	210	6.00	25.00	16.20	15.00	3403.00
chr10	75548427	75548581	154	154	100.00	132.00	118.30	120.00	18218.00
chr6	33414351	33414563	212	212	21.00	43.00	35.69	36.00	7566.00
chr17	80042910	80043032	122	122	224.00	276.00	248.65	248.00	30335.00
chr11	11470290	11470483	193	193	6.00	17.00	13.44	14.00	2593.00
chr8	23294446	23294771	325	325	43.00	104.00	65.02	60.00	21131.00
chr1	116932060	116932663	603	603	8.00	536.00	185.48	21.00	111845.00
chr15	83222627	83222741	114	114	106.00	137.00	120.34	119.50	13719.00
chr3	9841562	9841751	189	189	6.00	17.00	12.05	13.00	2278.00
chr1	116937731	116937907	176	176	307.00	596.00	387.23	354.00	68152.00
chr16	87868019	87868197	178	178	51.00	81.00	65.14	66.50	11595.00
chr3	124209540	124209731	191	191	6.00	20.00	12.67	13.00	2420.00
chr7	71142195	71142291	96	96	15.00	26.00	20.32	20.00	1951.00
chr5	130497324	130497584	260	260	6.00	17.00	13.30	14.00	3459.00
chr13	100199238	100199358	120	120	245.00	325.00	278.96	276.00	33475.00
chr5	139943336	139943506	170	170	37.00	136.00	111.66	113.50	18983.00
chr17	74395529	74396002	473	473	32.00	66.00	49.49	48.00	23410.00
chr14	93179149	93179216	67	67	141.00	166.00	156.13	157.00	10461.00
chr4	160277004	160277310	306	306	22.00	118.00	70.25	72.00	21497.00
chr17	40666306	40666478	172	172	245.00	395.00	324.00	346.50	55728.00
chr15	34828065	34828207	142	142	4.00	63.00	46.99	50.00	6673.00
chr14	100165802	100165876	74	74	26.00	32.00	28.46	27.50	2106.00
chr22	20128089	20128231	142	142	20.00	97.00	59.29	70.00	8419.00
chr12	3392210	3394421	2211	2211	1.00	22.00	8.42	7.00	18615.00
chr17	16687866	16690667	2801	2801	5.00	211.00	44.35	38.00	124230.00
chr6	31664724	31664810	86	86	61.00	110.00	83.60	83.00	7190.00
chr6	30627512	30627611	99	99	53.00	77.00	61.23	60.00	6062.00
chr11	18752834	18755060	2226	2226	0.00	27.00	3.32	2.00	7400.00
chr12	109332602	109332731	129	129	4.00	8.00	6.24	6.00	805.00
chr6	90072884	90073110	226	226	1.00	10.00	5.16	5.00	1167.00
chr16	2689371	2689711	340	340	0.00	0.00	0.00	0.00	0.00
chr1	20987373	20987484	111	111	175.00	228.00	204.01	202.00	22645.00
chr14	85985300	85986667	1367	1367	0.00	2.00	0.22	0.00	300.00
chr13	32863769	32863880	111	111	21.00	44.00	33.25	36.00	3691.00
chr16	1510418	1510528	110	110	123.00	155.00	139.89	139.00	15388.00
chr19	54963269	54963444	175	175	813.00	1143.00	971.60	979.00	170030.00
chr6	44224078	44224233	155	155	169.00	215.00	193.70	194.00	30023.00
chr20	3151172	3152285	1113	1113	2.00	22.00	10.36	10.00	11526.00
chr1	892273	892405	132	132	76.00	135.00	92.89	84.00	12262.00
chr16	90192167	90192724	557	557	3.00	31.00	18.27	19.00	10178.00
chr9	111663704	111663810	106	106	79.00	109.00	93.38	92.00	9898.00
chr6	44108764	44108835	71	71	88.00	112.00	98.49	100.00	6993.00
chr1	36028802	36029027	225	225	150.00	292.00	215.45	213.00	48476.00
chr11	66807259	66807674	415	415	0.00	10.00	4.42	4.00	1836.00
chr1	178426817	178427679	862	862	3.00	16.00	8.39	8.00	7236.00
chr19	42482302	42482478	176	176	46.00	91.00	56.15	52.00	9882.00
chr1	44084718	44084873	155	155	128.00	319.00	216.74	219.00	33594.00
chr1	109812315	109812442	127	127	259.00	440.00	316.30	310.00	40170.00
chr3	180324268	180324391	123	123	127.00	177.00	161.71	161.00	19890.00
chr15	63933668	63933842	174	174	78.00	140.00	107.88	102.00	18771.00
chr20	44521363	44521519	156	156	122.00	182.00	149.99	146.50	23399.00
chr3	33416779	33416910	131	131	9.00	25.00	18.68	18.00	2447.00
chr1	21934624	21934843	219	219	5.00	217.00	81.21	79.00	17784.00
chr14	69799801	69799886	85	85	1.00	7.00	3.87	4.00	329.00
chr1	116936134	116936345	211	211	7.00	482.00	369.10	399.00	77881.00
chr14	23634493	23634645	152	152	2.00	7.00	4.70	5.00	715.00
chr16	1402538	1402947	409	409	14.00	56.00	42.24	44.00	17275.00
chr9	20331	25000	4669	4669	4.00	268.00	99.96	92.00	466699.00
chr17	43545574	43545959	385	385	24.00	64.00	40.41	37.00	15558.00
chr13	100201418	100201476	58	58	301.00	405.00	360.74	361.50	20923.00
chr15	41865505	41865665	160	160	292.00	533.00	397.52	418.00	63603.00
chr19	19641688	19642196	508	508	12.00	75.00	44.10	44.00	22405.00
chr11	134147593	134148159	566	566	0.00	2.00	0.57	1.00	322.00
chr2	71656420	71657290	870	870	13.00	86.00	60.16	60.00	52342.00
chr7	97834775	97835016	241	241	21.00	40.00	28.93	28.00	6973.00
chr19	13363804	13363915	111	111	8.00	17.00	12.95	14.00	1438.00
chr18	31328383	31329011	628	628	0.00	18.00	6.73	6.00	4228.00
chr16	66431884	66432009	125	125	14.00	27.00	17.28	16.00	2160.00
chr19	47935155	47935702	547	547	0.00	41.00	17.46	22.00	9549.00
chr12	50291769	50291873	104	104	579.00	717.00	641.96	642.00	66764.00
chr11	1780198	1780317	119	119	604.00	1140.00	792.91	788.00	94356.00
chr15	65392626	65393167	541	541	24.00	112.00	61.85	55.00	33461.00
chr2	86397871	86397967	96	96	37.00	57.00	48.12	47.00	4620.00
chr7	97866087	97866233	146	146	56.00	91.00	68.49	66.50	10000.00
chr11	60687157	60687402	245	245	98.00	221.00	155.68	139.00	38142.00
chr21	43307700	43309453	1753	1753	4.00	45.00	21.35	20.00	37435.00
chr14	24619269	24619657	388	388	16.00	58.00	25.57	22.00	9920.00
chr11	65320634	65320727	93	93	172.00	227.00	191.38	188.00	17798.00
chr16	29891184	29891385	201	201	95.00	164.00	133.16	136.00	26766.00
chr1	32207224	32207326	102	102	126.00	165.00	145.00	145.00	14790.00
chr11	72300218	72300394	176	176	0.00	36.00	11.95	1.00	2103.00
chr17	7608878	7609038	160	160	0.00	2.00	0.64	1.00	102.00
chr19	7607646	7607814	168	168	117.00	245.00	173.64	169.50	29172.00
chr19	54966129	54966271	142	142	420.00	685.00	591.77	621.00	84031.00
chr12	57995027	57995131	104	104	59.00	83.00	69.80	68.00	7259.00
chr1	27428875	27429049	174	174	8.00	28.00	18.68	21.50	3251.00
chr2	27688277	27688385	108	108	50.00	76.00	60.63	61.50	6548.00
chr16	2691449	2692254	805	805	0.00	7.00	1.86	1.00	1494.00
chr9	131503813	131503933	120	120	150.00	228.00	192.67	189.50	23120.00
chr16	2347766	2347922	156	156	86.00	137.00	111.53	107.00	17398.00
chr17	80039884	80040036	152	152	284.00	368.00	327.36	330.00	49759.00
chr1	32204432	32204538	106	106	103.00	141.00	122.24	122.00	12957.00
chr12	9242951	9243078	127	127	195.00	294.00	225.65	220.00	28657.00
chr3	49702661	49702751	90	90	3.00	6.00	4.30	4.00	387.00
chr19	35820359	35820837	478	478	163.00	487.00	306.15	290.00	146340.00
chr1	201456762	201457615	853	853	37.00	114.00	80.14	76.00	68359.00
chr16	2334279	2334438	159	159	70.00	112.00	93.00	98.00	14787.00
chr10	73578373	73578481	108	108	2505.00	3308.00	2959.50	2938.00	319626.00
chr16	18530550	18530756	206	206	12.00	374.00	168.39	235.50	34689.00
chr16	16369094	16369300	206	206	13.00	389.00	172.24	236.50	35482.00
chr13	113975636	113975785	149	149	7.00	1817.00	735.76	14.00	109628.00
chr11	119293822	119294227	405	405	0.00	262.00	25.19	2.00	10203.00
chr5	150505962	150506041	79	79	101.00	129.00	109.47	109.00	8648.00
chr22	44224939	44225078	139	139	20.00	34.00	26.33	25.00	3660.00
chr15	41865199	41865309	110	110	243.00	340.00	274.44	266.50	30188.00
chr17	25633807	25636298	2491	2491	57.00	1653.00	624.93	666.00	1556693.00
chr15	72495155	72495529	374	374	7.00	145.00	52.05	14.00	19465.00
chr9	42540272	42542124	1852	1852	0.00	2.00	0.38	0.00	699.00
chr11	119290760	119291704	944	944	0.00	322.00	82.88	5.00	78241.00
chr19	5219949	5220165	216	216	115.00	232.00	161.37	139.00	34856.00
chr15	63910769	63911153	384	384	1.00	25.00	11.77	12.00	4518.00
chr17	74393879	74393969	90	90	45.00	88.00	63.91	62.00	5752.00
chr10	104129467	104129532	65	65	32.00	53.00	40.23	38.00	2615.00
chr3	142454224	142454620	396	396	3.00	19.00	10.82	12.00	4283.00
chr12	121205196	121205396	200	200	181.00	243.00	208.22	207.00	41644.00
chr3	31705570	31705724	154	154	0.00	1.00	0.50	0.50	77.00
chr6	118635190	118636593	1403	1403	2.00	28.00	16.46	17.00	23090.00
chr8	10339867	10340829	962	962	0.00	7.00	2.16	2.00	2078.00
chr19	16952578	16952779	201	201	62.00	124.00	98.73	105.00	19845.00
chr8	110984486	110985016	530	530	0.00	3.00	1.82	2.00	966.00
chr9	128001219	128001610	391	391	361.00	894.00	691.90	733.00	270532.00
chr11	73070878	73070997	119	119	8.00	18.00	13.23	14.00	1574.00
chr10	104130140	104130235	95	95	33.00	60.00	47.56	49.00	4518.00
chr5	95733039	95733173	134	134	0.00	5.00	2.65	2.00	355.00
chr19	59059400	59059547	147	147	360.00	453.00	393.13	386.00	57790.00
chr5	139943169	139943255	86	86	53.00	133.00	101.64	103.00	8741.00
chr17	73487771	73487981	210	210	124.00	234.00	181.70	172.50	38158.00
chr1	154315588	154315777	189	189	7.00	21.00	13.80	15.00	2609.00
chr14	95652726	95653070	344	344	31.00	121.00	82.43	82.00	28355.00
chr12	123639801	123640772	971	971	6.00	59.00	25.71	26.00	24966.00
chr22	47064870	47065171	301	301	0.00	3.00	1.49	2.00	448.00
chr5	24535220	24535388	168	168	4.00	11.00	6.59	7.00	1107.00
chr12	6806452	6806958	506	506	14.00	46.00	27.91	26.00	14120.00
chr22	29881711	29881836	125	125	4.00	9.00	5.40	4.00	675.00
chr7	75894681	75894786	105	105	3.00	6.00	4.35	4.00	457.00
chr12	121089007	121095893	6886	6886	0.00	10.00	1.46	1.00	10045.00
chr1	207940357	207942365	2008	2008	29.00	367.00	195.79	188.00	393143.00
chr7	154681166	154681240	74	74	56.00	72.00	64.20	64.00	4751.00
chr5	131696513	131697529	1016	1016	1.00	11.00	4.46	3.00	4536.00
chr11	1776135	1776258	123	123	317.00	808.00	528.63	509.00	65022.00
chr8	11706554	11706673	119	119	348.00	432.00	397.87	399.00	47346.00
chr11	18759426	18759511	85	85	15.00	19.00	16.56	16.00	1408.00
chr16	61689373	61689625	252	252	7.00	19.00	13.21	14.00	3329.00
chr15	51750702	51750824	122	122	53.00	92.00	72.52	72.00	8848.00
chr9	35555056	35555698	642	642	100.00	425.00	236.97	230.00	152133.00
chr2	198356200	198356621	421	421	1.00	29.00	16.23	16.00	6833.00
chr9	131001723	131001794	71	71	49.00	78.00	67.86	71.00	4818.00
chr19	5214371	5214491	120	120	198.00	284.00	254.75	260.00	30570.00
chr22	35719488	35719623	135	135	82.00	123.00	105.66	105.00	14264.00
chr12	121678738	121679829	1091	1091	1.00	16.00	8.25	9.00	9006.00
chr14	23820960	23821064	104	104	877.00	1053.00	977.62	991.50	101673.00
chr1	32205710	32205779	69	69	76.00	112.00	91.42	91.00	6308.00
chr3	33420176	33420326	150	150	3.00	40.00	16.28	9.00	2442.00
chr9	114820707	114820966	259	259	0.00	7.00	3.24	3.00	840.00
chr15	41865876	41866023	147	147	56.00	639.00	520.79	548.00	76556.00
chr19	55554308	55554637	329	329	4.00	9.00	5.98	6.00	1967.00
chr1	116933403	116933513	110	110	354.00	476.00	420.91	416.00	46300.00
chr19	15374230	15374359	129	129	55.00	163.00	119.25	127.00	15383.00
chr12	56090682	56090852	170	170	29.00	45.00	37.24	39.00	6331.00
chr14	69445668	69445876	208	208	10.00	19.00	14.66	14.00	3050.00
chr12	57603474	57603651	177	177	84.00	141.00	106.54	107.00	18857.00
chr22	32897492	32898946	1454	1454	0.00	14.00	5.53	5.00	8044.00
chr16	16367702	16367764	62	62	6.00	266.00	131.92	145.50	8179.00
chr19	5245786	5246056	270	270	75.00	254.00	156.86	159.50	42352.00
chr16	74345440	74345829	389	389	11.00	30.00	19.64	19.00	7640.00
chr6	107096899	107097076	177	177	42.00	68.00	55.51	57.00	9825.00
chr1	29641883	29642019	136	136	53.00	72.00	61.39	61.00	8349.00
chr8	97342440	97342509	69	69	67.00	82.00	75.01	75.00	5176.00
chr8	68116914	68117054	140	140	40.00	91.00	67.26	66.00	9416.00
chr22	22037470	22037546	76	76	42.00	62.00	53.96	55.50	4101.00
chr22	50682147	50683420	1273	1273	37.00	219.00	129.77	125.00	165196.00
chr20	44048971	44049069	98	98	568.00	754.00	675.78	672.00	66226.00
chr1	36904356	36904511	155	155	10.00	19.00	13.61	13.00	2110.00
chr12	71054719	71054877	158	158	1.00	5.00	3.65	4.00	576.00
chr15	50654364	50655515	1151	1151	43.00	108.00	69.36	69.00	79830.00
chr2	234198499	234198620	121	121	20.00	37.00	29.80	30.00	3606.00
chr9	128001699	128001812	113	113	436.00	547.00	486.06	486.00	54925.00
chr8	38272296	38272419	123	123	31.00	56.00	46.86	50.00	5764.00
chr11	73068069	73068179	110	110	6.00	18.00	12.06	11.00	1327.00
chr16	28123137	28123327	190	190	328.00	410.00	359.44	356.00	68293.00
chr12	49424062	49424222	160	160	45.00	79.00	58.33	56.00	9332.00
chr19	50302885	50303023	138	138	187.00	307.00	239.15	230.00	33003.00
chr19	42480567	42480718	151	151	80.00	134.00	110.65	110.00	16708.00
chr3	197904395	197905301	906	906	1.00	39.00	17.73	21.00	16062.00
chr13	100189992	100190117	125	125	247.00	295.00	265.62	263.00	33203.00
chr19	14268062	14268272	210	210	91.00	146.00	116.54	119.50	24474.00
chr10	93786886	93787057	171	171	132.00	248.00	184.96	188.00	31628.00
chr1	109808726	109808828	102	102	179.00	219.00	202.99	207.50	20705.00
chr4	134075461	134075520	59	59	344.00	399.00	373.08	375.00	22012.00
chr1	22052268	22053864	1596	1596	10.00	46.00	25.96	25.00	41435.00
chr9	140056855	140056968	113	113	19.00	31.00	23.26	22.00	2628.00
chr19	42482087	42482224	137	137	89.00	131.00	117.38	119.00	16081.00
chr19	4556962	4557025	63	63	23.00	36.00	26.70	26.00	1682.00
chr19	14266921	14267013	92	92	79.00	127.00	108.65	111.00	9996.00
chr22	42273851	42274127	276	276	15.00	562.00	302.37	346.00	83453.00
chr1	205549788	205550049	261	261	14.00	26.00	21.00	22.00	5481.00
chr1	110765585	110766522	937	937	0.00	13.00	4.78	4.00	4481.00
chr19	55553595	55554158	563	563	3.00	13.00	7.17	6.00	4034.00
chr7	150929881	150931360	1479	1479	2.00	29.00	10.16	8.00	15023.00
chr3	124215157	124215260	103	103	6.00	19.00	12.57	12.00	1295.00
chr16	58220658	58220760	102	102	55.00	80.00	65.95	66.00	6727.00
chr3	10381925	10382033	108	108	11.00	22.00	16.45	16.50	1777.00
chr10	11356101	11356221	120	120	17.00	27.00	22.70	23.00	2724.00
chr22	42294652	42294785	133	133	231.00	349.00	298.57	295.00	39710.00
chr1	2005531	2005714	183	183	2.00	17.00	7.76	9.00	1420.00
chr12	113722522	113722576	54	54	87.00	121.00	107.04	106.00	5780.00
chr9	131502198	131502398	200	200	22.00	202.00	164.16	178.00	32832.00
chr19	40873602	40873786	184	184	325.00	621.00	498.41	509.00	91707.00
chr2	220162606	220162825	219	219	3.00	10.00	6.33	7.00	1386.00
chr16	28270027	28270355	328	328	0.00	0.00	0.00	0.00	0.00
chr4	3225718	3225858	140	140	47.00	94.00	74.24	76.50	10393.00
chr17	44127898	44128070	172	172	47.00	93.00	62.97	60.00	10831.00
chr3	47462043	47462262	219	219	119.00	242.00	154.56	147.00	33848.00
chr6	99873090	99873182	92	92	9.00	403.00	177.05	151.00	16289.00
chr7	142561723	142562504	781	781	2.00	28.00	11.90	11.00	9296.00
chr1	159169540	159169666	126	126	25.00	36.00	29.64	29.00	3735.00
chr19	7606869	7606953	84	84	83.00	124.00	98.73	93.00	8293.00
chr16	2811561	2818298	6737	6737	13.00	1774.00	819.92	790.00	5523826.00
chr3	47450652	47450807	155	155	73.00	111.00	95.31	97.00	14773.00
chr11	118403631	118403922	291	291	33.00	65.00	47.46	48.00	13812.00
chr1	205555161	205555335	174	174	10.00	34.00	21.32	20.00	3709.00
chr12	125603186	125603311	125	125	8.00	25.00	12.98	12.00	1623.00
chr11	86658288	86659498	1210	1210	0.00	8.00	3.61	4.00	4373.00
chr22	37764946	37768745	3799	3799	0.00	55.00	22.16	21.00	84173.00
chr10	46345664	46346215	551	551	5.00	27.00	16.17	16.00	8912.00
chr22	33673045	33673241	196	196	29.00	84.00	50.16	41.00	9832.00
chr9	140042599	140042666	67	67	0.00	4.00	1.24	1.00	83.00
chr3	48717233	48717320	87	87	48.00	78.00	58.38	55.00	5079.00
chr11	60681600	60681740	140	140	17.00	197.00	90.22	71.00	12631.00
chr10	93784512	93784724	212	212	91.00	191.00	136.93	138.00	29030.00
chr12	7289424	7290372	948	948	0.00	25.00	6.02	3.00	5709.00
chr3	132387062	132387526	464	464	10.00	23.00	16.32	16.00	7574.00
chr16	2335442	2335647	205	205	94.00	136.00	119.92	123.00	24583.00
chr16	1794782	1797276	2494	2494	13.00	574.00	118.78	82.00	296235.00
chr16	3786036	3786204	168	168	91.00	181.00	110.45	101.00	18556.00
chr9	141131209	141131766	557	557	1.00	29.00	10.86	9.00	6049.00
chr14	92965028	92966015	987	987	0.00	9.00	2.84	3.00	2800.00
chr19	54692070	54692200	130	130	44.00	118.00	81.72	73.00	10623.00
chr15	43866006	43866230	224	224	35.00	63.00	46.92	45.00	10509.00
chr3	40231316	40231954	638	638	9.00	31.00	19.33	19.00	12331.00
chr3	50148937	50149455	518	518	21.00	60.00	38.58	39.00	19987.00
chr4	81117505	81117755	250	250	1.00	16.00	8.92	11.00	2229.00
chr10	46740404	46740638	234	234	0.00	8.00	2.23	2.00	521.00
chr3	124210169	124210271	102	102	9.00	16.00	10.83	11.00	1105.00
chr11	107488830	107488932	102	102	4.00	8.00	5.84	6.00	596.00
chr9	130591965	130592106	141	141	49.00	80.00	68.82	73.00	9704.00
chr1	20981932	20982027	95	95	227.00	293.00	258.81	256.00	24587.00
chr12	75875613	75875859	246	246	21.00	41.00	34.31	35.00	8440.00
chr22	32046684	32046764	80	80	47.00	62.00	55.23	55.50	4418.00
chr11	70331418	70331658	240	240	0.00	3.00	1.76	2.00	423.00
chr14	51079976	51080069	93	93	147.00	207.00	164.74	163.00	15321.00
chr17	80041077	80041301	224	224	317.00	652.00	471.87	455.00	105699.00
chr7	158540884	158540971	87	87	59.00	99.00	72.29	71.00	6289.00
chr1	21553651	21553719	68	68	73.00	90.00	80.84	82.00	5497.00
chr2	219206256	219206349	93	93	10.00	17.00	12.87	13.00	1197.00
chr17	18444211	18445242	1031	1031	1.00	18.00	9.45	9.00	9747.00
chr12	57599340	57599460	120	120	140.00	177.00	157.17	154.00	18860.00
chr11	64417919	64418110	191	191	304.00	657.00	525.61	542.00	100391.00
chr19	3274926	3275650	724	724	0.00	2.00	0.79	1.00	570.00
chr16	18532086	18532305	219	219	282.00	522.00	377.16	365.00	82598.00
chr17	3776702	3776756	54	54	16.00	20.00	17.94	18.00	969.00
chr1	116932670	116933033	363	363	11.00	645.00	289.41	421.00	105057.00
chr16	1505731	1505796	65	65	254.00	293.00	273.02	271.00	17746.00
chr1	9794029	9794200	171	171	464.00	578.00	520.50	519.00	89005.00
chr10	73579221	73579379	158	158	2341.00	3762.00	2936.05	2927.00	463896.00
chr11	6411684	6412146	462	462	106.00	327.00	237.33	247.50	109648.00
chr1	159163212	159163350	138	138	18.00	29.00	24.23	24.00	3344.00
chr16	1816723	1816804	81	81	351.00	505.00	440.00	453.00	35640.00
chr7	91722399	91722630	231	231	17.00	87.00	73.09	76.00	16884.00
chr7	44281816	44281939	123	123	27.00	38.00	31.41	31.00	3864.00
chr2	220467189	220467297	108	108	31.00	50.00	41.94	41.00	4530.00
chr16	4494664	4494729	65	65	152.00	185.00	173.63	173.00	11286.00
chr15	34681844	34681986	142	142	4.00	128.00	72.76	68.50	10332.00
chr9	139995935	139996124	189	189	31.00	84.00	57.34	59.00	10838.00
chr3	180324040	180324160	120	120	147.00	214.00	189.98	196.50	22798.00
chr3	42678359	42681242	2883	2883	61.00	232.00	127.68	120.00	368093.00
chr7	131812776	131815333	2557	2557	0.00	6.00	1.12	1.00	2865.00
chr20	1585387	1585522	135	135	5.00	216.00	116.81	120.00	15770.00
chr3	126751229	126751442	213	213	13.00	22.00	17.89	18.00	3810.00
chr15	63920875	63921014	139	139	94.00	126.00	103.28	102.00	14356.00
chr16	2040128	2040202	74	74	6.00	11.00	8.38	8.00	620.00
chr9	74324174	74324390	216	216	6.00	11.00	8.80	9.50	1900.00
chr20	44521858	44521950	92	92	141.00	168.00	151.79	151.00	13965.00
chr9	139911647	139911798	151	151	2366.00	3918.00	3234.14	3252.00	488355.00
chr9	140055507	140055649	142	142	29.00	50.00	38.19	36.00	5423.00
chr12	120148055	120148191	136	136	21.00	33.00	25.52	25.00	3471.00
chr12	50474280	50474372	92	92	96.00	112.00	104.47	106.00	9611.00
chr15	63125702	63125828	126	126	71.00	90.00	79.60	79.00	10030.00
chr9	20907148	20907241	93	93	11.00	20.00	14.80	14.00	1376.00
chr16	87874655	87874761	106	106	34.00	68.00	47.46	40.50	5031.00
chr2	162833269	162833460	191	191	0.00	17.00	8.73	11.00	1668.00
chr8	11704560	11704677	117	117	205.00	285.00	245.49	246.00	28722.00
chr15	63926931	63927087	156	156	94.00	150.00	126.27	130.00	19698.00
chr6	31668718	31668805	87	87	70.00	107.00	91.37	91.00	7949.00
chr7	148910792	148910906	114	114	46.00	79.00	63.78	66.00	7271.00
chr14	42355808	42357213	1405	1405	0.00	7.00	1.85	2.00	2595.00
chr10	88678928	88679226	298	298	19.00	40.00	27.99	27.00	8342.00
chr3	140998219	140998346	127	127	14.00	20.00	16.56	17.00	2103.00
chr1	144859758	144859998	240	240	50.00	104.00	73.42	77.00	17620.00
chr9	96054772	96055455	683	683	0.00	28.00	10.33	9.00	7055.00
chr19	7604803	7604944	141	141	68.00	164.00	107.86	108.00	15208.00
chr12	30906277	30907432	1155	1155	3.00	36.00	21.01	21.00	24270.00
chr9	131112762	131112854	92	92	68.00	156.00	120.58	122.50	11093.00
chr20	61981328	61982379	1051	1051	10.00	40.00	22.07	22.00	23194.00
chr7	38431348	38431618	270	270	7.00	22.00	13.97	15.00	3772.00
chr20	44521036	44521123	87	87	120.00	146.00	133.92	134.00	11651.00
chr11	64418726	64419108	382	382	241.00	526.00	409.30	425.50	156354.00
chr12	120148344	120150270	1926	1926	0.00	57.00	8.59	3.00	16553.00
chr12	6930971	6931066	95	95	4.00	29.00	18.36	21.00	1744.00
chr16	2339434	2339621	187	187	63.00	124.00	92.88	90.00	17369.00
chr2	27700083	27700187	104	104	30.00	68.00	50.07	50.00	5207.00
chr14	69805367	69805494	127	127	4.00	11.00	7.43	6.00	943.00
chr12	9242497	9242619	122	122	211.00	356.00	300.78	307.50	36695.00
chr3	58256658	58256791	133	133	182.00	296.00	225.79	198.00	30030.00
chr10	79744927	79745098	171	171	13.00	36.00	25.40	25.00	4344.00
chr1	159161725	159161866	141	141	25.00	41.00	32.38	32.00	4565.00
chr16	31085202	31085519	317	317	7.00	30.00	19.98	20.00	6334.00
chr1	171755018	171755218	200	200	32.00	49.00	40.98	42.00	8197.00
chr9	130988124	130989280	1156	1156	0.00	49.00	6.40	3.00	7394.00
chr15	63127935	63127998	63	63	69.00	86.00	76.48	76.00	4818.00
chr19	1917676	1917821	145	145	13.00	403.00	331.31	365.00	48040.00
chr22	25315792	25315960	168	168	9.00	13.00	11.51	12.00	1934.00
chr2	207943790	207945085	1295	1295	21.00	95.00	55.67	53.00	72096.00
chr11	47330706	47330952	246	246	5.00	177.00	72.68	11.00	17879.00
chr3	142743978	142746095	2117	2117	7.00	218.00	39.40	32.00	83403.00
chr7	44839492	44839694	202	202	5.00	12.00	9.17	10.00	1852.00
chr22	31688260	31688471	211	211	7.00	425.00	255.20	324.00	53848.00
chr11	66333492	66333638	146	146	436.00	551.00	505.94	516.00	73867.00
chr9	131114916	131115026	110	110	122.00	176.00	156.25	159.50	17188.00
chr1	20206	21013	807	807	40.00	290.00	171.96	165.00	138775.00
chr11	108216469	108216635	166	166	120.00	158.00	144.74	146.00	24027.00
chr1	209778880	209779019	139	139	1.00	3.00	1.88	2.00	262.00
chr1	202935876	202936026	150	150	81.00	152.00	121.79	123.50	18269.00
chr12	57600255	57600524	269	269	102.00	173.00	132.05	131.00	35521.00
chr19	15233503	15233615	112	112	83.00	158.00	104.34	95.50	11686.00
chr8	68115317	68115486	169	169	59.00	88.00	72.92	71.00	12324.00
chr19	13419229	13419342	113	113	4.00	14.00	9.78	11.00	1105.00
chr6	33266815	33267130	315	315	5.00	31.00	18.75	21.00	5905.00
chr16	89780611	89781646	1035	1035	1.00	27.00	7.79	6.00	8065.00
chr12	109964162	109964221	59	59	83.00	115.00	99.63	101.00	5878.00
chr22	24491893	24492045	152	152	25.00	101.00	58.61	61.00	8909.00
chr2	242592926	242593025	99	99	163.00	235.00	200.39	196.00	19839.00
chr1	21937944	21938074	130	130	135.00	227.00	197.61	207.50	25689.00
chr2	223789173	223789313	140	140	151.00	211.00	181.11	182.50	25355.00
chr20	3772318	3772535	217	217	2.00	6.00	3.96	4.00	859.00
chr16	18531918	18532001	83	83	339.00	555.00	464.47	491.00	38551.00
chr1	43396296	43396537	241	241	211.00	325.00	266.81	268.00	64301.00
chr2	100037960	100038115	155	155	52.00	72.00	60.89	60.00	9438.00
chr16	1500497	1500770	273	273	23.00	219.00	132.15	180.00	36078.00
chr19	40876016	40876144	128	128	370.00	510.00	449.48	451.00	57533.00
chr5	168112691	168112932	241	241	3.00	10.00	5.41	5.00	1305.00
chr2	127825738	127825831	93	93	137.00	255.00	155.15	155.00	14429.00
chr1	19232015	19234990	2975	2975	3.00	61.00	23.75	21.00	70642.00
chr16	1391129	1391196	67	67	13.00	23.00	18.48	19.00	1238.00
chr6	33410665	33411689	1024	1024	0.00	36.00	16.02	18.00	16405.00
chr9	95872033	95872266	233	233	8.00	19.00	12.76	12.00	2972.00
chr1	53378627	53378839	212	212	2.00	9.00	6.20	7.00	1315.00
chr2	80531276	80531693	417	417	0.00	4.00	1.41	2.00	587.00
chr7	44286718	44286791	73	73	23.00	32.00	28.33	28.00	2068.00
chr7	157369304	157369471	167	167	16.00	36.00	25.49	27.00	4257.00
chr11	18755079	18755191	112	112	0.00	15.00	6.79	8.00	760.00
chr6	86237979	86238080	101	101	72.00	96.00	85.32	85.00	8617.00
chr8	145000951	145001050	99	99	27.00	35.00	31.12	31.00	3081.00
chr19	45167680	45167966	286	286	1.00	6.00	3.49	4.00	998.00
chr10	48930165	48930400	235	235	0.00	10.00	2.61	1.00	614.00
chr16	87871450	87871547	97	97	64.00	88.00	77.64	80.00	7531.00
chr1	109815454	109815649	195	195	155.00	291.00	216.16	199.00	42151.00
chr1	208215442	208215711	269	269	3.00	10.00	6.83	7.00	1837.00
chr2	260866	261451	585	585	9.00	29.00	19.72	20.00	11536.00
chr5	180481266	180481724	458	458	1.00	9.00	5.45	6.00	2494.00
chr7	73119479	73119631	152	152	1.00	36.00	13.42	2.00	2040.00
chr15	34677248	34677358	110	110	107.00	188.00	143.00	135.00	15730.00
chr16	57687114	57687247	133	133	42.00	70.00	56.71	59.00	7542.00
chr15	50649406	50649592	186	186	26.00	80.00	58.39	61.00	10860.00
chr22	21071995	21072066	71	71	154.00	209.00	182.30	181.00	12943.00
chr5	179200882	179201561	679	679	33.00	109.00	66.84	64.00	45381.00
chr10	98763824	98763979	155	155	11.00	19.00	13.96	14.00	2164.00
chr14	102963315	102963457	142	142	89.00	151.00	118.16	117.50	16779.00
chr1	21932558	21933138	580	580	10.00	283.00	69.93	20.00	40557.00
chr16	28118842	28118998	156	156	321.00	417.00	371.24	369.50	57914.00
chr1	241767561	241767881	320	320	4.00	14.00	7.03	7.00	2248.00
chr11	66812063	66812184	121	121	2.00	5.00	3.83	4.00	463.00
chr11	12248571	12248678	107	107	33.00	50.00	40.50	39.00	4333.00
chr9	130588788	130588951	163	163	27.00	74.00	42.85	37.00	6984.00
chr22	21068915	21068988	73	73	141.00	174.00	155.30	154.00	11337.00
chr1	43424304	43424531	227	227	24.00	352.00	235.93	283.00	53555.00
chr14	105852021	105853670	1649	1649	44.00	260.00	124.26	121.00	204898.00
chr15	34823469	34823579	110	110	108.00	192.00	144.66	137.00	15913.00
chr11	171365	172282	917	917	1.00	39.00	17.75	20.00	16273.00
chr22	24493976	24494155	179	179	27.00	107.00	72.24	73.00	12931.00
chr15	79291060	79291167	107	107	81.00	107.00	94.99	97.00	10164.00
chr16	2145904	2146194	290	290	25.00	44.00	34.32	34.00	9952.00
chr9	131503050	131503166	116	116	129.00	203.00	170.53	183.00	19782.00
chr11	61301983	61302579	596	596	0.00	5.00	1.56	1.00	932.00
chr22	25308609	25308719	110	110	6.00	15.00	11.15	11.00	1227.00
chr12	63977826	63979986	2160	2160	0.00	10.00	3.03	3.00	6543.00
chr19	46928844	46930933	2089	2089	0.00	38.00	17.03	17.00	35582.00
chr16	56969146	56969224	78	78	83.00	100.00	88.53	88.00	6905.00
chr17	40665787	40665996	209	209	12.00	573.00	233.29	283.00	48757.00
chr9	131669435	131671600	2165	2165	27.00	136.00	54.86	49.00	118770.00
chr2	220164026	220164271	245	245	0.00	19.00	5.22	0.00	1279.00
chr19	7589846	7590052	206	206	48.00	134.00	84.00	80.00	17304.00
chr6	91260186	91260268	82	82	82.00	107.00	93.41	92.00	7660.00
chr9	124543742	124543830	88	88	51.00	79.00	65.28	66.00	5745.00
chr12	54071005	54071170	165	165	20.00	101.00	65.53	63.00	10812.00
chr2	40443	41212	769	769	1.00	6.00	3.49	3.00	2681.00
chr11	67852159	67852747	588	588	18.00	82.00	43.42	40.00	25532.00
chr8	8233762	8234810	1048	1048	2.00	14.00	7.50	7.50	7858.00
chr2	175671113	175672148	1035	1035	0.00	5.00	1.26	1.00	1300.00
chr7	138984922	138985438	516	516	4.00	22.00	12.61	11.00	6506.00
chr22	40816850	40817104	254	254	27.00	79.00	60.63	62.00	15399.00
chr19	14263120	14263249	129	129	93.00	130.00	107.65	104.00	13887.00
chr19	16962222	16962345	123	123	66.00	179.00	137.85	148.00	16956.00
chr1	109813838	109813918	80	80	287.00	397.00	319.64	310.50	25571.00
chr3	49898148	49898562	414	414	0.00	26.00	10.98	15.00	4545.00
chr17	17131202	17131510	308	308	4.00	137.00	101.38	108.00	31226.00
chr1	21936067	21936139	72	72	56.00	113.00	88.15	94.00	6347.00
chr3	130424404	130424615	211	211	21.00	62.00	37.47	32.00	7906.00
chr12	56532710	56532797	87	87	36.00	51.00	43.14	44.00	3753.00
chr16	29888591	29888788	197	197	51.00	117.00	83.22	82.00	16395.00
chr2	114394588	114396196	1608	1608	3.00	99.00	30.19	23.00	48551.00
chr3	124180736	124180803	67	67	13.00	17.00	14.66	14.00	982.00
chr9	111798485	111798660	175	175	95.00	129.00	107.15	106.00	18752.00
chr10	73847897	73848372	475	475	2.00	150.00	50.58	42.00	24026.00
chr22	21075585	21075706	121	121	105.00	165.00	136.93	137.00	16568.00
chr22	20920753	20921104	351	351	48.00	136.00	99.05	110.00	34766.00
chr9	140953020	140953185	165	165	0.00	3.00	1.51	2.00	249.00
chr22	41620970	41621075	105	105	88.00	109.00	97.61	97.00	10249.00
chr11	6243671	6243839	168	168	34.00	55.00	43.82	43.00	7362.00
chr15	74704225	74704353	128	128	193.00	325.00	268.39	278.50	34354.00
chr3	48719780	48719985	205	205	67.00	121.00	89.46	82.00	18339.00
chr1	222833247	222833348	101	101	55.00	82.00	69.42	72.00	7011.00
chr1	6583675	6584824	1149	1149	6.00	43.00	27.90	29.00	32060.00
chr11	126135857	126135976	119	119	140.00	176.00	154.48	154.00	18383.00
chr8	75156763	75157410	647	647	1.00	14.00	7.17	7.00	4638.00
chr15	83345212	83345389	177	177	15.00	26.00	22.12	22.00	3916.00
chr14	68031638	68032561	923	923	82.00	244.00	161.69	173.00	149238.00
chr19	42479780	42479949	169	169	93.00	151.00	114.78	114.00	19398.00
chr16	31503329	31503407	78	78	185.00	225.00	208.72	211.00	16280.00
chr17	1564564	1564700	136	136	129.00	211.00	157.77	146.00	21457.00
chr16	58717858	58718082	224	224	15.00	41.00	28.73	29.00	6435.00
chr14	71575320	71575763	443	443	57.00	117.00	89.16	91.00	39498.00
chr1	202934498	202934628	130	130	95.00	161.00	127.78	126.00	16612.00
chr7	73118477	73118586	109	109	16.00	31.00	25.30	27.00	2758.00
chr19	13365908	13366073	165	165	8.00	21.00	14.35	13.00	2367.00
chr10	102265117	102265958	841	841	25.00	74.00	49.24	53.00	41415.00
chr9	139983320	139983457	137	137	59.00	94.00	77.86	78.00	10667.00
chr18	29206245	29206347	102	102	5.00	9.00	6.42	6.00	655.00
chr12	120578662	120578827	165	165	94.00	136.00	111.33	106.00	18370.00
chr5	757516	758226	710	710	60.00	194.00	110.19	103.00	78234.00
chr8	21632483	21632567	84	84	1.00	3.00	2.17	3.00	182.00
chr4	54011499	54011749	250	250	28.00	48.00	38.91	39.00	9727.00
chr8	141680613	141681365	752	752	26.00	185.00	132.00	135.00	99265.00
chr11	57367351	57367850	499	499	19.00	81.00	39.18	26.00	19549.00
chr12	63980009	63980784	775	775	0.00	5.00	1.82	2.00	1409.00
chr9	140057042	140057203	161	161	1.00	36.00	28.93	31.00	4657.00
chr2	7055953	7056098	145	145	3.00	7.00	5.23	5.00	759.00
chr12	52387768	52389043	1275	1275	1.00	69.00	32.47	31.00	41403.00
chr19	50104931	50105175	244	244	24.00	115.00	50.34	42.00	12282.00
chr19	5218430	5218543	113	113	217.00	351.00	281.93	263.00	31858.00
chr16	29898969	29899138	169	169	41.00	103.00	57.28	56.00	9680.00
chr7	99030900	99031041	141	141	18.00	31.00	25.35	26.00	3575.00
chr17	36692926	36693212	286	286	28.00	65.00	42.42	39.50	12132.00
chr15	73857770	73859335	1565	1565	5.00	33.00	16.43	15.00	25714.00
chr6	44104085	44104176	91	91	95.00	142.00	124.23	125.00	11305.00
chr1	21938518	21938602	84	84	126.00	154.00	142.13	141.00	11939.00
chr19	13423482	13423595	113	113	1.00	10.00	6.31	7.00	713.00
chr16	70292882	70293089	207	207	392.00	622.00	504.40	511.00	104410.00
chr18	61060641	61060782	141	141	123.00	171.00	150.29	151.00	21191.00
chr16	22269814	22270016	202	202	4.00	14.00	9.38	9.00	1895.00
chr1	21554423	21554534	111	111	75.00	106.00	92.80	95.00	10301.00
chr9	140057255	140057455	200	200	0.00	41.00	26.62	32.00	5325.00
chr7	1488255	1488397	142	142	27.00	39.00	33.61	34.00	4773.00
chr14	100166351	100166438	87	87	16.00	25.00	19.03	18.00	1656.00
chr9	101065522	101065705	183	183	7.00	21.00	12.92	12.00	2364.00
chr5	68411752	68412041	289	289	17.00	49.00	26.68	25.00	7710.00
chr1	2452539	2452754	215	215	34.00	70.00	48.83	48.00	10498.00
chr1	21564626	21564737	111	111	83.00	140.00	110.68	111.00	12286.00
chr13	42037713	42039066	1353	1353	39.00	187.00	126.12	126.00	170635.00
chr2	114350236	114350443	207	207	19.00	187.00	106.45	108.00	22035.00
chr1	21939668	21939722	54	54	123.00	140.00	130.89	131.00	7068.00
chr9	139353895	139354007	112	112	45.00	69.00	53.09	50.00	5946.00
chr7	102176367	102176618	251	251	10.00	24.00	17.59	18.00	4415.00
chr3	51411753	51412018	265	265	3.00	149.00	63.27	11.00	16767.00
chr17	73888091	73888266	175	175	31.00	50.00	41.04	41.00	7182.00
chr13	103297258	103297435	177	177	2.00	67.00	36.77	57.00	6509.00
chr15	63922664	63922834	170	170	107.00	159.00	135.64	141.00	23058.00
chr3	33400774	33400849	75	75	7.00	15.00	11.27	10.00	845.00
chr22	50671744	50671955	211	211	83.00	131.00	102.47	101.00	21622.00
chr1	21190968	21191205	237	237	168.00	246.00	210.28	211.00	49837.00
chr5	14481649	14481727	78	78	19.00	26.00	22.15	23.00	1728.00
chr15	101605556	101606410	854	854	7.00	47.00	27.94	30.00	23857.00
chr17	80040402	80040554	152	152	281.00	501.00	358.43	328.50	54481.00
chr2	132269293	132270897	1604	1604	18.00	170.00	91.45	91.50	146693.00
chr11	1778553	1778786	233	233	806.00	1344.00	1085.81	1124.00	252993.00
chr11	1469616	1469808	192	192	13.00	29.00	20.22	18.00	3882.00
chr12	120138549	120138630	81	81	29.00	43.00	39.20	40.00	3175.00
chr7	901016	901101	85	85	157.00	228.00	191.11	198.00	16244.00
chr19	13372263	13372424	161	161	13.00	26.00	20.37	21.00	3279.00
chr17	40843154	40843311	157	157	14.00	45.00	26.32	23.00	4133.00
chr17	80039476	80039719	243	243	266.00	406.00	344.06	347.00	83606.00
chr17	16681109	16687365	6256	6256	1.00	71.00	20.83	20.00	130287.00
chr1	116935475	116935610	135	135	360.00	492.00	423.82	432.00	57216.00
chr6	128294808	128294972	164	164	134.00	286.00	224.55	234.00	36827.00
chr5	109189927	109190617	690	690	37.00	82.00	58.18	57.00	40143.00
chr15	40757533	40757634	101	101	14.00	89.00	55.28	55.00	5583.00
chr2	220164706	220164981	275	275	2.00	21.00	11.96	11.00	3289.00
chr3	164905164	164908639	3475	3475	0.00	11.00	4.86	5.00	16896.00
chr11	60699157	60699356	199	199	9.00	48.00	35.54	36.00	7072.00
chr2	96680301	96680717	416	416	34.00	115.00	63.47	57.00	26405.00
chr17	40845314	40845554	240	240	19.00	40.00	28.26	29.00	6782.00
chr12	125264513	125265391	878	878	72.00	207.00	124.81	110.50	109581.00
chr1	156623704	156624158	454	454	12.00	51.00	26.63	24.00	12089.00
chr6	108370456	108370622	166	166	57.00	91.00	76.68	77.00	12729.00
chr11	19180486	19180587	101	101	7.00	24.00	12.63	11.00	1276.00
chr19	42489069	42489338	269	269	21.00	54.00	37.44	35.00	10071.00
chr2	198274493	198274731	238	238	244.00	443.00	353.48	356.00	84128.00
chr6	47220991	47221257	266	266	178.00	340.00	273.05	276.50	72632.00
chr19	40872679	40872822	143	143	626.00	1005.00	859.90	920.00	122965.00
chr19	54693278	54693627	349	349	4.00	65.00	34.89	36.00	12175.00
chr12	81929	82174	245	245	43.00	111.00	86.33	90.00	21150.00
chr21	45513943	45514114	171	171	136.00	267.00	206.15	208.00	35251.00
chr3	124201630	124201747	117	117	0.00	18.00	12.18	15.00	1425.00
chr17	79805118	79805223	105	105	393.00	451.00	410.23	406.00	43074.00
chr20	46307419	46307548	129	129	57.00	81.00	67.69	68.00	8732.00
chr17	38187790	38187873	83	83	82.00	99.00	91.72	92.00	7613.00
chr2	207452814	207452878	64	64	12.00	19.00	15.28	15.00	978.00
chr17	45695715	45695823	108	108	166.00	193.00	181.19	182.00	19568.00
chr7	44283023	44283126	103	103	29.00	39.00	34.77	35.00	3581.00
chr20	62274975	62275284	309	309	0.00	205.00	91.43	112.00	28252.00
chr11	108202605	108202764	159	159	92.00	156.00	125.72	126.00	19990.00
chr9	140051314	140051489	175	175	10.00	17.00	13.67	14.00	2392.00
chr22	45574118	45574781	663	663	18.00	46.00	30.81	31.00	20429.00
chr15	79312382	79312446	64	64	55.00	68.00	60.39	60.00	3865.00
chr1	21940120	21940199	79	79	132.00	170.00	154.24	157.00	12185.00
chr17	3775847	3775921	74	74	9.00	17.00	13.59	14.00	1006.00
chr7	73133931	73134019	88	88	2.00	32.00	13.68	13.00	1204.00
chr11	72292920	72292991	71	71	33.00	43.00	38.63	38.00	2743.00
chr7	43547616	43547730	114	114	2.00	6.00	4.50	5.00	513.00
chr16	58713760	58714145	385	385	16.00	54.00	34.41	30.00	13246.00
chr22	21083600	21083794	194	194	98.00	183.00	138.54	137.00	26876.00
chr11	66457275	66457414	139	139	12.00	21.00	17.23	18.00	2395.00
chr15	91561034	91561115	81	81	27.00	43.00	32.35	30.00	2620.00
chr11	2968525	2969001	476	476	9.00	44.00	25.45	24.00	12112.00
chr19	34869838	34869910	72	72	198.00	288.00	241.15	242.00	17363.00
chr9	121970996	121971219	223	223	14.00	28.00	21.01	21.00	4685.00
chr3	47449772	47449980	208	208	50.00	172.00	121.99	139.50	25373.00
chr12	57601820	57601999	179	179	101.00	244.00	163.82	161.00	29323.00
chr16	2345590	2345741	151	151	100.00	159.00	132.95	131.00	20075.00
chr12	50471782	50471910	128	128	74.00	100.00	85.47	85.00	10940.00
chr1	109814221	109814344	123	123	347.00	476.00	427.15	439.00	52540.00
chr19	16942304	16942458	154	154	90.00	106.00	98.49	98.00	15168.00
chr11	66333301	66333398	97	97	441.00	550.00	487.29	483.00	47267.00
chr5	74026084	74026223	139	139	34.00	54.00	46.36	47.00	6444.00
chr5	68417520	68417722	202	202	29.00	69.00	51.56	54.00	10415.00
chr19	15272262	15272525	263	263	9.00	19.00	13.70	14.00	3602.00
chr3	45872404	45872482	78	78	27.00	41.00	34.56	35.00	2696.00
chr7	73123374	73123452	78	78	32.00	43.00	38.58	38.50	3009.00
chr5	14498197	14498360	163	163	41.00	60.00	52.80	53.00	8606.00
chr14	93180167	93180230	63	63	133.00	164.00	146.75	146.00	9245.00
chr9	130984739	130984875	136	136	31.00	53.00	41.68	41.00	5669.00
chr13	31216764	31216894	130	130	24.00	50.00	39.15	38.00	5090.00
chr12	112614399	112614506	107	107	93.00	238.00	219.62	225.00	23499.00
chr12	57602865	57602982	117	117	133.00	205.00	172.62	174.00	20196.00
chr14	72976861	72976987	126	126	2.00	4.00	2.99	3.00	377.00
chr1	155209406	155209553	147	147	115.00	190.00	149.73	143.00	22010.00
chr10	49633930	49634113	183	183	35.00	48.00	40.93	40.00	7490.00
chr16	84100093	84100218	125	125	89.00	110.00	100.18	101.00	12523.00
chr1	155207924	155208097	173	173	95.00	291.00	163.34	141.00	28257.00
chr12	2786898	2787033	135	135	2.00	8.00	4.73	5.00	639.00
chr2	233755457	233756197	740	740	0.00	29.00	4.61	0.00	3414.00
chr14	60631894	60632099	205	205	32.00	230.00	164.39	201.00	33700.00
chr1	11151549	11151654	105	105	163.00	193.00	179.13	179.00	18809.00
chr4	134076071	134076178	107	107	266.00	439.00	379.94	386.00	40654.00
chr15	91420364	91420441	77	77	58.00	82.00	69.30	67.00	5336.00
chr5	114961533	114961755	222	222	35.00	183.00	127.93	156.00	28400.00
chr16	1814047	1814211	164	164	19.00	710.00	297.07	382.50	48720.00
chr18	44250463	44252581	2118	2118	0.00	17.00	6.33	6.00	13404.00
chr6	158049380	158049518	138	138	57.00	116.00	86.52	84.50	11940.00
chr19	7675585	7675679	94	94	5.00	8.00	6.55	7.00	616.00
chr13	99461604	99461719	115	115	15.00	551.00	451.44	450.00	51916.00
chr11	130010829	130011467	638	638	1.00	399.00	46.18	4.00	29464.00
chr11	107526658	107526792	134	134	10.00	17.00	13.94	14.00	1868.00
chr16	1391294	1391490	196	196	11.00	23.00	16.25	16.00	3185.00
chr1	38182716	38184158	1442	1442	1.00	26.00	10.64	10.00	15341.00
chr5	179231023	179231323	300	300	1.00	15.00	10.68	12.00	3204.00
chr14	69814593	69814719	126	126	3.00	8.00	6.02	6.00	759.00
chr14	69349174	69349309	135	135	8.00	19.00	13.85	14.00	1870.00
chr19	7614792	7614998	206	206	154.00	323.00	273.17	283.00	56274.00
chr1	228270375	228270466	91	91	3.00	475.00	146.21	49.00	13305.00
chr1	38186022	38186315	293	293	3.00	23.00	12.22	13.00	3580.00
chr13	77641715	77641999	284	284	72.00	123.00	93.99	87.00	26692.00
chr14	100157417	100157498	81	81	11.00	18.00	14.11	14.00	1143.00
chr13	32978280	32979333	1053	1053	21.00	65.00	37.65	36.00	39648.00
chr12	7301567	7301794	227	227	13.00	39.00	26.87	28.00	6100.00
chr9	123583116	123583257	141	141	32.00	58.00	46.96	51.00	6621.00
chr17	26883183	26883284	101	101	71.00	141.00	105.82	102.00	10688.00
chr12	6972993	6973137	144	144	190.00	266.00	231.23	228.00	33297.00
chr20	34322310	34322637	327	327	1.00	8.00	3.80	4.00	1244.00
chr19	7606407	7606570	163	163	131.00	212.00	180.34	182.00	29395.00
chr16	2333186	2333373	187	187	1.00	162.00	112.96	124.00	21124.00
chr12	113825548	113825711	163	163	66.00	288.00	165.15	168.00	26920.00
chr7	4802013	4807749	5736	5736	23.00	127.00	62.29	60.00	357323.00
chr1	43394880	43394985	105	105	298.00	394.00	355.22	371.00	37298.00
chr19	4554399	4554488	89	89	15.00	28.00	21.81	22.00	1941.00
chr16	31719139	31719372	233	233	8.00	20.00	13.52	12.00	3150.00
chr5	134060669	134061744	1075	1075	11.00	36.00	20.20	19.00	21711.00
chr1	202936318	202936371	53	53	12.00	85.00	60.02	76.00	3181.00
chr2	220087366	220087615	249	249	116.00	203.00	156.79	157.00	39040.00
chr2	36764494	36764689	195	195	23.00	40.00	34.25	35.00	6678.00
chr7	43519208	43519343	135	135	0.00	9.00	5.88	7.00	794.00
chr10	51249585	51249993	408	408	2.00	28.00	13.63	15.00	5561.00
chr6	32123647	32123755	108	108	116.00	183.00	144.88	143.00	15647.00
chr3	118624442	118624692	250	250	20.00	140.00	76.86	31.50	19215.00
chr1	190129797	190130020	223	223	4.00	10.00	7.49	8.00	1671.00
chr9	131004491	131004624	133	133	1.00	105.00	76.68	84.00	10198.00
chr22	33679187	33679334	147	147	39.00	51.00	46.93	47.00	6899.00
chr15	74709931	74710016	85	85	228.00	397.00	300.16	274.00	25514.00
chr7	6470110	6470238	128	128	21.00	32.00	27.02	27.00	3459.00
chr1	6640600	6641359	759	759	22.00	46.00	29.39	29.00	22304.00
chr16	31510622	31510728	106	106	90.00	124.00	111.75	113.00	11845.00
chr4	103710287	103711803	1516	1516	0.00	11.00	3.93	4.00	5958.00
chr19	2862339	2862746	407	407	6.00	26.00	17.08	17.00	6952.00
chr2	15467873	15467994	121	121	31.00	41.00	36.36	37.00	4399.00
chr2	36780721	36781492	771	771	11.00	43.00	25.82	25.00	19909.00
chr10	81070680	81070941	261	261	62.00	131.00	93.36	93.00	24368.00
chr2	217234866	217235986	1120	1120	0.00	3.00	0.70	0.00	781.00
chr10	93786348	93786508	160	160	99.00	279.00	175.43	164.00	28069.00
chr17	20268785	20269076	291	291	10.00	25.00	18.39	19.00	5351.00
chr9	131002006	131002062	56	56	3.00	85.00	75.07	79.50	4204.00
chr1	155208307	155208441	134	134	199.00	322.00	264.06	266.00	35384.00
chr2	162833877	162834373	496	496	0.00	8.00	0.60	0.00	296.00
chr9	35799614	35799728	114	114	5.00	11.00	8.35	9.00	952.00
chr20	62517856	62519234	1378	1378	30.00	231.00	127.30	129.00	175415.00
chr22	35942847	35943127	280	280	71.00	185.00	129.46	129.00	36250.00
chr13	26436438	26436546	108	108	3.00	8.00	5.35	5.00	578.00
chr14	69371371	69371453	82	82	9.00	15.00	12.39	12.00	1016.00
chr7	44031274	44031581	307	307	4.00	26.00	15.20	15.00	4666.00
chr11	12274988	12275291	303	303	1.00	13.00	7.01	8.00	2125.00
chr5	1334403	1334498	95	95	106.00	143.00	129.58	133.00	12310.00
chr19	34868639	34868786	147	147	293.00	432.00	368.16	379.00	54120.00
chr16	1815960	1816143	183	183	307.00	540.00	409.86	404.00	75004.00
chr10	73578787	73578868	81	81	2773.00	3216.00	3012.46	3048.00	244009.00
chr17	37420427	37420640	213	213	21.00	45.00	33.29	34.00	7091.00
chr5	60835422	60835586	164	164	58.00	78.00	67.21	66.00	11023.00
chr15	79296143	79296517	374	374	95.00	160.00	126.33	125.00	47248.00
chr19	13039568	13039661	93	93	284.00	396.00	339.54	340.00	31577.00
chr12	49421585	49421713	128	128	182.00	297.00	243.70	246.00	31194.00
chr1	1661057	1662583	1526	1526	3.00	207.00	80.65	71.00	123078.00
chr2	207457340	207457460	120	120	14.00	24.00	18.71	19.00	2245.00
chr11	64542462	64543441	979	979	26.00	127.00	79.61	76.00	77935.00
chr20	61910250	61910347	97	97	148.00	224.00	180.29	163.00	17488.00
chr11	62394042	62394156	114	114	297.00	397.00	340.71	333.00	38841.00
chr5	37301538	37301652	114	114	15.00	30.00	23.33	23.00	2660.00
chr16	4733843	4733933	90	90	121.00	171.00	150.86	155.00	13577.00
chr15	43693913	43694048	135	135	17.00	34.00	26.40	27.00	3564.00
chr11	18764538	18764622	84	84	1.00	5.00	3.39	4.00	285.00
chr17	57842331	57842499	168	168	145.00	202.00	167.33	164.00	28111.00
chr9	96076729	96078064	1335	1335	0.00	4.00	1.62	2.00	2164.00
chr11	12246219	12246367	148	148	24.00	53.00	40.80	46.00	6039.00
chr12	7030743	7031565	822	822	7.00	565.00	198.53	24.50	163192.00
chr3	14523178	14523349	171	171	13.00	24.00	19.43	21.00	3322.00
chr5	758508	759483	975	975	43.00	140.00	87.53	80.00	85340.00
chr12	22635490	22635677	187	187	21.00	45.00	32.65	32.00	6106.00
chr5	14479369	14479459	90	90	15.00	27.00	21.57	22.00	1941.00
chr6	143655214	143656079	865	865	2.00	12.00	6.90	7.00	5972.00
chr7	75508360	75508578	218	218	8.00	287.00	193.82	237.50	42252.00
chr11	60697981	60698131	150	150	18.00	42.00	25.84	21.00	3876.00
chr1	151400598	151400889	291	291	191.00	620.00	389.40	419.00	113316.00
chr5	172196431	172197309	878	878	19.00	387.00	168.06	133.00	147554.00
chr3	49152660	49152794	134	134	61.00	83.00	69.72	70.00	9342.00
chr7	5518281	5519950	1669	1669	7.00	44.00	21.14	19.00	35288.00
chr17	16691106	16691449	343	343	6.00	164.00	61.27	81.00	21015.00
chr2	220086993	220087172	179	179	142.00	182.00	162.10	162.00	29016.00
chr10	51746916	51748006	1090	1090	3.00	115.00	45.19	41.00	49262.00
chr12	7302118	7302289	171	171	14.00	31.00	20.88	21.00	3571.00
chr11	59562844	59562955	111	111	11.00	21.00	15.50	15.00	1720.00
chr12	6100984	6101184	200	200	37.00	56.00	48.80	49.00	9760.00
chr19	5683274	5683627	353	353	1.00	12.00	5.73	5.00	2022.00
chr12	2786259	2786387	128	128	4.00	10.00	6.80	7.00	870.00
chr15	26812727	26812880	153	153	7.00	27.00	15.65	14.00	2395.00
chr1	149007980	149008798	818	818	0.00	1.00	0.11	0.00	90.00
chr19	54965608	54965861	253	253	260.00	786.00	451.77	379.00	114299.00
chr8	27293259	27293310	51	51	19.00	32.00	26.76	27.00	1365.00
chr15	23014437	23014528	91	91	45.00	59.00	51.60	51.00	4696.00
chr1	111717500	111717585	85	85	104.00	159.00	131.14	125.00	11147.00
chr6	150157220	150157433	213	213	102.00	150.00	121.39	122.00	25856.00
chr13	114566547	114566670	123	123	30.00	99.00	55.05	53.00	6771.00
chr16	58539291	58539605	314	314	2.00	8.00	3.96	4.00	1242.00
chr1	21936612	21936768	156	156	106.00	201.00	148.78	148.50	23209.00
chr1	17322880	17322991	111	111	90.00	185.00	145.33	159.00	16132.00
chr11	60699455	60699599	144	144	28.00	58.00	43.64	45.00	6284.00
chr5	6749669	6749770	101	101	39.00	63.00	51.11	52.00	5162.00
chr16	2156805	2156949	144	144	51.00	98.00	66.14	62.00	9524.00
chr15	34690834	34690930	96	96	29.00	42.00	36.45	38.00	3499.00
chr3	11074933	11075425	492	492	16.00	536.00	119.70	45.00	58894.00
chr5	74655222	74655381	159	159	30.00	63.00	41.87	39.00	6658.00
chr20	20022968	20023160	192	192	19.00	90.00	47.10	41.50	9043.00
chr2	39055481	39055578	97	97	12.00	16.00	14.34	14.00	1391.00
chr19	16793231	16793528	297	297	0.00	25.00	7.68	3.00	2282.00
chr2	219205450	219205509	59	59	10.00	16.00	13.03	13.00	769.00
chr17	74087429	74087729	300	300	37.00	111.00	82.78	83.50	24834.00
chr3	184058150	184060036	1886	1886	0.00	89.00	24.20	16.00	45650.00
chr6	90333128	90333263	135	135	15.00	23.00	18.84	19.00	2544.00
chr12	125267019	125267429	410	410	74.00	140.00	104.60	98.00	42885.00
chr1	207942580	207943104	524	524	75.00	447.00	313.57	322.00	164312.00
chr4	89356876	89357043	167	167	7.00	25.00	16.95	17.00	2831.00
chr7	101995498	101995736	238	238	17.00	106.00	43.57	31.00	10369.00
chr3	11067458	11067562	104	104	533.00	651.00	592.42	592.50	61612.00
chr5	95734582	95734740	158	158	1.00	2.00	1.59	2.00	251.00
chr6	152529106	152529341	235	235	42.00	75.00	58.83	57.00	13824.00
chr5	102295578	102295763	185	185	22.00	43.00	34.13	35.00	6314.00
chr22	21072980	21073110	130	130	128.00	199.00	161.01	171.00	20931.00
chr12	121855306	121855714	408	408	73.00	161.00	103.65	100.00	42288.00
chr1	160326389	160326544	155	155	225.00	321.00	275.77	273.00	42744.00
chr11	60670930	60671007	77	77	185.00	236.00	208.96	211.00	16090.00
chr17	79804822	79804948	126	126	397.00	572.00	485.98	499.50	61233.00
chr16	18527204	18527332	128	128	294.00	451.00	392.34	398.00	50220.00
chr16	16372518	16372646	128	128	319.00	465.00	417.22	425.00	53404.00
chr2	32750530	32750695	165	165	89.00	110.00	99.53	99.00	16423.00
chr14	69369193	69369279	86	86	8.00	15.00	11.66	12.00	1003.00
chr7	66418212	66418356	144	144	88.00	120.00	101.69	99.00	14643.00
chr6	44107988	44108097	109	109	87.00	128.00	110.97	111.00	12096.00
chr7	70885893	70886091	198	198	11.00	36.00	21.27	20.00	4211.00
chr8	27295281	27295397	116	116	32.00	42.00	36.92	37.00	4283.00
chr7	73122918	73123018	100	100	36.00	51.00	47.04	47.00	4704.00
chr15	34698874	34699071	197	197	46.00	85.00	64.64	63.00	12734.00
chr8	22009343	22009513	170	170	792.00	1437.00	1016.19	1016.50	172752.00
chr7	1526557	1526737	180	180	43.00	145.00	84.28	80.00	15171.00
chr5	178053946	178054065	119	119	16.00	294.00	146.35	152.00	17416.00
chr12	6103027	6103369	342	342	36.00	79.00	53.81	53.00	18403.00
chr2	3479491	3480482	991	991	16.00	58.00	33.44	35.00	33135.00
chr3	33883388	33883566	178	178	184.00	245.00	213.82	216.00	38060.00
chr19	11019778	11019883	105	105	44.00	81.00	61.23	66.00	6429.00
chr7	98446205	98446318	113	113	43.00	77.00	57.32	51.00	6477.00
chr8	106813274	106813932	658	658	1.00	16.00	4.48	3.00	2946.00
chr2	223795338	223795530	192	192	220.00	292.00	254.90	252.00	48941.00
chr7	75511146	75511554	408	408	170.00	327.00	243.62	244.50	99398.00
chr21	40184926	40185038	112	112	28.00	40.00	35.50	36.00	3976.00
chr19	53383575	53385236	1661	1661	8.00	36.00	20.66	21.00	34323.00
chr19	14208130	14208295	165	165	18.00	226.00	152.58	196.00	25176.00
chr15	91461013	91461618	605	605	140.00	1385.00	480.62	192.00	290777.00
chr8	145278010	145278133	123	123	7.00	21.00	14.59	15.00	1795.00
chr16	28132990	28133083	93	93	289.00	410.00	348.82	342.00	32440.00
chr11	125280091	125280221	130	130	3.00	6.00	4.54	5.00	590.00
chr15	63128089	63128317	228	228	2.00	99.00	69.26	82.00	15792.00
chr9	131181435	131181557	122	122	44.00	866.00	727.05	757.00	88700.00
chr19	3281196	3281343	147	147	15.00	23.00	19.54	20.00	2873.00
chr11	6240200	6240280	80	80	31.00	47.00	39.14	39.00	3131.00
chr20	31019123	31019287	164	164	58.00	93.00	75.74	76.00	12422.00
chr6	46825865	46827260	1395	1395	14.00	63.00	35.65	36.00	49727.00
chr12	1672006	1672666	660	660	2.00	29.00	13.64	13.00	9003.00
chr12	9098824	9099001	177	177	140.00	213.00	177.36	182.00	31392.00
chr7	121738503	121738630	127	127	73.00	113.00	92.64	94.00	11765.00
chr19	40875814	40875935	121	121	294.00	381.00	343.88	346.00	41610.00
chr20	3581592	3581671	79	79	93.00	140.00	119.04	123.00	9404.00
chr17	7226965	7227042	77	77	56.00	73.00	65.65	67.00	5055.00
chr2	74331800	74332809	1009	1009	21.00	68.00	40.95	41.00	41319.00
chr1	209785136	209785610	474	474	0.00	10.00	5.45	6.00	2581.00
chr9	35546426	35548532	2106	2106	80.00	247.00	146.11	143.00	307702.00
chr17	80040198	80040290	92	92	297.00	354.00	327.39	329.00	30120.00
chr11	73074791	73075284	493	493	3.00	20.00	9.02	7.00	4445.00
chr20	44674976	44675075	99	99	5.00	10.00	7.38	7.00	731.00
chr20	5892091	5892328	237	237	0.00	11.00	4.50	4.00	1067.00
chr17	20316581	20317594	1013	1013	11.00	71.00	34.91	32.00	35360.00
chr12	99478702	99478801	99	99	1.00	6.00	3.87	4.00	383.00
chr17	40842756	40842960	204	204	16.00	36.00	28.48	30.00	5810.00
chr11	107501142	107501288	146	146	2.00	11.00	4.95	3.00	723.00
chr11	85429236	85429532	296	296	0.00	2.00	1.17	1.00	346.00
chr20	9449217	9449319	102	102	3.00	9.00	7.16	8.00	730.00
chr14	23371395	23371591	196	196	100.00	139.00	121.65	124.00	23844.00
chr7	716865	716957	92	92	56.00	69.00	62.73	63.00	5771.00
chr10	48862360	48862682	322	322	0.00	7.00	2.87	3.00	925.00
chr10	68686678	68688210	1532	1532	3.00	30.00	12.76	11.00	19555.00
chr5	179674854	179674926	72	72	10.00	15.00	11.46	11.00	825.00
chr1	209773327	209773456	129	129	0.00	4.00	1.82	1.00	235.00
chr17	45691034	45691091	57	57	175.00	196.00	186.44	188.00	10627.00
chr1	19669871	19670118	247	247	32.00	56.00	45.43	47.00	11222.00
chr17	45664025	45664710	685	685	7.00	209.00	58.11	46.00	39807.00
chr19	2337634	2338840	1206	1206	12.00	96.00	35.17	30.00	42413.00
chr8	22011480	22011552	72	72	996.00	1331.00	1138.17	1090.00	81948.00
