#chrom	start	end	size	num_data	min	max	mean	median	sum
chr12	1940100	1940691	591	591	28.00	64.00	44.04	42.00	26029.00
chr1	27480473	27481381	908	908	15.00	69.00	45.06	46.00	40916.00
chr15	63112684	63112809	125	125	206.00	310.00	264.84	267.00	33105.00
chr5	149231737	149232254	517	517	7.00	25.00	16.11	16.00	8327.00
chr5	140865429	140867182	1753	1753	11.00	57.00	31.34	32.00	54941.00
chr1	32209793	32209958	165	165	206.00	385.00	296.41	295.00	48908.00
chr16	87873307	87873431	124	124	198.00	313.00	265.61	272.00	32936.00
chr17	34157438	34158175	737	737	12.00	38.00	22.52	22.00	16594.00
chr2	127815619	127816088	469	469	27.00	271.00	142.64	162.00	66896.00
chr1	208212965	208213112	147	147	47.00	87.00	63.96	63.00	9402.00
chr22	19703883	19704666	783	783	6.00	39.00	20.04	19.00	15689.00
chr16	87872319	87872423	104	104	233.00	309.00	264.39	254.50	27497.00
chr9	140055740	140055868	128	128	1275.00	1591.00	1457.62	1472.00	186575.00
chr22	21096515	21096643	128	128	486.00	629.00	544.50	549.50	69696.00
chr9	140056321	140056540	219	219	3.00	2158.00	1345.88	1577.00	294748.00
chr11	78379981	78380253	272	272	13.00	26.00	20.36	20.00	5537.00
chr3	11070420	11070533	113	113	334.00	406.00	366.82	363.00	41451.00
chr1	109812554	109813222	668	668	3.00	585.00	226.04	235.00	150998.00
chr2	220161954	220162155	201	201	523.00	846.00	697.90	721.00	140278.00
chr15	74706887	74707086	199	199	149.00	252.00	196.18	190.00	39040.00
chr17	7318829	7319426	597	597	219.00	606.00	383.19	400.00	228766.00
chr1	21560050	21560154	104	104	58.00	72.00	67.02	67.00	6970.00
chr1	25573799	25573952	153	153	7.00	492.00	314.03	349.00	48046.00
chr14	93198993	93199160	167	167	141.00	208.00	179.93	179.00	30049.00
chr1	205554003	205554119	116	116	138.00	280.00	195.56	192.50	22685.00
chr1	9795005	9795232	227	227	1582.00	2276.00	1965.53	1958.00	446175.00
chr17	42426525	42426670	145	145	81.00	151.00	117.97	117.00	17106.00
chr18	70205887	70206179	292	292	7.00	333.00	128.53	16.00	37532.00
chr1	205553082	205553251	169	169	270.00	358.00	320.11	326.00	54098.00
chr9	140056623	140056766	143	143	6.00	1763.00	1027.98	1149.00	147001.00
chr6	33412147	33412394	247	247	9.00	558.00	312.26	420.00	77129.00
chr12	89992366	89992547	181	181	5.00	653.00	480.36	533.00	86945.00
chr2	220088827	220089576	749	749	115.00	307.00	185.79	179.00	139159.00
chr14	100763073	100765222	2149	2149	13.00	145.00	68.78	69.00	147803.00
chr1	110740697	110742543	1846	1846	17.00	739.00	428.80	422.00	791560.00
chr1	149878201	149879758	1557	1557	26.00	1422.00	319.93	63.00	498125.00
chr3	197264139	197265259	1120	1120	6.00	28.00	16.45	16.00	18428.00
chr8	56449623	56450530	907	907	7.00	27.00	16.43	16.00	14903.00
chr9	139354208	139354326	118	118	72.00	90.00	79.75	80.00	9411.00
chr1	32204908	32205236	328	328	339.00	579.00	432.36	425.50	141813.00
chr7	75608768	75608897	129	129	143.00	222.00	179.76	178.00	23189.00
chr19	45161029	45161178	149	149	50.00	76.00	63.36	65.00	9441.00
chr19	5243911	5244493	582	582	81.00	214.00	131.45	125.00	76502.00
chr6	32119585	32119717	132	132	12.00	760.00	420.66	468.00	55527.00
chr3	42670878	42672067	1189	1189	4.00	40.00	18.26	17.00	21706.00
chr11	45892392	45892485	93	93	186.00	272.00	228.24	228.00	21226.00
chr17	80040789	80040991	202	202	532.00	913.00	667.72	650.00	134879.00
chr2	74902875	74903036	161	161	40.00	75.00	48.89	47.00	7871.00
chr17	38335969	38337946	1977	1977	2.00	205.00	28.62	20.00	56587.00
chr16	87870103	87870253	150	150	221.00	366.00	285.21	279.00	42781.00
chr1	32205947	32206142	195	195	427.00	572.00	498.03	498.00	97116.00
chr6	44117553	44117702	149	149	21.00	273.00	174.55	220.00	26008.00
chr1	159163659	159163830	171	171	1050.00	1331.00	1197.36	1197.00	204748.00
chr3	445565	446023	458	458	3.00	14.00	9.05	9.00	4143.00
chr2	25048913	25048995	82	82	144.00	183.00	164.79	165.00	13513.00
chr10	99504485	99504672	187	187	60.00	121.00	90.48	94.00	16919.00
chr4	54364807	54365010	203	203	75.00	147.00	111.90	115.00	22716.00
chr17	1634367	1634552	185	185	21.00	42.00	30.95	32.00	5725.00
chr7	72416124	72416247	123	123	106.00	140.00	120.80	116.00	14859.00
chr1	208212169	208212329	160	160	59.00	93.00	75.68	74.00	12109.00
chr9	140952500	140952702	202	202	64.00	105.00	83.60	85.00	16888.00
chr6	44197325	44197528	203	203	107.00	154.00	135.13	134.00	27431.00
chr6	44197643	44198218	575	575	32.00	110.00	58.31	52.00	33529.00
chr11	118981972	118982084	112	112	192.00	247.00	218.46	225.00	24468.00
chr5	150503846	150503952	106	106	9.00	1778.00	1273.03	1602.50	134941.00
chr11	118981761	118981878	117	117	233.00	284.00	262.04	262.00	30659.00
chr11	126314873	126315000	127	127	64.00	84.00	75.71	78.00	9615.00
chr1	159165808	159166244	436	436	3.00	1208.00	215.16	9.00	93811.00
chr7	134893542	134893750	208	208	57.00	78.00	67.12	67.00	13962.00
chr9	121976196	121976433	237	237	136.00	313.00	216.81	224.00	51385.00
chr19	54691042	54691169	127	127	261.00	523.00	380.07	356.00	48269.00
chr22	38621430	38621600	170	170	236.00	403.00	335.79	355.50	57085.00
chr13	42035681	42036205	524	524	7.00	20.00	14.84	16.00	7778.00
chr20	1915360	1915413	53	53	7.00	1493.00	1013.45	1246.00	53713.00
chr5	14496987	14497126	139	139	167.00	282.00	217.22	207.00	30193.00
chr12	56528125	56528212	87	87	78.00	112.00	99.87	104.00	8689.00
chr3	47466974	47467101	127	127	95.00	117.00	108.09	107.00	13727.00
chr17	7415476	7415663	187	187	160.00	229.00	181.54	177.00	33948.00
chr3	33588037	33589252	1215	1215	3.00	31.00	18.21	18.00	22121.00
chr7	887833	888615	782	782	10.00	55.00	26.69	24.00	20875.00
chr10	24813251	24813693	442	442	27.00	96.00	61.39	65.00	27133.00
chr1	109812045	109812213	168	168	254.00	460.00	344.67	321.00	57905.00
chr19	15276597	15276902	305	305	20.00	44.00	31.59	32.00	9636.00
chr16	2334779	2334999	220	220	182.00	291.00	230.11	217.50	50624.00
chr16	68404761	68405261	500	500	8.00	43.00	26.25	29.00	13125.00
chr4	110969111	110969871	760	760	12.00	50.00	27.08	27.50	20582.00
chr1	145693161	145693996	835	835	5.00	134.00	61.06	57.00	50986.00
chr7	44282848	44282932	84	84	637.00	798.00	730.32	729.00	61347.00
chr2	220164315	220164508	193	193	17.00	546.00	230.98	28.00	44580.00
chr12	50472203	50472360	157	157	80.00	107.00	93.10	93.00	14617.00
chr2	220163768	220163833	65	65	536.00	761.00	677.72	694.00	44052.00
chr2	222289928	222290862	934	934	99.00	209.00	152.07	156.00	142036.00
chr12	57599133	57599268	135	135	209.00	412.00	286.76	274.00	38712.00
chr7	157475416	157475629	213	213	256.00	412.00	327.68	303.00	69795.00
chr1	32203800	32203927	127	127	306.00	845.00	551.78	553.00	70076.00
chr1	109811731	109811912	181	181	255.00	526.00	404.77	447.00	73264.00
chr9	140052830	140052975	145	145	821.00	2659.00	1784.79	1932.00	258794.00
chr2	220161706	220161854	148	148	579.00	1119.00	809.07	754.00	119742.00
chr16	29896906	29897070	164	164	376.00	646.00	554.40	575.00	90922.00
chr16	47143393	47143622	229	229	47.00	76.00	62.79	64.00	14379.00
chr11	993753	993985	232	232	184.00	366.00	287.93	286.50	66800.00
chr9	124059698	124061137	1439	1439	17.00	90.00	45.61	41.00	65639.00
chr9	140350140	140350634	494	494	6.00	78.00	44.34	43.50	21902.00
chr11	14504577	14504697	120	120	73.00	107.00	88.70	87.00	10644.00
chr3	49898612	49898733	121	121	503.00	941.00	725.21	723.00	87751.00
chr9	131811659	131811777	118	118	59.00	114.00	79.63	75.00	9396.00
chr9	131810705	131810818	113	113	72.00	116.00	98.04	100.00	11079.00
chr1	223400935	223401080	145	145	73.00	132.00	104.52	106.00	15155.00
chr12	125612185	125612820	635	635	8.00	150.00	33.64	13.00	21361.00
chr2	220088590	220088744	154	154	155.00	231.00	202.62	203.50	31204.00
chr9	70888487	70888750	263	263	8.00	52.00	30.56	27.00	8037.00
chr14	69813756	69813898	142	142	152.00	215.00	177.25	172.00	25170.00
chr2	47399145	47399890	745	745	11.00	390.00	54.06	49.00	40272.00
chr11	62688689	62689041	352	352	4.00	225.00	53.99	9.00	19004.00
chr6	43745205	43745407	202	202	42.00	675.00	567.61	575.00	114658.00
chr3	11072492	11072997	505	505	8.00	492.00	118.57	46.00	59880.00
chr7	2696031	2696168	137	137	175.00	286.00	248.10	259.00	33990.00
chr16	14969196	14969279	83	83	549.00	929.00	755.18	807.00	62680.00
chr17	7377847	7378026	179	179	6.00	16.00	11.66	12.00	2087.00
chr12	65639640	65639719	79	79	67.00	116.00	93.35	92.00	7375.00
chr12	50294912	50295108	196	196	1526.00	3549.00	2001.58	1774.50	392309.00
chr19	42485653	42485788	135	135	1534.00	2725.00	2183.41	2173.00	294761.00
chr10	99509230	99509343	113	113	108.00	199.00	154.42	157.00	17449.00
chr22	38883877	38888120	4243	4243	55.00	1202.00	369.92	326.00	1569554.00
chr12	49416372	49416658	286	286	78.00	138.00	107.71	107.00	30806.00
chr6	24843089	24843782	693	693	26.00	57.00	41.55	41.00	28793.00
chr5	176295561	176295665	104	104	208.00	288.00	236.70	232.00	24617.00
chr10	99510087	99510227	140	140	148.00	202.00	169.08	164.00	23671.00
chr1	159173658	159174770	1112	1112	15.00	210.00	61.19	39.00	68048.00
chr11	1780745	1780869	124	124	1060.00	1639.00	1408.83	1496.00	174695.00
chr19	42486059	42486258	199	199	1363.00	2691.00	2030.52	2076.00	404073.00
chr3	47465422	47465535	113	113	116.00	181.00	143.82	143.00	16252.00
chr1	21573713	21573856	143	143	63.00	83.00	70.55	70.00	10088.00
chr11	65320330	65320453	123	123	120.00	204.00	173.46	179.00	21335.00
chr3	47462420	47462519	99	99	170.00	227.00	199.80	199.00	19780.00
chr2	219204751	219204864	113	113	122.00	193.00	168.69	172.00	19062.00
chr1	43906123	43906257	134	134	22.00	54.00	36.46	32.00	4886.00
chr7	38785158	38785840	682	682	8.00	183.00	28.84	17.00	19672.00
chr2	153499932	153500058	126	126	82.00	126.00	104.75	110.00	13198.00
chr1	32203011	32203132	121	121	3.00	601.00	469.88	553.00	56856.00
chr22	42290823	42290941	118	118	362.00	727.00	590.36	593.50	69662.00
chr19	47940718	47940818	100	100	272.00	677.00	507.31	527.50	50731.00
chr4	119539150	119539274	124	124	14.00	42.00	32.44	37.00	4023.00
chr17	44117067	44117250	183	183	67.00	103.00	85.44	86.00	15636.00
chr19	42485873	42485983	110	110	1360.00	1915.00	1612.42	1554.50	177366.00
chr6	44114583	44114664	81	81	90.00	133.00	115.77	119.00	9377.00
chr19	47941105	47941292	187	187	6.00	679.00	342.72	426.00	64088.00
chr11	73074250	73074500	250	250	139.00	202.00	168.41	168.50	42103.00
chr3	33418764	33418825	61	61	178.00	249.00	207.48	211.00	12656.00
chr1	700258	700505	247	247	20.00	77.00	44.03	39.00	10875.00
chr9	74319510	74319719	209	209	43.00	83.00	59.64	56.00	12464.00
chr16	2336694	2336968	274	274	160.00	481.00	312.23	315.50	85552.00
chr20	3575125	3575219	94	94	86.00	138.00	103.89	103.50	9766.00
chr9	139231377	139231529	152	152	69.00	127.00	95.70	96.00	14546.00
chr5	140515951	140516498	547	547	11.00	46.00	25.53	23.00	13966.00
chr1	21938208	21938309	101	101	386.00	485.00	430.52	429.00	43483.00
chr3	155659188	155659936	748	748	9.00	130.00	80.86	83.00	60483.00
chr16	27483068	27483241	173	173	95.00	136.00	119.74	123.00	20715.00
chr11	994071	994245	174	174	100.00	230.00	182.44	201.00	31745.00
chr7	71175745	71175913	168	168	249.00	473.00	366.00	382.00	61488.00
chr12	121204065	121204175	110	110	126.00	191.00	169.82	178.00	18680.00
chr7	73118679	73118753	74	74	665.00	939.00	809.24	806.50	59884.00
chr9	140972565	140972710	145	145	72.00	117.00	94.81	95.00	13748.00
chr12	121683329	121684024	695	695	9.00	50.00	28.20	28.00	19602.00
chr16	74493579	74493687	108	108	141.00	218.00	178.15	166.50	19240.00
chr2	36771518	36771641	123	123	128.00	150.00	135.28	134.00	16640.00
chr7	94187181	94187996	815	815	4.00	38.00	16.40	16.00	13365.00
chr14	94156951	94157239	288	288	2.00	15.00	9.66	10.00	2781.00
chr7	121739000	121739524	524	524	14.00	36.00	23.46	23.00	12292.00
chr1	19549117	19549328	211	211	83.00	139.00	111.26	106.00	23475.00
chr19	5214571	5214747	176	176	180.00	469.00	274.98	266.50	48396.00
chr19	42557753	42557861	108	108	164.00	192.00	180.04	181.00	19444.00
chr15	102510686	102510925	239	239	1.00	103.00	52.76	52.00	12610.00
chr5	167673761	167675376	1615	1615	16.00	87.00	46.48	41.00	75067.00
chr7	44282158	44282253	95	95	654.00	973.00	804.77	776.00	76453.00
chr2	160621061	160621717	656	656	32.00	159.00	56.41	48.00	37004.00
chr5	10426501	10426634	133	133	189.00	304.00	260.26	273.00	34614.00
chr16	1814301	1814460	159	159	537.00	717.00	618.64	611.00	98363.00
chr11	21581734	21581928	194	194	58.00	92.00	75.85	76.50	14715.00
chr3	126749085	126749255	170	170	80.00	121.00	96.49	96.00	16403.00
chr11	12237765	12237866	101	101	259.00	328.00	292.48	291.00	29540.00
chr6	31750872	31750963	91	91	111.00	167.00	146.49	146.00	13331.00
chr3	53124201	53124398	197	197	11.00	28.00	20.63	21.00	4064.00
chr2	220161470	220161544	74	74	829.00	1150.00	1037.66	1074.50	76787.00
chr2	128951046	128951785	739	739	7.00	61.00	36.75	40.00	27157.00
chr5	24535811	24535931	120	120	70.00	97.00	81.08	80.50	9730.00
chr1	44083406	44083582	176	176	227.00	401.00	300.68	301.50	52920.00
chr1	32207653	32207818	165	165	227.00	492.00	316.51	290.00	52224.00
chr12	7293754	7294000	246	246	8.00	776.00	435.22	592.00	107063.00
chr3	131442289	131442469	180	180	57.00	79.00	66.70	66.00	12006.00
chr3	49898871	49899298	427	427	27.00	1092.00	415.62	488.00	177470.00
chr16	66432358	66432464	106	106	110.00	161.00	135.92	134.00	14407.00
chr1	20982593	20982680	87	87	229.00	308.00	261.44	249.00	22745.00
chr16	68398653	68398809	156	156	21.00	36.00	27.42	26.00	4277.00
chr17	16676818	16678279	1461	1461	3.00	42.00	15.21	14.00	22215.00
chr1	109814899	109815027	128	128	312.00	436.00	371.73	384.00	47582.00
chr1	21940478	21940582	104	104	480.00	588.00	533.55	540.00	55489.00
chr20	57468284	57468793	509	509	13.00	39.00	21.40	20.00	10891.00
chr3	127358087	127358366	279	279	157.00	366.00	260.42	256.00	72657.00
chr3	126735359	126735527	168	168	53.00	73.00	64.85	66.00	10894.00
chr10	103869140	103869264	124	124	303.00	377.00	328.81	321.00	40772.00
chr20	44520554	44520666	112	112	126.00	192.00	155.09	155.00	17370.00
chr1	32203252	32203356	104	104	296.00	503.00	411.96	438.00	42844.00
chr21	40186196	40186316	120	120	160.00	212.00	189.84	191.00	22781.00
chr5	111067153	111068349	1196	1196	0.00	30.00	15.43	15.00	18458.00
chr9	128002954	128003186	232	232	1173.00	2187.00	1635.00	1616.50	379320.00
chr1	43408896	43408992	96	96	452.00	622.00	534.44	527.50	51306.00
chr3	47463931	47464026	95	95	169.00	209.00	191.35	193.00	18178.00
chr2	220161160	220161238	78	78	685.00	875.00	765.00	730.00	59670.00
chr11	62472772	62473089	317	317	819.00	1841.00	1301.79	1337.00	412668.00
chr9	130986341	130986906	565	565	16.00	552.00	138.94	26.00	78502.00
chr14	69358769	69359000	231	231	254.00	337.00	290.68	289.00	67146.00
chr11	64416205	64416379	174	174	106.00	257.00	196.13	216.50	34126.00
chr17	8398454	8398559	105	105	240.00	427.00	359.19	373.00	37715.00
chr12	53572943	53574193	1250	1250	18.00	56.00	36.38	36.00	45469.00
chr17	17696544	17701827	5283	5283	21.00	193.00	64.79	61.00	342305.00
chr8	11705187	11705331	144	144	1032.00	1510.00	1345.35	1371.00	193730.00
chr19	54963829	54963931	102	102	308.00	501.00	402.44	391.00	41049.00
chr2	70451682	70456295	4613	4613	4.00	142.00	24.45	20.00	112768.00
chr11	118873959	118874169	210	210	9.00	28.00	18.17	18.00	3815.00
chr10	75548427	75548581	154	154	63.00	125.00	98.69	106.00	15199.00
chr6	33414351	33414563	212	212	304.00	586.00	502.35	518.00	106498.00
chr17	80042910	80043032	122	122	221.00	300.00	267.18	278.50	32596.00
chr11	11470290	11470483	193	193	77.00	162.00	101.48	99.00	19585.00
chr8	23294446	23294771	325	325	60.00	107.00	79.90	75.00	25969.00
chr1	116932060	116932663	603	603	16.00	2667.00	863.88	44.00	520918.00
chr15	83222627	83222741	114	114	74.00	109.00	96.57	99.50	11009.00
chr3	9841562	9841751	189	189	21.00	34.00	28.78	29.00	5440.00
chr1	116937731	116937907	176	176	1701.00	3455.00	2136.49	1939.00	376022.00
chr16	87868019	87868197	178	178	158.00	241.00	202.78	197.00	36094.00
chr3	124209540	124209731	191	191	392.00	541.00	463.94	455.00	88613.00
chr7	71142195	71142291	96	96	372.00	479.00	413.01	411.00	39649.00
chr5	130497324	130497584	260	260	9.00	23.00	15.91	16.00	4136.00
chr13	100199238	100199358	120	120	221.00	333.00	268.40	265.50	32208.00
chr5	139943336	139943506	170	170	21.00	191.00	157.66	163.00	26803.00
chr17	74395529	74396002	473	473	78.00	180.00	149.27	157.00	70607.00
chr14	93179149	93179216	67	67	161.00	191.00	177.12	179.00	11867.00
chr4	160277004	160277310	306	306	39.00	332.00	172.68	169.00	52840.00
chr17	40666306	40666478	172	172	546.00	1033.00	798.99	771.00	137427.00
chr15	34828065	34828207	142	142	12.00	149.00	82.54	72.00	11721.00
chr14	100165802	100165876	74	74	343.00	450.00	397.73	410.00	29432.00
chr22	20128089	20128231	142	142	13.00	122.00	73.40	93.50	10423.00
chr12	3392210	3394421	2211	2211	7.00	109.00	47.19	45.00	104334.00
chr17	16687866	16690667	2801	2801	0.00	85.00	13.43	8.00	37610.00
chr6	31664724	31664810	86	86	101.00	148.00	126.87	129.00	10911.00
chr6	30627512	30627611	99	99	27.00	50.00	38.40	39.00	3802.00
chr11	18752834	18755060	2226	2226	6.00	741.00	82.49	39.00	183615.00
chr12	109332602	109332731	129	129	350.00	491.00	433.74	448.00	55953.00
chr6	90072884	90073110	226	226	10.00	26.00	19.24	19.00	4349.00
chr16	2689371	2689711	340	340	0.00	1.00	0.23	0.00	77.00
chr1	20987373	20987484	111	111	230.00	287.00	259.04	257.00	28753.00
chr14	85985300	85986667	1367	1367	1.00	19.00	10.82	12.00	14789.00
chr13	32863769	32863880	111	111	107.00	126.00	115.76	116.00	12849.00
chr16	1510418	1510528	110	110	77.00	110.00	92.60	93.00	10186.00
chr19	54963269	54963444	175	175	411.00	590.00	482.57	483.00	84450.00
chr6	44224078	44224233	155	155	52.00	75.00	64.66	65.00	10022.00
chr20	3151172	3152285	1113	1113	12.00	61.00	36.80	39.00	40955.00
chr1	892273	892405	132	132	123.00	238.00	169.84	164.00	22419.00
chr16	90192167	90192724	557	557	4.00	61.00	33.67	30.00	18754.00
chr9	111663704	111663810	106	106	52.00	68.00	60.03	61.00	6363.00
chr6	44108764	44108835	71	71	129.00	173.00	150.68	153.00	10698.00
chr1	36028802	36029027	225	225	1451.00	2878.00	2036.07	1842.00	458116.00
chr11	66807259	66807674	415	415	4.00	96.00	76.15	79.00	31601.00
chr1	178426817	178427679	862	862	17.00	52.00	30.71	30.00	26468.00
chr19	42482302	42482478	176	176	1680.00	2849.00	2028.66	1977.50	357045.00
chr1	44084718	44084873	155	155	162.00	488.00	307.14	282.00	47607.00
chr1	109812315	109812442	127	127	250.00	377.00	307.04	317.00	38994.00
chr3	180324268	180324391	123	123	119.00	175.00	150.89	153.00	18560.00
chr15	63933668	63933842	174	174	135.00	229.00	173.07	160.00	30115.00
chr20	44521363	44521519	156	156	206.00	275.00	244.64	246.00	38164.00
chr3	33416779	33416910	131	131	77.00	182.00	124.69	126.00	16334.00
chr1	21934624	21934843	219	219	8.00	779.00	318.55	380.00	69762.00
chr14	69799801	69799886	85	85	112.00	146.00	131.99	134.00	11219.00
chr1	116936134	116936345	211	211	24.00	2600.00	2051.41	2245.00	432847.00
chr14	23634493	23634645	152	152	31.00	67.00	51.42	57.00	7816.00
chr16	1402538	1402947	409	409	14.00	50.00	30.73	28.00	12570.00
chr9	20331	25000	4669	4669	1.00	167.00	65.33	63.00	305010.00
chr17	43545574	43545959	385	385	44.00	86.00	64.84	68.00	24964.00
chr13	100201418	100201476	58	58	260.00	286.00	271.88	272.00	15769.00
chr15	41865505	41865665	160	160	343.00	611.00	467.79	468.50	74847.00
chr19	19641688	19642196	508	508	8.00	25.00	14.70	14.00	7469.00
chr11	134147593	134148159	566	566	11.00	34.00	23.41	24.00	13251.00
chr2	71656420	71657290	870	870	8.00	51.00	33.38	34.00	29040.00
chr7	97834775	97835016	241	241	97.00	188.00	145.32	145.00	35021.00
chr19	13363804	13363915	111	111	82.00	107.00	95.07	97.00	10553.00
chr18	31328383	31329011	628	628	6.00	23.00	12.04	11.00	7563.00
chr16	66431884	66432009	125	125	57.00	112.00	80.37	70.00	10046.00
chr19	47935155	47935702	547	547	6.00	865.00	278.41	281.00	152289.00
chr12	50291769	50291873	104	104	954.00	1565.00	1191.86	1200.00	123953.00
chr11	1780198	1780317	119	119	705.00	1466.00	916.07	860.00	109012.00
chr15	65392626	65393167	541	541	16.00	32.00	24.20	24.00	13093.00
chr2	86397871	86397967	96	96	92.00	140.00	113.19	112.00	10866.00
chr7	97866087	97866233	146	146	68.00	146.00	97.31	99.00	14207.00
chr11	60687157	60687402	245	245	111.00	234.00	167.41	171.00	41016.00
chr21	43307700	43309453	1753	1753	11.00	80.00	49.19	48.00	86224.00
chr14	24619269	24619657	388	388	14.00	68.00	32.95	32.00	12783.00
chr11	65320634	65320727	93	93	106.00	133.00	120.68	122.00	11223.00
chr16	29891184	29891385	201	201	508.00	764.00	637.96	619.00	128229.00
chr1	32207224	32207326	102	102	524.00	760.00	652.78	674.50	66584.00
chr11	72300218	72300394	176	176	15.00	392.00	136.20	19.00	23972.00
chr17	7608878	7609038	160	160	8.00	156.00	93.74	107.00	14998.00
chr19	7607646	7607814	168	168	100.00	217.00	146.61	150.00	24630.00
chr19	54966129	54966271	142	142	138.00	317.00	257.36	273.00	36545.00
chr12	57995027	57995131	104	104	138.00	177.00	160.22	160.00	16663.00
chr1	27428875	27429049	174	174	62.00	81.00	70.58	69.00	12281.00
chr2	27688277	27688385	108	108	30.00	48.00	40.44	42.00	4367.00
chr16	2691449	2692254	805	805	0.00	13.00	1.60	0.00	1291.00
chr9	131503813	131503933	120	120	403.00	464.00	431.49	431.00	51779.00
chr16	2347766	2347922	156	156	185.00	298.00	240.13	235.00	37460.00
chr17	80039884	80040036	152	152	491.00	570.00	521.08	517.50	79204.00
chr1	32204432	32204538	106	106	356.00	856.00	585.34	570.50	62046.00
chr12	9242951	9243078	127	127	60.00	90.00	73.85	74.00	9379.00
chr3	49702661	49702751	90	90	197.00	234.00	221.03	221.50	19893.00
chr19	35820359	35820837	478	478	28.00	112.00	69.20	71.00	33079.00
chr1	201456762	201457615	853	853	14.00	39.00	24.84	23.00	21190.00
chr16	2334279	2334438	159	159	181.00	273.00	213.09	207.00	33882.00
chr10	73578373	73578481	108	108	4018.00	5293.00	4705.76	4742.00	508222.00
chr16	18530550	18530756	206	206	2.00	641.00	292.49	423.50	60253.00
chr16	16369094	16369300	206	206	2.00	650.00	293.01	424.00	60360.00
chr13	113975636	113975785	149	149	15.00	786.00	333.01	22.00	49619.00
chr11	119293822	119294227	405	405	7.00	5528.00	479.79	34.00	194314.00
chr5	150505962	150506041	79	79	1006.00	1575.00	1276.92	1259.00	100877.00
chr22	44224939	44225078	139	139	686.00	956.00	777.29	762.00	108043.00
chr15	41865199	41865309	110	110	303.00	455.00	370.99	339.50	40809.00
chr17	25633807	25636298	2491	2491	35.00	937.00	329.66	330.00	821178.00
chr15	72495155	72495529	374	374	32.00	3038.00	1221.20	50.00	456729.00
chr9	42540272	42542124	1852	1852	2.00	27.00	12.33	11.00	22837.00
chr11	119290760	119291704	944	944	2.00	7548.00	1638.67	16.00	1546904.00
chr19	5219949	5220165	216	216	135.00	265.00	189.89	177.00	41017.00
chr15	63910769	63911153	384	384	2.00	38.00	16.40	14.00	6297.00
chr17	74393879	74393969	90	90	160.00	237.00	191.27	180.50	17214.00
chr10	104129467	104129532	65	65	100.00	135.00	120.71	122.00	7846.00
chr3	142454224	142454620	396	396	3.00	19.00	8.91	8.00	3530.00
chr12	121205196	121205396	200	200	143.00	216.00	173.59	171.00	34719.00
chr3	31705570	31705724	154	154	27.00	43.00	33.66	33.00	5183.00
chr6	118635190	118636593	1403	1403	16.00	203.00	89.62	81.00	125741.00
chr8	10339867	10340829	962	962	3.00	41.00	18.97	18.00	18245.00
chr19	16952578	16952779	201	201	132.00	215.00	178.36	181.00	35851.00
chr8	110984486	110985016	530	530	63.00	139.00	110.31	111.00	58465.00
chr9	128001219	128001610	391	391	1464.00	4286.00	2914.05	3137.00	1139392.00
chr11	73070878	73070997	119	119	148.00	204.00	182.56	187.00	21725.00
chr10	104130140	104130235	95	95	94.00	132.00	114.25	117.00	10854.00
chr5	95733039	95733173	134	134	65.00	116.00	85.21	80.00	11418.00
chr19	59059400	59059547	147	147	331.00	445.00	389.50	388.00	57257.00
chr5	139943169	139943255	86	86	30.00	135.00	112.34	122.00	9661.00
chr17	73487771	73487981	210	210	71.00	217.00	149.86	147.00	31471.00
chr1	154315588	154315777	189	189	40.00	65.00	50.57	49.00	9557.00
chr14	95652726	95653070	344	344	21.00	50.00	37.33	39.00	12842.00
chr12	123639801	123640772	971	971	4.00	44.00	26.09	26.00	25330.00
chr22	47064870	47065171	301	301	4.00	11.00	7.76	7.00	2335.00
chr5	24535220	24535388	168	168	57.00	87.00	72.56	72.50	12190.00
chr12	6806452	6806958	506	506	125.00	352.00	227.40	233.50	115065.00
chr22	29881711	29881836	125	125	422.00	559.00	474.47	462.00	59309.00
chr7	75894681	75894786	105	105	58.00	103.00	75.57	77.00	7935.00
chr12	121089007	121095893	6886	6886	16.00	255.00	89.03	79.00	613072.00
chr1	207940357	207942365	2008	2008	6.00	270.00	66.44	50.00	133404.00
chr7	154681166	154681240	74	74	456.00	523.00	491.93	493.50	36403.00
chr5	131696513	131697529	1016	1016	3.00	28.00	12.51	12.00	12711.00
chr11	1776135	1776258	123	123	468.00	1129.00	731.75	668.00	90005.00
chr8	11706554	11706673	119	119	867.00	1084.00	990.66	1000.00	117889.00
chr11	18759426	18759511	85	85	272.00	348.00	308.21	309.00	26198.00
chr16	61689373	61689625	252	252	39.00	69.00	53.58	53.00	13501.00
chr15	51750702	51750824	122	122	156.00	199.00	181.80	184.50	22180.00
chr9	35555056	35555698	642	642	144.00	409.00	280.58	285.50	180131.00
chr2	198356200	198356621	421	421	32.00	110.00	63.13	60.00	26577.00
chr9	131001723	131001794	71	71	2666.00	3360.00	3013.38	3013.00	213950.00
chr19	5214371	5214491	120	120	421.00	566.00	480.06	473.00	57607.00
chr22	35719488	35719623	135	135	146.00	225.00	196.73	202.00	26559.00
chr12	121678738	121679829	1091	1091	10.00	71.00	27.92	23.00	30462.00
chr14	23820960	23821064	104	104	1316.00	1622.00	1520.86	1558.50	158169.00
chr1	32205710	32205779	69	69	408.00	570.00	486.68	493.00	33581.00
chr3	33420176	33420326	150	150	21.00	276.00	111.56	35.00	16734.00
chr9	114820707	114820966	259	259	17.00	42.00	30.59	31.00	7923.00
chr15	41865876	41866023	147	147	44.00	688.00	542.23	562.00	79708.00
chr19	55554308	55554637	329	329	8.00	26.00	15.32	15.00	5039.00
chr1	116933403	116933513	110	110	2064.00	2665.00	2364.53	2305.50	260098.00
chr19	15374230	15374359	129	129	123.00	200.00	171.18	176.00	22082.00
chr12	56090682	56090852	170	170	61.00	84.00	74.14	75.00	12603.00
chr14	69445668	69445876	208	208	38.00	288.00	167.46	183.00	34832.00
chr12	57603474	57603651	177	177	236.00	451.00	326.33	314.00	57760.00
chr22	32897492	32898946	1454	1454	6.00	151.00	84.20	83.50	122432.00
chr16	16367702	16367764	62	62	9.00	427.00	200.21	210.00	12413.00
chr19	5245786	5246056	270	270	78.00	253.00	148.36	140.00	40056.00
chr16	74345440	74345829	389	389	8.00	21.00	15.68	16.00	6099.00
chr6	107096899	107097076	177	177	35.00	63.00	47.40	45.00	8389.00
chr1	29641883	29642019	136	136	54.00	81.00	65.60	63.00	8921.00
chr8	97342440	97342509	69	69	161.00	197.00	174.36	173.00	12031.00
chr8	68116914	68117054	140	140	68.00	123.00	94.43	96.00	13220.00
chr22	22037470	22037546	76	76	53.00	78.00	66.99	67.50	5091.00
chr22	50682147	50683420	1273	1273	6.00	125.00	70.84	70.00	90182.00
chr20	44048971	44049069	98	98	258.00	310.00	282.48	281.00	27683.00
chr1	36904356	36904511	155	155	35.00	73.00	52.05	51.00	8067.00
chr12	71054719	71054877	158	158	45.00	91.00	58.78	53.00	9288.00
chr15	50654364	50655515	1151	1151	17.00	48.00	30.00	29.00	34525.00
chr2	234198499	234198620	121	121	55.00	82.00	66.56	67.00	8054.00
chr9	128001699	128001812	113	113	1604.00	2007.00	1805.60	1799.00	204033.00
chr8	38272296	38272419	123	123	240.00	317.00	286.94	290.00	35294.00
chr11	73068069	73068179	110	110	122.00	189.00	156.52	158.00	17217.00
chr16	28123137	28123327	190	190	125.00	266.00	207.68	215.00	39460.00
chr12	49424062	49424222	160	160	19.00	55.00	29.29	24.00	4686.00
chr19	50302885	50303023	138	138	338.00	574.00	452.18	436.00	62401.00
chr19	42480567	42480718	151	151	2928.00	4495.00	3687.85	3737.00	556865.00
chr3	197904395	197905301	906	906	0.00	57.00	17.97	17.00	16284.00
chr13	100189992	100190117	125	125	164.00	215.00	187.24	187.00	23405.00
chr19	14268062	14268272	210	210	230.00	402.00	326.58	335.50	68582.00
chr10	93786886	93787057	171	171	118.00	195.00	141.43	140.00	24185.00
chr1	109808726	109808828	102	102	145.00	207.00	170.13	175.50	17353.00
chr4	134075461	134075520	59	59	223.00	282.00	236.88	231.00	13976.00
chr1	22052268	22053864	1596	1596	5.00	27.00	17.13	18.00	27343.00
chr9	140056855	140056968	113	113	1137.00	1685.00	1459.58	1535.00	164932.00
chr19	42482087	42482224	137	137	2977.00	4067.00	3561.13	3634.00	487875.00
chr19	4556962	4557025	63	63	492.00	638.00	568.22	567.00	35798.00
chr19	14266921	14267013	92	92	230.00	350.00	298.62	304.50	27473.00
chr22	42273851	42274127	276	276	18.00	984.00	462.23	458.50	127576.00
chr1	205549788	205550049	261	261	149.00	275.00	217.55	220.00	56780.00
chr1	110765585	110766522	937	937	39.00	146.00	101.56	103.00	95162.00
chr19	55553595	55554158	563	563	12.00	33.00	22.90	22.00	12891.00
chr7	150929881	150931360	1479	1479	17.00	123.00	44.78	41.00	66228.00
chr3	124215157	124215260	103	103	305.00	680.00	502.31	535.00	51738.00
chr16	58220658	58220760	102	102	81.00	133.00	105.46	108.00	10757.00
chr3	10381925	10382033	108	108	440.00	574.00	533.84	545.00	57655.00
chr10	11356101	11356221	120	120	60.00	75.00	67.78	67.50	8134.00
chr22	42294652	42294785	133	133	428.00	802.00	660.46	675.00	87841.00
chr1	2005531	2005714	183	183	31.00	79.00	64.04	66.00	11719.00
chr12	113722522	113722576	54	54	69.00	88.00	82.19	83.00	4438.00
chr9	131502198	131502398	200	200	22.00	566.00	466.58	486.50	93317.00
chr19	40873602	40873786	184	184	1118.00	1555.00	1292.09	1276.00	237745.00
chr2	220162606	220162825	219	219	210.00	527.00	371.84	363.00	81434.00
chr16	28270027	28270355	328	328	4.00	22.00	12.82	12.00	4205.00
chr4	3225718	3225858	140	140	132.00	226.00	185.93	197.50	26030.00
chr17	44127898	44128070	172	172	61.00	94.00	73.36	70.00	12618.00
chr3	47462043	47462262	219	219	87.00	184.00	107.90	98.00	23631.00
chr6	99873090	99873182	92	92	8.00	459.00	180.10	144.00	16569.00
chr7	142561723	142562504	781	781	172.00	575.00	342.99	333.00	267872.00
chr1	159169540	159169666	126	126	931.00	1365.00	1176.51	1210.50	148240.00
chr19	7606869	7606953	84	84	70.00	91.00	80.46	81.00	6759.00
chr16	2811561	2818298	6737	6737	9.00	621.00	320.12	313.00	2156663.00
chr3	47450652	47450807	155	155	51.00	89.00	70.76	70.00	10968.00
chr11	118403631	118403922	291	291	140.00	206.00	160.47	158.00	46698.00
chr1	205555161	205555335	174	174	163.00	230.00	187.44	185.50	32614.00
chr12	125603186	125603311	125	125	81.00	122.00	91.64	89.00	11455.00
chr11	86658288	86659498	1210	1210	20.00	83.00	43.79	42.00	52986.00
chr22	37764946	37768745	3799	3799	7.00	363.00	121.92	103.00	463171.00
chr10	46345664	46346215	551	551	2.00	32.00	19.76	20.00	10888.00
chr22	33673045	33673241	196	196	121.00	401.00	218.49	180.00	42824.00
chr9	140042599	140042666	67	67	19.00	270.00	215.03	224.00	14407.00
chr3	48717233	48717320	87	87	215.00	258.00	231.05	230.00	20101.00
chr11	60681600	60681740	140	140	17.00	189.00	82.29	56.00	11521.00
chr10	93784512	93784724	212	212	83.00	143.00	109.73	106.00	23262.00
chr12	7289424	7290372	948	948	6.00	657.00	167.28	18.50	158580.00
chr3	132387062	132387526	464	464	6.00	36.00	23.88	25.50	11082.00
chr16	2335442	2335647	205	205	224.00	354.00	292.80	289.00	60024.00
chr16	1794782	1797276	2494	2494	1.00	579.00	68.31	32.00	170371.00
chr16	3786036	3786204	168	168	90.00	134.00	113.17	110.50	19012.00
chr9	141131209	141131766	557	557	0.00	24.00	7.41	5.00	4126.00
chr14	92965028	92966015	987	987	9.00	39.00	18.30	17.00	18065.00
chr19	54692070	54692200	130	130	196.00	553.00	357.81	298.50	46515.00
chr15	43866006	43866230	224	224	62.00	123.00	85.19	84.00	19083.00
chr3	40231316	40231954	638	638	31.00	82.00	53.64	55.00	34220.00
chr3	50148937	50149455	518	518	20.00	82.00	44.09	39.00	22838.00
chr4	81117505	81117755	250	250	31.00	58.00	42.01	41.00	10503.00
chr10	46740404	46740638	234	234	0.00	13.00	5.81	5.00	1359.00
chr3	124210169	124210271	102	102	304.00	395.00	356.96	360.50	36410.00
chr11	107488830	107488932	102	102	227.00	277.00	256.38	257.50	26151.00
chr9	130591965	130592106	141	141	66.00	104.00	89.18	89.00	12575.00
chr1	20981932	20982027	95	95	256.00	337.00	299.37	305.00	28440.00
chr12	75875613	75875859	246	246	16.00	34.00	22.61	22.00	5562.00
chr22	32046684	32046764	80	80	97.00	161.00	133.88	135.00	10710.00
chr11	70331418	70331658	240	240	19.00	102.00	64.80	73.00	15551.00
chr14	51079976	51080069	93	93	305.00	387.00	341.76	341.00	31784.00
chr17	80041077	80041301	224	224	323.00	1125.00	700.91	661.50	157003.00
chr7	158540884	158540971	87	87	141.00	189.00	163.17	162.00	14196.00
chr1	21553651	21553719	68	68	107.00	134.00	117.82	116.50	8012.00
chr2	219206256	219206349	93	93	93.00	151.00	118.23	116.00	10995.00
chr17	18444211	18445242	1031	1031	8.00	40.00	16.94	16.00	17464.00
chr12	57599340	57599460	120	120	257.00	344.00	294.44	290.00	35333.00
chr11	64417919	64418110	191	191	223.00	428.00	347.48	373.00	66369.00
chr19	3274926	3275650	724	724	6.00	44.00	19.38	18.00	14032.00
chr16	18532086	18532305	219	219	546.00	1077.00	748.94	716.00	164017.00
chr17	3776702	3776756	54	54	520.00	747.00	671.87	676.50	36281.00
chr1	116932670	116933033	363	363	16.00	3238.00	1449.39	2137.00	526130.00
chr16	1505731	1505796	65	65	164.00	226.00	207.20	215.00	13468.00
chr1	9794029	9794200	171	171	2096.00	2488.00	2302.27	2315.00	393689.00
chr10	73579221	73579379	158	158	3432.00	5672.00	4344.72	4510.50	686465.00
chr11	6411684	6412146	462	462	25.00	130.00	93.78	99.00	43326.00
chr1	159163212	159163350	138	138	787.00	1177.00	890.47	870.50	122885.00
chr16	1816723	1816804	81	81	527.00	652.00	585.98	592.00	47464.00
chr7	91722399	91722630	231	231	7.00	72.00	59.17	63.00	13668.00
chr7	44281816	44281939	123	123	715.00	988.00	812.37	808.00	99922.00
chr2	220467189	220467297	108	108	21.00	28.00	24.18	24.00	2611.00
chr16	4494664	4494729	65	65	222.00	274.00	257.06	262.00	16709.00
chr15	34681844	34681986	142	142	10.00	158.00	104.13	107.00	14787.00
chr9	139995935	139996124	189	189	102.00	198.00	142.66	136.00	26962.00
chr3	180324040	180324160	120	120	112.00	146.00	128.56	127.00	15427.00
chr3	42678359	42681242	2883	2883	37.00	202.00	110.16	101.00	317579.00
chr7	131812776	131815333	2557	2557	8.00	62.00	29.65	27.00	75819.00
chr20	1585387	1585522	135	135	23.00	459.00	238.25	227.00	32164.00
chr3	126751229	126751442	213	213	95.00	133.00	111.72	110.00	23797.00
chr15	63920875	63921014	139	139	146.00	294.00	205.71	217.00	28594.00
chr16	2040128	2040202	74	74	16.00	69.00	42.55	43.00	3149.00
chr9	74324174	74324390	216	216	39.00	83.00	56.18	52.00	12134.00
chr20	44521858	44521950	92	92	222.00	265.00	246.36	247.50	22665.00
chr9	139911647	139911798	151	151	608.00	1044.00	802.14	753.00	121123.00
chr9	140055507	140055649	142	142	1277.00	2794.00	2090.56	2010.00	296859.00
chr12	120148055	120148191	136	136	198.00	273.00	225.88	219.00	30719.00
chr12	50474280	50474372	92	92	105.00	127.00	114.26	114.00	10512.00
chr15	63125702	63125828	126	126	152.00	242.00	184.25	177.50	23215.00
chr9	20907148	20907241	93	93	69.00	91.00	79.85	80.00	7426.00
chr16	87874655	87874761	106	106	284.00	372.00	333.28	329.00	35328.00
chr2	162833269	162833460	191	191	5.00	547.00	303.82	455.00	58030.00
chr8	11704560	11704677	117	117	778.00	1041.00	906.99	904.00	106118.00
chr15	63926931	63927087	156	156	186.00	255.00	221.44	227.00	34544.00
chr6	31668718	31668805	87	87	112.00	153.00	128.09	123.00	11144.00
chr7	148910792	148910906	114	114	30.00	72.00	55.00	62.00	6270.00
chr14	42355808	42357213	1405	1405	35.00	190.00	73.70	66.00	103552.00
chr10	88678928	88679226	298	298	26.00	72.00	43.66	45.00	13011.00
chr3	140998219	140998346	127	127	44.00	83.00	62.80	65.00	7975.00
chr1	144859758	144859998	240	240	79.00	161.00	106.96	105.00	25670.00
chr9	96054772	96055455	683	683	28.00	187.00	112.45	122.00	76806.00
chr19	7604803	7604944	141	141	90.00	184.00	123.44	121.00	17405.00
chr12	30906277	30907432	1155	1155	12.00	89.00	46.75	43.00	53993.00
chr9	131112762	131112854	92	92	75.00	158.00	125.83	128.50	11576.00
chr20	61981328	61982379	1051	1051	31.00	139.00	65.99	61.00	69357.00
chr7	38431348	38431618	270	270	268.00	690.00	430.50	402.00	116234.00
chr20	44521036	44521123	87	87	213.00	259.00	235.08	236.00	20452.00
chr11	64418726	64419108	382	382	134.00	335.00	242.23	249.50	92531.00
chr12	120148344	120150270	1926	1926	16.00	410.00	64.22	34.00	123679.00
chr12	6930971	6931066	95	95	11.00	547.00	269.39	252.00	25592.00
chr16	2339434	2339621	187	187	138.00	285.00	195.21	172.00	36505.00
chr2	27700083	27700187	104	104	32.00	59.00	46.82	47.00	4869.00
chr14	69805367	69805494	127	127	106.00	269.00	184.28	180.00	23403.00
chr12	9242497	9242619	122	122	61.00	89.00	74.12	72.00	9043.00
chr3	58256658	58256791	133	133	80.00	184.00	117.91	109.00	15682.00
chr10	79744927	79745098	171	171	70.00	136.00	113.28	121.00	19371.00
chr1	159161725	159161866	141	141	451.00	772.00	672.01	726.00	94753.00
chr16	31085202	31085519	317	317	15.00	50.00	32.50	32.00	10303.00
chr1	171755018	171755218	200	200	40.00	72.00	54.66	54.00	10931.00
chr9	130988124	130989280	1156	1156	3.00	1503.00	200.75	36.00	232067.00
chr15	63127935	63127998	63	63	152.00	175.00	161.29	160.00	10161.00
chr19	1917676	1917821	145	145	9.00	211.00	163.39	179.00	23692.00
chr22	25315792	25315960	168	168	63.00	112.00	87.99	88.00	14783.00
chr2	207943790	207945085	1295	1295	17.00	74.00	40.03	38.00	51836.00
chr11	47330706	47330952	246	246	9.00	640.00	277.45	14.00	68253.00
chr3	142743978	142746095	2117	2117	3.00	135.00	28.12	23.00	59538.00
chr7	44839492	44839694	202	202	28.00	75.00	53.13	54.00	10732.00
chr22	31688260	31688471	211	211	8.00	247.00	140.96	163.00	29743.00
chr11	66333492	66333638	146	146	412.00	566.00	502.09	515.00	73305.00
chr9	131114916	131115026	110	110	175.00	234.00	202.51	204.00	22276.00
chr1	20206	21013	807	807	22.00	178.00	99.66	102.00	80424.00
chr11	108216469	108216635	166	166	34.00	108.00	79.39	83.00	13178.00
chr1	209778880	209779019	139	139	170.00	275.00	229.55	233.00	31907.00
chr1	202935876	202936026	150	150	126.00	211.00	163.67	158.50	24550.00
chr12	57600255	57600524	269	269	278.00	413.00	343.67	341.00	92446.00
chr19	15233503	15233615	112	112	68.00	110.00	82.79	77.00	9272.00
chr8	68115317	68115486	169	169	85.00	148.00	120.66	122.00	20391.00
chr19	13419229	13419342	113	113	38.00	70.00	54.93	55.00	6207.00
chr6	33266815	33267130	315	315	5.00	42.00	20.39	19.00	6423.00
chr16	89780611	89781646	1035	1035	5.00	66.00	33.95	34.00	35138.00
chr12	109964162	109964221	59	59	77.00	96.00	85.80	85.00	5062.00
chr22	24491893	24492045	152	152	55.00	113.00	90.11	95.00	13697.00
chr2	242592926	242593025	99	99	199.00	277.00	227.83	226.00	22555.00
chr1	21937944	21938074	130	130	397.00	1080.00	800.28	899.50	104037.00
chr2	223789173	223789313	140	140	259.00	368.00	321.03	333.00	44944.00
chr20	3772318	3772535	217	217	2.00	19.00	8.94	5.00	1940.00
chr16	18531918	18532001	83	83	797.00	1125.00	966.30	982.00	80203.00
chr1	43396296	43396537	241	241	362.00	573.00	457.12	456.00	110167.00
chr2	100037960	100038115	155	155	40.00	69.00	57.07	58.00	8846.00
chr16	1500497	1500770	273	273	3.00	170.00	83.29	113.00	22739.00
chr19	40876016	40876144	128	128	1140.00	1630.00	1398.52	1373.00	179010.00
chr5	168112691	168112932	241	241	18.00	52.00	32.81	35.00	7907.00
chr2	127825738	127825831	93	93	362.00	466.00	416.71	417.00	38754.00
chr1	19232015	19234990	2975	2975	15.00	210.00	55.54	46.00	165218.00
chr16	1391129	1391196	67	67	183.00	243.00	208.96	207.00	14000.00
chr6	33410665	33411689	1024	1024	13.00	352.00	183.17	172.50	187571.00
chr9	95872033	95872266	233	233	31.00	52.00	42.29	43.00	9854.00
chr1	53378627	53378839	212	212	7.00	29.00	18.02	17.00	3820.00
chr2	80531276	80531693	417	417	11.00	59.00	35.87	33.00	14958.00
chr7	44286718	44286791	73	73	711.00	837.00	773.51	779.00	56466.00
chr7	157369304	157369471	167	167	362.00	472.00	406.68	408.00	67916.00
chr11	18755079	18755191	112	112	11.00	352.00	224.97	292.00	25197.00
chr6	86237979	86238080	101	101	153.00	195.00	174.06	173.00	17580.00
chr8	145000951	145001050	99	99	66.00	112.00	85.90	81.00	8504.00
chr19	45167680	45167966	286	286	5.00	26.00	16.46	19.00	4707.00
chr10	48930165	48930400	235	235	0.00	11.00	4.89	5.00	1149.00
chr16	87871450	87871547	97	97	247.00	360.00	317.82	330.00	30829.00
chr1	109815454	109815649	195	195	247.00	368.00	285.37	281.00	55647.00
chr1	208215442	208215711	269	269	67.00	140.00	106.61	108.00	28678.00
chr2	260866	261451	585	585	1.00	29.00	15.82	18.00	9254.00
chr5	180481266	180481724	458	458	6.00	40.00	23.22	23.00	10633.00
chr7	73119479	73119631	152	152	4.00	1127.00	488.21	7.00	74208.00
chr15	34677248	34677358	110	110	199.00	341.00	268.97	259.00	29587.00
chr16	57687114	57687247	133	133	190.00	336.00	265.10	272.00	35258.00
chr15	50649406	50649592	186	186	13.00	31.00	24.07	24.00	4477.00
chr22	21071995	21072066	71	71	1165.00	1356.00	1246.94	1251.00	88533.00
chr5	179200882	179201561	679	679	15.00	71.00	39.88	41.00	27079.00
chr10	98763824	98763979	155	155	127.00	189.00	157.70	161.00	24444.00
chr14	102963315	102963457	142	142	107.00	145.00	121.54	121.00	17258.00
chr1	21932558	21933138	580	580	7.00	856.00	157.92	23.50	91596.00
chr16	28118842	28118998	156	156	180.00	241.00	209.03	212.00	32609.00
chr1	241767561	241767881	320	320	65.00	150.00	106.53	116.00	34088.00
chr11	66812063	66812184	121	121	73.00	114.00	94.23	97.00	11402.00
chr11	12248571	12248678	107	107	282.00	393.00	347.38	349.00	37170.00
chr9	130588788	130588951	163	163	35.00	79.00	59.91	62.00	9765.00
chr22	21068915	21068988	73	73	1134.00	1455.00	1309.00	1321.00	95557.00
chr1	43424304	43424531	227	227	25.00	613.00	419.88	511.00	95313.00
chr14	105852021	105853670	1649	1649	30.00	155.00	59.63	56.00	98337.00
chr15	34823469	34823579	110	110	198.00	332.00	269.26	264.50	29619.00
chr11	171365	172282	917	917	0.00	58.00	18.94	17.00	17368.00
chr22	24493976	24494155	179	179	87.00	130.00	108.40	111.00	19403.00
chr15	79291060	79291167	107	107	308.00	407.00	357.69	363.00	38273.00
chr16	2145904	2146194	290	290	33.00	65.00	46.38	47.00	13451.00
chr9	131503050	131503166	116	116	394.00	583.00	480.53	466.00	55742.00
chr11	61301983	61302579	596	596	13.00	50.00	29.55	27.00	17614.00
chr22	25308609	25308719	110	110	47.00	72.00	63.14	64.00	6945.00
chr12	63977826	63979986	2160	2160	0.00	74.00	22.28	19.00	48124.00
chr19	46928844	46930933	2089	2089	1.00	284.00	114.71	115.00	239634.00
chr16	56969146	56969224	78	78	196.00	272.00	235.74	238.50	18388.00
chr17	40665787	40665996	209	209	12.00	1675.00	637.05	769.00	133144.00
chr9	131669435	131671600	2165	2165	139.00	473.00	256.43	237.00	555179.00
chr2	220164026	220164271	245	245	15.00	795.00	255.62	21.00	62628.00
chr19	7589846	7590052	206	206	28.00	106.00	56.61	52.00	11661.00
chr6	91260186	91260268	82	82	83.00	142.00	110.26	108.00	9041.00
chr9	124543742	124543830	88	88	274.00	350.00	314.52	311.50	27678.00
chr12	54071005	54071170	165	165	12.00	89.00	57.77	66.00	9532.00
chr2	40443	41212	769	769	11.00	44.00	26.46	26.00	20346.00
chr11	67852159	67852747	588	588	8.00	32.00	20.46	21.00	12032.00
chr8	8233762	8234810	1048	1048	11.00	61.00	35.44	36.00	37144.00
chr2	175671113	175672148	1035	1035	5.00	43.00	21.57	20.00	22322.00
chr7	138984922	138985438	516	516	3.00	13.00	9.46	10.00	4883.00
chr22	40816850	40817104	254	254	62.00	203.00	165.22	180.00	41967.00
chr19	14263120	14263249	129	129	221.00	379.00	286.67	263.00	36981.00
chr19	16962222	16962345	123	123	85.00	295.00	206.92	221.00	25451.00
chr1	109813838	109813918	80	80	219.00	302.00	251.57	243.50	20126.00
chr3	49898148	49898562	414	414	4.00	797.00	383.84	572.00	158908.00
chr17	17131202	17131510	308	308	12.00	161.00	106.19	116.00	32707.00
chr1	21936067	21936139	72	72	236.00	306.00	277.93	284.00	20011.00
chr3	130424404	130424615	211	211	35.00	60.00	49.06	49.00	10351.00
chr12	56532710	56532797	87	87	80.00	116.00	94.30	91.00	8204.00
chr16	29888591	29888788	197	197	399.00	698.00	545.45	520.00	107454.00
chr2	114394588	114396196	1608	1608	4.00	48.00	23.70	22.00	38106.00
chr3	124180736	124180803	67	67	264.00	295.00	281.69	284.00	18873.00
chr9	111798485	111798660	175	175	87.00	124.00	107.52	110.00	18816.00
chr10	73847897	73848372	475	475	23.00	1317.00	354.38	249.00	168329.00
chr22	21075585	21075706	121	121	663.00	1364.00	1148.87	1249.00	139013.00
chr22	20920753	20921104	351	351	53.00	175.00	103.44	101.00	36306.00
chr9	140953020	140953185	165	165	72.00	129.00	104.70	105.00	17276.00
chr22	41620970	41621075	105	105	68.00	101.00	87.18	88.00	9154.00
chr11	6243671	6243839	168	168	51.00	73.00	62.53	64.00	10505.00
chr15	74704225	74704353	128	128	179.00	345.00	267.73	289.50	34269.00
chr3	48719780	48719985	205	205	154.00	229.00	192.15	194.00	39391.00
chr1	222833247	222833348	101	101	67.00	129.00	100.92	104.00	10193.00
chr1	6583675	6584824	1149	1149	12.00	62.00	38.05	37.00	43715.00
chr11	126135857	126135976	119	119	227.00	286.00	259.82	258.00	30918.00
chr8	75156763	75157410	647	647	36.00	69.00	49.73	49.00	32175.00
chr15	83345212	83345389	177	177	183.00	226.00	211.58	213.00	37450.00
chr14	68031638	68032561	923	923	10.00	79.00	43.15	44.00	39827.00
chr19	42479780	42479949	169	169	2407.00	4029.00	3171.11	3035.00	535917.00
chr16	31503329	31503407	78	78	276.00	378.00	326.15	333.50	25440.00
chr17	1564564	1564700	136	136	243.00	378.00	300.57	277.50	40877.00
chr16	58717858	58718082	224	224	26.00	67.00	44.40	47.00	9946.00
chr14	71575320	71575763	443	443	41.00	93.00	60.99	57.00	27017.00
chr1	202934498	202934628	130	130	110.00	192.00	136.75	124.50	17777.00
chr7	73118477	73118586	109	109	538.00	750.00	623.38	607.00	67948.00
chr19	13365908	13366073	165	165	55.00	103.00	77.88	72.00	12851.00
chr10	102265117	102265958	841	841	14.00	50.00	31.35	31.00	26365.00
chr9	139983320	139983457	137	137	139.00	231.00	187.68	200.00	25712.00
chr18	29206245	29206347	102	102	135.00	227.00	177.26	165.00	18081.00
chr12	120578662	120578827	165	165	82.00	126.00	103.53	104.00	17082.00
chr5	757516	758226	710	710	12.00	47.00	31.39	32.00	22285.00
chr8	21632483	21632567	84	84	45.00	58.00	50.50	50.00	4242.00
chr4	54011499	54011749	250	250	36.00	76.00	55.27	56.00	13818.00
chr8	141680613	141681365	752	752	11.00	92.00	63.64	66.00	47860.00
chr11	57367351	57367850	499	499	51.00	185.00	111.46	97.00	55618.00
chr12	63980009	63980784	775	775	10.00	41.00	22.95	23.00	17789.00
chr9	140057042	140057203	161	161	8.00	1695.00	1424.83	1530.00	229398.00
chr2	7055953	7056098	145	145	33.00	44.00	36.91	37.00	5352.00
chr12	52387768	52389043	1275	1275	17.00	591.00	206.24	172.00	262953.00
chr19	50104931	50105175	244	244	22.00	117.00	44.44	27.00	10844.00
chr19	5218430	5218543	113	113	262.00	357.00	316.67	318.00	35784.00
chr16	29898969	29899138	169	169	304.00	464.00	370.12	357.00	62550.00
chr7	99030900	99031041	141	141	11.00	27.00	19.07	18.00	2689.00
chr17	36692926	36693212	286	286	14.00	43.00	25.38	25.00	7259.00
chr15	73857770	73859335	1565	1565	9.00	90.00	43.75	39.00	68467.00
chr6	44104085	44104176	91	91	157.00	249.00	202.92	199.00	18466.00
chr1	21938518	21938602	84	84	461.00	635.00	562.45	576.00	47246.00
chr19	13423482	13423595	113	113	40.00	51.00	44.56	45.00	5035.00
chr16	70292882	70293089	207	207	734.00	1033.00	901.54	917.00	186618.00
chr18	61060641	61060782	141	141	48.00	71.00	61.94	62.00	8733.00
chr16	22269814	22270016	202	202	29.00	54.00	42.59	43.50	8604.00
chr1	21554423	21554534	111	111	59.00	108.00	76.23	69.00	8461.00
chr9	140057255	140057455	200	200	7.00	1915.00	1311.81	1631.00	262361.00
chr7	1488255	1488397	142	142	35.00	67.00	55.20	58.00	7838.00
chr14	100166351	100166438	87	87	349.00	447.00	396.15	390.00	34465.00
chr9	101065522	101065705	183	183	279.00	465.00	375.23	387.00	68667.00
chr5	68411752	68412041	289	289	33.00	57.00	43.22	43.00	12492.00
chr1	2452539	2452754	215	215	60.00	183.00	119.85	117.00	25767.00
chr1	21564626	21564737	111	111	75.00	120.00	97.72	95.00	10847.00
chr13	42037713	42039066	1353	1353	4.00	46.00	27.73	27.00	37521.00
chr2	114350236	114350443	207	207	12.00	100.00	57.22	54.00	11844.00
chr1	21939668	21939722	54	54	500.00	597.00	549.70	549.50	29684.00
chr9	139353895	139354007	112	112	66.00	86.00	73.34	73.00	8214.00
chr7	102176367	102176618	251	251	9.00	28.00	19.73	20.00	4951.00
chr3	51411753	51412018	265	265	8.00	308.00	108.61	13.00	28782.00
chr17	73888091	73888266	175	175	18.00	37.00	24.32	22.00	4256.00
chr13	103297258	103297435	177	177	12.00	73.00	43.66	58.00	7727.00
chr15	63922664	63922834	170	170	153.00	305.00	216.49	213.00	36804.00
chr3	33400774	33400849	75	75	123.00	153.00	139.80	140.00	10485.00
chr22	50671744	50671955	211	211	59.00	81.00	68.30	67.00	14412.00
chr1	21190968	21191205	237	237	148.00	273.00	218.56	222.00	51799.00
chr5	14481649	14481727	78	78	159.00	207.00	179.06	176.00	13967.00
chr15	101605556	101606410	854	854	10.00	62.00	37.13	37.00	31705.00
chr17	80040402	80040554	152	152	445.00	715.00	563.67	500.00	85678.00
chr2	132269293	132270897	1604	1604	5.00	52.00	27.02	28.00	43341.00
chr11	1778553	1778786	233	233	855.00	1491.00	1210.26	1266.00	281991.00
chr11	1469616	1469808	192	192	10.00	23.00	16.27	15.00	3123.00
chr12	120138549	120138630	81	81	281.00	327.00	309.96	309.00	25107.00
chr7	901016	901101	85	85	175.00	256.00	211.20	208.00	17952.00
chr19	13372263	13372424	161	161	74.00	106.00	90.82	92.00	14622.00
chr17	40843154	40843311	157	157	269.00	429.00	337.40	329.00	52972.00
chr17	80039476	80039719	243	243	427.00	797.00	601.78	604.00	146233.00
chr17	16681109	16687365	6256	6256	1.00	132.00	35.97	34.00	225053.00
chr1	116935475	116935610	135	135	2185.00	3237.00	2773.33	2757.00	374399.00
chr6	128294808	128294972	164	164	89.00	232.00	180.27	185.00	29565.00
chr5	109189927	109190617	690	690	5.00	25.00	12.91	13.00	8910.00
chr15	40757533	40757634	101	101	40.00	154.00	114.74	117.00	11589.00
chr2	220164706	220164981	275	275	446.00	951.00	693.45	668.00	190700.00
chr3	164905164	164908639	3475	3475	10.00	109.00	51.13	46.00	177677.00
chr11	60699157	60699356	199	199	91.00	549.00	326.04	278.00	64882.00
chr2	96680301	96680717	416	416	6.00	23.00	12.29	10.00	5112.00
chr17	40845314	40845554	240	240	295.00	506.00	376.93	347.00	90464.00
chr12	125264513	125265391	878	878	28.00	127.00	63.09	54.00	55395.00
chr1	156623704	156624158	454	454	1.00	12.00	6.03	6.00	2737.00
chr6	108370456	108370622	166	166	82.00	109.00	95.43	96.00	15841.00
chr11	19180486	19180587	101	101	29.00	39.00	33.63	33.00	3397.00
chr19	42489069	42489338	269	269	571.00	1682.00	1226.13	1333.00	329828.00
chr2	198274493	198274731	238	238	161.00	258.00	203.71	199.50	48482.00
chr6	47220991	47221257	266	266	142.00	274.00	209.06	211.00	55611.00
chr19	40872679	40872822	143	143	1581.00	2853.00	2318.51	2383.00	331547.00
chr19	54693278	54693627	349	349	20.00	150.00	78.94	68.00	27550.00
chr12	81929	82174	245	245	13.00	61.00	43.26	47.00	10599.00
chr21	45513943	45514114	171	171	61.00	107.00	92.04	97.00	15738.00
chr3	124201630	124201747	117	117	3.00	462.00	331.60	408.00	38797.00
chr17	79805118	79805223	105	105	389.00	452.00	422.86	423.00	44400.00
chr20	46307419	46307548	129	129	71.00	95.00	83.50	85.00	10771.00
chr17	38187790	38187873	83	83	94.00	143.00	115.54	105.00	9590.00
chr2	207452814	207452878	64	64	330.00	398.00	369.81	371.50	23668.00
chr17	45695715	45695823	108	108	392.00	502.00	456.31	467.50	49282.00
chr7	44283023	44283126	103	103	628.00	766.00	690.14	696.00	71084.00
chr20	62274975	62275284	309	309	4.00	2189.00	1021.51	1297.00	315646.00
chr11	108202605	108202764	159	159	32.00	50.00	41.64	43.00	6620.00
chr9	140051314	140051489	175	175	540.00	947.00	726.67	691.00	127167.00
chr22	45574118	45574781	663	663	45.00	156.00	89.23	87.00	59157.00
chr15	79312382	79312446	64	64	145.00	188.00	165.00	165.50	10560.00
chr1	21940120	21940199	79	79	497.00	580.00	524.95	523.00	41471.00
chr17	3775847	3775921	74	74	484.00	726.00	633.38	663.00	46870.00
chr7	73133931	73134019	88	88	11.00	1153.00	391.34	277.50	34438.00
chr11	72292920	72292991	71	71	375.00	488.00	428.72	429.00	30439.00
chr7	43547616	43547730	114	114	92.00	131.00	114.56	120.00	13060.00
chr16	58713760	58714145	385	385	8.00	39.00	24.75	25.00	9529.00
chr22	21083600	21083794	194	194	708.00	1084.00	868.73	861.50	168534.00
chr11	66457275	66457414	139	139	388.00	607.00	491.18	492.00	68274.00
chr15	91561034	91561115	81	81	43.00	59.00	50.01	48.00	4051.00
chr11	2968525	2969001	476	476	19.00	48.00	34.18	34.00	16271.00
chr19	34869838	34869910	72	72	1557.00	2097.00	1718.15	1669.50	123707.00
chr9	121970996	121971219	223	223	201.00	253.00	225.39	227.00	50263.00
chr3	47449772	47449980	208	208	15.00	111.00	66.88	75.00	13911.00
chr12	57601820	57601999	179	179	300.00	766.00	522.41	462.00	93511.00
chr16	2345590	2345741	151	151	246.00	356.00	307.94	310.00	46499.00
chr12	50471782	50471910	128	128	77.00	114.00	97.80	98.00	12519.00
chr1	109814221	109814344	123	123	290.00	462.00	396.72	412.00	48797.00
chr19	16942304	16942458	154	154	78.00	157.00	122.91	132.50	18928.00
chr11	66333301	66333398	97	97	389.00	515.00	432.34	415.00	41937.00
chr5	74026084	74026223	139	139	59.00	114.00	85.53	84.00	11888.00
chr5	68417520	68417722	202	202	45.00	73.00	63.27	65.00	12780.00
chr19	15272262	15272525	263	263	7.00	37.00	22.76	21.00	5986.00
chr3	45872404	45872482	78	78	134.00	165.00	151.21	152.00	11794.00
chr7	73123374	73123452	78	78	1166.00	1516.00	1389.71	1439.50	108397.00
chr5	14498197	14498360	163	163	189.00	263.00	218.07	214.00	35546.00
chr14	93180167	93180230	63	63	157.00	187.00	171.25	170.00	10789.00
chr9	130984739	130984875	136	136	1934.00	3318.00	2537.34	2346.00	345078.00
chr13	31216764	31216894	130	130	38.00	57.00	46.23	44.00	6010.00
chr12	112614399	112614506	107	107	101.00	236.00	210.21	213.00	22493.00
chr12	57602865	57602982	117	117	430.00	668.00	529.33	519.00	61932.00
chr14	72976861	72976987	126	126	89.00	142.00	112.88	109.00	14223.00
chr1	155209406	155209553	147	147	90.00	150.00	110.79	103.00	16286.00
chr10	49633930	49634113	183	183	98.00	142.00	120.66	122.00	22081.00
chr16	84100093	84100218	125	125	166.00	208.00	186.63	188.00	23329.00
chr1	155207924	155208097	173	173	121.00	160.00	145.48	148.00	25168.00
chr12	2786898	2787033	135	135	16.00	52.00	35.24	34.00	4758.00
chr2	233755457	233756197	740	740	3.00	952.00	172.88	38.00	127931.00
chr14	60631894	60632099	205	205	55.00	255.00	177.66	210.00	36420.00
chr1	11151549	11151654	105	105	92.00	134.00	113.42	110.00	11909.00
chr4	134076071	134076178	107	107	178.00	295.00	258.07	265.00	27613.00
chr15	91420364	91420441	77	77	196.00	246.00	219.64	216.00	16912.00
chr5	114961533	114961755	222	222	13.00	71.00	47.98	51.00	10652.00
chr16	1814047	1814211	164	164	11.00	688.00	294.50	390.50	48298.00
chr18	44250463	44252581	2118	2118	8.00	188.00	76.11	73.00	161199.00
chr6	158049380	158049518	138	138	32.00	65.00	50.90	51.00	7024.00
chr19	7675585	7675679	94	94	41.00	52.00	47.31	48.00	4447.00
chr13	99461604	99461719	115	115	8.00	260.00	184.50	175.00	21218.00
chr11	130010829	130011467	638	638	3.00	1803.00	203.32	22.00	129718.00
chr11	107526658	107526792	134	134	386.00	476.00	430.76	433.00	57722.00
chr16	1391294	1391490	196	196	130.00	214.00	167.03	169.00	32737.00
chr1	38182716	38184158	1442	1442	3.00	110.00	53.87	54.00	77674.00
chr5	179231023	179231323	300	300	8.00	20.00	14.37	15.00	4310.00
chr14	69814593	69814719	126	126	169.00	231.00	208.58	213.00	26281.00
chr14	69349174	69349309	135	135	239.00	449.00	360.13	361.00	48617.00
chr19	7614792	7614998	206	206	180.00	250.00	214.08	213.00	44101.00
chr1	228270375	228270466	91	91	7.00	2019.00	632.01	294.00	57513.00
chr1	38186022	38186315	293	293	2.00	52.00	30.05	40.00	8805.00
chr13	77641715	77641999	284	284	236.00	332.00	286.36	281.50	81325.00
chr14	100157417	100157498	81	81	111.00	290.00	184.95	163.00	14981.00
chr13	32978280	32979333	1053	1053	22.00	94.00	51.70	49.00	54444.00
chr12	7301567	7301794	227	227	483.00	873.00	703.37	725.00	159665.00
chr9	123583116	123583257	141	141	42.00	69.00	56.21	57.00	7926.00
chr17	26883183	26883284	101	101	85.00	192.00	118.90	99.00	12009.00
chr12	6972993	6973137	144	144	228.00	340.00	275.78	273.50	39713.00
chr20	34322310	34322637	327	327	3.00	20.00	9.43	7.00	3082.00
chr19	7606407	7606570	163	163	84.00	184.00	124.62	130.00	20313.00
chr16	2333186	2333373	187	187	5.00	420.00	301.45	340.00	56371.00
chr12	113825548	113825711	163	163	99.00	334.00	189.13	156.00	30829.00
chr7	4802013	4807749	5736	5736	12.00	255.00	84.52	80.00	484783.00
chr1	43394880	43394985	105	105	577.00	785.00	684.12	700.00	71833.00
chr19	4554399	4554488	89	89	342.00	510.00	452.30	470.00	40255.00
chr16	31719139	31719372	233	233	7.00	14.00	11.30	12.00	2632.00
chr5	134060669	134061744	1075	1075	23.00	66.00	40.05	39.00	43050.00
chr1	202936318	202936371	53	53	7.00	138.00	74.28	94.00	3937.00
chr2	220087366	220087615	249	249	191.00	248.00	218.31	218.00	54360.00
chr2	36764494	36764689	195	195	83.00	122.00	108.66	111.00	21189.00
chr7	43519208	43519343	135	135	76.00	165.00	130.41	132.00	17605.00
chr10	51249585	51249993	408	408	3.00	21.00	11.51	11.00	4697.00
chr6	32123647	32123755	108	108	102.00	164.00	122.45	118.00	13225.00
chr3	118624442	118624692	250	250	9.00	120.00	61.64	20.00	15409.00
chr1	190129797	190130020	223	223	26.00	45.00	35.30	35.00	7871.00
chr9	131004491	131004624	133	133	11.00	3030.00	2429.20	2840.00	323083.00
chr22	33679187	33679334	147	147	164.00	209.00	184.41	187.00	27109.00
chr15	74709931	74710016	85	85	242.00	446.00	313.29	275.00	26630.00
chr7	6470110	6470238	128	128	33.00	57.00	43.24	44.00	5535.00
chr1	6640600	6641359	759	759	15.00	46.00	28.62	28.00	21719.00
chr16	31510622	31510728	106	106	230.00	274.00	249.16	247.00	26411.00
chr4	103710287	103711803	1516	1516	8.00	42.00	23.55	23.00	35706.00
chr19	2862339	2862746	407	407	10.00	34.00	22.30	24.00	9076.00
chr2	15467873	15467994	121	121	49.00	76.00	66.16	66.00	8005.00
chr2	36780721	36781492	771	771	14.00	42.00	27.37	27.00	21103.00
chr10	81070680	81070941	261	261	68.00	139.00	94.22	96.00	24592.00
chr2	217234866	217235986	1120	1120	12.00	44.00	26.56	26.00	29748.00
chr10	93786348	93786508	160	160	77.00	205.00	138.51	147.50	22162.00
chr17	20268785	20269076	291	291	3.00	18.00	9.83	10.00	2860.00
chr9	131002006	131002062	56	56	5.00	3377.00	2908.23	3116.00	162861.00
chr1	155208307	155208441	134	134	146.00	193.00	168.25	169.50	22546.00
chr2	162833877	162834373	496	496	1.00	438.00	42.98	11.00	21320.00
chr9	35799614	35799728	114	114	44.00	60.00	51.04	52.00	5818.00
chr20	62517856	62519234	1378	1378	13.00	200.00	64.89	62.00	89417.00
chr22	35942847	35943127	280	280	72.00	275.00	178.43	183.50	49959.00
chr13	26436438	26436546	108	108	37.00	59.00	50.02	51.50	5402.00
chr14	69371371	69371453	82	82	217.00	333.00	283.32	276.00	23232.00
chr7	44031274	44031581	307	307	0.00	24.00	12.56	14.00	3857.00
chr11	12274988	12275291	303	303	6.00	41.00	23.56	23.00	7139.00
chr5	1334403	1334498	95	95	127.00	155.00	137.39	133.00	13052.00
chr19	34868639	34868786	147	147	2148.00	3025.00	2484.13	2427.00	365167.00
chr16	1815960	1816143	183	183	380.00	591.00	468.63	461.00	85759.00
chr10	73578787	73578868	81	81	3978.00	5112.00	4435.27	4382.00	359257.00
chr17	37420427	37420640	213	213	31.00	48.00	38.96	38.00	8298.00
chr5	60835422	60835586	164	164	36.00	71.00	55.00	52.50	9020.00
chr15	79296143	79296517	374	374	229.00	423.00	296.38	288.00	110845.00
chr19	13039568	13039661	93	93	458.00	735.00	613.20	629.00	57028.00
chr12	49421585	49421713	128	128	95.00	153.00	127.31	124.00	16296.00
chr1	1661057	1662583	1526	1526	5.00	239.00	85.11	66.00	129885.00
chr2	207457340	207457460	120	120	373.00	488.00	428.11	434.00	51373.00
chr11	64542462	64543441	979	979	13.00	63.00	34.58	33.00	33855.00
chr20	61910250	61910347	97	97	141.00	182.00	159.96	158.00	15516.00
chr11	62394042	62394156	114	114	224.00	272.00	243.66	241.50	27777.00
chr5	37301538	37301652	114	114	17.00	26.00	20.45	20.00	2331.00
chr16	4733843	4733933	90	90	197.00	246.00	224.77	226.50	20229.00
chr15	43693913	43694048	135	135	71.00	91.00	80.04	81.00	10805.00
chr11	18764538	18764622	84	84	192.00	239.00	216.06	216.00	18149.00
chr17	57842331	57842499	168	168	148.00	199.00	175.07	179.50	29411.00
chr9	96076729	96078064	1335	1335	8.00	55.00	22.53	21.00	30078.00
chr11	12246219	12246367	148	148	274.00	379.00	332.84	337.50	49261.00
chr12	7030743	7031565	822	822	31.00	4695.00	1552.09	79.00	1275818.00
chr3	14523178	14523349	171	171	42.00	83.00	60.29	57.00	10310.00
chr5	758508	759483	975	975	12.00	60.00	31.03	29.00	30253.00
chr12	22635490	22635677	187	187	52.00	72.00	60.28	60.00	11273.00
chr5	14479369	14479459	90	90	164.00	199.00	185.12	185.00	16661.00
chr6	143655214	143656079	865	865	0.00	17.00	6.75	5.00	5838.00
chr7	75508360	75508578	218	218	4.00	846.00	547.33	691.00	119319.00
chr11	60697981	60698131	150	150	192.00	327.00	244.31	235.00	36646.00
chr1	151400598	151400889	291	291	115.00	243.00	178.57	195.00	51963.00
chr5	172196431	172197309	878	878	25.00	626.00	179.20	77.00	157335.00
chr3	49152660	49152794	134	134	44.00	86.00	63.46	62.00	8503.00
chr7	5518281	5519950	1669	1669	19.00	100.00	55.34	53.00	92356.00
chr17	16691106	16691449	343	343	1.00	60.00	19.20	22.00	6584.00
chr2	220086993	220087172	179	179	187.00	236.00	210.12	210.00	37612.00
chr10	51746916	51748006	1090	1090	1.00	96.00	33.51	25.00	36524.00
chr12	7302118	7302289	171	171	737.00	972.00	860.25	860.00	147102.00
chr11	59562844	59562955	111	111	31.00	52.00	43.39	44.00	4816.00
chr12	6100984	6101184	200	200	68.00	154.00	100.58	83.00	20117.00
chr19	5683274	5683627	353	353	5.00	33.00	19.67	23.00	6942.00
chr12	2786259	2786387	128	128	21.00	51.00	37.97	41.00	4860.00
chr15	26812727	26812880	153	153	181.00	308.00	226.94	220.00	34722.00
chr1	149007980	149008798	818	818	0.00	28.00	8.82	7.00	7213.00
chr19	54965608	54965861	253	253	49.00	292.00	155.72	132.00	39397.00
chr8	27293259	27293310	51	51	364.00	482.00	418.59	416.00	21348.00
chr15	23014437	23014528	91	91	143.00	215.00	183.67	183.00	16714.00
chr1	111717500	111717585	85	85	82.00	146.00	112.15	110.00	9533.00
chr6	150157220	150157433	213	213	220.00	320.00	282.34	286.00	60139.00
chr13	114566547	114566670	123	123	25.00	160.00	84.64	79.00	10411.00
chr16	58539291	58539605	314	314	3.00	48.00	33.02	35.00	10367.00
chr1	21936612	21936768	156	156	219.00	1099.00	566.79	575.50	88420.00
chr1	17322880	17322991	111	111	229.00	475.00	367.82	413.00	40828.00
chr11	60699455	60699599	144	144	302.00	570.00	398.59	344.50	57397.00
chr5	6749669	6749770	101	101	65.00	88.00	80.47	83.00	8127.00
chr16	2156805	2156949	144	144	37.00	162.00	85.98	77.00	12381.00
chr15	34690834	34690930	96	96	81.00	153.00	130.69	134.50	12546.00
chr3	11074933	11075425	492	492	3.00	498.00	94.57	15.00	46529.00
chr5	74655222	74655381	159	159	221.00	359.00	269.22	251.00	42806.00
chr20	20022968	20023160	192	192	50.00	90.00	64.14	61.00	12314.00
chr2	39055481	39055578	97	97	21.00	32.00	27.75	28.00	2692.00
chr19	16793231	16793528	297	297	6.00	241.00	70.38	18.00	20902.00
chr2	219205450	219205509	59	59	104.00	134.00	116.59	115.00	6879.00
chr17	74087429	74087729	300	300	12.00	45.00	28.05	27.00	8415.00
chr3	184058150	184060036	1886	1886	10.00	678.00	125.10	52.00	235947.00
chr6	90333128	90333263	135	135	53.00	76.00	65.57	66.00	8852.00
chr12	125267019	125267429	410	410	44.00	118.00	68.19	56.00	27957.00
chr1	207942580	207943104	524	524	31.00	136.00	104.51	107.00	54763.00
chr4	89356876	89357043	167	167	39.00	63.00	53.32	53.00	8905.00
chr7	101995498	101995736	238	238	11.00	79.00	37.16	35.00	8845.00
chr3	11067458	11067562	104	104	430.00	595.00	521.05	521.00	54189.00
chr5	95734582	95734740	158	158	72.00	97.00	85.63	86.00	13529.00
chr6	152529106	152529341	235	235	132.00	240.00	182.80	183.00	42957.00
chr5	102295578	102295763	185	185	166.00	237.00	198.54	193.00	36729.00
chr22	21072980	21073110	130	130	854.00	1251.00	1037.12	1072.50	134826.00
chr12	121855306	121855714	408	408	90.00	232.00	130.01	128.00	53043.00
chr1	160326389	160326544	155	155	129.00	201.00	151.46	143.00	23477.00
chr11	60670930	60671007	77	77	368.00	461.00	402.38	402.00	30983.00
chr17	79804822	79804948	126	126	430.00	698.00	582.56	602.00	73402.00
chr16	18527204	18527332	128	128	658.00	911.00	783.73	784.00	100317.00
chr16	16372518	16372646	128	128	688.00	939.00	825.36	832.50	105646.00
chr2	32750530	32750695	165	165	32.00	58.00	42.70	41.00	7046.00
chr14	69369193	69369279	86	86	260.00	359.00	315.41	317.50	27125.00
chr7	66418212	66418356	144	144	187.00	284.00	234.88	239.00	33822.00
chr6	44107988	44108097	109	109	118.00	155.00	134.44	135.00	14654.00
chr7	70885893	70886091	198	198	260.00	673.00	426.83	371.00	84513.00
chr8	27295281	27295397	116	116	414.00	526.00	467.56	465.50	54237.00
chr7	73122918	73123018	100	100	1050.00	1318.00	1149.25	1133.50	114925.00
chr15	34698874	34699071	197	197	42.00	137.00	80.87	81.00	15932.00
chr8	22009343	22009513	170	170	251.00	652.00	418.63	412.00	71167.00
chr7	1526557	1526737	180	180	37.00	153.00	81.28	79.00	14631.00
chr5	178053946	178054065	119	119	8.00	202.00	88.75	68.00	10561.00
chr12	6103027	6103369	342	342	103.00	156.00	121.51	121.00	41557.00
chr2	3479491	3480482	991	991	14.00	38.00	23.59	23.00	23374.00
chr3	33883388	33883566	178	178	133.00	220.00	182.62	185.00	32506.00
chr19	11019778	11019883	105	105	211.00	310.00	259.96	266.00	27296.00
chr7	98446205	98446318	113	113	1338.00	3008.00	2252.04	2253.00	254481.00
chr8	106813274	106813932	658	658	19.00	36.00	27.69	28.00	18223.00
chr2	223795338	223795530	192	192	476.00	718.00	561.62	545.50	107831.00
chr7	75511146	75511554	408	408	488.00	1099.00	830.47	874.00	338832.00
chr21	40184926	40185038	112	112	122.00	221.00	180.55	199.00	20222.00
chr19	53383575	53385236	1661	1661	9.00	33.00	20.60	21.00	34223.00
chr19	14208130	14208295	165	165	12.00	625.00	392.04	495.00	64687.00
chr15	91461013	91461618	605	605	11.00	476.00	144.91	23.00	87668.00
chr8	145278010	145278133	123	123	45.00	70.00	56.15	57.00	6907.00
chr16	28132990	28133083	93	93	172.00	240.00	207.27	211.00	19276.00
chr11	125280091	125280221	130	130	89.00	130.00	106.62	105.00	13861.00
chr15	63128089	63128317	228	228	46.00	209.00	145.55	161.00	33185.00
chr9	131181435	131181557	122	122	22.00	693.00	571.23	596.00	69690.00
chr19	3281196	3281343	147	147	190.00	272.00	231.27	233.00	33996.00
chr11	6240200	6240280	80	80	51.00	69.00	60.64	62.00	4851.00
chr20	31019123	31019287	164	164	32.00	74.00	56.63	61.00	9287.00
chr6	46825865	46827260	1395	1395	28.00	110.00	60.61	60.00	84547.00
chr12	1672006	1672666	660	660	17.00	88.00	39.87	32.50	26311.00
chr12	9098824	9099001	177	177	161.00	219.00	188.97	190.00	33447.00
chr7	121738503	121738630	127	127	32.00	60.00	44.80	43.00	5690.00
chr19	40875814	40875935	121	121	951.00	1268.00	1094.31	1097.00	132411.00
chr20	3581592	3581671	79	79	84.00	135.00	110.38	114.00	8720.00
chr17	7226965	7227042	77	77	55.00	69.00	61.44	60.00	4731.00
chr2	74331800	74332809	1009	1009	11.00	71.00	31.79	26.00	32075.00
chr1	209785136	209785610	474	474	1.00	231.00	170.14	193.50	80644.00
chr9	35546426	35548532	2106	2106	111.00	310.00	188.58	187.00	397157.00
chr17	80040198	80040290	92	92	504.00	594.00	551.76	555.00	50762.00
chr11	73074791	73075284	493	493	14.00	227.00	82.13	30.00	40488.00
chr20	44674976	44675075	99	99	301.00	385.00	347.96	347.00	34448.00
chr20	5892091	5892328	237	237	55.00	344.00	216.10	255.00	51215.00
chr17	20316581	20317594	1013	1013	2.00	30.00	16.18	17.00	16395.00
chr12	99478702	99478801	99	99	176.00	201.00	187.04	186.00	18517.00
chr17	40842756	40842960	204	204	331.00	597.00	454.79	430.00	92778.00
chr11	107501142	107501288	146	146	273.00	365.00	319.49	318.50	46645.00
chr11	85429236	85429532	296	296	3.00	38.00	13.26	10.00	3924.00
chr20	9449217	9449319	102	102	42.00	60.00	50.97	51.00	5199.00
chr14	23371395	23371591	196	196	102.00	167.00	138.92	143.00	27229.00
chr7	716865	716957	92	92	1793.00	2480.00	2267.84	2267.50	208641.00
chr10	48862360	48862682	322	322	4.00	146.00	84.53	110.50	27219.00
chr10	68686678	68688210	1532	1532	20.00	113.00	45.51	41.00	69721.00
chr5	179674854	179674926	72	72	219.00	267.00	244.67	248.00	17616.00
chr1	209773327	209773456	129	129	208.00	285.00	254.17	260.00	32788.00
chr17	45691034	45691091	57	57	382.00	468.00	413.46	407.00	23567.00
chr1	19669871	19670118	247	247	25.00	49.00	39.79	41.00	9828.00
chr17	45664025	45664710	685	685	8.00	361.00	65.66	31.00	44977.00
chr19	2337634	2338840	1206	1206	8.00	87.00	29.11	25.00	35112.00
chr8	22011480	22011552	72	72	530.00	661.00	598.76	604.00	43111.00
