#chrom	start	end	size	num_data	min	max	mean	median	sum
chr12	1940100	1940691	591	591	38.00	66.00	53.61	56.00	31683.00
chr1	27480473	27481381	908	908	11.00	61.00	38.39	38.00	34857.00
chr15	63112684	63112809	125	125	199.00	275.00	242.06	244.00	30258.00
chr5	149231737	149232254	517	517	15.00	32.00	21.38	21.00	11056.00
chr5	140865429	140867182	1753	1753	10.00	58.00	32.21	34.00	56466.00
chr1	32209793	32209958	165	165	183.00	352.00	267.52	255.00	44141.00
chr16	87873307	87873431	124	124	181.00	260.00	219.39	218.00	27204.00
chr17	34157438	34158175	737	737	6.00	30.00	15.06	14.00	11102.00
chr2	127815619	127816088	469	469	5.00	45.00	28.84	32.00	13527.00
chr1	208212965	208213112	147	147	42.00	68.00	54.39	53.00	7996.00
chr22	19703883	19704666	783	783	14.00	65.00	35.22	35.00	27575.00
chr16	87872319	87872423	104	104	176.00	267.00	217.36	208.50	22605.00
chr9	140055740	140055868	128	128	1396.00	1698.00	1572.56	1583.00	201288.00
chr22	21096515	21096643	128	128	415.00	573.00	475.96	465.00	60923.00
chr9	140056321	140056540	219	219	5.00	2064.00	1285.92	1465.00	281616.00
chr11	78379981	78380253	272	272	14.00	21.00	17.50	17.00	4761.00
chr3	11070420	11070533	113	113	330.00	402.00	364.08	361.00	41141.00
chr1	109812554	109813222	668	668	5.00	445.00	165.12	172.00	110301.00
chr2	220161954	220162155	201	201	722.00	1227.00	1009.10	1031.00	202829.00
chr15	74706887	74707086	199	199	80.00	130.00	105.18	102.00	20930.00
chr17	7318829	7319426	597	597	158.00	425.00	255.36	244.00	152451.00
chr1	21560050	21560154	104	104	20.00	32.00	27.47	28.50	2857.00
chr1	25573799	25573952	153	153	11.00	443.00	282.65	317.00	43246.00
chr14	93198993	93199160	167	167	82.00	116.00	100.39	100.00	16765.00
chr1	205554003	205554119	116	116	252.00	323.00	275.34	272.00	31939.00
chr1	9795005	9795232	227	227	1614.00	2103.00	1867.50	1859.00	423923.00
chr17	42426525	42426670	145	145	77.00	136.00	105.23	106.00	15259.00
chr18	70205887	70206179	292	292	6.00	268.00	107.60	12.00	31419.00
chr1	205553082	205553251	169	169	269.00	359.00	320.42	322.00	54151.00
chr9	140056623	140056766	143	143	7.00	1762.00	1035.38	1161.00	148059.00
chr6	33412147	33412394	247	247	24.00	576.00	330.53	426.00	81640.00
chr12	89992366	89992547	181	181	2.00	671.00	461.50	497.00	83531.00
chr2	220088827	220089576	749	749	110.00	230.00	159.31	154.00	119325.00
chr14	100763073	100765222	2149	2149	10.00	91.00	39.36	38.00	84578.00
chr1	110740697	110742543	1846	1846	20.00	822.00	438.34	401.00	809177.00
chr1	149878201	149879758	1557	1557	32.00	1544.00	371.78	61.00	578869.00
chr3	197264139	197265259	1120	1120	8.00	61.00	24.61	22.00	27564.00
chr8	56449623	56450530	907	907	10.00	33.00	21.42	22.00	19430.00
chr9	139354208	139354326	118	118	39.00	69.00	52.66	50.00	6214.00
chr1	32204908	32205236	328	328	395.00	663.00	516.60	507.50	169445.00
chr7	75608768	75608897	129	129	92.00	142.00	105.58	100.00	13620.00
chr19	45161029	45161178	149	149	27.00	46.00	36.08	35.00	5376.00
chr19	5243911	5244493	582	582	50.00	152.00	90.54	80.00	52693.00
chr6	32119585	32119717	132	132	6.00	722.00	381.70	411.50	50384.00
chr3	42670878	42672067	1189	1189	2.00	21.00	9.56	9.00	11364.00
chr11	45892392	45892485	93	93	104.00	173.00	134.55	136.00	12513.00
chr17	80040789	80040991	202	202	323.00	472.00	402.90	411.50	81386.00
chr2	74902875	74903036	161	161	52.00	71.00	60.85	60.00	9797.00
chr17	38335969	38337946	1977	1977	4.00	164.00	27.86	21.00	55082.00
chr16	87870103	87870253	150	150	179.00	325.00	231.30	215.00	34695.00
chr1	32205947	32206142	195	195	387.00	529.00	462.88	470.00	90262.00
chr6	44117553	44117702	149	149	17.00	343.00	211.07	262.00	31450.00
chr1	159163659	159163830	171	171	995.00	1204.00	1089.31	1093.00	186272.00
chr3	445565	446023	458	458	5.00	17.00	9.52	8.00	4360.00
chr2	25048913	25048995	82	82	92.00	138.00	115.95	113.50	9508.00
chr10	99504485	99504672	187	187	65.00	111.00	86.24	87.00	16127.00
chr4	54364807	54365010	203	203	78.00	133.00	105.25	108.00	21365.00
chr17	1634367	1634552	185	185	15.00	27.00	22.22	23.00	4110.00
chr7	72416124	72416247	123	123	69.00	145.00	103.31	94.00	12707.00
chr1	208212169	208212329	160	160	53.00	74.00	67.31	69.00	10770.00
chr9	140952500	140952702	202	202	31.00	71.00	49.05	48.00	9909.00
chr6	44197325	44197528	203	203	127.00	199.00	156.64	156.00	31798.00
chr6	44197643	44198218	575	575	31.00	131.00	81.88	83.00	47081.00
chr11	118981972	118982084	112	112	211.00	249.00	231.54	233.00	25932.00
chr5	150503846	150503952	106	106	6.00	2143.00	1436.45	1776.00	152264.00
chr11	118981761	118981878	117	117	201.00	242.00	218.44	216.00	25557.00
chr11	126314873	126315000	127	127	62.00	94.00	81.73	81.00	10380.00
chr1	159165808	159166244	436	436	3.00	1101.00	216.57	14.00	94426.00
chr7	134893542	134893750	208	208	28.00	45.00	37.20	37.00	7738.00
chr9	121976196	121976433	237	237	138.00	330.00	229.38	237.00	54362.00
chr19	54691042	54691169	127	127	197.00	386.00	279.25	265.00	35465.00
chr22	38621430	38621600	170	170	169.00	313.00	251.26	258.50	42715.00
chr13	42035681	42036205	524	524	2.00	14.00	7.91	9.00	4143.00
chr20	1915360	1915413	53	53	9.00	1371.00	902.23	1117.00	47818.00
chr5	14496987	14497126	139	139	124.00	223.00	167.00	175.00	23213.00
chr12	56528125	56528212	87	87	72.00	92.00	79.22	77.00	6892.00
chr3	47466974	47467101	127	127	79.00	101.00	92.14	93.00	11702.00
chr17	7415476	7415663	187	187	94.00	154.00	119.69	117.00	22382.00
chr3	33588037	33589252	1215	1215	4.00	20.00	10.76	11.00	13073.00
chr7	887833	888615	782	782	7.00	77.00	31.33	25.00	24497.00
chr10	24813251	24813693	442	442	12.00	60.00	36.92	41.50	16317.00
chr1	109812045	109812213	168	168	153.00	375.00	243.06	215.00	40834.00
chr19	15276597	15276902	305	305	68.00	109.00	83.68	82.00	25522.00
chr16	2334779	2334999	220	220	177.00	265.00	208.75	196.00	45926.00
chr16	68404761	68405261	500	500	20.00	54.00	30.64	27.00	15318.00
chr4	110969111	110969871	760	760	15.00	60.00	37.18	37.00	28260.00
chr1	145693161	145693996	835	835	10.00	155.00	65.89	62.00	55022.00
chr7	44282848	44282932	84	84	557.00	688.00	637.18	638.50	53523.00
chr2	220164315	220164508	193	193	21.00	678.00	293.66	36.00	56677.00
chr12	50472203	50472360	157	157	80.00	99.00	90.25	91.00	14170.00
chr2	220163768	220163833	65	65	639.00	911.00	804.60	818.00	52299.00
chr2	222289928	222290862	934	934	146.00	247.00	189.33	185.00	176835.00
chr12	57599133	57599268	135	135	186.00	322.00	238.19	240.00	32156.00
chr7	157475416	157475629	213	213	230.00	380.00	315.88	320.00	67282.00
chr1	32203800	32203927	127	127	330.00	745.00	538.74	555.00	68420.00
chr1	109811731	109811912	181	181	223.00	411.00	332.01	347.00	60093.00
chr9	140052830	140052975	145	145	892.00	2319.00	1645.49	1792.00	238596.00
chr2	220161706	220161854	148	148	895.00	1545.00	1193.55	1189.00	176646.00
chr16	29896906	29897070	164	164	418.00	709.00	602.25	617.50	98769.00
chr16	47143393	47143622	229	229	64.00	95.00	77.00	77.00	17633.00
chr11	993753	993985	232	232	171.00	406.00	307.03	308.00	71231.00
chr9	124059698	124061137	1439	1439	5.00	33.00	15.64	14.00	22513.00
chr9	140350140	140350634	494	494	8.00	52.00	35.19	37.00	17383.00
chr11	14504577	14504697	120	120	74.00	92.00	81.58	81.00	9789.00
chr3	49898612	49898733	121	121	479.00	869.00	684.64	682.00	82842.00
chr9	131811659	131811777	118	118	53.00	100.00	73.34	69.50	8654.00
chr9	131810705	131810818	113	113	81.00	102.00	92.76	93.00	10482.00
chr1	223400935	223401080	145	145	119.00	174.00	149.46	151.00	21672.00
chr12	125612185	125612820	635	635	8.00	231.00	51.86	23.00	32928.00
chr2	220088590	220088744	154	154	136.00	190.00	167.71	167.00	25827.00
chr9	70888487	70888750	263	263	1.00	40.00	23.19	22.00	6099.00
chr14	69813756	69813898	142	142	117.00	184.00	139.70	128.00	19838.00
chr2	47399145	47399890	745	745	11.00	423.00	40.40	39.00	30096.00
chr11	62688689	62689041	352	352	13.00	207.00	67.30	29.00	23691.00
chr6	43745205	43745407	202	202	14.00	104.00	83.70	80.50	16908.00
chr3	11072492	11072997	505	505	13.00	531.00	122.06	42.00	61641.00
chr7	2696031	2696168	137	137	164.00	234.00	209.26	217.00	28669.00
chr16	14969196	14969279	83	83	511.00	823.00	678.14	722.00	56286.00
chr17	7377847	7378026	179	179	11.00	19.00	15.47	15.00	2770.00
chr12	65639640	65639719	79	79	66.00	101.00	85.65	87.00	6766.00
chr12	50294912	50295108	196	196	1299.00	2892.00	1710.57	1572.00	335271.00
chr19	42485653	42485788	135	135	1610.00	2618.00	2122.81	2147.00	286580.00
chr10	99509230	99509343	113	113	125.00	187.00	145.99	141.00	16497.00
chr22	38883877	38888120	4243	4243	27.00	748.00	206.34	182.00	875489.00
chr12	49416372	49416658	286	286	67.00	115.00	90.70	91.00	25941.00
chr6	24843089	24843782	693	693	26.00	64.00	41.31	40.00	28629.00
chr5	176295561	176295665	104	104	231.00	307.00	260.38	254.00	27080.00
chr10	99510087	99510227	140	140	140.00	201.00	167.64	163.00	23470.00
chr1	159173658	159174770	1112	1112	15.00	148.00	47.58	39.00	52910.00
chr11	1780745	1780869	124	124	985.00	1402.00	1209.82	1251.50	150018.00
chr19	42486059	42486258	199	199	1215.00	2420.00	1844.76	1856.00	367108.00
chr3	47465422	47465535	113	113	89.00	144.00	114.66	114.00	12957.00
chr1	21573713	21573856	143	143	26.00	44.00	35.27	35.00	5043.00
chr11	65320330	65320453	123	123	71.00	128.00	106.60	109.00	13112.00
chr3	47462420	47462519	99	99	144.00	188.00	162.95	159.00	16132.00
chr2	219204751	219204864	113	113	107.00	143.00	123.07	122.00	13907.00
chr1	43906123	43906257	134	134	25.00	39.00	32.40	32.00	4342.00
chr7	38785158	38785840	682	682	9.00	307.00	40.34	19.00	27511.00
chr2	153499932	153500058	126	126	91.00	136.00	116.90	123.00	14730.00
chr1	32203011	32203132	121	121	15.00	629.00	488.38	562.00	59094.00
chr22	42290823	42290941	118	118	382.00	571.00	496.99	497.00	58645.00
chr19	47940718	47940818	100	100	317.00	658.00	502.93	506.00	50293.00
chr4	119539150	119539274	124	124	8.00	27.00	18.30	20.00	2269.00
chr17	44117067	44117250	183	183	46.00	72.00	62.40	64.00	11420.00
chr19	42485873	42485983	110	110	1451.00	1803.00	1644.33	1620.50	180876.00
chr6	44114583	44114664	81	81	75.00	120.00	98.41	97.00	7971.00
chr19	47941105	47941292	187	187	9.00	722.00	386.07	505.00	72196.00
chr11	73074250	73074500	250	250	163.00	233.00	198.40	197.00	49600.00
chr3	33418764	33418825	61	61	195.00	299.00	246.90	251.00	15061.00
chr1	700258	700505	247	247	17.00	53.00	36.46	37.00	9005.00
chr9	74319510	74319719	209	209	23.00	63.00	35.23	32.00	7363.00
chr16	2336694	2336968	274	274	147.00	482.00	292.30	292.00	80090.00
chr20	3575125	3575219	94	94	68.00	105.00	76.21	74.00	7164.00
chr9	139231377	139231529	152	152	49.00	93.00	68.80	66.00	10458.00
chr5	140515951	140516498	547	547	6.00	22.00	12.89	12.00	7049.00
chr1	21938208	21938309	101	101	508.00	655.00	577.97	578.00	58375.00
chr3	155659188	155659936	748	748	9.00	142.00	84.96	89.00	63551.00
chr16	27483068	27483241	173	173	80.00	123.00	105.39	109.00	18232.00
chr11	994071	994245	174	174	121.00	218.00	182.91	191.50	31826.00
chr7	71175745	71175913	168	168	305.00	578.00	441.14	446.00	74112.00
chr12	121204065	121204175	110	110	131.00	183.00	157.10	159.00	17281.00
chr7	73118679	73118753	74	74	1011.00	1401.00	1198.41	1177.00	88682.00
chr9	140972565	140972710	145	145	47.00	66.00	56.27	57.00	8159.00
chr12	121683329	121684024	695	695	6.00	38.00	19.88	20.00	13817.00
chr16	74493579	74493687	108	108	120.00	173.00	146.60	147.00	15833.00
chr2	36771518	36771641	123	123	85.00	133.00	104.63	105.00	12869.00
chr7	94187181	94187996	815	815	6.00	31.00	18.23	20.00	14858.00
chr14	94156951	94157239	288	288	6.00	19.00	13.00	13.00	3743.00
chr7	121739000	121739524	524	524	1.00	9.00	5.55	6.00	2907.00
chr1	19549117	19549328	211	211	69.00	101.00	84.34	84.00	17795.00
chr19	5214571	5214747	176	176	183.00	456.00	256.95	236.00	45224.00
chr19	42557753	42557861	108	108	151.00	184.00	166.07	165.00	17936.00
chr15	102510686	102510925	239	239	0.00	68.00	36.56	36.00	8739.00
chr5	167673761	167675376	1615	1615	20.00	96.00	46.14	39.00	74512.00
chr7	44282158	44282253	95	95	567.00	810.00	659.32	626.00	62635.00
chr2	160621061	160621717	656	656	4.00	154.00	22.85	15.00	14989.00
chr5	10426501	10426634	133	133	174.00	236.00	211.94	215.00	28188.00
chr16	1814301	1814460	159	159	448.00	653.00	563.26	589.00	89559.00
chr11	21581734	21581928	194	194	112.00	180.00	142.62	141.50	27669.00
chr3	126749085	126749255	170	170	127.00	159.00	141.16	139.00	23997.00
chr11	12237765	12237866	101	101	329.00	429.00	382.21	391.00	38603.00
chr6	31750872	31750963	91	91	95.00	131.00	119.34	123.00	10860.00
chr3	53124201	53124398	197	197	13.00	30.00	22.68	23.00	4468.00
chr2	220161470	220161544	74	74	1084.00	1427.00	1316.00	1349.50	97384.00
chr2	128951046	128951785	739	739	12.00	107.00	59.35	65.00	43856.00
chr5	24535811	24535931	120	120	84.00	120.00	97.49	95.00	11699.00
chr1	44083406	44083582	176	176	141.00	261.00	194.55	193.00	34241.00
chr1	32207653	32207818	165	165	237.00	393.00	296.30	295.00	48889.00
chr12	7293754	7294000	246	246	12.00	825.00	465.93	644.00	114620.00
chr3	131442289	131442469	180	180	106.00	136.00	120.96	123.00	21772.00
chr3	49898871	49899298	427	427	37.00	924.00	368.59	452.00	157388.00
chr16	66432358	66432464	106	106	47.00	71.00	56.34	51.00	5972.00
chr1	20982593	20982680	87	87	240.00	305.00	272.83	277.00	23736.00
chr16	68398653	68398809	156	156	38.00	50.00	43.37	43.00	6765.00
chr17	16676818	16678279	1461	1461	0.00	20.00	7.62	8.00	11136.00
chr1	109814899	109815027	128	128	254.00	330.00	285.78	280.00	36580.00
chr1	21940478	21940582	104	104	751.00	904.00	827.96	820.00	86108.00
chr20	57468284	57468793	509	509	8.00	19.00	14.51	15.00	7384.00
chr3	127358087	127358366	279	279	222.00	438.00	311.47	311.00	86900.00
chr3	126735359	126735527	168	168	63.00	81.00	71.76	72.00	12055.00
chr10	103869140	103869264	124	124	293.00	369.00	330.06	331.00	40928.00
chr20	44520554	44520666	112	112	128.00	187.00	152.54	153.00	17084.00
chr1	32203252	32203356	104	104	330.00	550.00	449.07	471.00	46703.00
chr21	40186196	40186316	120	120	176.00	231.00	209.49	211.00	25139.00
chr5	111067153	111068349	1196	1196	6.00	60.00	29.99	29.00	35864.00
chr9	128002954	128003186	232	232	220.00	384.00	300.21	296.00	69648.00
chr1	43408896	43408992	96	96	114.00	170.00	141.25	143.00	13560.00
chr3	47463931	47464026	95	95	145.00	169.00	155.62	154.00	14784.00
chr2	220161160	220161238	78	78	1084.00	1232.00	1141.60	1134.50	89045.00
chr11	62472772	62473089	317	317	1117.00	1995.00	1532.39	1582.00	485769.00
chr9	130986341	130986906	565	565	9.00	543.00	129.75	22.00	73311.00
chr14	69358769	69359000	231	231	183.00	236.00	207.49	209.00	47930.00
chr11	64416205	64416379	174	174	106.00	188.00	151.78	159.00	26409.00
chr17	8398454	8398559	105	105	246.00	325.00	293.00	297.00	30765.00
chr12	53572943	53574193	1250	1250	16.00	82.00	42.30	39.00	52873.00
chr17	17696544	17701827	5283	5283	19.00	175.00	64.06	61.00	338440.00
chr8	11705187	11705331	144	144	1081.00	1417.00	1260.31	1271.50	181485.00
chr19	54963829	54963931	102	102	250.00	317.00	284.20	278.00	28988.00
chr2	70451682	70456295	4613	4613	5.00	134.00	28.47	25.00	131320.00
chr11	118873959	118874169	210	210	13.00	29.00	21.96	22.00	4612.00
chr10	75548427	75548581	154	154	40.00	77.00	60.97	63.00	9389.00
chr6	33414351	33414563	212	212	356.00	656.00	551.70	572.00	116961.00
chr17	80042910	80043032	122	122	126.00	171.00	150.79	157.00	18396.00
chr11	11470290	11470483	193	193	58.00	116.00	74.30	72.00	14340.00
chr8	23294446	23294771	325	325	70.00	106.00	90.53	91.00	29421.00
chr1	116932060	116932663	603	603	12.00	1846.00	657.63	26.00	396551.00
chr15	83222627	83222741	114	114	63.00	85.00	74.14	73.50	8452.00
chr3	9841562	9841751	189	189	18.00	34.00	27.75	28.00	5245.00
chr1	116937731	116937907	176	176	1309.00	2646.00	1715.77	1591.50	301975.00
chr16	87868019	87868197	178	178	170.00	233.00	198.42	196.00	35318.00
chr3	124209540	124209731	191	191	480.00	707.00	576.04	567.00	110024.00
chr7	71142195	71142291	96	96	396.00	546.00	464.66	467.50	44607.00
chr5	130497324	130497584	260	260	15.00	36.00	24.62	26.00	6402.00
chr13	100199238	100199358	120	120	247.00	420.00	317.76	306.50	38131.00
chr5	139943336	139943506	170	170	26.00	267.00	209.01	216.00	35532.00
chr17	74395529	74396002	473	473	53.00	133.00	98.29	97.00	46492.00
chr14	93179149	93179216	67	67	178.00	212.00	194.04	193.00	13001.00
chr4	160277004	160277310	306	306	47.00	313.00	164.01	157.00	50187.00
chr17	40666306	40666478	172	172	708.00	1313.00	1021.82	1044.50	175753.00
chr15	34828065	34828207	142	142	8.00	196.00	129.04	132.00	18324.00
chr14	100165802	100165876	74	74	364.00	436.00	403.84	411.00	29884.00
chr22	20128089	20128231	142	142	13.00	136.00	81.61	103.00	11588.00
chr12	3392210	3394421	2211	2211	4.00	148.00	59.30	59.00	131109.00
chr17	16687866	16690667	2801	2801	0.00	68.00	9.94	7.00	27843.00
chr6	31664724	31664810	86	86	126.00	176.00	148.87	150.50	12803.00
chr6	30627512	30627611	99	99	25.00	41.00	34.41	35.00	3407.00
chr11	18752834	18755060	2226	2226	6.00	844.00	94.57	40.00	210513.00
chr12	109332602	109332731	129	129	352.00	467.00	411.37	426.00	53067.00
chr6	90072884	90073110	226	226	5.00	17.00	12.27	13.00	2774.00
chr16	2689371	2689711	340	340	0.00	1.00	0.03	0.00	9.00
chr1	20987373	20987484	111	111	270.00	374.00	323.33	323.00	35890.00
chr14	85985300	85986667	1367	1367	1.00	22.00	10.04	9.00	13724.00
chr13	32863769	32863880	111	111	77.00	111.00	95.24	96.00	10572.00
chr16	1510418	1510528	110	110	63.00	96.00	75.03	74.00	8253.00
chr19	54963269	54963444	175	175	304.00	451.00	364.91	363.00	63860.00
chr6	44224078	44224233	155	155	46.00	67.00	55.31	55.00	8573.00
chr20	3151172	3152285	1113	1113	16.00	52.00	33.53	33.00	37316.00
chr1	892273	892405	132	132	106.00	195.00	139.05	137.00	18355.00
chr16	90192167	90192724	557	557	9.00	66.00	40.35	41.00	22473.00
chr9	111663704	111663810	106	106	47.00	70.00	57.87	57.00	6134.00
chr6	44108764	44108835	71	71	92.00	125.00	104.27	104.00	7403.00
chr1	36028802	36029027	225	225	1651.00	2659.00	2022.02	1935.00	454955.00
chr11	66807259	66807674	415	415	19.00	141.00	108.56	110.00	45054.00
chr1	178426817	178427679	862	862	20.00	48.00	32.68	32.00	28167.00
chr19	42482302	42482478	176	176	1733.00	2890.00	2028.67	1952.50	357046.00
chr1	44084718	44084873	155	155	89.00	298.00	183.45	174.00	28434.00
chr1	109812315	109812442	127	127	194.00	273.00	238.39	247.00	30276.00
chr3	180324268	180324391	123	123	66.00	97.00	84.80	87.00	10430.00
chr15	63933668	63933842	174	174	89.00	170.00	126.58	116.50	22025.00
chr20	44521363	44521519	156	156	194.00	268.00	234.90	234.00	36644.00
chr3	33416779	33416910	131	131	111.00	220.00	161.15	162.00	21110.00
chr1	21934624	21934843	219	219	11.00	1011.00	446.54	554.00	97792.00
chr14	69799801	69799886	85	85	74.00	115.00	99.71	103.00	8475.00
chr1	116936134	116936345	211	211	2.00	1840.00	1511.68	1658.00	318965.00
chr14	23634493	23634645	152	152	42.00	63.00	54.90	56.00	8345.00
chr16	1402538	1402947	409	409	8.00	44.00	31.39	32.00	12840.00
chr9	20331	25000	4669	4669	0.00	175.00	42.53	36.00	198571.00
chr17	43545574	43545959	385	385	10.00	36.00	23.30	23.00	8969.00
chr13	100201418	100201476	58	58	271.00	314.00	286.45	287.00	16614.00
chr15	41865505	41865665	160	160	236.00	484.00	329.55	317.00	52728.00
chr19	19641688	19642196	508	508	16.00	46.00	30.59	32.00	15539.00
chr11	134147593	134148159	566	566	8.00	26.00	17.90	18.00	10134.00
chr2	71656420	71657290	870	870	3.00	38.00	20.66	21.00	17975.00
chr7	97834775	97835016	241	241	68.00	136.00	99.83	99.00	24058.00
chr19	13363804	13363915	111	111	85.00	120.00	99.60	99.00	11056.00
chr18	31328383	31329011	628	628	4.00	23.00	11.65	10.00	7314.00
chr16	66431884	66432009	125	125	24.00	57.00	38.93	34.00	4866.00
chr19	47935155	47935702	547	547	13.00	914.00	319.78	317.00	174919.00
chr12	50291769	50291873	104	104	893.00	1435.00	1093.82	1112.00	113757.00
chr11	1780198	1780317	119	119	646.00	1201.00	807.31	762.00	96070.00
chr15	65392626	65393167	541	541	6.00	34.00	20.38	22.00	11028.00
chr2	86397871	86397967	96	96	105.00	180.00	149.29	152.50	14332.00
chr7	97866087	97866233	146	146	95.00	154.00	126.47	136.00	18465.00
chr11	60687157	60687402	245	245	90.00	176.00	132.02	136.00	32344.00
chr21	43307700	43309453	1753	1753	8.00	72.00	39.23	38.00	68764.00
chr14	24619269	24619657	388	388	32.00	73.00	46.04	43.00	17864.00
chr11	65320634	65320727	93	93	68.00	81.00	75.61	76.00	7032.00
chr16	29891184	29891385	201	201	517.00	681.00	609.82	620.00	122574.00
chr1	32207224	32207326	102	102	548.00	778.00	671.62	687.00	68505.00
chr11	72300218	72300394	176	176	6.00	350.00	119.31	9.00	20999.00
chr17	7608878	7609038	160	160	26.00	147.00	100.67	118.50	16107.00
chr19	7607646	7607814	168	168	114.00	162.00	135.02	136.00	22684.00
chr19	54966129	54966271	142	142	133.00	249.00	209.60	215.50	29763.00
chr12	57995027	57995131	104	104	162.00	219.00	191.79	191.50	19946.00
chr1	27428875	27429049	174	174	61.00	87.00	73.42	73.50	12775.00
chr2	27688277	27688385	108	108	27.00	57.00	44.09	48.00	4762.00
chr16	2691449	2692254	805	805	0.00	17.00	4.32	2.00	3479.00
chr9	131503813	131503933	120	120	329.00	377.00	348.84	348.00	41861.00
chr16	2347766	2347922	156	156	131.00	243.00	183.09	173.00	28562.00
chr17	80039884	80040036	152	152	272.00	340.00	307.92	309.00	46804.00
chr1	32204432	32204538	106	106	389.00	826.00	609.32	623.50	64588.00
chr12	9242951	9243078	127	127	248.00	305.00	279.89	284.00	35546.00
chr3	49702661	49702751	90	90	165.00	191.00	183.32	184.00	16499.00
chr19	35820359	35820837	478	478	4.00	18.00	9.73	9.00	4650.00
chr1	201456762	201457615	853	853	3.00	23.00	12.82	12.00	10932.00
chr16	2334279	2334438	159	159	180.00	245.00	208.09	201.00	33086.00
chr10	73578373	73578481	108	108	3195.00	4323.00	3741.25	3714.00	404055.00
chr16	18530550	18530756	206	206	5.00	565.00	245.22	340.00	50515.00
chr16	16369094	16369300	206	206	5.00	581.00	250.18	350.00	51538.00
chr13	113975636	113975785	149	149	10.00	427.00	188.32	14.00	28060.00
chr11	119293822	119294227	405	405	17.00	6545.00	600.89	56.00	243359.00
chr5	150505962	150506041	79	79	1130.00	1707.00	1365.42	1319.00	107868.00
chr22	44224939	44225078	139	139	976.00	1253.00	1103.59	1103.00	153399.00
chr15	41865199	41865309	110	110	235.00	322.00	276.92	268.00	30461.00
chr17	25633807	25636298	2491	2491	21.00	454.00	201.21	212.00	501213.00
chr15	72495155	72495529	374	374	17.00	3512.00	1375.85	37.00	514568.00
chr9	42540272	42542124	1852	1852	1.00	36.00	13.24	11.00	24514.00
chr11	119290760	119291704	944	944	4.00	8171.00	1953.65	30.00	1844249.00
chr19	5219949	5220165	216	216	126.00	235.00	177.55	169.50	38350.00
chr15	63910769	63911153	384	384	1.00	10.00	4.47	4.00	1717.00
chr17	74393879	74393969	90	90	107.00	141.00	127.46	130.00	11471.00
chr10	104129467	104129532	65	65	75.00	86.00	81.89	82.00	5323.00
chr3	142454224	142454620	396	396	3.00	20.00	10.78	9.00	4268.00
chr12	121205196	121205396	200	200	138.00	178.00	157.37	157.00	31474.00
chr3	31705570	31705724	154	154	32.00	47.00	37.95	37.00	5845.00
chr6	118635190	118636593	1403	1403	33.00	190.00	106.68	102.00	149669.00
chr8	10339867	10340829	962	962	6.00	29.00	16.36	16.00	15737.00
chr19	16952578	16952779	201	201	86.00	181.00	137.91	139.00	27719.00
chr8	110984486	110985016	530	530	72.00	156.00	107.97	105.00	57223.00
chr9	128001219	128001610	391	391	338.00	912.00	626.57	666.00	244988.00
chr11	73070878	73070997	119	119	150.00	196.00	171.52	169.00	20411.00
chr10	104130140	104130235	95	95	87.00	105.00	96.44	97.00	9162.00
chr5	95733039	95733173	134	134	96.00	128.00	112.06	112.00	15016.00
chr19	59059400	59059547	147	147	241.00	325.00	286.62	287.00	42133.00
chr5	139943169	139943255	86	86	23.00	162.00	117.35	125.50	10092.00
chr17	73487771	73487981	210	210	72.00	143.00	99.02	94.50	20795.00
chr1	154315588	154315777	189	189	25.00	39.00	33.38	34.00	6309.00
chr14	95652726	95653070	344	344	4.00	18.00	11.09	12.00	3816.00
chr12	123639801	123640772	971	971	13.00	42.00	26.18	26.00	25425.00
chr22	47064870	47065171	301	301	7.00	16.00	11.19	11.00	3368.00
chr5	24535220	24535388	168	168	52.00	84.00	65.55	64.00	11012.00
chr12	6806452	6806958	506	506	159.00	419.00	293.73	308.00	148626.00
chr22	29881711	29881836	125	125	374.00	478.00	413.85	416.00	51731.00
chr7	75894681	75894786	105	105	81.00	125.00	105.36	110.00	11063.00
chr12	121089007	121095893	6886	6886	17.00	207.00	66.32	59.00	456687.00
chr1	207940357	207942365	2008	2008	10.00	216.00	37.85	27.00	75994.00
chr7	154681166	154681240	74	74	401.00	481.00	451.01	456.50	33375.00
chr5	131696513	131697529	1016	1016	7.00	37.00	19.19	18.00	19498.00
chr11	1776135	1776258	123	123	440.00	1039.00	677.97	631.00	83390.00
chr8	11706554	11706673	119	119	849.00	1111.00	987.70	989.00	117536.00
chr11	18759426	18759511	85	85	286.00	414.00	340.21	330.00	28918.00
chr16	61689373	61689625	252	252	64.00	92.00	78.07	77.00	19673.00
chr15	51750702	51750824	122	122	185.00	266.00	220.01	221.00	26841.00
chr9	35555056	35555698	642	642	144.00	447.00	303.30	316.00	194716.00
chr2	198356200	198356621	421	421	2.00	16.00	10.29	12.00	4333.00
chr9	131001723	131001794	71	71	2379.00	2971.00	2639.23	2637.00	187385.00
chr19	5214371	5214491	120	120	343.00	503.00	424.02	418.00	50883.00
chr22	35719488	35719623	135	135	163.00	215.00	193.05	198.00	26062.00
chr12	121678738	121679829	1091	1091	10.00	91.00	29.05	23.00	31693.00
chr14	23820960	23821064	104	104	1158.00	1655.00	1442.01	1489.50	149969.00
chr1	32205710	32205779	69	69	437.00	525.00	480.09	482.00	33126.00
chr3	33420176	33420326	150	150	7.00	302.00	100.58	10.00	15087.00
chr9	114820707	114820966	259	259	31.00	79.00	54.05	53.00	14000.00
chr15	41865876	41866023	147	147	21.00	636.00	521.04	573.00	76593.00
chr19	55554308	55554637	329	329	8.00	31.00	22.06	23.00	7259.00
chr1	116933403	116933513	110	110	1417.00	1957.00	1705.75	1659.50	187632.00
chr19	15374230	15374359	129	129	52.00	87.00	70.24	73.00	9061.00
chr12	56090682	56090852	170	170	50.00	77.00	62.50	64.00	10625.00
chr14	69445668	69445876	208	208	25.00	167.00	102.50	107.00	21321.00
chr12	57603474	57603651	177	177	193.00	337.00	267.43	263.00	47335.00
chr22	32897492	32898946	1454	1454	16.00	228.00	65.89	55.00	95809.00
chr16	16367702	16367764	62	62	10.00	395.00	203.21	222.00	12599.00
chr19	5245786	5246056	270	270	94.00	174.00	129.94	124.00	35085.00
chr16	74345440	74345829	389	389	11.00	24.00	19.05	19.00	7411.00
chr6	107096899	107097076	177	177	39.00	62.00	47.18	47.00	8351.00
chr1	29641883	29642019	136	136	30.00	54.00	39.13	39.00	5322.00
chr8	97342440	97342509	69	69	189.00	238.00	208.84	208.00	14410.00
chr8	68116914	68117054	140	140	74.00	119.00	97.30	101.00	13622.00
chr22	22037470	22037546	76	76	45.00	60.00	51.88	51.00	3943.00
chr22	50682147	50683420	1273	1273	21.00	149.00	82.47	85.00	104985.00
chr20	44048971	44049069	98	98	154.00	205.00	186.26	189.50	18253.00
chr1	36904356	36904511	155	155	35.00	86.00	52.91	48.00	8201.00
chr12	71054719	71054877	158	158	71.00	142.00	94.28	87.00	14896.00
chr15	50654364	50655515	1151	1151	8.00	34.00	20.74	21.00	23875.00
chr2	234198499	234198620	121	121	69.00	99.00	83.43	84.00	10095.00
chr9	128001699	128001812	113	113	362.00	465.00	402.58	394.00	45491.00
chr8	38272296	38272419	123	123	56.00	86.00	72.94	72.00	8972.00
chr11	73068069	73068179	110	110	109.00	153.00	127.07	127.00	13978.00
chr16	28123137	28123327	190	190	135.00	221.00	176.73	171.00	33578.00
chr12	49424062	49424222	160	160	16.00	50.00	32.58	34.00	5212.00
chr19	50302885	50303023	138	138	313.00	464.00	381.20	363.00	52606.00
chr19	42480567	42480718	151	151	2975.00	4448.00	3742.19	3852.00	565070.00
chr3	197904395	197905301	906	906	1.00	37.00	19.27	22.00	17461.00
chr13	100189992	100190117	125	125	170.00	197.00	183.38	183.00	22922.00
chr19	14268062	14268272	210	210	194.00	345.00	270.84	276.00	56876.00
chr10	93786886	93787057	171	171	69.00	114.00	91.71	94.00	15683.00
chr1	109808726	109808828	102	102	102.00	168.00	130.33	129.00	13294.00
chr4	134075461	134075520	59	59	179.00	258.00	212.12	216.00	12515.00
chr1	22052268	22053864	1596	1596	8.00	30.00	18.05	18.00	28810.00
chr9	140056855	140056968	113	113	1164.00	1680.00	1484.29	1521.00	167725.00
chr19	42482087	42482224	137	137	2982.00	3958.00	3519.23	3561.00	482134.00
chr19	4556962	4557025	63	63	429.00	561.00	500.13	499.00	31508.00
chr19	14266921	14267013	92	92	219.00	308.00	266.40	263.00	24509.00
chr22	42273851	42274127	276	276	12.00	780.00	398.70	482.00	110040.00
chr1	205549788	205550049	261	261	180.00	315.00	230.69	224.00	60209.00
chr1	110765585	110766522	937	937	54.00	206.00	125.34	121.00	117440.00
chr19	55553595	55554158	563	563	10.00	52.00	28.26	27.00	15910.00
chr7	150929881	150931360	1479	1479	18.00	147.00	46.85	42.00	69285.00
chr3	124215157	124215260	103	103	430.00	736.00	598.89	629.00	61686.00
chr16	58220658	58220760	102	102	82.00	123.00	99.25	98.00	10124.00
chr3	10381925	10382033	108	108	324.00	502.00	429.45	429.50	46381.00
chr10	11356101	11356221	120	120	41.00	57.00	49.73	50.00	5968.00
chr22	42294652	42294785	133	133	427.00	696.00	607.31	630.00	80772.00
chr1	2005531	2005714	183	183	19.00	94.00	58.81	59.00	10762.00
chr12	113722522	113722576	54	54	53.00	73.00	62.89	63.00	3396.00
chr9	131502198	131502398	200	200	11.00	513.00	409.94	431.50	81988.00
chr19	40873602	40873786	184	184	1330.00	1747.00	1528.85	1532.50	281309.00
chr2	220162606	220162825	219	219	182.00	597.00	376.84	356.00	82527.00
chr16	28270027	28270355	328	328	9.00	69.00	35.49	31.00	11642.00
chr4	3225718	3225858	140	140	107.00	182.00	153.66	162.00	21513.00
chr17	44127898	44128070	172	172	44.00	71.00	55.97	56.00	9626.00
chr3	47462043	47462262	219	219	85.00	162.00	107.28	99.00	23494.00
chr6	99873090	99873182	92	92	9.00	310.00	122.22	83.50	11244.00
chr7	142561723	142562504	781	781	237.00	657.00	452.41	448.00	353335.00
chr1	159169540	159169666	126	126	1029.00	1316.00	1196.26	1203.50	150729.00
chr19	7606869	7606953	84	84	89.00	113.00	99.24	97.00	8336.00
chr16	2811561	2818298	6737	6737	7.00	628.00	251.22	221.00	1692451.00
chr3	47450652	47450807	155	155	45.00	67.00	54.86	53.00	8504.00
chr11	118403631	118403922	291	291	129.00	233.00	159.62	158.00	46448.00
chr1	205555161	205555335	174	174	222.00	297.00	251.01	249.00	43676.00
chr12	125603186	125603311	125	125	100.00	144.00	116.94	115.00	14617.00
chr11	86658288	86659498	1210	1210	9.00	31.00	20.61	20.00	24933.00
chr22	37764946	37768745	3799	3799	14.00	529.00	181.70	161.00	690278.00
chr10	46345664	46346215	551	551	10.00	44.00	24.68	25.00	13596.00
chr22	33673045	33673241	196	196	195.00	498.00	302.33	259.50	59257.00
chr9	140042599	140042666	67	67	11.00	307.00	249.39	260.00	16709.00
chr3	48717233	48717320	87	87	156.00	209.00	184.70	186.00	16069.00
chr11	60681600	60681740	140	140	19.00	147.00	74.23	60.00	10392.00
chr10	93784512	93784724	212	212	39.00	85.00	62.19	63.00	13185.00
chr12	7289424	7290372	948	948	10.00	595.00	164.62	22.00	156064.00
chr3	132387062	132387526	464	464	6.00	18.00	13.36	14.00	6198.00
chr16	2335442	2335647	205	205	176.00	283.00	230.47	231.00	47247.00
chr16	1794782	1797276	2494	2494	3.00	464.00	66.80	35.00	166605.00
chr16	3786036	3786204	168	168	82.00	139.00	101.36	97.00	17029.00
chr9	141131209	141131766	557	557	1.00	35.00	14.33	13.00	7982.00
chr14	92965028	92966015	987	987	8.00	28.00	15.22	14.00	15020.00
chr19	54692070	54692200	130	130	169.00	409.00	279.32	236.00	36311.00
chr15	43866006	43866230	224	224	96.00	158.00	117.71	117.00	26368.00
chr3	40231316	40231954	638	638	33.00	92.00	55.13	54.00	35173.00
chr3	50148937	50149455	518	518	13.00	45.00	29.51	31.00	15284.00
chr4	81117505	81117755	250	250	51.00	95.00	74.34	76.00	18584.00
chr10	46740404	46740638	234	234	2.00	17.00	9.61	9.00	2248.00
chr3	124210169	124210271	102	102	383.00	551.00	471.49	472.00	48092.00
chr11	107488830	107488932	102	102	209.00	273.00	242.89	242.00	24775.00
chr9	130591965	130592106	141	141	70.00	110.00	94.79	97.00	13365.00
chr1	20981932	20982027	95	95	260.00	321.00	283.51	280.00	26933.00
chr12	75875613	75875859	246	246	35.00	52.00	44.11	44.00	10851.00
chr22	32046684	32046764	80	80	84.00	138.00	118.12	125.00	9450.00
chr11	70331418	70331658	240	240	34.00	109.00	73.06	73.50	17535.00
chr14	51079976	51080069	93	93	292.00	374.00	327.41	329.00	30449.00
chr17	80041077	80041301	224	224	210.00	589.00	396.52	391.50	88820.00
chr7	158540884	158540971	87	87	103.00	170.00	133.57	131.00	11621.00
chr1	21553651	21553719	68	68	21.00	38.00	29.69	29.00	2019.00
chr2	219206256	219206349	93	93	98.00	158.00	123.81	117.00	11514.00
chr17	18444211	18445242	1031	1031	2.00	19.00	10.51	12.00	10840.00
chr12	57599340	57599460	120	120	208.00	268.00	230.98	224.00	27718.00
chr11	64417919	64418110	191	191	159.00	328.00	258.74	272.00	49419.00
chr19	3274926	3275650	724	724	7.00	38.00	20.05	17.00	14518.00
chr16	18532086	18532305	219	219	441.00	788.00	608.91	577.00	133352.00
chr17	3776702	3776756	54	54	477.00	649.00	600.76	611.50	32441.00
chr1	116932670	116933033	363	363	10.00	2242.00	1056.73	1656.00	383592.00
chr16	1505731	1505796	65	65	145.00	179.00	167.15	170.00	10865.00
chr1	9794029	9794200	171	171	2043.00	2483.00	2234.30	2232.00	382066.00
chr10	73579221	73579379	158	158	2495.00	3948.00	3174.68	3308.50	501599.00
chr11	6411684	6412146	462	462	13.00	106.00	72.71	74.50	33590.00
chr1	159163212	159163350	138	138	782.00	1104.00	881.51	866.50	121648.00
chr16	1816723	1816804	81	81	482.00	634.00	558.07	554.00	45204.00
chr7	91722399	91722630	231	231	4.00	86.00	60.53	56.00	13983.00
chr7	44281816	44281939	123	123	726.00	873.00	780.00	780.00	95940.00
chr2	220467189	220467297	108	108	24.00	34.00	29.59	30.00	3196.00
chr16	4494664	4494729	65	65	159.00	213.00	196.08	196.00	12745.00
chr15	34681844	34681986	142	142	6.00	257.00	184.87	200.00	26252.00
chr9	139995935	139996124	189	189	79.00	138.00	110.22	108.00	20832.00
chr3	180324040	180324160	120	120	67.00	92.00	79.99	81.00	9599.00
chr3	42678359	42681242	2883	2883	28.00	139.00	69.25	67.00	199652.00
chr7	131812776	131815333	2557	2557	15.00	88.00	39.11	39.00	100006.00
chr20	1585387	1585522	135	135	18.00	339.00	178.77	179.00	24134.00
chr3	126751229	126751442	213	213	123.00	176.00	154.77	157.00	32967.00
chr15	63920875	63921014	139	139	136.00	236.00	182.35	186.00	25347.00
chr16	2040128	2040202	74	74	15.00	79.00	47.26	46.00	3497.00
chr9	74324174	74324390	216	216	28.00	50.00	40.69	42.00	8788.00
chr20	44521858	44521950	92	92	208.00	253.00	230.96	232.50	21248.00
chr9	139911647	139911798	151	151	158.00	232.00	200.29	203.00	30244.00
chr9	140055507	140055649	142	142	1527.00	2741.00	2122.30	1971.50	301366.00
chr12	120148055	120148191	136	136	177.00	267.00	214.21	211.00	29133.00
chr12	50474280	50474372	92	92	102.00	136.00	122.98	124.00	11314.00
chr15	63125702	63125828	126	126	122.00	237.00	177.57	182.00	22374.00
chr9	20907148	20907241	93	93	78.00	107.00	94.66	96.00	8803.00
chr16	87874655	87874761	106	106	155.00	224.00	187.94	181.00	19922.00
chr2	162833269	162833460	191	191	7.00	597.00	327.77	494.00	62604.00
chr8	11704560	11704677	117	117	872.00	1098.00	965.85	970.00	113004.00
chr15	63926931	63927087	156	156	158.00	228.00	197.29	203.00	30777.00
chr6	31668718	31668805	87	87	150.00	178.00	159.18	159.00	13849.00
chr7	148910792	148910906	114	114	27.00	67.00	52.89	60.00	6030.00
chr14	42355808	42357213	1405	1405	39.00	151.00	75.52	66.00	106104.00
chr10	88678928	88679226	298	298	12.00	39.00	25.31	26.00	7541.00
chr3	140998219	140998346	127	127	48.00	79.00	64.20	70.00	8154.00
chr1	144859758	144859998	240	240	67.00	133.00	94.91	97.00	22778.00
chr9	96054772	96055455	683	683	41.00	215.00	125.85	117.00	85954.00
chr19	7604803	7604944	141	141	100.00	160.00	131.03	135.00	18475.00
chr12	30906277	30907432	1155	1155	8.00	69.00	28.82	25.00	33284.00
chr9	131112762	131112854	92	92	123.00	223.00	179.45	189.00	16509.00
chr20	61981328	61982379	1051	1051	36.00	96.00	61.60	59.00	64740.00
chr7	38431348	38431618	270	270	279.00	633.00	419.81	379.50	113348.00
chr20	44521036	44521123	87	87	188.00	242.00	205.68	208.00	17894.00
chr11	64418726	64419108	382	382	136.00	315.00	205.74	197.00	78593.00
chr12	120148344	120150270	1926	1926	6.00	302.00	47.89	24.00	92240.00
chr12	6930971	6931066	95	95	15.00	651.00	354.73	357.00	33699.00
chr16	2339434	2339621	187	187	110.00	180.00	133.63	125.00	24989.00
chr2	27700083	27700187	104	104	37.00	57.00	48.77	50.00	5072.00
chr14	69805367	69805494	127	127	101.00	170.00	136.08	130.00	17282.00
chr12	9242497	9242619	122	122	234.00	329.00	286.55	283.00	34959.00
chr3	58256658	58256791	133	133	84.00	139.00	107.43	105.00	14288.00
chr10	79744927	79745098	171	171	68.00	113.00	86.36	82.00	14768.00
chr1	159161725	159161866	141	141	412.00	647.00	548.78	578.00	77378.00
chr16	31085202	31085519	317	317	9.00	42.00	27.88	31.00	8839.00
chr1	171755018	171755218	200	200	43.00	74.00	60.10	60.00	12020.00
chr9	130988124	130989280	1156	1156	7.00	1590.00	202.64	36.00	234252.00
chr15	63127935	63127998	63	63	135.00	176.00	151.24	148.00	9528.00
chr19	1917676	1917821	145	145	9.00	193.00	125.04	126.00	18131.00
chr22	25315792	25315960	168	168	89.00	131.00	116.36	118.00	19548.00
chr2	207943790	207945085	1295	1295	7.00	44.00	26.69	28.00	34560.00
chr11	47330706	47330952	246	246	13.00	665.00	300.03	23.00	73808.00
chr3	142743978	142746095	2117	2117	4.00	107.00	17.58	14.00	37219.00
chr7	44839492	44839694	202	202	14.00	39.00	24.88	24.50	5026.00
chr22	31688260	31688471	211	211	7.00	105.00	72.04	88.00	15200.00
chr11	66333492	66333638	146	146	493.00	620.00	564.03	566.00	82349.00
chr9	131114916	131115026	110	110	208.00	258.00	237.66	240.50	26143.00
chr1	20206	21013	807	807	15.00	133.00	82.33	91.00	66440.00
chr11	108216469	108216635	166	166	33.00	79.00	57.61	55.50	9564.00
chr1	209778880	209779019	139	139	206.00	301.00	253.42	259.00	35226.00
chr1	202935876	202936026	150	150	134.00	236.00	182.20	177.00	27330.00
chr12	57600255	57600524	269	269	219.00	325.00	275.89	279.00	74214.00
chr19	15233503	15233615	112	112	58.00	104.00	72.91	64.50	8166.00
chr8	68115317	68115486	169	169	71.00	113.00	94.20	95.00	15920.00
chr19	13419229	13419342	113	113	43.00	65.00	51.81	50.00	5854.00
chr6	33266815	33267130	315	315	8.00	53.00	30.35	30.00	9560.00
chr16	89780611	89781646	1035	1035	16.00	126.00	54.94	47.00	56862.00
chr12	109964162	109964221	59	59	74.00	93.00	83.10	84.00	4903.00
chr22	24491893	24492045	152	152	33.00	62.00	41.51	39.50	6309.00
chr2	242592926	242593025	99	99	183.00	246.00	208.46	209.00	20638.00
chr1	21937944	21938074	130	130	517.00	1263.00	943.79	1022.00	122693.00
chr2	223789173	223789313	140	140	215.00	260.00	237.03	238.00	33184.00
chr20	3772318	3772535	217	217	9.00	33.00	20.73	22.00	4498.00
chr16	18531918	18532001	83	83	639.00	901.00	770.46	787.00	63948.00
chr1	43396296	43396537	241	241	146.00	240.00	182.66	174.00	44022.00
chr2	100037960	100038115	155	155	29.00	58.00	39.94	39.00	6191.00
chr16	1500497	1500770	273	273	8.00	148.00	84.38	115.00	23035.00
chr19	40876016	40876144	128	128	1292.00	1642.00	1461.86	1447.00	187118.00
chr5	168112691	168112932	241	241	22.00	55.00	32.76	30.00	7895.00
chr2	127825738	127825831	93	93	351.00	440.00	410.52	416.00	38178.00
chr1	19232015	19234990	2975	2975	4.00	160.00	42.89	37.00	127601.00
chr16	1391129	1391196	67	67	236.00	307.00	259.42	255.00	17381.00
chr6	33410665	33411689	1024	1024	14.00	413.00	190.74	173.00	195314.00
chr9	95872033	95872266	233	233	5.00	14.00	10.19	10.00	2375.00
chr1	53378627	53378839	212	212	8.00	17.00	12.58	13.00	2666.00
chr2	80531276	80531693	417	417	28.00	71.00	58.07	58.00	24216.00
chr7	44286718	44286791	73	73	591.00	725.00	636.64	625.00	46475.00
chr7	157369304	157369471	167	167	406.00	511.00	454.32	454.00	75872.00
chr11	18755079	18755191	112	112	4.00	414.00	277.33	379.50	31061.00
chr6	86237979	86238080	101	101	147.00	182.00	169.43	172.00	17112.00
chr8	145000951	145001050	99	99	56.00	71.00	64.88	65.00	6423.00
chr19	45167680	45167966	286	286	12.00	27.00	18.47	18.00	5281.00
chr10	48930165	48930400	235	235	2.00	16.00	8.90	8.00	2092.00
chr16	87871450	87871547	97	97	226.00	314.00	287.00	304.00	27839.00
chr1	109815454	109815649	195	195	206.00	301.00	251.52	252.00	49047.00
chr1	208215442	208215711	269	269	46.00	87.00	66.20	65.00	17808.00
chr2	260866	261451	585	585	7.00	18.00	11.88	12.00	6952.00
chr5	180481266	180481724	458	458	17.00	49.00	34.55	35.00	15826.00
chr7	73119479	73119631	152	152	11.00	1809.00	757.70	24.00	115171.00
chr15	34677248	34677358	110	110	284.00	469.00	362.45	337.50	39869.00
chr16	57687114	57687247	133	133	74.00	108.00	91.06	88.00	12111.00
chr15	50649406	50649592	186	186	10.00	28.00	19.66	21.00	3657.00
chr22	21071995	21072066	71	71	1223.00	1425.00	1336.46	1346.00	94889.00
chr5	179200882	179201561	679	679	7.00	43.00	28.32	28.00	19229.00
chr10	98763824	98763979	155	155	132.00	209.00	171.17	166.00	26531.00
chr14	102963315	102963457	142	142	89.00	125.00	101.37	99.00	14395.00
chr1	21932558	21933138	580	580	12.00	1183.00	237.24	35.00	137598.00
chr16	28118842	28118998	156	156	177.00	226.00	199.03	198.00	31049.00
chr1	241767561	241767881	320	320	66.00	119.00	91.68	94.00	29337.00
chr11	66812063	66812184	121	121	157.00	262.00	188.45	172.00	22802.00
chr11	12248571	12248678	107	107	405.00	587.00	512.59	533.00	54847.00
chr9	130588788	130588951	163	163	57.00	118.00	84.47	81.00	13768.00
chr22	21068915	21068988	73	73	1157.00	1527.00	1369.21	1403.00	99952.00
chr1	43424304	43424531	227	227	20.00	148.00	109.53	124.00	24863.00
chr14	105852021	105853670	1649	1649	15.00	156.00	30.82	28.00	50825.00
chr15	34823469	34823579	110	110	280.00	449.00	357.52	332.50	39327.00
chr11	171365	172282	917	917	2.00	37.00	20.80	23.00	19074.00
chr22	24493976	24494155	179	179	62.00	99.00	77.21	75.00	13820.00
chr15	79291060	79291167	107	107	355.00	471.00	421.73	426.00	45125.00
chr16	2145904	2146194	290	290	24.00	45.00	34.72	35.00	10069.00
chr9	131503050	131503166	116	116	320.00	462.00	389.62	390.00	45196.00
chr11	61301983	61302579	596	596	9.00	39.00	23.92	24.00	14254.00
chr22	25308609	25308719	110	110	93.00	115.00	102.72	103.00	11299.00
chr12	63977826	63979986	2160	2160	0.00	33.00	13.41	13.00	28968.00
chr19	46928844	46930933	2089	2089	18.00	385.00	171.29	174.00	357817.00
chr16	56969146	56969224	78	78	136.00	170.00	154.45	155.00	12047.00
chr17	40665787	40665996	209	209	11.00	1707.00	679.92	893.00	142104.00
chr9	131669435	131671600	2165	2165	61.00	218.00	122.95	113.00	266188.00
chr2	220164026	220164271	245	245	25.00	923.00	305.18	41.00	74769.00
chr19	7589846	7590052	206	206	23.00	91.00	48.18	46.00	9926.00
chr6	91260186	91260268	82	82	47.00	61.00	51.04	50.00	4185.00
chr9	124543742	124543830	88	88	263.00	339.00	300.80	298.50	26470.00
chr12	54071005	54071170	165	165	11.00	74.00	48.88	46.00	8066.00
chr2	40443	41212	769	769	7.00	33.00	18.51	18.00	14238.00
chr11	67852159	67852747	588	588	8.00	33.00	19.11	18.00	11236.00
chr8	8233762	8234810	1048	1048	9.00	61.00	31.25	27.00	32753.00
chr2	175671113	175672148	1035	1035	6.00	38.00	20.39	20.00	21102.00
chr7	138984922	138985438	516	516	2.00	21.00	11.47	12.00	5917.00
chr22	40816850	40817104	254	254	63.00	127.00	104.92	106.50	26650.00
chr19	14263120	14263249	129	129	252.00	374.00	311.71	312.00	40211.00
chr19	16962222	16962345	123	123	97.00	247.00	186.20	198.00	22903.00
chr1	109813838	109813918	80	80	209.00	273.00	231.80	224.50	18544.00
chr3	49898148	49898562	414	414	11.00	809.00	403.58	586.00	167082.00
chr17	17131202	17131510	308	308	8.00	106.00	76.61	85.00	23595.00
chr1	21936067	21936139	72	72	434.00	590.00	507.82	493.50	36563.00
chr3	130424404	130424615	211	211	31.00	56.00	45.89	46.00	9683.00
chr12	56532710	56532797	87	87	91.00	120.00	100.75	100.00	8765.00
chr16	29888591	29888788	197	197	492.00	763.00	609.60	589.00	120091.00
chr2	114394588	114396196	1608	1608	4.00	68.00	27.71	26.00	44564.00
chr3	124180736	124180803	67	67	262.00	296.00	281.31	283.00	18848.00
chr9	111798485	111798660	175	175	53.00	83.00	68.14	69.00	11924.00
chr10	73847897	73848372	475	475	33.00	1280.00	334.17	229.00	158732.00
chr22	21075585	21075706	121	121	671.00	1501.00	1200.90	1283.00	145309.00
chr22	20920753	20921104	351	351	55.00	135.00	92.71	94.00	32542.00
chr9	140953020	140953185	165	165	37.00	92.00	64.30	62.00	10609.00
chr22	41620970	41621075	105	105	89.00	121.00	108.04	109.00	11344.00
chr11	6243671	6243839	168	168	50.00	75.00	59.82	59.00	10050.00
chr15	74704225	74704353	128	128	115.00	198.00	159.17	165.50	20374.00
chr3	48719780	48719985	205	205	123.00	208.00	155.39	147.00	31854.00
chr1	222833247	222833348	101	101	83.00	135.00	107.42	108.00	10849.00
chr1	6583675	6584824	1149	1149	16.00	106.00	60.54	58.00	69563.00
chr11	126135857	126135976	119	119	197.00	244.00	215.98	213.00	25702.00
chr8	75156763	75157410	647	647	21.00	53.00	39.18	41.00	25352.00
chr15	83345212	83345389	177	177	215.00	264.00	241.08	241.00	42672.00
chr14	68031638	68032561	923	923	3.00	21.00	11.81	11.00	10904.00
chr19	42479780	42479949	169	169	2683.00	3878.00	3235.56	3202.00	546809.00
chr16	31503329	31503407	78	78	225.00	308.00	260.14	264.50	20291.00
chr17	1564564	1564700	136	136	154.00	261.00	199.22	184.00	27094.00
chr16	58717858	58718082	224	224	34.00	60.00	45.96	46.00	10294.00
chr14	71575320	71575763	443	443	34.00	67.00	48.18	47.00	21342.00
chr1	202934498	202934628	130	130	119.00	250.00	156.23	133.00	20310.00
chr7	73118477	73118586	109	109	910.00	1167.00	1036.07	1023.00	112932.00
chr19	13365908	13366073	165	165	88.00	126.00	108.39	109.00	17884.00
chr10	102265117	102265958	841	841	14.00	63.00	34.68	33.00	29168.00
chr9	139983320	139983457	137	137	88.00	122.00	109.91	112.00	15058.00
chr18	29206245	29206347	102	102	100.00	157.00	124.39	118.00	12688.00
chr12	120578662	120578827	165	165	58.00	85.00	71.32	73.00	11767.00
chr5	757516	758226	710	710	3.00	11.00	6.57	6.00	4666.00
chr8	21632483	21632567	84	84	47.00	82.00	65.56	67.00	5507.00
chr4	54011499	54011749	250	250	38.00	70.00	46.66	44.00	11666.00
chr8	141680613	141681365	752	752	5.00	30.00	12.75	12.00	9586.00
chr11	57367351	57367850	499	499	26.00	90.00	57.40	62.00	28641.00
chr12	63980009	63980784	775	775	3.00	18.00	8.89	8.00	6893.00
chr9	140057042	140057203	161	161	10.00	1730.00	1481.61	1601.00	238539.00
chr2	7055953	7056098	145	145	43.00	59.00	50.41	51.00	7309.00
chr12	52387768	52389043	1275	1275	21.00	505.00	164.61	140.00	209880.00
chr19	50104931	50105175	244	244	17.00	149.00	53.05	27.00	12945.00
chr19	5218430	5218543	113	113	275.00	408.00	359.03	358.00	40570.00
chr16	29898969	29899138	169	169	343.00	486.00	410.60	405.00	69391.00
chr7	99030900	99031041	141	141	15.00	25.00	19.88	20.00	2803.00
chr17	36692926	36693212	286	286	6.00	22.00	14.79	16.00	4229.00
chr15	73857770	73859335	1565	1565	12.00	96.00	51.49	55.00	80577.00
chr6	44104085	44104176	91	91	138.00	193.00	164.55	164.00	14974.00
chr1	21938518	21938602	84	84	605.00	806.00	721.36	730.50	60594.00
chr19	13423482	13423595	113	113	21.00	50.00	37.73	43.00	4264.00
chr16	70292882	70293089	207	207	578.00	817.00	713.11	736.00	147613.00
chr18	61060641	61060782	141	141	71.00	104.00	90.77	93.00	12798.00
chr16	22269814	22270016	202	202	12.00	40.00	26.55	26.00	5364.00
chr1	21554423	21554534	111	111	31.00	44.00	37.41	38.00	4152.00
chr9	140057255	140057455	200	200	12.00	2120.00	1384.87	1722.00	276974.00
chr7	1488255	1488397	142	142	23.00	41.00	33.40	35.00	4743.00
chr14	100166351	100166438	87	87	347.00	460.00	399.80	398.00	34783.00
chr9	101065522	101065705	183	183	342.00	533.00	454.24	465.00	83126.00
chr5	68411752	68412041	289	289	29.00	60.00	45.15	47.00	13047.00
chr1	2452539	2452754	215	215	69.00	149.00	92.47	86.00	19881.00
chr1	21564626	21564737	111	111	33.00	53.00	41.37	39.00	4592.00
chr13	42037713	42039066	1353	1353	2.00	27.00	15.38	15.00	20809.00
chr2	114350236	114350443	207	207	7.00	63.00	35.80	35.00	7411.00
chr1	21939668	21939722	54	54	666.00	799.00	727.76	714.50	39299.00
chr9	139353895	139354007	112	112	40.00	68.00	48.07	46.00	5384.00
chr7	102176367	102176618	251	251	11.00	35.00	25.09	26.00	6297.00
chr3	51411753	51412018	265	265	2.00	264.00	99.88	14.00	26467.00
chr17	73888091	73888266	175	175	17.00	27.00	22.03	23.00	3855.00
chr13	103297258	103297435	177	177	4.00	79.00	46.04	68.00	8149.00
chr15	63922664	63922834	170	170	172.00	249.00	207.36	199.50	35251.00
chr3	33400774	33400849	75	75	135.00	199.00	167.03	157.00	12527.00
chr22	50671744	50671955	211	211	60.00	79.00	68.35	69.00	14421.00
chr1	21190968	21191205	237	237	152.00	266.00	215.72	213.00	51125.00
chr5	14481649	14481727	78	78	126.00	177.00	145.72	140.00	11366.00
chr15	101605556	101606410	854	854	12.00	50.00	33.85	34.00	28904.00
chr17	80040402	80040554	152	152	299.00	430.00	362.05	344.00	55032.00
chr2	132269293	132270897	1604	1604	9.00	52.00	31.59	32.00	50674.00
chr11	1778553	1778786	233	233	802.00	1310.00	1092.59	1128.00	254573.00
chr11	1469616	1469808	192	192	10.00	37.00	24.39	28.00	4683.00
chr12	120138549	120138630	81	81	208.00	251.00	231.46	229.00	18748.00
chr7	901016	901101	85	85	179.00	256.00	221.08	226.00	18792.00
chr19	13372263	13372424	161	161	64.00	110.00	93.66	96.00	15080.00
chr17	40843154	40843311	157	157	298.00	415.00	359.45	356.00	56434.00
chr17	80039476	80039719	243	243	283.00	490.00	378.29	380.00	91925.00
chr17	16681109	16687365	6256	6256	0.00	62.00	17.49	14.00	109439.00
chr1	116935475	116935610	135	135	1573.00	2297.00	1952.45	1923.00	263581.00
chr6	128294808	128294972	164	164	127.00	233.00	190.81	190.00	31293.00
chr5	109189927	109190617	690	690	4.00	19.00	10.03	9.00	6923.00
chr15	40757533	40757634	101	101	17.00	91.00	66.11	67.00	6677.00
chr2	220164706	220164981	275	275	601.00	1377.00	983.11	941.00	270355.00
chr3	164905164	164908639	3475	3475	12.00	137.00	46.54	38.00	161712.00
chr11	60699157	60699356	199	199	85.00	388.00	308.26	307.00	61344.00
chr2	96680301	96680717	416	416	2.00	12.00	6.77	7.00	2818.00
chr17	40845314	40845554	240	240	331.00	485.00	413.75	409.50	99301.00
chr12	125264513	125265391	878	878	15.00	82.00	34.26	31.00	30083.00
chr1	156623704	156624158	454	454	11.00	42.00	25.70	23.00	11666.00
chr6	108370456	108370622	166	166	62.00	91.00	75.32	74.00	12503.00
chr11	19180486	19180587	101	101	25.00	41.00	32.73	32.00	3306.00
chr19	42489069	42489338	269	269	740.00	1639.00	1245.45	1267.00	335026.00
chr2	198274493	198274731	238	238	112.00	177.00	141.40	141.00	33653.00
chr6	47220991	47221257	266	266	116.00	226.00	174.76	174.00	46485.00
chr19	40872679	40872822	143	143	1654.00	2897.00	2358.43	2360.00	337256.00
chr19	54693278	54693627	349	349	10.00	113.00	61.76	63.00	21554.00
chr12	81929	82174	245	245	12.00	58.00	35.68	39.00	8741.00
chr21	45513943	45514114	171	171	58.00	94.00	76.09	74.00	13011.00
chr3	124201630	124201747	117	117	13.00	510.00	374.63	461.00	43832.00
chr17	79805118	79805223	105	105	296.00	393.00	348.08	351.00	36548.00
chr20	46307419	46307548	129	129	71.00	130.00	85.82	83.00	11071.00
chr17	38187790	38187873	83	83	123.00	150.00	140.14	143.00	11632.00
chr2	207452814	207452878	64	64	312.00	407.00	361.34	366.50	23126.00
chr17	45695715	45695823	108	108	377.00	457.00	422.94	426.00	45677.00
chr7	44283023	44283126	103	103	643.00	719.00	675.42	675.00	69568.00
chr20	62274975	62275284	309	309	4.00	2823.00	1329.07	1753.00	410682.00
chr11	108202605	108202764	159	159	29.00	44.00	36.81	38.00	5852.00
chr9	140051314	140051489	175	175	748.00	1036.00	864.28	846.00	151249.00
chr22	45574118	45574781	663	663	35.00	103.00	71.52	77.00	47420.00
chr15	79312382	79312446	64	64	178.00	241.00	194.48	191.00	12447.00
chr1	21940120	21940199	79	79	681.00	843.00	746.00	745.00	58934.00
chr17	3775847	3775921	74	74	367.00	598.00	512.03	538.00	37890.00
chr7	73133931	73134019	88	88	13.00	1643.00	574.10	411.00	50521.00
chr11	72292920	72292991	71	71	519.00	602.00	550.41	553.00	39079.00
chr7	43547616	43547730	114	114	94.00	131.00	112.22	113.00	12793.00
chr16	58713760	58714145	385	385	17.00	40.00	27.76	29.00	10687.00
chr22	21083600	21083794	194	194	658.00	1123.00	882.40	910.50	171186.00
chr11	66457275	66457414	139	139	424.00	633.00	505.12	496.00	70211.00
chr15	91561034	91561115	81	81	44.00	57.00	49.94	49.00	4045.00
chr11	2968525	2969001	476	476	9.00	29.00	15.66	14.00	7454.00
chr19	34869838	34869910	72	72	1393.00	1821.00	1543.92	1497.00	111162.00
chr9	121970996	121971219	223	223	178.00	273.00	238.25	243.00	53130.00
chr3	47449772	47449980	208	208	8.00	84.00	56.45	73.00	11741.00
chr12	57601820	57601999	179	179	228.00	551.00	397.04	378.00	71071.00
chr16	2345590	2345741	151	151	164.00	263.00	226.26	229.00	34166.00
chr12	50471782	50471910	128	128	84.00	111.00	100.18	102.00	12823.00
chr1	109814221	109814344	123	123	235.00	353.00	309.07	319.00	38015.00
chr19	16942304	16942458	154	154	77.00	107.00	91.56	93.00	14100.00
chr11	66333301	66333398	97	97	407.00	516.00	461.33	469.00	44749.00
chr5	74026084	74026223	139	139	98.00	122.00	110.33	110.00	15336.00
chr5	68417520	68417722	202	202	40.00	90.00	73.02	74.00	14750.00
chr19	15272262	15272525	263	263	27.00	84.00	57.56	56.00	15139.00
chr3	45872404	45872482	78	78	125.00	170.00	152.81	158.50	11919.00
chr7	73123374	73123452	78	78	1653.00	2198.00	2010.62	2083.00	156828.00
chr5	14498197	14498360	163	163	133.00	196.00	168.93	173.00	27535.00
chr14	93180167	93180230	63	63	147.00	221.00	184.89	186.00	11648.00
chr9	130984739	130984875	136	136	1939.00	3122.00	2474.88	2352.50	336584.00
chr13	31216764	31216894	130	130	26.00	41.00	32.23	31.00	4190.00
chr12	112614399	112614506	107	107	92.00	214.00	195.24	197.00	20891.00
chr12	57602865	57602982	117	117	325.00	533.00	421.55	426.00	49321.00
chr14	72976861	72976987	126	126	99.00	166.00	127.86	115.00	16110.00
chr1	155209406	155209553	147	147	88.00	153.00	109.80	98.00	16140.00
chr10	49633930	49634113	183	183	129.00	180.00	148.86	144.00	27242.00
chr16	84100093	84100218	125	125	154.00	240.00	197.11	195.00	24639.00
chr1	155207924	155208097	173	173	114.00	213.00	149.28	137.00	25826.00
chr12	2786898	2787033	135	135	13.00	34.00	19.38	17.00	2616.00
chr2	233755457	233756197	740	740	17.00	865.00	163.09	38.00	120690.00
chr14	60631894	60632099	205	205	57.00	249.00	174.80	203.00	35834.00
chr1	11151549	11151654	105	105	77.00	120.00	89.63	82.00	9411.00
chr4	134076071	134076178	107	107	203.00	275.00	253.23	256.00	27096.00
chr15	91420364	91420441	77	77	168.00	191.00	178.18	177.00	13720.00
chr5	114961533	114961755	222	222	3.00	31.00	20.80	25.00	4617.00
chr16	1814047	1814211	164	164	13.00	601.00	265.30	384.50	43509.00
chr18	44250463	44252581	2118	2118	32.00	204.00	104.17	101.00	220624.00
chr6	158049380	158049518	138	138	45.00	65.00	57.38	59.00	7919.00
chr19	7675585	7675679	94	94	41.00	66.00	53.13	53.00	4994.00
chr13	99461604	99461719	115	115	6.00	217.00	157.83	154.00	18150.00
chr11	130010829	130011467	638	638	7.00	1912.00	219.47	25.00	140019.00
chr11	107526658	107526792	134	134	321.00	458.00	392.37	394.00	52577.00
chr16	1391294	1391490	196	196	163.00	250.00	187.31	184.00	36713.00
chr1	38182716	38184158	1442	1442	13.00	165.00	75.02	71.00	108182.00
chr5	179231023	179231323	300	300	5.00	20.00	11.49	10.00	3447.00
chr14	69814593	69814719	126	126	149.00	194.00	170.58	169.00	21493.00
chr14	69349174	69349309	135	135	210.00	299.00	246.36	247.00	33259.00
chr19	7614792	7614998	206	206	155.00	224.00	192.61	192.50	39678.00
chr1	228270375	228270466	91	91	4.00	1541.00	501.32	218.00	45620.00
chr1	38186022	38186315	293	293	13.00	48.00	31.42	34.00	9206.00
chr13	77641715	77641999	284	284	243.00	365.00	301.08	290.00	85507.00
chr14	100157417	100157498	81	81	138.00	249.00	180.21	159.00	14597.00
chr13	32978280	32979333	1053	1053	13.00	105.00	33.61	28.00	35387.00
chr12	7301567	7301794	227	227	550.00	863.00	735.46	736.00	166950.00
chr9	123583116	123583257	141	141	46.00	61.00	53.55	54.00	7550.00
chr17	26883183	26883284	101	101	78.00	148.00	102.40	93.00	10342.00
chr12	6972993	6973137	144	144	273.00	355.00	315.32	313.00	45406.00
chr20	34322310	34322637	327	327	6.00	21.00	12.32	12.00	4028.00
chr19	7606407	7606570	163	163	89.00	151.00	114.20	111.00	18615.00
chr16	2333186	2333373	187	187	10.00	382.00	288.40	305.00	53930.00
chr12	113825548	113825711	163	163	81.00	233.00	155.22	157.00	25301.00
chr7	4802013	4807749	5736	5736	9.00	201.00	49.62	41.00	284648.00
chr1	43394880	43394985	105	105	242.00	366.00	313.16	336.00	32882.00
chr19	4554399	4554488	89	89	376.00	553.00	484.85	511.00	43152.00
chr16	31719139	31719372	233	233	3.00	20.00	13.91	14.00	3242.00
chr5	134060669	134061744	1075	1075	10.00	37.00	23.60	24.00	25371.00
chr1	202936318	202936371	53	53	9.00	163.00	94.83	134.00	5026.00
chr2	220087366	220087615	249	249	186.00	249.00	215.18	214.00	53581.00
chr2	36764494	36764689	195	195	71.00	114.00	91.95	87.00	17931.00
chr7	43519208	43519343	135	135	122.00	188.00	155.65	152.00	21013.00
chr10	51249585	51249993	408	408	0.00	39.00	12.57	7.00	5129.00
chr6	32123647	32123755	108	108	134.00	179.00	147.94	144.50	15978.00
chr3	118624442	118624692	250	250	5.00	45.00	22.05	10.00	5513.00
chr1	190129797	190130020	223	223	36.00	61.00	45.10	44.00	10057.00
chr9	131004491	131004624	133	133	8.00	3031.00	2408.75	2774.00	320364.00
chr22	33679187	33679334	147	147	187.00	240.00	207.00	203.00	30429.00
chr15	74709931	74710016	85	85	110.00	218.00	147.29	127.00	12520.00
chr7	6470110	6470238	128	128	18.00	36.00	27.43	26.50	3511.00
chr1	6640600	6641359	759	759	14.00	57.00	30.62	29.00	23239.00
chr16	31510622	31510728	106	106	181.00	244.00	210.89	213.00	22354.00
chr4	103710287	103711803	1516	1516	9.00	50.00	26.84	26.00	40686.00
chr19	2862339	2862746	407	407	7.00	37.00	22.62	22.00	9207.00
chr2	15467873	15467994	121	121	45.00	65.00	55.81	55.00	6753.00
chr2	36780721	36781492	771	771	6.00	34.00	21.32	22.00	16436.00
chr10	81070680	81070941	261	261	30.00	97.00	51.52	44.00	13448.00
chr2	217234866	217235986	1120	1120	22.00	67.00	42.60	41.00	47715.00
chr10	93786348	93786508	160	160	42.00	85.00	60.12	60.00	9620.00
chr17	20268785	20269076	291	291	1.00	10.00	6.19	6.00	1802.00
chr9	131002006	131002062	56	56	8.00	3066.00	2750.34	2951.00	154019.00
chr1	155208307	155208441	134	134	162.00	250.00	212.88	220.00	28526.00
chr2	162833877	162834373	496	496	1.00	507.00	47.36	12.00	23491.00
chr9	35799614	35799728	114	114	32.00	42.00	37.63	38.00	4290.00
chr20	62517856	62519234	1378	1378	13.00	176.00	45.08	46.00	62124.00
chr22	35942847	35943127	280	280	49.00	232.00	156.95	167.50	43946.00
chr13	26436438	26436546	108	108	52.00	74.00	60.91	59.00	6578.00
chr14	69371371	69371453	82	82	131.00	251.00	193.33	190.00	15853.00
chr7	44031274	44031581	307	307	4.00	27.00	13.65	10.00	4192.00
chr11	12274988	12275291	303	303	9.00	58.00	34.64	37.00	10497.00
chr5	1334403	1334498	95	95	146.00	181.00	162.61	163.00	15448.00
chr19	34868639	34868786	147	147	1838.00	2498.00	2088.24	2074.00	306972.00
chr16	1815960	1816143	183	183	342.00	558.00	418.03	404.00	76500.00
chr10	73578787	73578868	81	81	2838.00	3891.00	3321.37	3326.00	269031.00
chr17	37420427	37420640	213	213	24.00	41.00	34.10	35.00	7263.00
chr5	60835422	60835586	164	164	20.00	27.00	23.61	23.00	3872.00
chr15	79296143	79296517	374	374	257.00	481.00	329.99	313.50	123418.00
chr19	13039568	13039661	93	93	627.00	926.00	787.22	826.00	73211.00
chr12	49421585	49421713	128	128	67.00	124.00	101.95	104.50	13049.00
chr1	1661057	1662583	1526	1526	8.00	221.00	74.24	53.00	113292.00
chr2	207457340	207457460	120	120	432.00	569.00	494.94	497.50	59393.00
chr11	64542462	64543441	979	979	2.00	30.00	17.69	18.00	17322.00
chr20	61910250	61910347	97	97	111.00	164.00	136.70	134.00	13260.00
chr11	62394042	62394156	114	114	204.00	263.00	229.94	227.00	26213.00
chr5	37301538	37301652	114	114	23.00	40.00	30.80	30.00	3511.00
chr16	4733843	4733933	90	90	151.00	184.00	167.64	167.00	15088.00
chr15	43693913	43694048	135	135	54.00	67.00	59.10	59.00	7979.00
chr11	18764538	18764622	84	84	219.00	272.00	248.01	253.50	20833.00
chr17	57842331	57842499	168	168	136.00	186.00	162.36	163.00	27276.00
chr9	96076729	96078064	1335	1335	10.00	39.00	25.41	26.00	33920.00
chr11	12246219	12246367	148	148	292.00	408.00	363.06	370.00	53733.00
chr12	7030743	7031565	822	822	12.00	4708.00	1694.36	37.50	1392765.00
chr3	14523178	14523349	171	171	27.00	41.00	33.14	34.00	5667.00
chr5	758508	759483	975	975	1.00	15.00	5.55	4.00	5408.00
chr12	22635490	22635677	187	187	40.00	68.00	56.02	58.00	10475.00
chr5	14479369	14479459	90	90	129.00	189.00	152.70	151.50	13743.00
chr6	143655214	143656079	865	865	3.00	18.00	8.58	9.00	7421.00
chr7	75508360	75508578	218	218	9.00	1066.00	768.12	888.00	167450.00
chr11	60697981	60698131	150	150	207.00	297.00	238.87	225.50	35831.00
chr1	151400598	151400889	291	291	54.00	140.00	91.52	99.00	26631.00
chr5	172196431	172197309	878	878	7.00	178.00	58.42	25.00	51296.00
chr3	49152660	49152794	134	134	61.00	87.00	70.92	70.00	9503.00
chr7	5518281	5519950	1669	1669	22.00	170.00	74.74	69.00	124746.00
chr17	16691106	16691449	343	343	0.00	43.00	16.67	19.00	5717.00
chr2	220086993	220087172	179	179	194.00	313.00	263.53	272.00	47172.00
chr10	51746916	51748006	1090	1090	3.00	146.00	46.77	31.00	50975.00
chr12	7302118	7302289	171	171	772.00	968.00	857.70	855.00	146667.00
chr11	59562844	59562955	111	111	39.00	67.00	53.16	56.00	5901.00
chr12	6100984	6101184	200	200	29.00	57.00	41.89	42.00	8378.00
chr19	5683274	5683627	353	353	14.00	45.00	28.68	30.00	10123.00
chr12	2786259	2786387	128	128	14.00	34.00	22.91	25.00	2932.00
chr15	26812727	26812880	153	153	186.00	306.00	223.41	201.00	34182.00
chr1	149007980	149008798	818	818	1.00	23.00	10.24	10.00	8373.00
chr19	54965608	54965861	253	253	89.00	212.00	131.50	121.00	33270.00
chr8	27293259	27293310	51	51	270.00	398.00	339.20	336.00	17299.00
chr15	23014437	23014528	91	91	125.00	198.00	163.99	168.00	14923.00
chr1	111717500	111717585	85	85	74.00	106.00	90.71	90.00	7710.00
chr6	150157220	150157433	213	213	178.00	266.00	230.06	235.00	49003.00
chr13	114566547	114566670	123	123	29.00	154.00	80.45	68.00	9895.00
chr16	58539291	58539605	314	314	3.00	52.00	35.40	38.00	11115.00
chr1	21936612	21936768	156	156	497.00	1299.00	816.56	820.50	127384.00
chr1	17322880	17322991	111	111	287.00	458.00	374.51	410.00	41571.00
chr11	60699455	60699599	144	144	258.00	398.00	307.44	283.50	44272.00
chr5	6749669	6749770	101	101	39.00	63.00	50.03	50.00	5053.00
chr16	2156805	2156949	144	144	83.00	237.00	143.25	131.00	20628.00
chr15	34690834	34690930	96	96	100.00	212.00	171.07	171.50	16423.00
chr3	11074933	11075425	492	492	11.00	535.00	107.26	19.00	52771.00
chr5	74655222	74655381	159	159	137.00	225.00	173.19	176.00	27537.00
chr20	20022968	20023160	192	192	62.00	123.00	83.74	73.00	16079.00
chr2	39055481	39055578	97	97	36.00	49.00	43.09	44.00	4180.00
chr19	16793231	16793528	297	297	13.00	358.00	104.79	21.00	31122.00
chr2	219205450	219205509	59	59	89.00	118.00	100.85	99.00	5950.00
chr17	74087429	74087729	300	300	11.00	31.00	21.59	21.00	6478.00
chr3	184058150	184060036	1886	1886	21.00	786.00	141.26	60.00	266411.00
chr6	90333128	90333263	135	135	74.00	96.00	86.46	88.00	11672.00
chr12	125267019	125267429	410	410	15.00	66.00	31.64	27.00	12974.00
chr1	207942580	207943104	524	524	12.00	79.00	52.72	55.00	27624.00
chr4	89356876	89357043	167	167	57.00	86.00	74.68	74.00	12472.00
chr7	101995498	101995736	238	238	20.00	82.00	39.94	28.00	9505.00
chr3	11067458	11067562	104	104	442.00	671.00	575.10	581.00	59810.00
chr5	95734582	95734740	158	158	117.00	159.00	140.91	143.00	22264.00
chr6	152529106	152529341	235	235	103.00	168.00	141.07	144.00	33152.00
chr5	102295578	102295763	185	185	160.00	233.00	203.11	207.00	37576.00
chr22	21072980	21073110	130	130	1023.00	1505.00	1273.53	1307.50	165559.00
chr12	121855306	121855714	408	408	63.00	209.00	113.20	108.00	46187.00
chr1	160326389	160326544	155	155	88.00	124.00	108.81	109.00	16866.00
chr11	60670930	60671007	77	77	373.00	413.00	390.08	390.00	30036.00
chr17	79804822	79804948	126	126	371.00	480.00	427.35	430.50	53846.00
chr16	18527204	18527332	128	128	557.00	772.00	683.53	697.00	87492.00
chr16	16372518	16372646	128	128	584.00	809.00	723.19	740.50	92568.00
chr2	32750530	32750695	165	165	31.00	61.00	42.22	41.00	6966.00
chr14	69369193	69369279	86	86	228.00	316.00	262.40	264.00	22566.00
chr7	66418212	66418356	144	144	145.00	213.00	176.01	175.00	25345.00
chr6	44107988	44108097	109	109	105.00	163.00	137.51	137.00	14989.00
chr7	70885893	70886091	198	198	300.00	690.00	454.77	391.50	90044.00
chr8	27295281	27295397	116	116	357.00	434.00	390.33	388.00	45278.00
chr7	73122918	73123018	100	100	1693.00	2024.00	1856.32	1846.50	185632.00
chr15	34698874	34699071	197	197	130.00	168.00	148.36	151.00	29227.00
chr8	22009343	22009513	170	170	227.00	447.00	322.85	318.00	54884.00
chr7	1526557	1526737	180	180	52.00	123.00	80.01	81.00	14401.00
chr5	178053946	178054065	119	119	5.00	150.00	69.73	54.00	8298.00
chr12	6103027	6103369	342	342	39.00	71.00	54.70	54.00	18706.00
chr2	3479491	3480482	991	991	10.00	62.00	24.35	18.00	24135.00
chr3	33883388	33883566	178	178	76.00	140.00	111.86	113.00	19911.00
chr19	11019778	11019883	105	105	187.00	257.00	222.43	231.00	23355.00
chr7	98446205	98446318	113	113	1425.00	3116.00	2306.41	2136.00	260624.00
chr8	106813274	106813932	658	658	10.00	44.00	23.00	22.00	15137.00
chr2	223795338	223795530	192	192	342.00	560.00	423.93	400.50	81394.00
chr7	75511146	75511554	408	408	649.00	1342.00	979.71	1000.50	399721.00
chr21	40184926	40185038	112	112	119.00	221.00	178.36	200.00	19976.00
chr19	53383575	53385236	1661	1661	10.00	40.00	25.26	26.00	41962.00
chr19	14208130	14208295	165	165	5.00	583.00	388.47	493.00	64098.00
chr15	91461013	91461618	605	605	14.00	342.00	115.96	26.00	70155.00
chr8	145278010	145278133	123	123	45.00	63.00	55.80	55.00	6864.00
chr16	28132990	28133083	93	93	100.00	213.00	153.85	151.00	14308.00
chr11	125280091	125280221	130	130	114.00	151.00	130.69	131.00	16990.00
chr15	63128089	63128317	228	228	42.00	229.00	168.39	195.00	38392.00
chr9	131181435	131181557	122	122	2.00	252.00	204.61	215.00	24962.00
chr19	3281196	3281343	147	147	211.00	360.00	295.59	312.00	43451.00
chr11	6240200	6240280	80	80	40.00	53.00	47.33	48.00	3786.00
chr20	31019123	31019287	164	164	22.00	36.00	30.29	31.00	4968.00
chr6	46825865	46827260	1395	1395	35.00	112.00	71.29	71.00	99455.00
chr12	1672006	1672666	660	660	19.00	77.00	36.75	31.00	24254.00
chr12	9098824	9099001	177	177	191.00	276.00	236.29	233.00	41823.00
chr7	121738503	121738630	127	127	9.00	20.00	14.71	15.00	1868.00
chr19	40875814	40875935	121	121	1115.00	1435.00	1274.82	1277.00	154253.00
chr20	3581592	3581671	79	79	81.00	120.00	103.29	106.00	8160.00
chr17	7226965	7227042	77	77	69.00	88.00	79.21	79.00	6099.00
chr2	74331800	74332809	1009	1009	11.00	49.00	28.13	29.00	28386.00
chr1	209785136	209785610	474	474	11.00	343.00	247.93	274.00	117518.00
chr9	35546426	35548532	2106	2106	117.00	305.00	176.37	172.00	371428.00
chr17	80040198	80040290	92	92	273.00	339.00	303.25	304.50	27899.00
chr11	73074791	73075284	493	493	22.00	250.00	89.77	30.00	44255.00
chr20	44674976	44675075	99	99	312.00	385.00	358.70	360.00	35511.00
chr20	5892091	5892328	237	237	36.00	368.00	229.87	280.00	54480.00
chr17	20316581	20317594	1013	1013	2.00	19.00	8.34	8.00	8447.00
chr12	99478702	99478801	99	99	113.00	142.00	131.04	132.00	12973.00
chr17	40842756	40842960	204	204	378.00	599.00	492.87	487.50	100545.00
chr11	107501142	107501288	146	146	239.00	336.00	290.49	293.50	42411.00
chr11	85429236	85429532	296	296	2.00	29.00	12.59	10.00	3726.00
chr20	9449217	9449319	102	102	41.00	60.00	51.93	51.50	5297.00
chr14	23371395	23371591	196	196	121.00	174.00	152.65	154.00	29920.00
chr7	716865	716957	92	92	1805.00	2344.00	2202.29	2208.00	202611.00
chr10	48862360	48862682	322	322	1.00	286.00	168.44	216.00	54238.00
chr10	68686678	68688210	1532	1532	21.00	128.00	56.80	49.00	87023.00
chr5	179674854	179674926	72	72	261.00	357.00	302.28	312.50	21764.00
chr1	209773327	209773456	129	129	210.00	286.00	253.44	261.00	32694.00
chr17	45691034	45691091	57	57	358.00	433.00	395.61	399.00	22550.00
chr1	19669871	19670118	247	247	12.00	23.00	16.25	16.00	4013.00
chr17	45664025	45664710	685	685	12.00	303.00	73.03	50.00	50023.00
chr19	2337634	2338840	1206	1206	8.00	83.00	30.91	30.00	37273.00
chr8	22011480	22011552	72	72	326.00	414.00	377.01	379.00	27145.00
