#chrom	start	end	size	num_data	min	max	mean	median	sum
chr12	1940100	1940691	591	591	77.00	145.00	108.91	104.00	64363.00
chr1	27480473	27481381	908	908	22.00	90.00	54.14	51.00	49155.00
chr15	63112684	63112809	125	125	367.00	520.00	472.82	486.00	59102.00
chr5	149231737	149232254	517	517	5.00	24.00	15.92	16.00	8232.00
chr5	140865429	140867182	1753	1753	91.00	239.00	154.41	152.00	270683.00
chr1	32209793	32209958	165	165	462.00	726.00	583.49	561.00	96276.00
chr16	87873307	87873431	124	124	245.00	310.00	275.62	277.00	34177.00
chr17	34157438	34158175	737	737	6.00	26.00	15.30	16.00	11274.00
chr2	127815619	127816088	469	469	16.00	112.00	57.83	60.00	27122.00
chr1	208212965	208213112	147	147	99.00	127.00	111.80	111.00	16434.00
chr22	19703883	19704666	783	783	13.00	114.00	74.02	72.00	57959.00
chr16	87872319	87872423	104	104	252.00	350.00	306.36	309.50	31861.00
chr9	140055740	140055868	128	128	2855.00	3570.00	3256.44	3269.50	416824.00
chr22	21096515	21096643	128	128	419.00	503.00	454.66	453.50	58196.00
chr9	140056321	140056540	219	219	0.00	3795.00	2385.33	2803.00	522388.00
chr11	78379981	78380253	272	272	38.00	86.00	54.39	53.00	14793.00
chr3	11070420	11070533	113	113	880.00	1048.00	954.29	947.00	107835.00
chr1	109812554	109813222	668	668	6.00	878.00	353.74	407.50	236299.00
chr2	220161954	220162155	201	201	1010.00	1502.00	1299.31	1302.00	261161.00
chr15	74706887	74707086	199	199	118.00	237.00	147.98	137.00	29449.00
chr17	7318829	7319426	597	597	415.00	1091.00	702.26	736.00	419252.00
chr1	21560050	21560154	104	104	77.00	96.00	87.37	88.00	9086.00
chr1	25573799	25573952	153	153	13.00	582.00	355.14	417.00	54336.00
chr14	93198993	93199160	167	167	278.00	373.00	322.31	322.00	53826.00
chr1	205554003	205554119	116	116	343.00	559.00	425.39	398.50	49345.00
chr1	9795005	9795232	227	227	3047.00	4605.00	3846.07	3900.00	873058.00
chr17	42426525	42426670	145	145	138.00	230.00	178.33	167.00	25858.00
chr18	70205887	70206179	292	292	8.00	594.00	223.77	20.00	65340.00
chr1	205553082	205553251	169	169	459.00	625.00	532.73	529.00	90031.00
chr9	140056623	140056766	143	143	4.00	3150.00	2038.98	2341.00	291574.00
chr6	33412147	33412394	247	247	20.00	2837.00	1523.63	2041.00	376337.00
chr12	89992366	89992547	181	181	6.00	858.00	674.54	803.00	122091.00
chr2	220088827	220089576	749	749	119.00	315.00	218.83	212.00	163905.00
chr14	100763073	100765222	2149	2149	19.00	142.00	63.91	64.00	137346.00
chr1	110740697	110742543	1846	1846	20.00	1262.00	790.77	803.50	1459757.00
chr1	149878201	149879758	1557	1557	7.00	2300.00	484.99	27.00	755132.00
chr3	197264139	197265259	1120	1120	5.00	41.00	14.82	13.00	16598.00
chr8	56449623	56450530	907	907	69.00	194.00	140.47	145.00	127407.00
chr9	139354208	139354326	118	118	79.00	112.00	90.97	90.00	10735.00
chr1	32204908	32205236	328	328	832.00	1152.00	979.36	974.50	321229.00
chr7	75608768	75608897	129	129	278.00	351.00	311.53	306.00	40188.00
chr19	45161029	45161178	149	149	84.00	118.00	96.38	96.00	14360.00
chr19	5243911	5244493	582	582	264.00	548.00	402.34	401.00	234161.00
chr6	32119585	32119717	132	132	39.00	1855.00	960.36	1028.50	126768.00
chr3	42670878	42672067	1189	1189	6.00	49.00	22.38	22.00	26609.00
chr11	45892392	45892485	93	93	420.00	536.00	476.23	465.00	44289.00
chr17	80040789	80040991	202	202	727.00	1167.00	926.73	929.00	187200.00
chr2	74902875	74903036	161	161	144.00	184.00	165.89	167.00	26708.00
chr17	38335969	38337946	1977	1977	7.00	432.00	52.31	36.00	103411.00
chr16	87870103	87870253	150	150	226.00	362.00	270.41	252.00	40561.00
chr1	32205947	32206142	195	195	887.00	1241.00	1067.64	1083.00	208189.00
chr6	44117553	44117702	149	149	8.00	1175.00	701.19	839.00	104478.00
chr1	159163659	159163830	171	171	2433.00	3228.00	2893.20	2906.00	494738.00
chr3	445565	446023	458	458	3.00	13.00	7.63	8.00	3496.00
chr2	25048913	25048995	82	82	177.00	217.00	197.33	199.00	16181.00
chr10	99504485	99504672	187	187	104.00	182.00	146.86	155.00	27462.00
chr4	54364807	54365010	203	203	218.00	382.00	295.13	281.00	59912.00
chr17	1634367	1634552	185	185	31.00	45.00	37.44	38.00	6927.00
chr7	72416124	72416247	123	123	88.00	213.00	163.00	160.00	20049.00
chr1	208212169	208212329	160	160	109.00	139.00	129.29	132.00	20687.00
chr9	140952500	140952702	202	202	155.00	242.00	203.57	202.00	41121.00
chr6	44197325	44197528	203	203	107.00	176.00	144.14	147.00	29260.00
chr6	44197643	44198218	575	575	22.00	133.00	64.63	46.00	37163.00
chr11	118981972	118982084	112	112	481.00	574.00	527.41	531.00	59070.00
chr5	150503846	150503952	106	106	11.00	2526.00	1792.84	2242.00	190041.00
chr11	118981761	118981878	117	117	484.00	686.00	598.28	595.00	69999.00
chr11	126314873	126315000	127	127	231.00	309.00	263.97	255.00	33524.00
chr1	159165808	159166244	436	436	7.00	2912.00	542.09	17.00	236352.00
chr7	134893542	134893750	208	208	39.00	57.00	47.86	48.00	9954.00
chr9	121976196	121976433	237	237	607.00	1170.00	863.12	873.00	204560.00
chr19	54691042	54691169	127	127	471.00	797.00	612.02	580.00	77727.00
chr22	38621430	38621600	170	170	358.00	611.00	484.84	502.00	82423.00
chr13	42035681	42036205	524	524	11.00	36.00	24.21	26.00	12685.00
chr20	1915360	1915413	53	53	8.00	1772.00	1172.81	1407.00	62159.00
chr5	14496987	14497126	139	139	500.00	753.00	597.17	556.00	83007.00
chr12	56528125	56528212	87	87	51.00	68.00	60.71	61.00	5282.00
chr3	47466974	47467101	127	127	178.00	225.00	205.98	205.00	26160.00
chr17	7415476	7415663	187	187	134.00	227.00	184.05	184.00	34417.00
chr3	33588037	33589252	1215	1215	11.00	39.00	25.71	26.00	31236.00
chr7	887833	888615	782	782	21.00	127.00	55.82	47.00	43652.00
chr10	24813251	24813693	442	442	39.00	131.00	84.69	99.00	37433.00
chr1	109812045	109812213	168	168	420.00	670.00	522.17	487.00	87724.00
chr19	15276597	15276902	305	305	114.00	172.00	140.19	142.00	42758.00
chr16	2334779	2334999	220	220	433.00	569.00	507.50	513.00	111651.00
chr16	68404761	68405261	500	500	166.00	375.00	263.86	266.00	131932.00
chr4	110969111	110969871	760	760	33.00	108.00	64.28	59.00	48850.00
chr1	145693161	145693996	835	835	9.00	83.00	47.20	45.00	39416.00
chr7	44282848	44282932	84	84	1377.00	1684.00	1524.70	1539.50	128075.00
chr2	220164315	220164508	193	193	17.00	1078.00	460.03	27.00	88785.00
chr12	50472203	50472360	157	157	288.00	379.00	336.86	340.00	52887.00
chr2	220163768	220163833	65	65	1007.00	1350.00	1217.72	1247.00	79152.00
chr2	222289928	222290862	934	934	286.00	488.00	397.40	396.00	371169.00
chr12	57599133	57599268	135	135	386.00	607.00	464.07	460.00	62649.00
chr7	157475416	157475629	213	213	549.00	883.00	709.85	670.00	151197.00
chr1	32203800	32203927	127	127	637.00	1627.00	1068.76	1099.00	135732.00
chr1	109811731	109811912	181	181	442.00	728.00	588.76	595.00	106566.00
chr9	140052830	140052975	145	145	1823.00	4768.00	3234.77	3636.00	469041.00
chr2	220161706	220161854	148	148	1023.00	1900.00	1422.55	1372.00	210538.00
chr16	29896906	29897070	164	164	729.00	1193.00	1051.40	1081.50	172429.00
chr16	47143393	47143622	229	229	342.00	501.00	423.51	427.00	96983.00
chr11	993753	993985	232	232	408.00	814.00	641.29	627.00	148780.00
chr9	124059698	124061137	1439	1439	0.00	11.00	3.49	3.00	5023.00
chr9	140350140	140350634	494	494	22.00	108.00	69.86	71.00	34513.00
chr11	14504577	14504697	120	120	111.00	157.00	136.47	139.00	16377.00
chr3	49898612	49898733	121	121	1257.00	2144.00	1760.78	1779.00	213054.00
chr9	131811659	131811777	118	118	76.00	115.00	91.30	86.00	10773.00
chr9	131810705	131810818	113	113	90.00	123.00	107.19	107.00	12112.00
chr1	223400935	223401080	145	145	175.00	243.00	206.01	200.00	29872.00
chr12	125612185	125612820	635	635	5.00	247.00	47.95	12.00	30447.00
chr2	220088590	220088744	154	154	226.00	291.00	269.29	269.00	41471.00
chr9	70888487	70888750	263	263	7.00	27.00	17.33	17.00	4559.00
chr14	69813756	69813898	142	142	135.00	177.00	149.51	146.00	21230.00
chr2	47399145	47399890	745	745	15.00	769.00	86.33	61.00	64314.00
chr11	62688689	62689041	352	352	43.00	530.00	188.50	106.00	66351.00
chr6	43745205	43745407	202	202	6.00	188.00	161.71	165.50	32666.00
chr3	11072492	11072997	505	505	6.00	1180.00	256.62	59.00	129592.00
chr7	2696031	2696168	137	137	786.00	1116.00	983.34	1023.00	134717.00
chr16	14969196	14969279	83	83	455.00	735.00	596.84	615.00	49538.00
chr17	7377847	7378026	179	179	3.00	12.00	9.08	10.00	1625.00
chr12	65639640	65639719	79	79	95.00	167.00	126.92	120.00	10027.00
chr12	50294912	50295108	196	196	1229.00	2582.00	1568.64	1454.00	307454.00
chr19	42485653	42485788	135	135	2988.00	4597.00	3835.20	3945.00	517752.00
chr10	99509230	99509343	113	113	173.00	310.00	233.20	233.00	26352.00
chr22	38883877	38888120	4243	4243	61.00	1224.00	310.84	267.00	1318888.00
chr12	49416372	49416658	286	286	117.00	230.00	162.11	154.00	46364.00
chr6	24843089	24843782	693	693	128.00	256.00	182.09	172.00	126186.00
chr5	176295561	176295665	104	104	313.00	436.00	355.98	346.50	37022.00
chr10	99510087	99510227	140	140	245.00	333.00	282.18	272.50	39505.00
chr1	159173658	159174770	1112	1112	44.00	318.00	111.27	91.00	123734.00
chr11	1780745	1780869	124	124	1168.00	1673.00	1452.22	1518.00	180075.00
chr19	42486059	42486258	199	199	2468.00	4470.00	3461.17	3551.00	688772.00
chr3	47465422	47465535	113	113	213.00	282.00	242.12	247.00	27360.00
chr1	21573713	21573856	143	143	68.00	117.00	89.16	87.00	12750.00
chr11	65320330	65320453	123	123	89.00	140.00	109.33	106.00	13448.00
chr3	47462420	47462519	99	99	247.00	398.00	331.51	348.00	32819.00
chr2	219204751	219204864	113	113	50.00	70.00	62.17	64.00	7025.00
chr1	43906123	43906257	134	134	10.00	39.00	23.16	24.00	3103.00
chr7	38785158	38785840	682	682	14.00	470.00	61.20	28.50	41740.00
chr2	153499932	153500058	126	126	132.00	255.00	213.42	234.50	26891.00
chr1	32203011	32203132	121	121	9.00	1252.00	903.36	1030.00	109307.00
chr22	42290823	42290941	118	118	559.00	1023.00	857.66	866.00	101204.00
chr19	47940718	47940818	100	100	900.00	1581.00	1328.67	1380.50	132867.00
chr4	119539150	119539274	124	124	12.00	28.00	22.49	25.00	2789.00
chr17	44117067	44117250	183	183	116.00	151.00	130.94	130.00	23962.00
chr19	42485873	42485983	110	110	2533.00	3514.00	3062.89	2991.00	336918.00
chr6	44114583	44114664	81	81	311.00	439.00	394.10	406.00	31922.00
chr19	47941105	47941292	187	187	9.00	1733.00	938.04	1265.00	175414.00
chr11	73074250	73074500	250	250	144.00	197.00	169.32	171.00	42329.00
chr3	33418764	33418825	61	61	473.00	572.00	517.93	511.00	31594.00
chr1	700258	700505	247	247	18.00	69.00	50.35	50.00	12436.00
chr9	74319510	74319719	209	209	39.00	71.00	51.73	47.00	10811.00
chr16	2336694	2336968	274	274	317.00	1051.00	660.39	655.50	180948.00
chr20	3575125	3575219	94	94	182.00	241.00	208.63	205.50	19611.00
chr9	139231377	139231529	152	152	319.00	395.00	357.43	358.00	54329.00
chr5	140515951	140516498	547	547	18.00	54.00	36.65	37.00	20047.00
chr1	21938208	21938309	101	101	653.00	796.00	735.44	741.00	74279.00
chr3	155659188	155659936	748	748	13.00	103.00	72.20	78.00	54002.00
chr16	27483068	27483241	173	173	157.00	215.00	191.03	193.00	33049.00
chr11	994071	994245	174	174	181.00	478.00	381.52	410.50	66384.00
chr7	71175745	71175913	168	168	515.00	758.00	636.68	661.50	106963.00
chr12	121204065	121204175	110	110	300.00	420.00	369.12	376.00	40603.00
chr7	73118679	73118753	74	74	2412.00	2971.00	2720.51	2748.00	201318.00
chr9	140972565	140972710	145	145	188.00	275.00	222.59	220.00	32276.00
chr12	121683329	121684024	695	695	6.00	40.00	19.87	19.00	13813.00
chr16	74493579	74493687	108	108	220.00	269.00	248.72	249.50	26862.00
chr2	36771518	36771641	123	123	228.00	322.00	268.59	271.00	33037.00
chr7	94187181	94187996	815	815	7.00	45.00	29.34	32.00	23910.00
chr14	94156951	94157239	288	288	3.00	20.00	10.67	10.00	3072.00
chr7	121739000	121739524	524	524	5.00	24.00	14.12	14.00	7398.00
chr1	19549117	19549328	211	211	139.00	264.00	178.31	168.00	37623.00
chr19	5214571	5214747	176	176	563.00	1053.00	686.43	648.00	120811.00
chr19	42557753	42557861	108	108	484.00	560.00	521.27	522.00	56297.00
chr15	102510686	102510925	239	239	0.00	59.00	29.29	29.00	7000.00
chr5	167673761	167675376	1615	1615	84.00	232.00	138.69	127.00	223989.00
chr7	44282158	44282253	95	95	1471.00	2335.00	1870.19	1769.00	177668.00
chr2	160621061	160621717	656	656	14.00	233.00	39.76	27.50	26084.00
chr5	10426501	10426634	133	133	373.00	597.00	525.39	558.00	69877.00
chr16	1814301	1814460	159	159	631.00	824.00	719.12	706.00	114340.00
chr11	21581734	21581928	194	194	171.00	302.00	221.39	207.00	42949.00
chr3	126749085	126749255	170	170	399.00	594.00	483.43	471.00	82183.00
chr11	12237765	12237866	101	101	423.00	518.00	466.04	458.00	47070.00
chr6	31750872	31750963	91	91	145.00	185.00	168.97	171.00	15376.00
chr3	53124201	53124398	197	197	24.00	53.00	37.94	38.00	7474.00
chr2	220161470	220161544	74	74	1444.00	1874.00	1715.46	1762.00	126944.00
chr2	128951046	128951785	739	739	36.00	209.00	98.07	92.00	72476.00
chr5	24535811	24535931	120	120	255.00	334.00	291.61	291.00	34993.00
chr1	44083406	44083582	176	176	462.00	702.00	575.34	582.50	101259.00
chr1	32207653	32207818	165	165	615.00	1049.00	742.28	690.00	122477.00
chr12	7293754	7294000	246	246	16.00	1422.00	859.28	1245.00	211384.00
chr3	131442289	131442469	180	180	137.00	179.00	155.51	154.50	27992.00
chr3	49898871	49899298	427	427	146.00	2615.00	1151.97	1491.00	491891.00
chr16	66432358	66432464	106	106	36.00	50.00	44.10	44.00	4675.00
chr1	20982593	20982680	87	87	443.00	668.00	528.82	495.00	46007.00
chr16	68398653	68398809	156	156	253.00	326.00	284.62	280.00	44401.00
chr17	16676818	16678279	1461	1461	8.00	50.00	26.68	26.00	38984.00
chr1	109814899	109815027	128	128	511.00	717.00	605.19	587.50	77464.00
chr1	21940478	21940582	104	104	838.00	1160.00	1025.22	1082.50	106623.00
chr20	57468284	57468793	509	509	7.00	24.00	13.97	12.00	7112.00
chr3	127358087	127358366	279	279	529.00	1216.00	940.19	968.00	262313.00
chr3	126735359	126735527	168	168	273.00	366.00	321.35	322.00	53986.00
chr10	103869140	103869264	124	124	493.00	575.00	535.98	534.00	66461.00
chr20	44520554	44520666	112	112	181.00	253.00	212.18	209.00	23764.00
chr1	32203252	32203356	104	104	670.00	1027.00	851.58	891.50	88564.00
chr21	40186196	40186316	120	120	122.00	165.00	148.58	151.00	17830.00
chr5	111067153	111068349	1196	1196	15.00	107.00	51.87	52.00	62031.00
chr9	128002954	128003186	232	232	570.00	950.00	738.95	754.50	171436.00
chr1	43408896	43408992	96	96	257.00	340.00	299.07	307.00	28711.00
chr3	47463931	47464026	95	95	258.00	306.00	282.46	283.00	26834.00
chr2	220161160	220161238	78	78	1305.00	1574.00	1421.35	1408.00	110865.00
chr11	62472772	62473089	317	317	1576.00	2853.00	2055.60	1887.00	651624.00
chr9	130986341	130986906	565	565	25.00	869.00	241.41	60.00	136399.00
chr14	69358769	69359000	231	231	251.00	340.00	282.71	276.00	65305.00
chr11	64416205	64416379	174	174	699.00	1096.00	919.76	957.00	160039.00
chr17	8398454	8398559	105	105	505.00	655.00	597.81	606.00	62770.00
chr12	53572943	53574193	1250	1250	22.00	105.00	57.69	57.00	72112.00
chr17	17696544	17701827	5283	5283	41.00	229.00	104.90	99.00	554184.00
chr8	11705187	11705331	144	144	1772.00	2462.00	2252.83	2270.50	324407.00
chr19	54963829	54963931	102	102	217.00	347.00	259.63	244.00	26482.00
chr2	70451682	70456295	4613	4613	9.00	282.00	46.16	38.00	212931.00
chr11	118873959	118874169	210	210	13.00	27.00	20.48	20.00	4301.00
chr10	75548427	75548581	154	154	74.00	135.00	104.18	110.00	16043.00
chr6	33414351	33414563	212	212	1565.00	2762.00	2364.21	2453.50	501212.00
chr17	80042910	80043032	122	122	358.00	413.00	380.93	378.00	46474.00
chr11	11470290	11470483	193	193	145.00	218.00	168.61	167.00	32541.00
chr8	23294446	23294771	325	325	143.00	224.00	186.28	186.00	60542.00
chr1	116932060	116932663	603	603	4.00	3272.00	1088.13	24.00	656142.00
chr15	83222627	83222741	114	114	29.00	47.00	40.17	42.00	4579.00
chr3	9841562	9841751	189	189	40.00	84.00	62.34	64.00	11782.00
chr1	116937731	116937907	176	176	2045.00	3838.00	2460.63	2299.00	433071.00
chr16	87868019	87868197	178	178	180.00	258.00	220.90	221.50	39320.00
chr3	124209540	124209731	191	191	762.00	1060.00	892.66	885.00	170499.00
chr7	71142195	71142291	96	96	596.00	706.00	642.69	643.00	61698.00
chr5	130497324	130497584	260	260	7.00	24.00	18.14	20.00	4716.00
chr13	100199238	100199358	120	120	429.00	670.00	524.37	492.00	62924.00
chr5	139943336	139943506	170	170	19.00	301.00	262.00	277.00	44540.00
chr17	74395529	74396002	473	473	167.00	308.00	254.55	259.00	120400.00
chr14	93179149	93179216	67	67	288.00	329.00	310.09	310.00	20776.00
chr4	160277004	160277310	306	306	78.00	420.00	226.57	230.00	69330.00
chr17	40666306	40666478	172	172	887.00	1380.00	1128.78	1076.00	194150.00
chr15	34828065	34828207	142	142	15.00	233.00	159.09	168.50	22591.00
chr14	100165802	100165876	74	74	622.00	797.00	708.46	722.00	52426.00
chr22	20128089	20128231	142	142	24.00	400.00	230.65	318.00	32753.00
chr12	3392210	3394421	2211	2211	8.00	171.00	79.00	73.00	174661.00
chr17	16687866	16690667	2801	2801	3.00	73.00	16.85	13.00	47194.00
chr6	31664724	31664810	86	86	227.00	328.00	265.47	254.50	22830.00
chr6	30627512	30627611	99	99	53.00	70.00	61.10	61.00	6049.00
chr11	18752834	18755060	2226	2226	7.00	645.00	80.75	40.00	179739.00
chr12	109332602	109332731	129	129	541.00	712.00	613.51	617.00	79143.00
chr6	90072884	90073110	226	226	21.00	48.00	37.58	38.00	8493.00
chr16	2689371	2689711	340	340	0.00	1.00	0.29	0.00	100.00
chr1	20987373	20987484	111	111	416.00	537.00	496.67	504.00	55130.00
chr14	85985300	85986667	1367	1367	5.00	26.00	15.66	16.00	21407.00
chr13	32863769	32863880	111	111	235.00	278.00	260.03	262.00	28863.00
chr16	1510418	1510528	110	110	141.00	182.00	159.78	159.00	17576.00
chr19	54963269	54963444	175	175	322.00	426.00	364.68	359.00	63819.00
chr6	44224078	44224233	155	155	101.00	132.00	116.85	118.00	18112.00
chr20	3151172	3152285	1113	1113	7.00	44.00	23.15	23.00	25770.00
chr1	892273	892405	132	132	198.00	364.00	242.56	236.00	32018.00
chr16	90192167	90192724	557	557	2.00	26.00	13.53	12.00	7534.00
chr9	111663704	111663810	106	106	107.00	134.00	119.66	121.00	12684.00
chr6	44108764	44108835	71	71	414.00	561.00	482.76	484.00	34276.00
chr1	36028802	36029027	225	225	2191.00	3276.00	2607.66	2437.00	586723.00
chr11	66807259	66807674	415	415	1.00	63.00	49.61	53.00	20587.00
chr1	178426817	178427679	862	862	46.00	110.00	74.71	74.00	64400.00
chr19	42482302	42482478	176	176	3248.00	5115.00	3776.10	3653.50	664594.00
chr1	44084718	44084873	155	155	330.00	932.00	591.57	551.00	91693.00
chr1	109812315	109812442	127	127	375.00	538.00	467.70	474.00	59398.00
chr3	180324268	180324391	123	123	100.00	127.00	114.10	115.00	14034.00
chr15	63933668	63933842	174	174	108.00	264.00	185.33	179.50	32248.00
chr20	44521363	44521519	156	156	251.00	346.00	298.83	297.50	46617.00
chr3	33416779	33416910	131	131	260.00	493.00	374.27	388.00	49029.00
chr1	21934624	21934843	219	219	4.00	980.00	480.84	666.00	105303.00
chr14	69799801	69799886	85	85	106.00	162.00	138.29	140.00	11755.00
chr1	116936134	116936345	211	211	4.00	2741.00	2276.45	2467.00	480331.00
chr14	23634493	23634645	152	152	49.00	83.00	69.57	72.00	10574.00
chr16	1402538	1402947	409	409	4.00	31.00	22.73	24.00	9297.00
chr9	20331	25000	4669	4669	0.00	207.00	67.87	66.00	316872.00
chr17	43545574	43545959	385	385	19.00	56.00	32.19	30.00	12395.00
chr13	100201418	100201476	58	58	437.00	485.00	456.00	455.00	26448.00
chr15	41865505	41865665	160	160	274.00	681.00	452.17	441.50	72347.00
chr19	19641688	19642196	508	508	10.00	39.00	27.14	29.00	13787.00
chr11	134147593	134148159	566	566	24.00	75.00	45.32	45.00	25649.00
chr2	71656420	71657290	870	870	3.00	25.00	11.33	10.00	9859.00
chr7	97834775	97835016	241	241	294.00	461.00	368.99	360.00	88926.00
chr19	13363804	13363915	111	111	226.00	281.00	256.41	257.00	28461.00
chr18	31328383	31329011	628	628	28.00	88.00	57.34	60.00	36007.00
chr16	66431884	66432009	125	125	24.00	40.00	31.53	32.00	3941.00
chr19	47935155	47935702	547	547	9.00	2594.00	912.16	980.00	498953.00
chr12	50291769	50291873	104	104	879.00	1370.00	1009.89	946.50	105029.00
chr11	1780198	1780317	119	119	783.00	1424.00	993.94	970.00	118279.00
chr15	65392626	65393167	541	541	9.00	26.00	15.91	14.00	8607.00
chr2	86397871	86397967	96	96	199.00	269.00	243.66	256.00	23391.00
chr7	97866087	97866233	146	146	182.00	275.00	233.23	243.00	34051.00
chr11	60687157	60687402	245	245	101.00	182.00	137.59	135.00	33709.00
chr21	43307700	43309453	1753	1753	3.00	29.00	16.14	16.00	28299.00
chr14	24619269	24619657	388	388	52.00	102.00	74.45	73.00	28887.00
chr11	65320634	65320727	93	93	86.00	108.00	96.00	93.00	8928.00
chr16	29891184	29891385	201	201	971.00	1289.00	1123.40	1094.00	225804.00
chr1	32207224	32207326	102	102	1216.00	1593.00	1417.08	1436.00	144542.00
chr11	72300218	72300394	176	176	8.00	953.00	314.97	11.00	55434.00
chr17	7608878	7609038	160	160	82.00	371.00	245.62	259.00	39299.00
chr19	7607646	7607814	168	168	164.00	276.00	217.49	234.50	36539.00
chr19	54966129	54966271	142	142	121.00	268.00	215.29	232.50	30571.00
chr12	57995027	57995131	104	104	98.00	128.00	115.94	116.50	12058.00
chr1	27428875	27429049	174	174	69.00	113.00	88.39	91.00	15379.00
chr2	27688277	27688385	108	108	68.00	104.00	87.55	90.00	9455.00
chr16	2691449	2692254	805	805	0.00	19.00	2.67	0.00	2147.00
chr9	131503813	131503933	120	120	420.00	492.00	450.43	448.50	54051.00
chr16	2347766	2347922	156	156	381.00	593.00	487.38	484.50	76032.00
chr17	80039884	80040036	152	152	592.00	781.00	701.47	711.00	106624.00
chr1	32204432	32204538	106	106	916.00	1533.00	1196.74	1160.00	126854.00
chr12	9242951	9243078	127	127	168.00	201.00	184.76	185.00	23465.00
chr3	49702661	49702751	90	90	245.00	331.00	293.67	295.00	26430.00
chr19	35820359	35820837	478	478	0.00	1.00	0.21	0.00	100.00
chr1	201456762	201457615	853	853	7.00	24.00	16.38	16.00	13971.00
chr16	2334279	2334438	159	159	346.00	544.00	456.50	458.00	72584.00
chr10	73578373	73578481	108	108	3195.00	3957.00	3559.00	3544.00	384372.00
chr16	18530550	18530756	206	206	10.00	564.00	246.14	311.00	50705.00
chr16	16369094	16369300	206	206	11.00	593.00	252.90	320.50	52097.00
chr13	113975636	113975785	149	149	28.00	673.00	300.32	34.00	44748.00
chr11	119293822	119294227	405	405	19.00	7586.00	647.16	46.00	262100.00
chr5	150505962	150506041	79	79	1339.00	2177.00	1793.96	1789.00	141723.00
chr22	44224939	44225078	139	139	1203.00	1531.00	1339.26	1322.00	186157.00
chr15	41865199	41865309	110	110	351.00	450.00	400.85	406.50	44094.00
chr17	25633807	25636298	2491	2491	30.00	723.00	243.82	219.00	607352.00
chr15	72495155	72495529	374	374	16.00	2279.00	910.05	29.00	340357.00
chr9	42540272	42542124	1852	1852	0.00	25.00	12.31	11.00	22803.00
chr11	119290760	119291704	944	944	4.00	10065.00	2344.29	23.50	2213009.00
chr19	5219949	5220165	216	216	409.00	661.00	511.01	503.00	110379.00
chr15	63910769	63911153	384	384	2.00	31.00	13.36	11.00	5129.00
chr17	74393879	74393969	90	90	245.00	323.00	280.32	283.00	25229.00
chr10	104129467	104129532	65	65	164.00	196.00	179.06	179.00	11639.00
chr3	142454224	142454620	396	396	4.00	22.00	12.61	14.00	4992.00
chr12	121205196	121205396	200	200	359.00	434.00	389.77	385.00	77955.00
chr3	31705570	31705724	154	154	43.00	69.00	54.34	52.00	8368.00
chr6	118635190	118636593	1403	1403	48.00	387.00	232.45	230.00	326121.00
chr8	10339867	10340829	962	962	17.00	84.00	48.04	43.00	46214.00
chr19	16952578	16952779	201	201	210.00	365.00	300.10	299.00	60320.00
chr8	110984486	110985016	530	530	214.00	482.00	339.91	330.00	180152.00
chr9	128001219	128001610	391	391	646.00	1708.00	1166.86	1225.00	456244.00
chr11	73070878	73070997	119	119	133.00	185.00	161.60	165.00	19230.00
chr10	104130140	104130235	95	95	170.00	217.00	196.46	197.00	18664.00
chr5	95733039	95733173	134	134	167.00	236.00	197.49	197.00	26463.00
chr19	59059400	59059547	147	147	472.00	636.00	558.84	546.00	82149.00
chr5	139943169	139943255	86	86	23.00	219.00	177.35	196.00	15252.00
chr17	73487771	73487981	210	210	145.00	275.00	185.31	175.50	38916.00
chr1	154315588	154315777	189	189	48.00	80.00	61.08	57.00	11545.00
chr14	95652726	95653070	344	344	0.00	7.00	3.77	4.00	1297.00
chr12	123639801	123640772	971	971	7.00	41.00	23.18	23.00	22507.00
chr22	47064870	47065171	301	301	10.00	29.00	19.68	21.00	5924.00
chr5	24535220	24535388	168	168	219.00	322.00	279.92	285.00	47026.00
chr12	6806452	6806958	506	506	243.00	626.00	419.78	425.00	212408.00
chr22	29881711	29881836	125	125	131.00	153.00	141.96	141.00	17745.00
chr7	75894681	75894786	105	105	89.00	127.00	107.35	105.00	11272.00
chr12	121089007	121095893	6886	6886	4.00	56.00	24.41	23.00	168087.00
chr1	207940357	207942365	2008	2008	10.00	191.00	43.94	33.00	88241.00
chr7	154681166	154681240	74	74	459.00	575.00	530.16	540.50	39232.00
chr5	131696513	131697529	1016	1016	6.00	31.00	16.97	17.00	17237.00
chr11	1776135	1776258	123	123	459.00	1156.00	732.73	680.00	90126.00
chr8	11706554	11706673	119	119	1586.00	2061.00	1834.76	1849.00	218336.00
chr11	18759426	18759511	85	85	283.00	344.00	308.52	305.00	26224.00
chr16	61689373	61689625	252	252	150.00	235.00	194.84	197.00	49099.00
chr15	51750702	51750824	122	122	227.00	305.00	272.39	272.00	33231.00
chr9	35555056	35555698	642	642	335.00	896.00	601.81	622.50	386365.00
chr2	198356200	198356621	421	421	1.00	16.00	7.12	8.00	2996.00
chr9	131001723	131001794	71	71	2559.00	3107.00	2798.69	2796.00	198707.00
chr19	5214371	5214491	120	120	886.00	1216.00	1027.40	1049.00	123288.00
chr22	35719488	35719623	135	135	194.00	253.00	227.59	228.00	30724.00
chr12	121678738	121679829	1091	1091	7.00	42.00	19.01	17.00	20735.00
chr14	23820960	23821064	104	104	1604.00	1927.00	1801.51	1838.50	187357.00
chr1	32205710	32205779	69	69	923.00	1133.00	1047.30	1057.00	72264.00
chr3	33420176	33420326	150	150	11.00	593.00	206.95	17.00	31042.00
chr9	114820707	114820966	259	259	51.00	101.00	73.67	73.00	19081.00
chr15	41865876	41866023	147	147	18.00	793.00	603.04	628.00	88647.00
chr19	55554308	55554637	329	329	18.00	48.00	30.73	31.00	10110.00
chr1	116933403	116933513	110	110	2367.00	3021.00	2692.04	2630.00	296124.00
chr19	15374230	15374359	129	129	145.00	242.00	192.61	190.00	24847.00
chr12	56090682	56090852	170	170	116.00	154.00	133.32	134.50	22665.00
chr14	69445668	69445876	208	208	99.00	266.00	185.53	186.00	38590.00
chr12	57603474	57603651	177	177	360.00	665.00	517.23	511.00	91550.00
chr22	32897492	32898946	1454	1454	17.00	185.00	83.96	77.00	122084.00
chr16	16367702	16367764	62	62	19.00	310.00	166.31	180.00	10311.00
chr19	5245786	5246056	270	270	344.00	731.00	523.74	506.50	141409.00
chr16	74345440	74345829	389	389	13.00	30.00	22.90	23.00	8908.00
chr6	107096899	107097076	177	177	50.00	89.00	63.02	60.00	11155.00
chr1	29641883	29642019	136	136	89.00	112.00	98.39	98.00	13381.00
chr8	97342440	97342509	69	69	371.00	481.00	405.12	398.00	27953.00
chr8	68116914	68117054	140	140	110.00	189.00	147.56	152.00	20658.00
chr22	22037470	22037546	76	76	92.00	136.00	117.08	121.00	8898.00
chr22	50682147	50683420	1273	1273	10.00	214.00	119.68	116.00	152356.00
chr20	44048971	44049069	98	98	278.00	342.00	313.32	312.00	30705.00
chr1	36904356	36904511	155	155	59.00	95.00	74.83	75.00	11598.00
chr12	71054719	71054877	158	158	215.00	403.00	272.85	253.00	43110.00
chr15	50654364	50655515	1151	1151	41.00	96.00	68.12	67.00	78404.00
chr2	234198499	234198620	121	121	117.00	150.00	130.84	130.00	15832.00
chr9	128001699	128001812	113	113	690.00	864.00	758.71	750.00	85734.00
chr8	38272296	38272419	123	123	84.00	126.00	108.71	110.00	13371.00
chr11	73068069	73068179	110	110	119.00	158.00	138.67	139.00	15254.00
chr16	28123137	28123327	190	190	234.00	336.00	280.93	270.50	53376.00
chr12	49424062	49424222	160	160	36.00	79.00	53.91	46.00	8625.00
chr19	50302885	50303023	138	138	557.00	865.00	670.08	601.00	92471.00
chr19	42480567	42480718	151	151	5553.00	7728.00	6722.46	6870.00	1015091.00
chr3	197904395	197905301	906	906	0.00	18.00	7.02	6.00	6363.00
chr13	100189992	100190117	125	125	337.00	413.00	378.11	380.00	47264.00
chr19	14268062	14268272	210	210	708.00	1214.00	978.89	950.50	205566.00
chr10	93786886	93787057	171	171	74.00	108.00	84.97	84.00	14530.00
chr1	109808726	109808828	102	102	255.00	331.00	286.48	282.50	29221.00
chr4	134075461	134075520	59	59	616.00	862.00	709.53	710.00	41862.00
chr1	22052268	22053864	1596	1596	5.00	33.00	15.39	16.00	24557.00
chr9	140056855	140056968	113	113	2472.00	3328.00	2906.04	3003.00	328383.00
chr19	42482087	42482224	137	137	5232.00	7273.00	6013.26	6078.00	823817.00
chr19	4556962	4557025	63	63	1197.00	1473.00	1371.87	1361.00	86428.00
chr19	14266921	14267013	92	92	753.00	979.00	882.58	910.50	81197.00
chr22	42273851	42274127	276	276	3.00	1379.00	660.49	731.00	182294.00
chr1	205549788	205550049	261	261	321.00	479.00	373.67	360.00	97527.00
chr1	110765585	110766522	937	937	79.00	270.00	184.31	175.00	172700.00
chr19	55553595	55554158	563	563	26.00	73.00	48.93	50.00	27547.00
chr7	150929881	150931360	1479	1479	64.00	274.00	109.62	101.00	162128.00
chr3	124215157	124215260	103	103	653.00	1124.00	919.69	1006.00	94728.00
chr16	58220658	58220760	102	102	124.00	155.00	135.39	134.00	13810.00
chr3	10381925	10382033	108	108	956.00	1287.00	1155.70	1161.50	124816.00
chr10	11356101	11356221	120	120	236.00	355.00	292.73	295.00	35128.00
chr22	42294652	42294785	133	133	762.00	1165.00	978.40	1021.00	130127.00
chr1	2005531	2005714	183	183	22.00	63.00	41.66	42.00	7623.00
chr12	113722522	113722576	54	54	48.00	64.00	55.93	56.00	3020.00
chr9	131502198	131502398	200	200	10.00	648.00	530.52	558.00	106105.00
chr19	40873602	40873786	184	184	2644.00	3293.00	2938.66	2925.50	540713.00
chr2	220162606	220162825	219	219	494.00	1073.00	776.88	771.00	170136.00
chr16	28270027	28270355	328	328	15.00	240.00	137.08	144.00	44963.00
chr4	3225718	3225858	140	140	157.00	212.00	187.61	188.00	26266.00
chr17	44127898	44128070	172	172	121.00	154.00	137.95	139.00	23728.00
chr3	47462043	47462262	219	219	165.00	381.00	244.25	230.00	53490.00
chr6	99873090	99873182	92	92	14.00	488.00	195.10	181.50	17949.00
chr7	142561723	142562504	781	781	342.00	912.00	540.24	515.00	421926.00
chr1	159169540	159169666	126	126	2712.00	3708.00	3256.46	3360.50	410314.00
chr19	7606869	7606953	84	84	111.00	155.00	126.45	119.00	10622.00
chr16	2811561	2818298	6737	6737	4.00	585.00	306.99	299.00	2068185.00
chr3	47450652	47450807	155	155	102.00	136.00	123.74	125.00	19180.00
chr11	118403631	118403922	291	291	130.00	167.00	143.51	141.00	41761.00
chr1	205555161	205555335	174	174	357.00	468.00	397.22	393.00	69116.00
chr12	125603186	125603311	125	125	176.00	239.00	206.17	206.00	25771.00
chr11	86658288	86659498	1210	1210	18.00	68.00	38.30	38.00	46341.00
chr22	37764946	37768745	3799	3799	3.00	855.00	306.73	270.00	1165271.00
chr10	46345664	46346215	551	551	4.00	44.00	19.52	18.00	10753.00
chr22	33673045	33673241	196	196	377.00	820.00	522.54	471.00	102418.00
chr9	140042599	140042666	67	67	1.00	157.00	92.63	95.00	6206.00
chr3	48717233	48717320	87	87	57.00	91.00	68.56	66.00	5965.00
chr11	60681600	60681740	140	140	22.00	168.00	88.04	80.50	12325.00
chr10	93784512	93784724	212	212	40.00	78.00	61.72	63.00	13084.00
chr12	7289424	7290372	948	948	10.00	1325.00	342.94	26.00	325104.00
chr3	132387062	132387526	464	464	7.00	27.00	15.59	15.00	7232.00
chr16	2335442	2335647	205	205	501.00	759.00	648.80	651.00	133003.00
chr16	1794782	1797276	2494	2494	3.00	699.00	105.79	54.00	263845.00
chr16	3786036	3786204	168	168	151.00	242.00	194.93	187.50	32748.00
chr9	141131209	141131766	557	557	0.00	8.00	2.97	2.00	1657.00
chr14	92965028	92966015	987	987	7.00	29.00	17.75	17.00	17520.00
chr19	54692070	54692200	130	130	262.00	921.00	557.08	440.00	72421.00
chr15	43866006	43866230	224	224	83.00	168.00	112.27	111.00	25148.00
chr3	40231316	40231954	638	638	143.00	304.00	222.41	217.00	141900.00
chr3	50148937	50149455	518	518	15.00	38.00	24.44	24.00	12662.00
chr4	81117505	81117755	250	250	76.00	172.00	124.54	128.50	31136.00
chr10	46740404	46740638	234	234	1.00	26.00	15.40	17.00	3604.00
chr3	124210169	124210271	102	102	623.00	793.00	716.97	729.00	73131.00
chr11	107488830	107488932	102	102	586.00	657.00	625.68	631.00	63819.00
chr9	130591965	130592106	141	141	72.00	103.00	90.45	91.00	12753.00
chr1	20981932	20982027	95	95	529.00	686.00	622.58	634.00	59145.00
chr12	75875613	75875859	246	246	20.00	31.00	26.38	27.00	6490.00
chr22	32046684	32046764	80	80	101.00	166.00	141.93	144.00	11354.00
chr11	70331418	70331658	240	240	141.00	610.00	351.45	378.00	84348.00
chr14	51079976	51080069	93	93	463.00	614.00	526.78	518.00	48991.00
chr17	80041077	80041301	224	224	405.00	1469.00	896.19	809.00	200747.00
chr7	158540884	158540971	87	87	188.00	265.00	218.72	216.00	19029.00
chr1	21553651	21553719	68	68	100.00	126.00	114.69	116.50	7799.00
chr2	219206256	219206349	93	93	47.00	69.00	54.92	52.00	5108.00
chr17	18444211	18445242	1031	1031	2.00	43.00	19.32	19.00	19922.00
chr12	57599340	57599460	120	120	401.00	526.00	452.47	454.50	54296.00
chr11	64417919	64418110	191	191	1013.00	1543.00	1327.92	1381.00	253632.00
chr19	3274926	3275650	724	724	15.00	77.00	42.90	41.00	31056.00
chr16	18532086	18532305	219	219	425.00	809.00	608.15	608.00	133185.00
chr17	3776702	3776756	54	54	339.00	412.00	376.80	373.00	20347.00
chr1	116932670	116933033	363	363	4.00	3699.00	1670.10	2529.00	606245.00
chr16	1505731	1505796	65	65	209.00	282.00	256.26	252.00	16657.00
chr1	9794029	9794200	171	171	4344.00	5079.00	4710.67	4728.00	805525.00
chr10	73579221	73579379	158	158	2610.00	4314.00	3341.25	3497.00	527917.00
chr11	6411684	6412146	462	462	23.00	189.00	111.62	114.00	51567.00
chr1	159163212	159163350	138	138	2159.00	2943.00	2385.87	2345.50	329250.00
chr16	1816723	1816804	81	81	559.00	729.00	649.20	643.00	52585.00
chr7	91722399	91722630	231	231	6.00	168.00	131.73	137.00	30430.00
chr7	44281816	44281939	123	123	2120.00	2590.00	2286.91	2276.00	281290.00
chr2	220467189	220467297	108	108	44.00	62.00	54.04	55.00	5836.00
chr16	4494664	4494729	65	65	212.00	265.00	241.97	244.00	15728.00
chr15	34681844	34681986	142	142	13.00	399.00	236.75	235.00	33618.00
chr9	139995935	139996124	189	189	132.00	267.00	211.11	223.00	39899.00
chr3	180324040	180324160	120	120	93.00	122.00	112.21	113.00	13465.00
chr3	42678359	42681242	2883	2883	42.00	155.00	83.87	80.00	241802.00
chr7	131812776	131815333	2557	2557	12.00	229.00	123.49	122.00	315776.00
chr20	1585387	1585522	135	135	37.00	581.00	324.07	317.00	43749.00
chr3	126751229	126751442	213	213	538.00	634.00	585.30	585.00	124668.00
chr15	63920875	63921014	139	139	176.00	294.00	226.32	216.00	31459.00
chr16	2040128	2040202	74	74	101.00	258.00	188.05	180.50	13916.00
chr9	74324174	74324390	216	216	33.00	71.00	50.45	50.00	10898.00
chr20	44521858	44521950	92	92	283.00	341.00	313.47	314.00	28839.00
chr9	139911647	139911798	151	151	211.00	305.00	248.01	243.00	37450.00
chr9	140055507	140055649	142	142	2860.00	5418.00	4125.53	3660.50	585825.00
chr12	120148055	120148191	136	136	154.00	212.00	185.52	191.00	25231.00
chr12	50474280	50474372	92	92	304.00	424.00	359.78	363.00	33100.00
chr15	63125702	63125828	126	126	309.00	468.00	370.83	372.00	46724.00
chr9	20907148	20907241	93	93	92.00	117.00	103.25	102.00	9602.00
chr16	87874655	87874761	106	106	233.00	293.00	261.83	262.00	27754.00
chr2	162833269	162833460	191	191	3.00	689.00	346.73	495.00	66225.00
chr8	11704560	11704677	117	117	1481.00	1820.00	1677.62	1684.00	196282.00
chr15	63926931	63927087	156	156	190.00	262.00	228.54	233.00	35652.00
chr6	31668718	31668805	87	87	230.00	324.00	265.84	256.00	23128.00
chr7	148910792	148910906	114	114	55.00	128.00	99.66	104.00	11361.00
chr14	42355808	42357213	1405	1405	81.00	260.00	142.10	144.00	199653.00
chr10	88678928	88679226	298	298	58.00	91.00	74.08	75.00	22075.00
chr3	140998219	140998346	127	127	58.00	132.00	95.23	97.00	12094.00
chr1	144859758	144859998	240	240	198.00	319.00	237.84	240.00	57082.00
chr9	96054772	96055455	683	683	79.00	362.00	225.29	220.00	153870.00
chr19	7604803	7604944	141	141	164.00	298.00	226.16	234.00	31888.00
chr12	30906277	30907432	1155	1155	11.00	91.00	43.55	42.00	50298.00
chr9	131112762	131112854	92	92	154.00	284.00	233.43	241.50	21476.00
chr20	61981328	61982379	1051	1051	158.00	372.00	271.66	275.00	285510.00
chr7	38431348	38431618	270	270	290.00	623.00	427.05	404.50	115304.00
chr20	44521036	44521123	87	87	214.00	296.00	252.05	255.00	21928.00
chr11	64418726	64419108	382	382	740.00	1516.00	1093.79	1076.50	417826.00
chr12	120148344	120150270	1926	1926	7.00	286.00	41.61	19.00	80149.00
chr12	6930971	6931066	95	95	16.00	1064.00	557.19	539.00	52933.00
chr16	2339434	2339621	187	187	330.00	541.00	392.21	380.00	73343.00
chr2	27700083	27700187	104	104	74.00	107.00	87.89	85.00	9141.00
chr14	69805367	69805494	127	127	123.00	192.00	152.78	148.00	19403.00
chr12	9242497	9242619	122	122	196.00	237.00	216.77	218.50	26446.00
chr3	58256658	58256791	133	133	119.00	185.00	146.04	135.00	19423.00
chr10	79744927	79745098	171	171	119.00	165.00	146.99	148.00	25135.00
chr1	159161725	159161866	141	141	1562.00	2233.00	1993.39	2077.00	281068.00
chr16	31085202	31085519	317	317	20.00	67.00	49.90	51.00	15819.00
chr1	171755018	171755218	200	200	73.00	105.00	90.86	91.00	18172.00
chr9	130988124	130989280	1156	1156	8.00	1170.00	216.14	105.00	249860.00
chr15	63127935	63127998	63	63	321.00	406.00	359.41	356.00	22643.00
chr19	1917676	1917821	145	145	9.00	311.00	208.91	217.00	30292.00
chr22	25315792	25315960	168	168	68.00	143.00	112.51	117.50	18901.00
chr2	207943790	207945085	1295	1295	64.00	212.00	134.61	134.00	174318.00
chr11	47330706	47330952	246	246	4.00	955.00	410.67	10.00	101025.00
chr3	142743978	142746095	2117	2117	4.00	225.00	28.94	19.00	61270.00
chr7	44839492	44839694	202	202	9.00	34.00	22.03	22.00	4450.00
chr22	31688260	31688471	211	211	13.00	188.00	122.77	148.00	25905.00
chr11	66333492	66333638	146	146	475.00	603.00	548.73	554.50	80115.00
chr9	131114916	131115026	110	110	258.00	317.00	278.78	275.50	30666.00
chr1	20206	21013	807	807	7.00	122.00	75.58	79.00	60990.00
chr11	108216469	108216635	166	166	14.00	81.00	58.29	65.00	9676.00
chr1	209778880	209779019	139	139	186.00	283.00	239.56	253.00	33299.00
chr1	202935876	202936026	150	150	190.00	294.00	223.45	212.00	33517.00
chr12	57600255	57600524	269	269	408.00	526.00	480.36	486.00	129218.00
chr19	15233503	15233615	112	112	91.00	126.00	107.16	106.00	12002.00
chr8	68115317	68115486	169	169	131.00	211.00	182.25	189.00	30800.00
chr19	13419229	13419342	113	113	142.00	216.00	184.55	185.00	20854.00
chr6	33266815	33267130	315	315	10.00	89.00	49.22	49.00	15505.00
chr16	89780611	89781646	1035	1035	4.00	39.00	22.62	23.00	23415.00
chr12	109964162	109964221	59	59	73.00	90.00	83.31	84.00	4915.00
chr22	24491893	24492045	152	152	89.00	164.00	110.38	107.50	16777.00
chr2	242592926	242593025	99	99	265.00	410.00	328.35	323.00	32507.00
chr1	21937944	21938074	130	130	738.00	1509.00	1118.99	1217.50	145469.00
chr2	223789173	223789313	140	140	278.00	383.00	338.21	334.50	47349.00
chr20	3772318	3772535	217	217	8.00	22.00	16.93	17.00	3673.00
chr16	18531918	18532001	83	83	519.00	721.00	616.57	622.00	51175.00
chr1	43396296	43396537	241	241	167.00	259.00	219.20	220.00	52827.00
chr2	100037960	100038115	155	155	84.00	117.00	100.95	98.00	15648.00
chr16	1500497	1500770	273	273	5.00	284.00	158.37	231.00	43236.00
chr19	40876016	40876144	128	128	2606.00	3404.00	2995.18	2964.50	383383.00
chr5	168112691	168112932	241	241	88.00	164.00	127.03	124.00	30614.00
chr2	127825738	127825831	93	93	927.00	1115.00	1011.09	1011.00	94031.00
chr1	19232015	19234990	2975	2975	10.00	227.00	71.18	63.00	211760.00
chr16	1391129	1391196	67	67	92.00	130.00	107.58	105.00	7208.00
chr6	33410665	33411689	1024	1024	46.00	2003.00	941.26	936.50	963853.00
chr9	95872033	95872266	233	233	9.00	16.00	12.79	13.00	2979.00
chr1	53378627	53378839	212	212	5.00	20.00	15.67	16.00	3323.00
chr2	80531276	80531693	417	417	86.00	288.00	214.77	222.00	89560.00
chr7	44286718	44286791	73	73	1835.00	2276.00	2062.60	2114.00	150570.00
chr7	157369304	157369471	167	167	783.00	1008.00	892.32	901.00	149017.00
chr11	18755079	18755191	112	112	9.00	346.00	219.27	275.50	24558.00
chr6	86237979	86238080	101	101	154.00	232.00	194.40	191.00	19634.00
chr8	145000951	145001050	99	99	132.00	241.00	170.89	147.00	16918.00
chr19	45167680	45167966	286	286	9.00	28.00	20.25	21.00	5792.00
chr10	48930165	48930400	235	235	3.00	26.00	14.93	15.00	3509.00
chr16	87871450	87871547	97	97	306.00	378.00	350.48	359.00	33997.00
chr1	109815454	109815649	195	195	377.00	613.00	473.88	470.00	92406.00
chr1	208215442	208215711	269	269	92.00	158.00	122.38	115.00	32921.00
chr2	260866	261451	585	585	13.00	53.00	31.65	33.00	18513.00
chr5	180481266	180481724	458	458	3.00	11.00	8.00	8.00	3662.00
chr7	73119479	73119631	152	152	18.00	3579.00	1560.09	32.00	237133.00
chr15	34677248	34677358	110	110	290.00	517.00	400.04	420.00	44004.00
chr16	57687114	57687247	133	133	308.00	517.00	424.59	439.00	56470.00
chr15	50649406	50649592	186	186	39.00	69.00	56.23	56.00	10458.00
chr22	21071995	21072066	71	71	845.00	973.00	912.75	919.00	64805.00
chr5	179200882	179201561	679	679	22.00	71.00	50.42	52.00	34233.00
chr10	98763824	98763979	155	155	485.00	689.00	572.61	551.00	88755.00
chr14	102963315	102963457	142	142	139.00	184.00	164.85	166.00	23409.00
chr1	21932558	21933138	580	580	13.00	1088.00	220.73	23.00	128022.00
chr16	28118842	28118998	156	156	229.00	310.00	266.60	268.00	41590.00
chr1	241767561	241767881	320	320	33.00	63.00	46.95	45.00	15025.00
chr11	66812063	66812184	121	121	45.00	64.00	54.29	54.00	6569.00
chr11	12248571	12248678	107	107	406.00	618.00	515.59	504.00	55168.00
chr9	130588788	130588951	163	163	46.00	85.00	66.54	67.00	10846.00
chr22	21068915	21068988	73	73	796.00	1024.00	932.95	954.00	68105.00
chr1	43424304	43424531	227	227	22.00	338.00	237.86	278.00	53994.00
chr14	105852021	105853670	1649	1649	11.00	153.00	34.14	33.00	56297.00
chr15	34823469	34823579	110	110	232.00	330.00	279.27	275.00	30720.00
chr11	171365	172282	917	917	0.00	18.00	7.74	8.00	7096.00
chr22	24493976	24494155	179	179	89.00	180.00	130.66	117.00	23389.00
chr15	79291060	79291167	107	107	861.00	1092.00	969.58	978.00	103745.00
chr16	2145904	2146194	290	290	6.00	29.00	19.03	18.00	5519.00
chr9	131503050	131503166	116	116	397.00	598.00	489.48	471.00	56780.00
chr11	61301983	61302579	596	596	8.00	39.00	22.78	22.00	13574.00
chr22	25308609	25308719	110	110	80.00	94.00	87.63	87.00	9639.00
chr12	63977826	63979986	2160	2160	0.00	88.00	32.38	30.00	69948.00
chr19	46928844	46930933	2089	2089	13.00	451.00	204.58	206.00	427363.00
chr16	56969146	56969224	78	78	204.00	247.00	225.94	229.00	17623.00
chr17	40665787	40665996	209	209	10.00	1733.00	750.83	1149.00	156924.00
chr9	131669435	131671600	2165	2165	160.00	462.00	291.62	280.00	631366.00
chr2	220164026	220164271	245	245	17.00	1347.00	427.23	32.00	104672.00
chr19	7589846	7590052	206	206	151.00	364.00	218.72	203.00	45056.00
chr6	91260186	91260268	82	82	118.00	167.00	140.54	136.00	11524.00
chr9	124543742	124543830	88	88	629.00	782.00	688.74	678.50	60609.00
chr12	54071005	54071170	165	165	13.00	44.00	31.09	32.00	5130.00
chr2	40443	41212	769	769	11.00	60.00	31.82	28.00	24470.00
chr11	67852159	67852747	588	588	6.00	24.00	15.88	15.00	9336.00
chr8	8233762	8234810	1048	1048	10.00	57.00	33.08	33.00	34673.00
chr2	175671113	175672148	1035	1035	7.00	34.00	16.40	15.00	16969.00
chr7	138984922	138985438	516	516	5.00	20.00	12.60	12.00	6501.00
chr22	40816850	40817104	254	254	144.00	319.00	268.77	283.00	68268.00
chr19	14263120	14263249	129	129	766.00	982.00	861.09	858.00	111081.00
chr19	16962222	16962345	123	123	227.00	577.00	421.02	439.00	51785.00
chr1	109813838	109813918	80	80	357.00	480.00	397.84	383.50	31827.00
chr3	49898148	49898562	414	414	9.00	1806.00	909.82	1463.00	376666.00
chr17	17131202	17131510	308	308	13.00	151.00	115.67	128.00	35626.00
chr1	21936067	21936139	72	72	464.00	624.00	534.33	520.00	38472.00
chr3	130424404	130424615	211	211	52.00	72.00	61.31	61.00	12936.00
chr12	56532710	56532797	87	87	43.00	65.00	52.22	51.00	4543.00
chr16	29888591	29888788	197	197	858.00	1353.00	1095.94	1080.00	215901.00
chr2	114394588	114396196	1608	1608	1.00	66.00	24.78	22.00	39848.00
chr3	124180736	124180803	67	67	511.00	567.00	541.91	547.00	36308.00
chr9	111798485	111798660	175	175	90.00	141.00	118.18	119.00	20682.00
chr10	73847897	73848372	475	475	41.00	1944.00	731.20	714.00	347318.00
chr22	21075585	21075706	121	121	513.00	977.00	799.78	839.00	96773.00
chr22	20920753	20921104	351	351	86.00	199.00	132.35	125.00	46454.00
chr9	140953020	140953185	165	165	149.00	291.00	234.73	241.00	38731.00
chr22	41620970	41621075	105	105	138.00	185.00	167.51	171.00	17589.00
chr11	6243671	6243839	168	168	166.00	228.00	193.66	194.00	32535.00
chr15	74704225	74704353	128	128	124.00	262.00	199.45	219.00	25529.00
chr3	48719780	48719985	205	205	61.00	98.00	80.24	80.00	16449.00
chr1	222833247	222833348	101	101	88.00	144.00	117.93	118.00	11911.00
chr1	6583675	6584824	1149	1149	21.00	118.00	68.19	66.00	78346.00
chr11	126135857	126135976	119	119	237.00	284.00	264.72	265.00	31502.00
chr8	75156763	75157410	647	647	32.00	72.00	46.34	46.00	29979.00
chr15	83345212	83345389	177	177	336.00	414.00	375.60	380.00	66481.00
chr14	68031638	68032561	923	923	1.00	9.00	4.62	4.00	4260.00
chr19	42479780	42479949	169	169	4528.00	6366.00	5496.85	5459.00	928967.00
chr16	31503329	31503407	78	78	307.00	408.00	351.24	355.50	27397.00
chr17	1564564	1564700	136	136	273.00	380.00	331.04	328.00	45022.00
chr16	58717858	58718082	224	224	68.00	144.00	98.58	91.00	22082.00
chr14	71575320	71575763	443	443	61.00	175.00	115.16	113.00	51017.00
chr1	202934498	202934628	130	130	137.00	237.00	170.75	157.00	22198.00
chr7	73118477	73118586	109	109	2079.00	2827.00	2426.06	2458.00	264441.00
chr19	13365908	13366073	165	165	167.00	263.00	213.58	213.00	35241.00
chr10	102265117	102265958	841	841	14.00	51.00	26.70	24.00	22454.00
chr9	139983320	139983457	137	137	183.00	268.00	230.39	233.00	31564.00
chr18	29206245	29206347	102	102	173.00	242.00	206.99	201.50	21113.00
chr12	120578662	120578827	165	165	85.00	125.00	100.12	96.00	16519.00
chr5	757516	758226	710	710	2.00	12.00	7.35	8.00	5219.00
chr8	21632483	21632567	84	84	137.00	170.00	152.27	150.00	12791.00
chr4	54011499	54011749	250	250	45.00	70.00	59.48	60.00	14869.00
chr8	141680613	141681365	752	752	3.00	14.00	6.74	6.00	5072.00
chr11	57367351	57367850	499	499	39.00	126.00	78.10	73.00	38974.00
chr12	63980009	63980784	775	775	12.00	58.00	28.54	26.00	22120.00
chr9	140057042	140057203	161	161	12.00	3351.00	2811.03	2991.00	452576.00
chr2	7055953	7056098	145	145	15.00	28.00	20.22	18.00	2932.00
chr12	52387768	52389043	1275	1275	16.00	874.00	353.07	318.00	450167.00
chr19	50104931	50105175	244	244	46.00	180.00	76.63	56.00	18698.00
chr19	5218430	5218543	113	113	693.00	965.00	848.58	869.00	95889.00
chr16	29898969	29899138	169	169	640.00	882.00	752.77	751.00	127218.00
chr7	99030900	99031041	141	141	30.00	41.00	34.72	35.00	4896.00
chr17	36692926	36693212	286	286	3.00	17.00	11.87	13.00	3394.00
chr15	73857770	73859335	1565	1565	12.00	123.00	57.40	53.00	89828.00
chr6	44104085	44104176	91	91	547.00	736.00	637.20	616.00	57985.00
chr1	21938518	21938602	84	84	747.00	979.00	880.23	885.50	73939.00
chr19	13423482	13423595	113	113	108.00	159.00	132.55	130.00	14978.00
chr16	70292882	70293089	207	207	594.00	858.00	732.56	738.00	151640.00
chr18	61060641	61060782	141	141	77.00	105.00	92.36	92.00	13023.00
chr16	22269814	22270016	202	202	29.00	57.00	43.36	45.00	8759.00
chr1	21554423	21554534	111	111	78.00	120.00	99.25	100.00	11017.00
chr9	140057255	140057455	200	200	16.00	3787.00	2470.21	3045.00	494042.00
chr7	1488255	1488397	142	142	35.00	52.00	44.10	46.00	6262.00
chr14	100166351	100166438	87	87	633.00	778.00	710.79	709.00	61839.00
chr9	101065522	101065705	183	183	788.00	1289.00	1034.13	1047.00	189245.00
chr5	68411752	68412041	289	289	51.00	124.00	84.78	79.00	24501.00
chr1	2452539	2452754	215	215	109.00	282.00	167.89	148.00	36097.00
chr1	21564626	21564737	111	111	90.00	143.00	116.14	118.00	12891.00
chr13	42037713	42039066	1353	1353	6.00	68.00	31.22	29.00	42235.00
chr2	114350236	114350443	207	207	9.00	66.00	37.86	37.00	7837.00
chr1	21939668	21939722	54	54	835.00	947.00	876.26	873.50	47318.00
chr9	139353895	139354007	112	112	77.00	96.00	86.32	86.00	9668.00
chr7	102176367	102176618	251	251	20.00	88.00	64.30	63.00	16140.00
chr3	51411753	51412018	265	265	4.00	537.00	191.35	15.00	50709.00
chr17	73888091	73888266	175	175	19.00	39.00	29.49	29.00	5161.00
chr13	103297258	103297435	177	177	9.00	177.00	90.89	140.00	16088.00
chr15	63922664	63922834	170	170	192.00	304.00	246.54	240.00	41911.00
chr3	33400774	33400849	75	75	274.00	405.00	344.16	334.00	25812.00
chr22	50671744	50671955	211	211	70.00	109.00	92.35	94.00	19486.00
chr1	21190968	21191205	237	237	315.00	474.00	392.95	398.00	93128.00
chr5	14481649	14481727	78	78	430.00	500.00	458.64	455.00	35774.00
chr15	101605556	101606410	854	854	31.00	104.00	65.37	65.00	55825.00
chr17	80040402	80040554	152	152	622.00	958.00	788.84	752.00	119903.00
chr2	132269293	132270897	1604	1604	0.00	33.00	18.98	21.00	30438.00
chr11	1778553	1778786	233	233	907.00	1462.00	1183.12	1205.00	275666.00
chr11	1469616	1469808	192	192	28.00	51.00	39.11	37.00	7510.00
chr12	120138549	120138630	81	81	198.00	230.00	214.59	213.00	17382.00
chr7	901016	901101	85	85	286.00	436.00	362.44	365.00	30807.00
chr19	13372263	13372424	161	161	225.00	325.00	273.70	271.00	44065.00
chr17	40843154	40843311	157	157	265.00	383.00	326.68	337.00	51288.00
chr17	80039476	80039719	243	243	650.00	1017.00	803.90	770.00	195348.00
chr17	16681109	16687365	6256	6256	3.00	120.00	51.77	56.00	323901.00
chr1	116935475	116935610	135	135	2393.00	3342.00	2962.73	3020.00	399968.00
chr6	128294808	128294972	164	164	126.00	314.00	241.40	248.00	39590.00
chr5	109189927	109190617	690	690	1.00	14.00	7.05	7.00	4864.00
chr15	40757533	40757634	101	101	78.00	218.00	170.66	176.00	17237.00
chr2	220164706	220164981	275	275	914.00	1964.00	1408.75	1324.00	387407.00
chr3	164905164	164908639	3475	3475	24.00	265.00	111.82	105.00	388586.00
chr11	60699157	60699356	199	199	327.00	1403.00	1019.29	993.00	202838.00
chr2	96680301	96680717	416	416	3.00	20.00	9.86	9.00	4103.00
chr17	40845314	40845554	240	240	262.00	443.00	341.47	325.00	81952.00
chr12	125264513	125265391	878	878	14.00	45.00	28.40	28.00	24936.00
chr1	156623704	156624158	454	454	48.00	91.00	71.32	72.00	32379.00
chr6	108370456	108370622	166	166	167.00	243.00	192.73	189.00	31994.00
chr11	19180486	19180587	101	101	30.00	46.00	40.25	42.00	4065.00
chr19	42489069	42489338	269	269	1336.00	3249.00	2403.04	2519.00	646419.00
chr2	198274493	198274731	238	238	285.00	414.00	348.05	350.00	82835.00
chr6	47220991	47221257	266	266	230.00	408.00	327.06	321.50	86997.00
chr19	40872679	40872822	143	143	3190.00	4997.00	4209.13	4348.00	601905.00
chr19	54693278	54693627	349	349	5.00	163.00	76.84	80.00	26817.00
chr12	81929	82174	245	245	9.00	78.00	45.68	48.00	11191.00
chr21	45513943	45514114	171	171	68.00	125.00	100.06	106.00	17110.00
chr3	124201630	124201747	117	117	10.00	866.00	615.16	759.00	71974.00
chr17	79805118	79805223	105	105	544.00	727.00	635.77	641.00	66756.00
chr20	46307419	46307548	129	129	149.00	199.00	167.00	165.00	21543.00
chr17	38187790	38187873	83	83	349.00	440.00	386.27	372.00	32060.00
chr2	207452814	207452878	64	64	503.00	565.00	527.84	522.00	33782.00
chr17	45695715	45695823	108	108	525.00	614.00	584.75	585.00	63153.00
chr7	44283023	44283126	103	103	1632.00	2250.00	1992.47	1982.00	205224.00
chr20	62274975	62275284	309	309	7.00	5441.00	2642.33	3712.00	816481.00
chr11	108202605	108202764	159	159	24.00	39.00	30.39	28.00	4832.00
chr9	140051314	140051489	175	175	1438.00	2324.00	1790.06	1736.00	313260.00
chr22	45574118	45574781	663	663	73.00	163.00	116.52	118.00	77253.00
chr15	79312382	79312446	64	64	501.00	560.00	527.56	528.00	33764.00
chr1	21940120	21940199	79	79	801.00	961.00	855.42	852.00	67578.00
chr17	3775847	3775921	74	74	276.00	388.00	331.91	339.50	24561.00
chr7	73133931	73134019	88	88	26.00	3777.00	1173.84	852.00	103298.00
chr11	72292920	72292991	71	71	961.00	1129.00	1044.55	1048.00	74163.00
chr7	43547616	43547730	114	114	105.00	168.00	141.68	145.00	16152.00
chr16	58713760	58714145	385	385	65.00	127.00	92.49	93.00	35609.00
chr22	21083600	21083794	194	194	559.00	881.00	706.41	716.50	137044.00
chr11	66457275	66457414	139	139	606.00	859.00	732.99	742.00	101885.00
chr15	91561034	91561115	81	81	67.00	88.00	75.59	72.00	6123.00
chr11	2968525	2969001	476	476	9.00	27.00	17.88	18.00	8512.00
chr19	34869838	34869910	72	72	1781.00	2235.00	1953.46	1917.00	140649.00
chr9	121970996	121971219	223	223	773.00	1142.00	990.68	1015.00	220922.00
chr3	47449772	47449980	208	208	12.00	154.00	99.17	120.50	20627.00
chr12	57601820	57601999	179	179	446.00	1064.00	736.03	709.00	131750.00
chr16	2345590	2345741	151	151	473.00	703.00	619.21	630.00	93500.00
chr12	50471782	50471910	128	128	285.00	450.00	371.95	367.50	47609.00
chr1	109814221	109814344	123	123	422.00	772.00	650.07	681.00	79959.00
chr19	16942304	16942458	154	154	147.00	251.00	208.34	220.00	32084.00
chr11	66333301	66333398	97	97	507.00	690.00	575.36	541.00	55810.00
chr5	74026084	74026223	139	139	117.00	187.00	161.09	169.00	22392.00
chr5	68417520	68417722	202	202	76.00	117.00	102.41	103.00	20687.00
chr19	15272262	15272525	263	263	52.00	153.00	97.02	91.00	25517.00
chr3	45872404	45872482	78	78	141.00	169.00	154.91	154.00	12083.00
chr7	73123374	73123452	78	78	3803.00	4788.00	4436.14	4550.50	346019.00
chr5	14498197	14498360	163	163	555.00	741.00	667.82	671.00	108854.00
chr14	93180167	93180230	63	63	266.00	358.00	311.38	318.00	19617.00
chr9	130984739	130984875	136	136	1900.00	2921.00	2366.79	2153.50	321883.00
chr13	31216764	31216894	130	130	42.00	59.00	49.98	50.00	6498.00
chr12	112614399	112614506	107	107	163.00	374.00	344.35	349.00	36845.00
chr12	57602865	57602982	117	117	576.00	852.00	690.19	678.00	80752.00
chr14	72976861	72976987	126	126	54.00	83.00	67.87	68.50	8551.00
chr1	155209406	155209553	147	147	115.00	202.00	147.42	137.00	21671.00
chr10	49633930	49634113	183	183	299.00	401.00	355.84	356.00	65118.00
chr16	84100093	84100218	125	125	187.00	254.00	220.95	224.00	27619.00
chr1	155207924	155208097	173	173	179.00	266.00	226.91	228.00	39256.00
chr12	2786898	2787033	135	135	64.00	127.00	89.59	78.00	12095.00
chr2	233755457	233756197	740	740	4.00	1511.00	254.19	42.00	188097.00
chr14	60631894	60632099	205	205	63.00	196.00	152.41	170.00	31244.00
chr1	11151549	11151654	105	105	117.00	153.00	135.75	139.00	14254.00
chr4	134076071	134076178	107	107	669.00	896.00	821.69	833.00	87921.00
chr15	91420364	91420441	77	77	234.00	265.00	248.47	247.00	19132.00
chr5	114961533	114961755	222	222	12.00	68.00	44.84	48.00	9955.00
chr16	1814047	1814211	164	164	10.00	796.00	358.56	525.00	58804.00
chr18	44250463	44252581	2118	2118	10.00	84.00	53.07	53.00	112408.00
chr6	158049380	158049518	138	138	108.00	195.00	136.26	130.00	18804.00
chr19	7675585	7675679	94	94	221.00	262.00	241.61	241.00	22711.00
chr13	99461604	99461719	115	115	2.00	527.00	353.04	332.00	40600.00
chr11	130010829	130011467	638	638	12.00	2506.00	288.29	29.00	183931.00
chr11	107526658	107526792	134	134	741.00	1063.00	901.25	889.50	120767.00
chr16	1391294	1391490	196	196	39.00	84.00	59.12	60.00	11587.00
chr1	38182716	38184158	1442	1442	13.00	217.00	111.06	111.00	160153.00
chr5	179231023	179231323	300	300	31.00	68.00	49.56	51.00	14868.00
chr14	69814593	69814719	126	126	117.00	182.00	158.40	163.50	19959.00
chr14	69349174	69349309	135	135	249.00	400.00	329.68	333.00	44507.00
chr19	7614792	7614998	206	206	275.00	386.00	342.11	343.00	70475.00
chr1	228270375	228270466	91	91	6.00	3000.00	860.38	354.00	78295.00
chr1	38186022	38186315	293	293	12.00	94.00	55.16	59.00	16161.00
chr13	77641715	77641999	284	284	319.00	443.00	379.47	381.00	107770.00
chr14	100157417	100157498	81	81	215.00	419.00	303.94	290.00	24619.00
chr13	32978280	32979333	1053	1053	4.00	56.00	16.43	14.00	17297.00
chr12	7301567	7301794	227	227	1167.00	1590.00	1413.74	1432.00	320920.00
chr9	123583116	123583257	141	141	52.00	79.00	66.65	67.00	9398.00
chr17	26883183	26883284	101	101	126.00	240.00	162.54	141.00	16417.00
chr12	6972993	6973137	144	144	305.00	460.00	384.67	383.50	55392.00
chr20	34322310	34322637	327	327	6.00	17.00	10.64	10.00	3480.00
chr19	7606407	7606570	163	163	154.00	272.00	204.26	205.00	33295.00
chr16	2333186	2333373	187	187	5.00	770.00	567.28	677.00	106082.00
chr12	113825548	113825711	163	163	179.00	359.00	268.86	265.00	43824.00
chr7	4802013	4807749	5736	5736	6.00	249.00	91.14	86.00	522785.00
chr1	43394880	43394985	105	105	253.00	373.00	320.02	342.00	33602.00
chr19	4554399	4554488	89	89	904.00	1345.00	1180.61	1246.00	105074.00
chr16	31719139	31719372	233	233	18.00	34.00	26.24	26.00	6115.00
chr5	134060669	134061744	1075	1075	18.00	62.00	33.37	32.00	35870.00
chr1	202936318	202936371	53	53	6.00	193.00	98.08	102.00	5198.00
chr2	220087366	220087615	249	249	277.00	357.00	311.55	311.00	77576.00
chr2	36764494	36764689	195	195	158.00	254.00	215.64	215.00	42049.00
chr7	43519208	43519343	135	135	117.00	212.00	177.84	176.00	24009.00
chr10	51249585	51249993	408	408	2.00	22.00	12.15	13.00	4959.00
chr6	32123647	32123755	108	108	193.00	277.00	222.14	218.00	23991.00
chr3	118624442	118624692	250	250	2.00	67.00	30.69	8.00	7672.00
chr1	190129797	190130020	223	223	169.00	229.00	200.20	200.00	44644.00
chr9	131004491	131004624	133	133	10.00	2961.00	2324.56	2716.00	309166.00
chr22	33679187	33679334	147	147	382.00	452.00	419.84	424.00	61717.00
chr15	74709931	74710016	85	85	175.00	295.00	225.62	213.00	19178.00
chr7	6470110	6470238	128	128	51.00	68.00	59.15	59.00	7571.00
chr1	6640600	6641359	759	759	32.00	97.00	60.67	62.00	46050.00
chr16	31510622	31510728	106	106	276.00	331.00	308.73	310.50	32725.00
chr4	103710287	103711803	1516	1516	5.00	28.00	17.47	18.00	26491.00
chr19	2862339	2862746	407	407	5.00	26.00	18.64	19.00	7586.00
chr2	15467873	15467994	121	121	53.00	90.00	69.63	71.00	8425.00
chr2	36780721	36781492	771	771	8.00	47.00	21.88	21.00	16873.00
chr10	81070680	81070941	261	261	86.00	170.00	120.32	116.00	31403.00
chr2	217234866	217235986	1120	1120	202.00	501.00	319.32	302.00	357633.00
chr10	93786348	93786508	160	160	55.00	107.00	77.91	80.50	12465.00
chr17	20268785	20269076	291	291	1.00	11.00	6.11	6.00	1779.00
chr9	131002006	131002062	56	56	4.00	3135.00	2641.20	2772.00	147907.00
chr1	155208307	155208441	134	134	194.00	269.00	228.27	224.00	30588.00
chr2	162833877	162834373	496	496	2.00	561.00	47.92	8.00	23769.00
chr9	35799614	35799728	114	114	38.00	55.00	47.58	48.00	5424.00
chr20	62517856	62519234	1378	1378	11.00	170.00	40.03	38.00	55168.00
chr22	35942847	35943127	280	280	65.00	295.00	204.30	209.00	57203.00
chr13	26436438	26436546	108	108	90.00	122.00	102.81	101.00	11104.00
chr14	69371371	69371453	82	82	199.00	369.00	273.10	240.50	22394.00
chr7	44031274	44031581	307	307	6.00	20.00	12.74	13.00	3911.00
chr11	12274988	12275291	303	303	10.00	47.00	27.75	28.00	8409.00
chr5	1334403	1334498	95	95	193.00	252.00	228.45	230.00	21703.00
chr19	34868639	34868786	147	147	2014.00	2711.00	2289.75	2260.00	336593.00
chr16	1815960	1816143	183	183	454.00	740.00	573.91	571.00	105025.00
chr10	73578787	73578868	81	81	2988.00	3856.00	3385.72	3401.00	274243.00
chr17	37420427	37420640	213	213	56.00	85.00	68.79	69.00	14652.00
chr5	60835422	60835586	164	164	55.00	84.00	70.98	72.00	11640.00
chr15	79296143	79296517	374	374	658.00	1300.00	886.40	852.50	331515.00
chr19	13039568	13039661	93	93	603.00	936.00	822.19	856.00	76464.00
chr12	49421585	49421713	128	128	118.00	223.00	179.75	175.00	23008.00
chr1	1661057	1662583	1526	1526	31.00	490.00	192.73	144.00	294104.00
chr2	207457340	207457460	120	120	615.00	737.00	664.14	665.00	79697.00
chr11	64542462	64543441	979	979	5.00	31.00	18.67	19.00	18281.00
chr20	61910250	61910347	97	97	208.00	282.00	241.75	236.00	23450.00
chr11	62394042	62394156	114	114	291.00	419.00	367.72	375.50	41920.00
chr5	37301538	37301652	114	114	35.00	60.00	47.11	47.00	5370.00
chr16	4733843	4733933	90	90	381.00	461.00	430.26	430.00	38723.00
chr15	43693913	43694048	135	135	58.00	75.00	65.53	65.00	8847.00
chr11	18764538	18764622	84	84	235.00	278.00	262.74	262.00	22070.00
chr17	57842331	57842499	168	168	191.00	255.00	223.15	227.00	37490.00
chr9	96076729	96078064	1335	1335	15.00	55.00	28.25	26.00	37713.00
chr11	12246219	12246367	148	148	451.00	665.00	547.39	534.00	81013.00
chr12	7030743	7031565	822	822	10.00	5063.00	1700.05	23.00	1397444.00
chr3	14523178	14523349	171	171	35.00	83.00	58.25	58.00	9961.00
chr5	758508	759483	975	975	0.00	12.00	4.43	4.00	4322.00
chr12	22635490	22635677	187	187	100.00	137.00	119.13	120.00	22278.00
chr5	14479369	14479459	90	90	386.00	461.00	430.21	428.50	38719.00
chr6	143655214	143656079	865	865	3.00	19.00	10.77	12.00	9318.00
chr7	75508360	75508578	218	218	36.00	1436.00	972.72	1146.50	212054.00
chr11	60697981	60698131	150	150	643.00	923.00	758.99	738.00	113849.00
chr1	151400598	151400889	291	291	155.00	308.00	231.69	238.00	67422.00
chr5	172196431	172197309	878	878	23.00	480.00	147.42	61.00	129434.00
chr3	49152660	49152794	134	134	115.00	151.00	131.09	128.00	17566.00
chr7	5518281	5519950	1669	1669	44.00	211.00	135.67	135.00	226427.00
chr17	16691106	16691449	343	343	5.00	65.00	33.01	41.00	11323.00
chr2	220086993	220087172	179	179	259.00	385.00	330.73	331.00	59200.00
chr10	51746916	51748006	1090	1090	1.00	125.00	43.08	36.00	46955.00
chr12	7302118	7302289	171	171	1364.00	1721.00	1530.32	1523.00	261684.00
chr11	59562844	59562955	111	111	59.00	137.00	102.30	118.00	11355.00
chr12	6100984	6101184	200	200	20.00	73.00	44.97	42.50	8994.00
chr19	5683274	5683627	353	353	11.00	55.00	38.20	43.00	13485.00
chr12	2786259	2786387	128	128	68.00	100.00	82.50	82.00	10560.00
chr15	26812727	26812880	153	153	574.00	1046.00	727.50	688.00	111307.00
chr1	149007980	149008798	818	818	0.00	11.00	3.25	2.00	2655.00
chr19	54965608	54965861	253	253	58.00	236.00	138.07	122.00	34932.00
chr8	27293259	27293310	51	51	188.00	252.00	208.22	204.00	10619.00
chr15	23014437	23014528	91	91	226.00	407.00	318.30	306.00	28965.00
chr1	111717500	111717585	85	85	83.00	139.00	113.92	115.00	9683.00
chr6	150157220	150157433	213	213	335.00	437.00	386.91	386.00	82412.00
chr13	114566547	114566670	123	123	43.00	171.00	101.87	89.00	12530.00
chr16	58539291	58539605	314	314	1.00	60.00	37.71	40.00	11840.00
chr1	21936612	21936768	156	156	504.00	1545.00	921.85	961.00	143808.00
chr1	17322880	17322991	111	111	530.00	834.00	708.17	776.00	78607.00
chr11	60699455	60699599	144	144	911.00	1375.00	1131.07	1159.50	162874.00
chr5	6749669	6749770	101	101	73.00	99.00	87.45	87.00	8832.00
chr16	2156805	2156949	144	144	112.00	348.00	210.48	187.00	30309.00
chr15	34690834	34690930	96	96	178.00	282.00	242.56	242.50	23286.00
chr3	11074933	11075425	492	492	11.00	1188.00	220.54	29.00	108505.00
chr5	74655222	74655381	159	159	401.00	676.00	498.35	493.00	79237.00
chr20	20022968	20023160	192	192	74.00	168.00	110.24	96.00	21166.00
chr2	39055481	39055578	97	97	76.00	90.00	83.08	83.00	8059.00
chr19	16793231	16793528	297	297	19.00	621.00	179.16	24.00	53211.00
chr2	219205450	219205509	59	59	51.00	67.00	57.34	56.00	3383.00
chr17	74087429	74087729	300	300	11.00	33.00	25.85	26.00	7755.00
chr3	184058150	184060036	1886	1886	30.00	2004.00	330.88	84.00	624032.00
chr6	90333128	90333263	135	135	238.00	335.00	293.17	300.00	39578.00
chr12	125267019	125267429	410	410	15.00	56.00	26.86	22.00	11014.00
chr1	207942580	207943104	524	524	10.00	77.00	55.49	59.00	29076.00
chr4	89356876	89357043	167	167	26.00	39.00	32.57	32.00	5440.00
chr7	101995498	101995736	238	238	20.00	96.00	50.53	44.00	12026.00
chr3	11067458	11067562	104	104	1173.00	1567.00	1387.96	1402.00	144348.00
chr5	95734582	95734740	158	158	187.00	224.00	206.83	208.00	32679.00
chr6	152529106	152529341	235	235	135.00	269.00	200.24	177.00	47057.00
chr5	102295578	102295763	185	185	131.00	191.00	169.83	175.00	31418.00
chr22	21072980	21073110	130	130	655.00	977.00	807.55	838.00	104981.00
chr12	121855306	121855714	408	408	96.00	280.00	149.90	143.00	61160.00
chr1	160326389	160326544	155	155	178.00	247.00	209.59	205.00	32486.00
chr11	60670930	60671007	77	77	340.00	402.00	363.08	359.00	27957.00
chr17	79804822	79804948	126	126	710.00	1040.00	878.03	873.00	110632.00
chr16	18527204	18527332	128	128	554.00	877.00	725.80	719.00	92903.00
chr16	16372518	16372646	128	128	602.00	917.00	781.52	782.00	100035.00
chr2	32750530	32750695	165	165	66.00	91.00	78.50	78.00	12952.00
chr14	69369193	69369279	86	86	323.00	455.00	380.79	373.00	32748.00
chr7	66418212	66418356	144	144	235.00	453.00	360.19	374.00	51868.00
chr6	44107988	44108097	109	109	478.00	591.00	540.22	545.00	58884.00
chr7	70885893	70886091	198	198	445.00	1049.00	690.88	611.50	136794.00
chr8	27295281	27295397	116	116	221.00	314.00	270.64	277.50	31394.00
chr7	73122918	73123018	100	100	3473.00	4231.00	3741.60	3751.00	374160.00
chr15	34698874	34699071	197	197	108.00	229.00	168.63	163.00	33221.00
chr8	22009343	22009513	170	170	64.00	185.00	107.95	102.00	18351.00
chr7	1526557	1526737	180	180	61.00	188.00	132.84	163.00	23912.00
chr5	178053946	178054065	119	119	19.00	218.00	103.18	88.00	12279.00
chr12	6103027	6103369	342	342	25.00	65.00	44.81	47.00	15324.00
chr2	3479491	3480482	991	991	3.00	14.00	8.58	9.00	8502.00
chr3	33883388	33883566	178	178	103.00	169.00	132.29	133.50	23547.00
chr19	11019778	11019883	105	105	275.00	320.00	297.57	298.00	31245.00
chr7	98446205	98446318	113	113	1150.00	2350.00	1818.73	1935.00	205516.00
chr8	106813274	106813932	658	658	13.00	39.00	27.57	28.00	18138.00
chr2	223795338	223795530	192	192	447.00	664.00	514.72	497.00	98826.00
chr7	75511146	75511554	408	408	820.00	1552.00	1209.31	1229.50	493399.00
chr21	40184926	40185038	112	112	92.00	167.00	135.68	146.00	15196.00
chr19	53383575	53385236	1661	1661	20.00	76.00	49.64	51.00	82446.00
chr19	14208130	14208295	165	165	4.00	810.00	538.67	691.00	88881.00
chr15	91461013	91461618	605	605	5.00	251.00	79.22	12.00	47926.00
chr8	145278010	145278133	123	123	82.00	101.00	92.00	93.00	11316.00
chr16	28132990	28133083	93	93	223.00	322.00	265.78	268.00	24718.00
chr11	125280091	125280221	130	130	195.00	306.00	240.15	231.00	31220.00
chr15	63128089	63128317	228	228	66.00	453.00	334.48	391.50	76262.00
chr9	131181435	131181557	122	122	0.00	5.00	4.14	4.00	505.00
chr19	3281196	3281343	147	147	917.00	1234.00	1054.90	1050.00	155071.00
chr11	6240200	6240280	80	80	142.00	176.00	156.69	155.50	12535.00
chr20	31019123	31019287	164	164	63.00	87.00	76.57	78.00	12557.00
chr6	46825865	46827260	1395	1395	39.00	110.00	69.42	68.00	96842.00
chr12	1672006	1672666	660	660	13.00	77.00	38.69	35.00	25535.00
chr12	9098824	9099001	177	177	183.00	254.00	217.79	218.00	38549.00
chr7	121738503	121738630	127	127	21.00	33.00	26.74	26.00	3396.00
chr19	40875814	40875935	121	121	2167.00	2965.00	2504.40	2490.00	303033.00
chr20	3581592	3581671	79	79	174.00	250.00	202.49	202.00	15997.00
chr17	7226965	7227042	77	77	120.00	159.00	137.62	138.00	10597.00
chr2	74331800	74332809	1009	1009	59.00	173.00	106.82	104.00	107786.00
chr1	209785136	209785610	474	474	4.00	237.00	169.76	187.00	80467.00
chr9	35546426	35548532	2106	2106	278.00	701.00	424.08	417.00	893104.00
chr17	80040198	80040290	92	92	623.00	795.00	688.59	669.50	63350.00
chr11	73074791	73075284	493	493	13.00	193.00	69.82	26.00	34423.00
chr20	44674976	44675075	99	99	413.00	583.00	525.30	534.00	52005.00
chr20	5892091	5892328	237	237	249.00	1308.00	830.30	973.00	196781.00
chr17	20316581	20317594	1013	1013	2.00	21.00	7.33	6.00	7423.00
chr12	99478702	99478801	99	99	301.00	371.00	343.28	346.00	33985.00
chr17	40842756	40842960	204	204	313.00	477.00	395.08	393.50	80596.00
chr11	107501142	107501288	146	146	635.00	813.00	717.66	715.00	104779.00
chr11	85429236	85429532	296	296	1.00	15.00	5.43	5.00	1608.00
chr20	9449217	9449319	102	102	49.00	72.00	63.06	64.00	6432.00
chr14	23371395	23371591	196	196	214.00	311.00	263.53	263.50	51651.00
chr7	716865	716957	92	92	2001.00	2729.00	2486.07	2507.50	228718.00
chr10	48862360	48862682	322	322	17.00	841.00	490.93	605.50	158080.00
chr10	68686678	68688210	1532	1532	56.00	246.00	122.92	118.00	188309.00
chr5	179674854	179674926	72	72	395.00	528.00	466.88	463.00	33615.00
chr1	209773327	209773456	129	129	207.00	272.00	240.25	241.00	30992.00
chr17	45691034	45691091	57	57	488.00	612.00	547.47	544.00	31206.00
chr1	19669871	19670118	247	247	15.00	32.00	26.46	28.00	6535.00
chr17	45664025	45664710	685	685	10.00	538.00	96.30	37.00	65966.00
chr19	2337634	2338840	1206	1206	14.00	128.00	42.48	34.00	51230.00
chr8	22011480	22011552	72	72	119.00	147.00	131.19	130.50	9446.00
