#chrom	start	end	size	num_data	min	max	mean	median	sum
chr12	1940100	1940691	591	591	47.00	104.00	72.71	70.00	42969.00
chr1	27480473	27481381	908	908	18.00	64.00	44.29	45.00	40219.00
chr15	63112684	63112809	125	125	230.00	311.00	269.86	263.00	33733.00
chr5	149231737	149232254	517	517	7.00	21.00	14.13	14.00	7307.00
chr5	140865429	140867182	1753	1753	17.00	63.00	33.50	32.00	58726.00
chr1	32209793	32209958	165	165	264.00	506.00	375.19	359.00	61906.00
chr16	87873307	87873431	124	124	147.00	225.00	196.10	198.00	24316.00
chr17	34157438	34158175	737	737	5.00	23.00	12.78	12.00	9422.00
chr2	127815619	127816088	469	469	15.00	102.00	57.54	57.00	26984.00
chr1	208212965	208213112	147	147	84.00	109.00	94.69	94.00	13919.00
chr22	19703883	19704666	783	783	16.00	60.00	34.16	35.00	26749.00
chr16	87872319	87872423	104	104	149.00	205.00	176.75	178.50	18382.00
chr9	140055740	140055868	128	128	1545.00	1847.00	1717.81	1726.50	219880.00
chr22	21096515	21096643	128	128	621.00	819.00	705.26	697.50	90273.00
chr9	140056321	140056540	219	219	4.00	1996.00	1297.22	1622.00	284092.00
chr11	78379981	78380253	272	272	18.00	39.00	29.12	31.00	7921.00
chr3	11070420	11070533	113	113	345.00	425.00	389.22	393.00	43982.00
chr1	109812554	109813222	668	668	7.00	528.00	225.45	276.00	150602.00
chr2	220161954	220162155	201	201	730.00	1052.00	913.16	922.00	183546.00
chr15	74706887	74707086	199	199	102.00	160.00	120.22	119.00	23923.00
chr17	7318829	7319426	597	597	177.00	400.00	290.52	303.00	173438.00
chr1	21560050	21560154	104	104	43.00	61.00	51.01	51.00	5305.00
chr1	25573799	25573952	153	153	13.00	585.00	390.31	462.00	59718.00
chr14	93198993	93199160	167	167	114.00	164.00	143.26	146.00	23925.00
chr1	205554003	205554119	116	116	253.00	369.00	309.76	316.00	35932.00
chr1	9795005	9795232	227	227	1893.00	2844.00	2393.49	2431.00	543322.00
chr17	42426525	42426670	145	145	88.00	137.00	110.45	107.00	16015.00
chr18	70205887	70206179	292	292	3.00	268.00	106.28	6.00	31033.00
chr1	205553082	205553251	169	169	371.00	476.00	424.10	426.00	71673.00
chr9	140056623	140056766	143	143	3.00	1651.00	1208.12	1383.00	172761.00
chr6	33412147	33412394	247	247	14.00	620.00	346.68	451.00	85630.00
chr12	89992366	89992547	181	181	8.00	742.00	561.31	637.00	101598.00
chr2	220088827	220089576	749	749	117.00	256.00	182.29	184.00	136537.00
chr14	100763073	100765222	2149	2149	15.00	99.00	51.77	52.00	111261.00
chr1	110740697	110742543	1846	1846	6.00	1019.00	599.26	552.00	1106242.00
chr1	149878201	149879758	1557	1557	10.00	1415.00	325.89	30.00	507410.00
chr3	197264139	197265259	1120	1120	3.00	30.00	12.56	12.00	14066.00
chr8	56449623	56450530	907	907	8.00	43.00	24.17	24.00	21926.00
chr9	139354208	139354326	118	118	62.00	120.00	80.26	77.00	9471.00
chr1	32204908	32205236	328	328	573.00	784.00	673.51	667.50	220912.00
chr7	75608768	75608897	129	129	137.00	186.00	161.91	163.00	20886.00
chr19	45161029	45161178	149	149	55.00	81.00	67.71	69.00	10089.00
chr19	5243911	5244493	582	582	108.00	306.00	183.85	158.00	107000.00
chr6	32119585	32119717	132	132	14.00	558.00	315.77	358.50	41682.00
chr3	42670878	42672067	1189	1189	2.00	27.00	11.19	11.00	13305.00
chr11	45892392	45892485	93	93	152.00	261.00	198.65	194.00	18474.00
chr17	80040789	80040991	202	202	372.00	599.00	472.14	484.50	95372.00
chr2	74902875	74903036	161	161	66.00	98.00	78.98	76.00	12715.00
chr17	38335969	38337946	1977	1977	6.00	235.00	31.92	22.00	63108.00
chr16	87870103	87870253	150	150	153.00	233.00	182.09	178.00	27313.00
chr1	32205947	32206142	195	195	501.00	721.00	621.10	614.00	121114.00
chr6	44117553	44117702	149	149	11.00	314.00	192.28	233.00	28650.00
chr1	159163659	159163830	171	171	1097.00	1382.00	1258.50	1263.00	215204.00
chr3	445565	446023	458	458	3.00	17.00	11.17	11.00	5114.00
chr2	25048913	25048995	82	82	159.00	192.00	172.52	172.00	14147.00
chr10	99504485	99504672	187	187	82.00	166.00	126.07	133.00	23576.00
chr4	54364807	54365010	203	203	68.00	161.00	107.02	100.00	21725.00
chr17	1634367	1634552	185	185	26.00	52.00	35.97	35.00	6654.00
chr7	72416124	72416247	123	123	107.00	155.00	125.98	121.00	15496.00
chr1	208212169	208212329	160	160	77.00	111.00	91.06	89.00	14569.00
chr9	140952500	140952702	202	202	93.00	124.00	108.13	107.00	21842.00
chr6	44197325	44197528	203	203	102.00	139.00	117.66	116.00	23884.00
chr6	44197643	44198218	575	575	31.00	109.00	58.65	43.00	33726.00
chr11	118981972	118982084	112	112	202.00	288.00	244.17	238.00	27347.00
chr5	150503846	150503952	106	106	8.00	1938.00	1319.34	1636.00	139850.00
chr11	118981761	118981878	117	117	265.00	337.00	299.92	298.00	35091.00
chr11	126314873	126315000	127	127	93.00	120.00	106.46	107.00	13520.00
chr1	159165808	159166244	436	436	9.00	1290.00	255.96	17.00	111600.00
chr7	134893542	134893750	208	208	25.00	47.00	36.38	37.00	7567.00
chr9	121976196	121976433	237	237	164.00	312.00	230.09	232.00	54531.00
chr19	54691042	54691169	127	127	293.00	477.00	369.86	356.00	46972.00
chr22	38621430	38621600	170	170	235.00	342.00	293.41	295.00	49880.00
chr13	42035681	42036205	524	524	5.00	16.00	10.85	11.00	5686.00
chr20	1915360	1915413	53	53	12.00	1969.00	1216.23	1433.00	64460.00
chr5	14496987	14497126	139	139	149.00	262.00	199.63	201.00	27749.00
chr12	56528125	56528212	87	87	82.00	106.00	92.99	95.00	8090.00
chr3	47466974	47467101	127	127	80.00	126.00	112.03	118.00	14228.00
chr17	7415476	7415663	187	187	125.00	184.00	161.78	166.00	30253.00
chr3	33588037	33589252	1215	1215	4.00	33.00	16.00	15.00	19445.00
chr7	887833	888615	782	782	9.00	95.00	33.81	24.00	26441.00
chr10	24813251	24813693	442	442	32.00	115.00	71.87	81.50	31765.00
chr1	109812045	109812213	168	168	239.00	535.00	361.43	320.00	60720.00
chr19	15276597	15276902	305	305	57.00	103.00	75.47	70.00	23018.00
chr16	2334779	2334999	220	220	194.00	280.00	230.35	222.50	50677.00
chr16	68404761	68405261	500	500	29.00	73.00	49.57	48.00	24787.00
chr4	110969111	110969871	760	760	21.00	64.00	39.73	36.00	30193.00
chr1	145693161	145693996	835	835	9.00	56.00	30.76	29.00	25685.00
chr7	44282848	44282932	84	84	705.00	870.00	800.32	803.00	67227.00
chr2	220164315	220164508	193	193	22.00	698.00	298.48	47.00	57606.00
chr12	50472203	50472360	157	157	86.00	131.00	107.83	106.00	16930.00
chr2	220163768	220163833	65	65	609.00	827.00	730.06	737.00	47454.00
chr2	222289928	222290862	934	934	188.00	339.00	259.07	261.00	241974.00
chr12	57599133	57599268	135	135	315.00	525.00	394.20	398.00	53217.00
chr7	157475416	157475629	213	213	379.00	571.00	469.67	448.00	100040.00
chr1	32203800	32203927	127	127	440.00	837.00	659.61	725.00	83771.00
chr1	109811731	109811912	181	181	318.00	581.00	432.76	443.00	78330.00
chr9	140052830	140052975	145	145	989.00	2609.00	1872.31	2096.00	271485.00
chr2	220161706	220161854	148	148	724.00	1338.00	1004.72	976.00	148698.00
chr16	29896906	29897070	164	164	509.00	728.00	656.48	669.50	107663.00
chr16	47143393	47143622	229	229	62.00	103.00	81.51	79.00	18666.00
chr11	993753	993985	232	232	221.00	506.00	369.35	354.50	85690.00
chr9	124059698	124061137	1439	1439	11.00	61.00	29.79	28.00	42865.00
chr9	140350140	140350634	494	494	10.00	61.00	36.26	38.00	17913.00
chr11	14504577	14504697	120	120	72.00	130.00	103.88	112.00	12466.00
chr3	49898612	49898733	121	121	705.00	1043.00	899.42	910.00	108830.00
chr9	131811659	131811777	118	118	59.00	99.00	77.90	76.00	9192.00
chr9	131810705	131810818	113	113	87.00	114.00	101.30	102.00	11447.00
chr1	223400935	223401080	145	145	137.00	203.00	178.75	181.00	25919.00
chr12	125612185	125612820	635	635	3.00	193.00	39.00	14.00	24765.00
chr2	220088590	220088744	154	154	184.00	232.00	206.88	206.00	31859.00
chr9	70888487	70888750	263	263	2.00	24.00	12.52	14.00	3294.00
chr14	69813756	69813898	142	142	104.00	144.00	122.10	122.00	17338.00
chr2	47399145	47399890	745	745	9.00	306.00	45.63	42.00	33992.00
chr11	62688689	62689041	352	352	19.00	252.00	78.67	28.00	27692.00
chr6	43745205	43745407	202	202	14.00	116.00	91.43	92.50	18468.00
chr3	11072492	11072997	505	505	6.00	617.00	127.32	34.00	64295.00
chr7	2696031	2696168	137	137	324.00	419.00	381.88	391.00	52318.00
chr16	14969196	14969279	83	83	508.00	856.00	691.11	723.00	57362.00
chr17	7377847	7378026	179	179	2.00	16.00	9.80	11.00	1754.00
chr12	65639640	65639719	79	79	51.00	86.00	68.99	66.00	5450.00
chr12	50294912	50295108	196	196	1605.00	3100.00	1940.51	1825.00	380340.00
chr19	42485653	42485788	135	135	2233.00	3029.00	2627.26	2586.00	354680.00
chr10	99509230	99509343	113	113	111.00	269.00	172.81	161.00	19528.00
chr22	38883877	38888120	4243	4243	88.00	1089.00	311.96	283.00	1323661.00
chr12	49416372	49416658	286	286	80.00	130.00	99.26	95.00	28387.00
chr6	24843089	24843782	693	693	34.00	69.00	53.62	53.00	37160.00
chr5	176295561	176295665	104	104	271.00	338.00	304.34	308.00	31651.00
chr10	99510087	99510227	140	140	162.00	275.00	212.43	207.00	29740.00
chr1	159173658	159174770	1112	1112	25.00	165.00	64.68	54.00	71928.00
chr11	1780745	1780869	124	124	1107.00	1544.00	1374.79	1433.50	170474.00
chr19	42486059	42486258	199	199	1546.00	2378.00	1924.34	1905.00	382943.00
chr3	47465422	47465535	113	113	91.00	147.00	111.12	105.00	12557.00
chr1	21573713	21573856	143	143	57.00	94.00	79.55	82.00	11376.00
chr11	65320330	65320453	123	123	147.00	197.00	179.63	182.00	22095.00
chr3	47462420	47462519	99	99	167.00	253.00	222.01	235.00	21979.00
chr2	219204751	219204864	113	113	133.00	178.00	157.61	158.00	17810.00
chr1	43906123	43906257	134	134	34.00	46.00	39.69	40.00	5319.00
chr7	38785158	38785840	682	682	11.00	312.00	46.83	27.00	31938.00
chr2	153499932	153500058	126	126	92.00	142.00	118.44	122.00	14923.00
chr1	32203011	32203132	121	121	9.00	633.00	472.86	544.00	57216.00
chr22	42290823	42290941	118	118	402.00	740.00	618.19	619.00	72946.00
chr19	47940718	47940818	100	100	515.00	716.00	621.30	607.50	62130.00
chr4	119539150	119539274	124	124	4.00	23.00	15.28	18.00	1895.00
chr17	44117067	44117250	183	183	63.00	85.00	73.55	73.00	13460.00
chr19	42485873	42485983	110	110	1558.00	2241.00	1964.74	2012.00	216121.00
chr6	44114583	44114664	81	81	103.00	151.00	130.84	130.00	10598.00
chr19	47941105	47941292	187	187	5.00	794.00	446.45	624.00	83487.00
chr11	73074250	73074500	250	250	157.00	260.00	206.36	208.00	51591.00
chr3	33418764	33418825	61	61	213.00	302.00	248.62	257.00	15166.00
chr1	700258	700505	247	247	18.00	52.00	31.55	28.00	7792.00
chr9	74319510	74319719	209	209	22.00	58.00	37.64	35.00	7867.00
chr16	2336694	2336968	274	274	177.00	476.00	314.77	330.00	86248.00
chr20	3575125	3575219	94	94	92.00	144.00	119.84	122.50	11265.00
chr9	139231377	139231529	152	152	69.00	118.00	88.19	87.00	13405.00
chr5	140515951	140516498	547	547	7.00	44.00	22.79	20.00	12468.00
chr1	21938208	21938309	101	101	505.00	683.00	603.78	604.00	60982.00
chr3	155659188	155659936	748	748	18.00	103.00	70.03	77.00	52385.00
chr16	27483068	27483241	173	173	110.00	161.00	141.51	142.00	24482.00
chr11	994071	994245	174	174	116.00	280.00	217.67	231.00	37875.00
chr7	71175745	71175913	168	168	391.00	659.00	541.71	556.00	91007.00
chr12	121204065	121204175	110	110	161.00	212.00	183.25	184.00	20157.00
chr7	73118679	73118753	74	74	1146.00	1400.00	1289.16	1289.50	95398.00
chr9	140972565	140972710	145	145	87.00	122.00	105.26	104.00	15263.00
chr12	121683329	121684024	695	695	6.00	38.00	13.66	10.00	9496.00
chr16	74493579	74493687	108	108	118.00	184.00	157.07	152.00	16964.00
chr2	36771518	36771641	123	123	89.00	131.00	113.09	116.00	13910.00
chr7	94187181	94187996	815	815	12.00	37.00	26.84	27.00	21871.00
chr14	94156951	94157239	288	288	7.00	17.00	11.57	11.00	3333.00
chr7	121739000	121739524	524	524	5.00	22.00	13.49	13.00	7070.00
chr1	19549117	19549328	211	211	105.00	169.00	134.52	128.00	28383.00
chr19	5214571	5214747	176	176	281.00	599.00	354.88	334.00	62458.00
chr19	42557753	42557861	108	108	181.00	217.00	196.88	197.00	21263.00
chr15	102510686	102510925	239	239	1.00	43.00	22.15	23.00	5295.00
chr5	167673761	167675376	1615	1615	35.00	123.00	69.49	64.00	112232.00
chr7	44282158	44282253	95	95	728.00	1037.00	858.02	813.00	81512.00
chr2	160621061	160621717	656	656	8.00	92.00	26.83	23.00	17602.00
chr5	10426501	10426634	133	133	208.00	332.00	285.29	299.00	37944.00
chr16	1814301	1814460	159	159	614.00	708.00	665.27	665.00	105778.00
chr11	21581734	21581928	194	194	115.00	198.00	140.85	131.00	27324.00
chr3	126749085	126749255	170	170	129.00	234.00	169.59	159.00	28830.00
chr11	12237765	12237866	101	101	394.00	494.00	439.54	439.00	44394.00
chr6	31750872	31750963	91	91	121.00	167.00	143.73	145.00	13079.00
chr3	53124201	53124398	197	197	13.00	24.00	18.27	18.00	3599.00
chr2	220161470	220161544	74	74	998.00	1277.00	1189.46	1216.00	88020.00
chr2	128951046	128951785	739	739	16.00	85.00	47.04	46.00	34763.00
chr5	24535811	24535931	120	120	80.00	118.00	98.78	98.00	11854.00
chr1	44083406	44083582	176	176	204.00	352.00	261.34	242.50	45995.00
chr1	32207653	32207818	165	165	369.00	614.00	462.73	449.00	76351.00
chr12	7293754	7294000	246	246	13.00	876.00	507.98	711.00	124963.00
chr3	131442289	131442469	180	180	115.00	161.00	132.33	130.00	23819.00
chr3	49898871	49899298	427	427	48.00	1191.00	509.90	739.00	217727.00
chr16	66432358	66432464	106	106	29.00	45.00	36.23	36.00	3840.00
chr1	20982593	20982680	87	87	300.00	400.00	341.79	331.00	29736.00
chr16	68398653	68398809	156	156	40.00	67.00	54.45	54.00	8494.00
chr17	16676818	16678279	1461	1461	10.00	37.00	21.82	21.00	31881.00
chr1	109814899	109815027	128	128	311.00	413.00	357.54	357.00	45765.00
chr1	21940478	21940582	104	104	662.00	840.00	750.25	736.00	78026.00
chr20	57468284	57468793	509	509	7.00	21.00	15.39	16.00	7835.00
chr3	127358087	127358366	279	279	203.00	458.00	340.09	320.00	94886.00
chr3	126735359	126735527	168	168	86.00	151.00	115.18	107.00	19350.00
chr10	103869140	103869264	124	124	316.00	410.00	369.67	373.00	45839.00
chr20	44520554	44520666	112	112	152.00	196.00	175.03	173.50	19603.00
chr1	32203252	32203356	104	104	411.00	604.00	516.45	504.50	53711.00
chr21	40186196	40186316	120	120	213.00	265.00	238.55	237.00	28626.00
chr5	111067153	111068349	1196	1196	11.00	67.00	31.37	27.00	37518.00
chr9	128002954	128003186	232	232	350.00	618.00	481.33	483.50	111668.00
chr1	43408896	43408992	96	96	177.00	240.00	206.31	207.00	19806.00
chr3	47463931	47464026	95	95	148.00	182.00	166.39	168.00	15807.00
chr2	220161160	220161238	78	78	948.00	1084.00	1004.18	995.50	78326.00
chr11	62472772	62473089	317	317	1049.00	2180.00	1514.57	1502.00	480118.00
chr9	130986341	130986906	565	565	7.00	541.00	136.29	21.00	77004.00
chr14	69358769	69359000	231	231	229.00	314.00	275.22	275.00	63575.00
chr11	64416205	64416379	174	174	152.00	263.00	212.30	225.50	36941.00
chr17	8398454	8398559	105	105	311.00	411.00	365.98	363.00	38428.00
chr12	53572943	53574193	1250	1250	8.00	55.00	29.63	27.00	37033.00
chr17	17696544	17701827	5283	5283	25.00	213.00	81.55	79.00	430847.00
chr8	11705187	11705331	144	144	964.00	1447.00	1311.49	1347.50	188854.00
chr19	54963829	54963931	102	102	307.00	434.00	354.15	348.50	36123.00
chr2	70451682	70456295	4613	4613	4.00	157.00	36.33	33.00	167570.00
chr11	118873959	118874169	210	210	8.00	18.00	13.12	13.00	2756.00
chr10	75548427	75548581	154	154	54.00	80.00	66.57	66.00	10252.00
chr6	33414351	33414563	212	212	378.00	680.00	566.68	588.00	120137.00
chr17	80042910	80043032	122	122	203.00	264.00	234.70	233.50	28633.00
chr11	11470290	11470483	193	193	66.00	109.00	88.08	87.00	17000.00
chr8	23294446	23294771	325	325	88.00	184.00	128.64	126.00	41808.00
chr1	116932060	116932663	603	603	5.00	2381.00	792.21	13.00	477705.00
chr15	83222627	83222741	114	114	90.00	118.00	101.02	99.00	11516.00
chr3	9841562	9841751	189	189	20.00	34.00	25.88	26.00	4892.00
chr1	116937731	116937907	176	176	1441.00	2756.00	1778.50	1652.00	313016.00
chr16	87868019	87868197	178	178	155.00	188.00	171.45	171.00	30518.00
chr3	124209540	124209731	191	191	456.00	743.00	587.82	566.00	112274.00
chr7	71142195	71142291	96	96	507.00	658.00	582.42	585.50	55912.00
chr5	130497324	130497584	260	260	12.00	24.00	18.43	20.00	4791.00
chr13	100199238	100199358	120	120	242.00	386.00	312.82	298.50	37538.00
chr5	139943336	139943506	170	170	24.00	268.00	224.25	235.00	38122.00
chr17	74395529	74396002	473	473	85.00	167.00	129.15	130.00	61086.00
chr14	93179149	93179216	67	67	148.00	188.00	168.97	172.00	11321.00
chr4	160277004	160277310	306	306	46.00	309.00	180.92	183.00	55363.00
chr17	40666306	40666478	172	172	856.00	1527.00	1195.10	1158.00	205558.00
chr15	34828065	34828207	142	142	14.00	166.00	129.45	143.00	18382.00
chr14	100165802	100165876	74	74	415.00	524.00	458.66	463.50	33941.00
chr22	20128089	20128231	142	142	16.00	153.00	89.30	118.50	12680.00
chr12	3392210	3394421	2211	2211	4.00	64.00	37.45	38.00	82805.00
chr17	16687866	16690667	2801	2801	4.00	158.00	30.72	24.00	86041.00
chr6	31664724	31664810	86	86	121.00	189.00	157.57	162.00	13551.00
chr6	30627512	30627611	99	99	39.00	57.00	50.09	51.00	4959.00
chr11	18752834	18755060	2226	2226	11.00	781.00	99.67	51.00	221865.00
chr12	109332602	109332731	129	129	406.00	573.00	464.26	451.00	59890.00
chr6	90072884	90073110	226	226	6.00	30.00	20.54	23.00	4642.00
chr16	2689371	2689711	340	340	0.00	1.00	0.04	0.00	12.00
chr1	20987373	20987484	111	111	269.00	349.00	310.29	313.00	34442.00
chr14	85985300	85986667	1367	1367	2.00	29.00	15.19	15.00	20766.00
chr13	32863769	32863880	111	111	125.00	166.00	146.00	146.00	16206.00
chr16	1510418	1510528	110	110	85.00	118.00	100.68	101.00	11075.00
chr19	54963269	54963444	175	175	395.00	485.00	437.88	438.00	76629.00
chr6	44224078	44224233	155	155	45.00	83.00	62.83	60.00	9739.00
chr20	3151172	3152285	1113	1113	11.00	54.00	32.29	31.00	35940.00
chr1	892273	892405	132	132	138.00	241.00	171.09	163.00	22584.00
chr16	90192167	90192724	557	557	6.00	52.00	32.71	33.00	18217.00
chr9	111663704	111663810	106	106	85.00	112.00	96.12	95.00	10189.00
chr6	44108764	44108835	71	71	133.00	160.00	145.54	145.00	10333.00
chr1	36028802	36029027	225	225	1745.00	2570.00	2091.20	2010.00	470520.00
chr11	66807259	66807674	415	415	20.00	220.00	171.65	180.00	71233.00
chr1	178426817	178427679	862	862	24.00	78.00	47.78	46.00	41186.00
chr19	42482302	42482478	176	176	1816.00	3109.00	2153.36	2055.00	378991.00
chr1	44084718	44084873	155	155	201.00	396.00	297.28	281.00	46078.00
chr1	109812315	109812442	127	127	263.00	353.00	301.17	300.00	38248.00
chr3	180324268	180324391	123	123	79.00	129.00	110.26	109.00	13562.00
chr15	63933668	63933842	174	174	139.00	324.00	229.25	225.00	39890.00
chr20	44521363	44521519	156	156	188.00	243.00	216.46	214.50	33767.00
chr3	33416779	33416910	131	131	129.00	231.00	166.66	164.00	21833.00
chr1	21934624	21934843	219	219	11.00	780.00	399.84	555.00	87564.00
chr14	69799801	69799886	85	85	96.00	136.00	121.46	123.00	10324.00
chr1	116936134	116936345	211	211	0.00	2110.00	1644.95	1810.00	347084.00
chr14	23634493	23634645	152	152	45.00	66.00	56.60	59.00	8603.00
chr16	1402538	1402947	409	409	6.00	20.00	12.66	13.00	5177.00
chr9	20331	25000	4669	4669	0.00	148.00	47.69	47.00	222664.00
chr17	43545574	43545959	385	385	16.00	30.00	23.77	23.00	9152.00
chr13	100201418	100201476	58	58	303.00	358.00	331.50	334.50	19227.00
chr15	41865505	41865665	160	160	386.00	787.00	555.69	573.50	88910.00
chr19	19641688	19642196	508	508	11.00	28.00	19.42	20.00	9865.00
chr11	134147593	134148159	566	566	5.00	30.00	15.43	14.00	8735.00
chr2	71656420	71657290	870	870	5.00	31.00	16.50	17.00	14351.00
chr7	97834775	97835016	241	241	157.00	225.00	189.32	187.00	45626.00
chr19	13363804	13363915	111	111	101.00	160.00	135.05	135.00	14990.00
chr18	31328383	31329011	628	628	5.00	19.00	12.02	12.00	7551.00
chr16	66431884	66432009	125	125	32.00	45.00	37.18	37.00	4647.00
chr19	47935155	47935702	547	547	4.00	1035.00	375.50	455.00	205399.00
chr12	50291769	50291873	104	104	1260.00	1829.00	1469.24	1475.00	152801.00
chr11	1780198	1780317	119	119	667.00	1363.00	912.85	902.00	108629.00
chr15	65392626	65393167	541	541	17.00	40.00	28.71	29.00	15532.00
chr2	86397871	86397967	96	96	93.00	156.00	126.88	130.50	12180.00
chr7	97866087	97866233	146	146	105.00	206.00	159.60	172.00	23301.00
chr11	60687157	60687402	245	245	109.00	186.00	154.17	162.00	37771.00
chr21	43307700	43309453	1753	1753	11.00	66.00	40.45	39.00	70908.00
chr14	24619269	24619657	388	388	24.00	69.00	39.90	40.00	15483.00
chr11	65320634	65320727	93	93	108.00	158.00	133.95	134.00	12457.00
chr16	29891184	29891385	201	201	506.00	683.00	603.95	613.00	121394.00
chr1	32207224	32207326	102	102	681.00	858.00	761.29	757.00	77652.00
chr11	72300218	72300394	176	176	10.00	526.00	183.24	21.00	32250.00
chr17	7608878	7609038	160	160	35.00	208.00	121.91	122.00	19505.00
chr19	7607646	7607814	168	168	160.00	231.00	201.26	204.50	33812.00
chr19	54966129	54966271	142	142	166.00	313.00	255.77	268.00	36319.00
chr12	57995027	57995131	104	104	194.00	222.00	209.12	209.00	21749.00
chr1	27428875	27429049	174	174	75.00	108.00	88.96	89.00	15479.00
chr2	27688277	27688385	108	108	53.00	83.00	70.76	72.00	7642.00
chr16	2691449	2692254	805	805	0.00	27.00	2.96	1.00	2385.00
chr9	131503813	131503933	120	120	341.00	438.00	405.43	414.50	48652.00
chr16	2347766	2347922	156	156	157.00	243.00	204.84	210.50	31955.00
chr17	80039884	80040036	152	152	328.00	410.00	364.12	362.00	55347.00
chr1	32204432	32204538	106	106	600.00	832.00	716.08	727.50	75904.00
chr12	9242951	9243078	127	127	154.00	204.00	183.60	186.00	23317.00
chr3	49702661	49702751	90	90	199.00	293.00	260.71	261.50	23464.00
chr19	35820359	35820837	478	478	6.00	27.00	15.34	14.00	7334.00
chr1	201456762	201457615	853	853	13.00	47.00	26.02	24.00	22197.00
chr16	2334279	2334438	159	159	178.00	251.00	215.82	218.00	34315.00
chr10	73578373	73578481	108	108	3727.00	4696.00	4151.49	4076.00	448361.00
chr16	18530550	18530756	206	206	1.00	611.00	298.26	424.00	61441.00
chr16	16369094	16369300	206	206	1.00	635.00	305.97	436.00	63030.00
chr13	113975636	113975785	149	149	10.00	531.00	228.53	15.00	34051.00
chr11	119293822	119294227	405	405	17.00	6944.00	647.68	65.00	262311.00
chr5	150505962	150506041	79	79	1077.00	1703.00	1450.53	1440.00	114592.00
chr22	44224939	44225078	139	139	935.00	1197.00	1047.46	1046.00	145597.00
chr15	41865199	41865309	110	110	321.00	474.00	391.69	370.50	43086.00
chr17	25633807	25636298	2491	2491	16.00	538.00	215.32	235.00	536374.00
chr15	72495155	72495529	374	374	15.00	3260.00	1295.61	24.00	484557.00
chr9	42540272	42542124	1852	1852	1.00	28.00	14.15	15.00	26202.00
chr11	119290760	119291704	944	944	8.00	8274.00	2015.48	28.00	1902615.00
chr19	5219949	5220165	216	216	202.00	316.00	251.03	248.50	54222.00
chr15	63910769	63911153	384	384	1.00	22.00	13.92	15.00	5347.00
chr17	74393879	74393969	90	90	152.00	210.00	181.20	181.50	16308.00
chr10	104129467	104129532	65	65	120.00	135.00	128.15	129.00	8330.00
chr3	142454224	142454620	396	396	2.00	15.00	10.36	11.00	4101.00
chr12	121205196	121205396	200	200	178.00	220.00	195.79	195.00	39159.00
chr3	31705570	31705724	154	154	17.00	42.00	28.45	28.00	4382.00
chr6	118635190	118636593	1403	1403	20.00	172.00	108.78	110.00	152622.00
chr8	10339867	10340829	962	962	10.00	44.00	23.38	23.00	22494.00
chr19	16952578	16952779	201	201	124.00	202.00	164.06	165.00	32976.00
chr8	110984486	110985016	530	530	101.00	165.00	132.17	132.00	70052.00
chr9	128001219	128001610	391	391	485.00	1174.00	898.83	992.00	351442.00
chr11	73070878	73070997	119	119	160.00	222.00	197.20	199.00	23467.00
chr10	104130140	104130235	95	95	87.00	110.00	100.87	102.00	9583.00
chr5	95733039	95733173	134	134	160.00	245.00	200.60	198.00	26881.00
chr19	59059400	59059547	147	147	279.00	372.00	322.96	320.00	47475.00
chr5	139943169	139943255	86	86	30.00	176.00	147.59	160.50	12693.00
chr17	73487771	73487981	210	210	104.00	242.00	151.41	145.00	31797.00
chr1	154315588	154315777	189	189	37.00	49.00	43.95	44.00	8307.00
chr14	95652726	95653070	344	344	8.00	23.00	16.18	16.00	5566.00
chr12	123639801	123640772	971	971	11.00	51.00	28.72	30.00	27887.00
chr22	47064870	47065171	301	301	9.00	24.00	16.95	17.00	5101.00
chr5	24535220	24535388	168	168	64.00	108.00	85.20	86.00	14314.00
chr12	6806452	6806958	506	506	182.00	503.00	295.94	275.00	149747.00
chr22	29881711	29881836	125	125	181.00	241.00	210.08	211.00	26260.00
chr7	75894681	75894786	105	105	52.00	81.00	67.89	68.00	7128.00
chr12	121089007	121095893	6886	6886	8.00	171.00	53.65	48.00	369410.00
chr1	207940357	207942365	2008	2008	9.00	192.00	35.15	24.00	70574.00
chr7	154681166	154681240	74	74	306.00	411.00	357.88	360.00	26483.00
chr5	131696513	131697529	1016	1016	8.00	31.00	17.30	17.00	17577.00
chr11	1776135	1776258	123	123	460.00	1054.00	678.13	630.00	83410.00
chr8	11706554	11706673	119	119	906.00	1289.00	1087.08	1078.00	129363.00
chr11	18759426	18759511	85	85	349.00	424.00	374.29	372.00	31815.00
chr16	61689373	61689625	252	252	74.00	107.00	92.20	92.00	23235.00
chr15	51750702	51750824	122	122	173.00	225.00	204.42	208.00	24939.00
chr9	35555056	35555698	642	642	217.00	548.00	372.35	373.00	239047.00
chr2	198356200	198356621	421	421	4.00	10.00	7.33	8.00	3084.00
chr9	131001723	131001794	71	71	2721.00	3362.00	3134.49	3194.00	222549.00
chr19	5214371	5214491	120	120	451.00	697.00	568.37	566.00	68204.00
chr22	35719488	35719623	135	135	147.00	181.00	160.47	158.00	21664.00
chr12	121678738	121679829	1091	1091	11.00	51.00	26.56	28.00	28982.00
chr14	23820960	23821064	104	104	1470.00	1814.00	1696.68	1713.00	176455.00
chr1	32205710	32205779	69	69	536.00	747.00	650.29	660.00	44870.00
chr3	33420176	33420326	150	150	8.00	290.00	96.16	10.00	14424.00
chr9	114820707	114820966	259	259	26.00	50.00	38.13	39.00	9876.00
chr15	41865876	41866023	147	147	23.00	831.00	668.29	701.00	98239.00
chr19	55554308	55554637	329	329	5.00	19.00	9.88	9.00	3251.00
chr1	116933403	116933513	110	110	1650.00	2108.00	1915.58	1927.00	210714.00
chr19	15374230	15374359	129	129	75.00	125.00	104.84	110.00	13525.00
chr12	56090682	56090852	170	170	75.00	115.00	100.15	101.00	17026.00
chr14	69445668	69445876	208	208	66.00	216.00	145.37	158.00	30237.00
chr12	57603474	57603651	177	177	279.00	456.00	386.68	405.00	68443.00
chr22	32897492	32898946	1454	1454	12.00	134.00	63.36	58.00	92130.00
chr16	16367702	16367764	62	62	19.00	393.00	221.98	254.50	13763.00
chr19	5245786	5246056	270	270	156.00	302.00	217.71	225.00	58781.00
chr16	74345440	74345829	389	389	5.00	30.00	18.91	19.00	7355.00
chr6	107096899	107097076	177	177	24.00	64.00	38.97	34.00	6897.00
chr1	29641883	29642019	136	136	64.00	83.00	76.13	76.00	10354.00
chr8	97342440	97342509	69	69	196.00	247.00	214.87	214.00	14826.00
chr8	68116914	68117054	140	140	65.00	100.00	83.82	86.00	11735.00
chr22	22037470	22037546	76	76	44.00	61.00	51.50	50.00	3914.00
chr22	50682147	50683420	1273	1273	9.00	179.00	98.63	103.00	125553.00
chr20	44048971	44049069	98	98	193.00	219.00	205.59	204.50	20148.00
chr1	36904356	36904511	155	155	37.00	74.00	51.87	50.00	8040.00
chr12	71054719	71054877	158	158	85.00	140.00	103.71	99.00	16386.00
chr15	50654364	50655515	1151	1151	10.00	30.00	18.13	18.00	20869.00
chr2	234198499	234198620	121	121	75.00	105.00	88.29	88.00	10683.00
chr9	128001699	128001812	113	113	493.00	605.00	546.55	549.00	61760.00
chr8	38272296	38272419	123	123	83.00	129.00	110.28	110.00	13564.00
chr11	73068069	73068179	110	110	109.00	179.00	147.85	157.00	16264.00
chr16	28123137	28123327	190	190	133.00	248.00	188.78	181.50	35868.00
chr12	49424062	49424222	160	160	42.00	72.00	56.94	58.00	9110.00
chr19	50302885	50303023	138	138	359.00	504.00	421.67	393.50	58190.00
chr19	42480567	42480718	151	151	2946.00	5036.00	3947.64	3890.00	596094.00
chr3	197904395	197905301	906	906	0.00	59.00	27.10	31.00	24557.00
chr13	100189992	100190117	125	125	179.00	252.00	213.10	211.00	26637.00
chr19	14268062	14268272	210	210	254.00	448.00	345.85	359.00	72629.00
chr10	93786886	93787057	171	171	67.00	96.00	80.08	80.00	13694.00
chr1	109808726	109808828	102	102	188.00	263.00	226.19	229.00	23071.00
chr4	134075461	134075520	59	59	180.00	269.00	210.36	206.00	12411.00
chr1	22052268	22053864	1596	1596	12.00	47.00	24.04	22.00	38367.00
chr9	140056855	140056968	113	113	1493.00	2023.00	1762.65	1798.00	199180.00
chr19	42482087	42482224	137	137	3180.00	4562.00	3762.58	3817.00	515474.00
chr19	4556962	4557025	63	63	449.00	573.00	517.56	517.00	32606.00
chr19	14266921	14267013	92	92	279.00	410.00	367.12	376.50	33775.00
chr22	42273851	42274127	276	276	8.00	1069.00	485.70	488.50	134052.00
chr1	205549788	205550049	261	261	232.00	384.00	287.12	278.00	74939.00
chr1	110765585	110766522	937	937	60.00	212.00	133.22	133.00	124828.00
chr19	55553595	55554158	563	563	5.00	23.00	14.02	15.00	7892.00
chr7	150929881	150931360	1479	1479	20.00	87.00	47.14	43.00	69722.00
chr3	124215157	124215260	103	103	446.00	617.00	535.33	564.00	55139.00
chr16	58220658	58220760	102	102	86.00	137.00	107.71	104.00	10986.00
chr3	10381925	10382033	108	108	505.00	668.00	594.69	590.00	64227.00
chr10	11356101	11356221	120	120	96.00	125.00	113.35	114.00	13602.00
chr22	42294652	42294785	133	133	534.00	845.00	735.72	781.00	97851.00
chr1	2005531	2005714	183	183	26.00	88.00	55.58	56.00	10172.00
chr12	113722522	113722576	54	54	77.00	101.00	91.70	94.00	4952.00
chr9	131502198	131502398	200	200	17.00	541.00	450.02	469.00	90005.00
chr19	40873602	40873786	184	184	1363.00	1869.00	1632.82	1647.00	300438.00
chr2	220162606	220162825	219	219	385.00	778.00	557.06	538.00	121997.00
chr16	28270027	28270355	328	328	12.00	94.00	53.76	51.00	17634.00
chr4	3225718	3225858	140	140	180.00	232.00	209.19	215.00	29286.00
chr17	44127898	44128070	172	172	46.00	80.00	63.60	64.00	10940.00
chr3	47462043	47462262	219	219	99.00	241.00	153.41	144.00	33597.00
chr6	99873090	99873182	92	92	6.00	491.00	200.55	164.00	18451.00
chr7	142561723	142562504	781	781	322.00	988.00	574.86	536.00	448967.00
chr1	159169540	159169666	126	126	964.00	1398.00	1186.71	1237.50	149525.00
chr19	7606869	7606953	84	84	102.00	148.00	123.18	119.00	10347.00
chr16	2811561	2818298	6737	6737	18.00	617.00	317.40	313.00	2138343.00
chr3	47450652	47450807	155	155	54.00	79.00	67.26	66.00	10425.00
chr11	118403631	118403922	291	291	164.00	246.00	186.04	182.00	54137.00
chr1	205555161	205555335	174	174	251.00	331.00	284.19	283.00	49449.00
chr12	125603186	125603311	125	125	158.00	199.00	176.04	175.00	22005.00
chr11	86658288	86659498	1210	1210	11.00	34.00	22.60	23.00	27342.00
chr22	37764946	37768745	3799	3799	13.00	510.00	204.03	188.00	775112.00
chr10	46345664	46346215	551	551	7.00	40.00	24.41	25.00	13450.00
chr22	33673045	33673241	196	196	206.00	560.00	324.32	265.00	63567.00
chr9	140042599	140042666	67	67	8.00	221.00	175.76	184.00	11776.00
chr3	48717233	48717320	87	87	168.00	245.00	212.94	217.00	18526.00
chr11	60681600	60681740	140	140	17.00	160.00	88.30	88.00	12362.00
chr10	93784512	93784724	212	212	41.00	76.00	61.11	61.00	12955.00
chr12	7289424	7290372	948	948	5.00	912.00	228.28	21.00	216407.00
chr3	132387062	132387526	464	464	11.00	23.00	16.15	16.00	7495.00
chr16	2335442	2335647	205	205	184.00	307.00	243.57	245.00	49931.00
chr16	1794782	1797276	2494	2494	5.00	650.00	88.07	43.00	219644.00
chr16	3786036	3786204	168	168	97.00	156.00	126.90	132.00	21319.00
chr9	141131209	141131766	557	557	1.00	34.00	14.83	16.00	8263.00
chr14	92965028	92966015	987	987	15.00	72.00	35.15	31.00	34691.00
chr19	54692070	54692200	130	130	186.00	514.00	344.63	299.00	44802.00
chr15	43866006	43866230	224	224	128.00	221.00	161.54	164.00	36184.00
chr3	40231316	40231954	638	638	47.00	112.00	76.63	74.00	48890.00
chr3	50148937	50149455	518	518	11.00	39.00	27.17	28.00	14075.00
chr4	81117505	81117755	250	250	47.00	92.00	67.84	67.00	16959.00
chr10	46740404	46740638	234	234	0.00	12.00	7.09	8.00	1660.00
chr3	124210169	124210271	102	102	380.00	587.00	506.04	512.50	51616.00
chr11	107488830	107488932	102	102	249.00	319.00	283.73	285.00	28940.00
chr9	130591965	130592106	141	141	72.00	97.00	86.72	88.00	12228.00
chr1	20981932	20982027	95	95	265.00	344.00	305.16	304.00	28990.00
chr12	75875613	75875859	246	246	35.00	74.00	50.52	48.50	12429.00
chr22	32046684	32046764	80	80	62.00	115.00	96.89	106.00	7751.00
chr11	70331418	70331658	240	240	31.00	142.00	90.18	99.00	21644.00
chr14	51079976	51080069	93	93	288.00	447.00	360.48	348.00	33525.00
chr17	80041077	80041301	224	224	291.00	673.00	486.75	483.00	109033.00
chr7	158540884	158540971	87	87	134.00	200.00	162.98	162.00	14179.00
chr1	21553651	21553719	68	68	64.00	79.00	71.00	70.50	4828.00
chr2	219206256	219206349	93	93	104.00	133.00	121.78	123.00	11326.00
chr17	18444211	18445242	1031	1031	0.00	26.00	10.45	11.00	10776.00
chr12	57599340	57599460	120	120	308.00	389.00	344.64	345.00	41357.00
chr11	64417919	64418110	191	191	211.00	444.00	346.09	370.00	66104.00
chr19	3274926	3275650	724	724	11.00	53.00	26.49	26.00	19180.00
chr16	18532086	18532305	219	219	445.00	809.00	632.10	647.00	138430.00
chr17	3776702	3776756	54	54	618.00	789.00	743.00	742.00	40122.00
chr1	116932670	116933033	363	363	4.00	2677.00	1243.18	1898.00	451273.00
chr16	1505731	1505796	65	65	170.00	240.00	215.66	218.00	14018.00
chr1	9794029	9794200	171	171	2365.00	3018.00	2731.57	2734.00	467099.00
chr10	73579221	73579379	158	158	3046.00	4649.00	3884.48	4059.50	613748.00
chr11	6411684	6412146	462	462	16.00	147.00	97.60	105.00	45093.00
chr1	159163212	159163350	138	138	887.00	1240.00	984.67	969.50	135884.00
chr16	1816723	1816804	81	81	514.00	674.00	599.43	613.00	48554.00
chr7	91722399	91722630	231	231	8.00	91.00	74.55	77.00	17220.00
chr7	44281816	44281939	123	123	859.00	1102.00	958.28	946.00	117868.00
chr2	220467189	220467297	108	108	22.00	33.00	27.87	28.00	3010.00
chr16	4494664	4494729	65	65	217.00	268.00	241.49	238.00	15697.00
chr15	34681844	34681986	142	142	9.00	256.00	171.82	171.00	24398.00
chr9	139995935	139996124	189	189	89.00	170.00	124.88	121.00	23602.00
chr3	180324040	180324160	120	120	85.00	111.00	93.45	91.00	11214.00
chr3	42678359	42681242	2883	2883	28.00	146.00	78.29	70.00	225700.00
chr7	131812776	131815333	2557	2557	5.00	108.00	54.71	51.00	139891.00
chr20	1585387	1585522	135	135	33.00	493.00	289.56	309.00	39091.00
chr3	126751229	126751442	213	213	187.00	241.00	212.48	212.00	45258.00
chr15	63920875	63921014	139	139	126.00	292.00	196.53	209.00	27318.00
chr16	2040128	2040202	74	74	85.00	158.00	127.39	131.50	9427.00
chr9	74324174	74324390	216	216	29.00	58.00	44.19	44.00	9544.00
chr20	44521858	44521950	92	92	193.00	229.00	215.22	215.50	19800.00
chr9	139911647	139911798	151	151	339.00	537.00	438.91	436.00	66275.00
chr9	140055507	140055649	142	142	1590.00	2733.00	2148.46	1905.50	305082.00
chr12	120148055	120148191	136	136	180.00	253.00	207.43	200.00	28210.00
chr12	50474280	50474372	92	92	118.00	148.00	129.90	127.50	11951.00
chr15	63125702	63125828	126	126	157.00	253.00	213.55	222.00	26907.00
chr9	20907148	20907241	93	93	81.00	111.00	98.33	100.00	9145.00
chr16	87874655	87874761	106	106	129.00	195.00	166.71	155.00	17671.00
chr2	162833269	162833460	191	191	10.00	668.00	370.17	562.00	70703.00
chr8	11704560	11704677	117	117	675.00	959.00	818.47	828.00	95761.00
chr15	63926931	63927087	156	156	201.00	285.00	244.38	244.00	38123.00
chr6	31668718	31668805	87	87	139.00	189.00	158.56	151.00	13795.00
chr7	148910792	148910906	114	114	33.00	82.00	62.61	65.00	7138.00
chr14	42355808	42357213	1405	1405	34.00	110.00	76.93	81.00	108080.00
chr10	88678928	88679226	298	298	16.00	38.00	27.91	29.00	8316.00
chr3	140998219	140998346	127	127	54.00	94.00	76.06	80.00	9660.00
chr1	144859758	144859998	240	240	130.00	182.00	151.59	150.50	36382.00
chr9	96054772	96055455	683	683	61.00	231.00	142.74	132.00	97492.00
chr19	7604803	7604944	141	141	106.00	209.00	143.14	138.00	20183.00
chr12	30906277	30907432	1155	1155	16.00	106.00	45.12	39.00	52117.00
chr9	131112762	131112854	92	92	112.00	228.00	174.49	177.50	16053.00
chr20	61981328	61982379	1051	1051	39.00	123.00	73.86	73.00	77631.00
chr7	38431348	38431618	270	270	301.00	703.00	465.01	494.50	125553.00
chr20	44521036	44521123	87	87	165.00	242.00	205.89	216.00	17912.00
chr11	64418726	64419108	382	382	175.00	348.00	272.18	279.00	103974.00
chr12	120148344	120150270	1926	1926	12.00	336.00	53.70	28.00	103429.00
chr12	6930971	6931066	95	95	8.00	537.00	301.24	300.00	28618.00
chr16	2339434	2339621	187	187	146.00	267.00	181.78	165.00	33992.00
chr2	27700083	27700187	104	104	44.00	61.00	52.82	53.00	5493.00
chr14	69805367	69805494	127	127	99.00	170.00	139.69	142.00	17741.00
chr12	9242497	9242619	122	122	162.00	252.00	214.70	228.00	26193.00
chr3	58256658	58256791	133	133	81.00	171.00	114.85	110.00	15275.00
chr10	79744927	79745098	171	171	68.00	137.00	105.40	109.00	18024.00
chr1	159161725	159161866	141	141	589.00	954.00	827.37	898.00	116659.00
chr16	31085202	31085519	317	317	9.00	36.00	27.74	29.00	8793.00
chr1	171755018	171755218	200	200	58.00	91.00	73.75	73.50	14750.00
chr9	130988124	130989280	1156	1156	2.00	2181.00	267.72	43.00	309488.00
chr15	63127935	63127998	63	63	152.00	200.00	169.35	164.00	10669.00
chr19	1917676	1917821	145	145	8.00	176.00	134.94	150.00	19567.00
chr22	25315792	25315960	168	168	95.00	132.00	110.27	109.00	18526.00
chr2	207943790	207945085	1295	1295	24.00	71.00	44.02	43.00	57004.00
chr11	47330706	47330952	246	246	15.00	667.00	300.27	24.00	73866.00
chr3	142743978	142746095	2117	2117	1.00	143.00	24.72	19.00	52326.00
chr7	44839492	44839694	202	202	5.00	9.00	7.06	7.00	1427.00
chr22	31688260	31688471	211	211	9.00	188.00	120.19	148.00	25361.00
chr11	66333492	66333638	146	146	499.00	684.00	613.32	618.00	89544.00
chr9	131114916	131115026	110	110	222.00	262.00	244.10	244.00	26851.00
chr1	20206	21013	807	807	0.00	78.00	51.81	55.00	41809.00
chr11	108216469	108216635	166	166	28.00	51.00	43.35	44.00	7196.00
chr1	209778880	209779019	139	139	237.00	352.00	294.06	299.00	40874.00
chr1	202935876	202936026	150	150	161.00	288.00	210.83	196.00	31625.00
chr12	57600255	57600524	269	269	294.00	428.00	361.61	372.00	97273.00
chr19	15233503	15233615	112	112	75.00	112.00	91.99	92.00	10303.00
chr8	68115317	68115486	169	169	83.00	124.00	108.00	111.00	18252.00
chr19	13419229	13419342	113	113	56.00	113.00	89.40	90.00	10102.00
chr6	33266815	33267130	315	315	10.00	80.00	38.63	36.00	12170.00
chr16	89780611	89781646	1035	1035	10.00	46.00	30.40	31.00	31469.00
chr12	109964162	109964221	59	59	87.00	114.00	102.51	105.00	6048.00
chr22	24491893	24492045	152	152	65.00	113.00	84.10	84.00	12783.00
chr2	242592926	242593025	99	99	165.00	269.00	209.54	203.00	20744.00
chr1	21937944	21938074	130	130	625.00	1096.00	913.15	991.50	118710.00
chr2	223789173	223789313	140	140	232.00	286.00	260.70	260.00	36498.00
chr20	3772318	3772535	217	217	5.00	28.00	12.69	8.00	2754.00
chr16	18531918	18532001	83	83	627.00	886.00	755.48	765.00	62705.00
chr1	43396296	43396537	241	241	145.00	224.00	187.82	191.00	45264.00
chr2	100037960	100038115	155	155	61.00	80.00	69.12	69.00	10714.00
chr16	1500497	1500770	273	273	7.00	190.00	105.68	147.00	28850.00
chr19	40876016	40876144	128	128	1314.00	1885.00	1559.24	1511.00	199583.00
chr5	168112691	168112932	241	241	39.00	75.00	49.78	49.00	11997.00
chr2	127825738	127825831	93	93	392.00	462.00	432.58	430.00	40230.00
chr1	19232015	19234990	2975	2975	8.00	122.00	41.76	38.00	124247.00
chr16	1391129	1391196	67	67	351.00	430.00	385.96	381.00	25859.00
chr6	33410665	33411689	1024	1024	11.00	412.00	199.64	194.00	204429.00
chr9	95872033	95872266	233	233	5.00	13.00	8.67	9.00	2019.00
chr1	53378627	53378839	212	212	22.00	42.00	32.65	32.00	6922.00
chr2	80531276	80531693	417	417	22.00	87.00	60.59	70.00	25266.00
chr7	44286718	44286791	73	73	803.00	946.00	858.92	855.00	62701.00
chr7	157369304	157369471	167	167	560.00	762.00	667.75	658.00	111515.00
chr11	18755079	18755191	112	112	11.00	397.00	258.55	339.50	28958.00
chr6	86237979	86238080	101	101	122.00	173.00	147.50	148.00	14897.00
chr8	145000951	145001050	99	99	103.00	152.00	128.33	127.00	12705.00
chr19	45167680	45167966	286	286	8.00	26.00	17.97	18.00	5140.00
chr10	48930165	48930400	235	235	0.00	13.00	7.42	8.00	1743.00
chr16	87871450	87871547	97	97	181.00	247.00	224.60	232.00	21786.00
chr1	109815454	109815649	195	195	281.00	423.00	335.12	325.00	65349.00
chr1	208215442	208215711	269	269	92.00	160.00	128.74	129.00	34631.00
chr2	260866	261451	585	585	5.00	30.00	15.18	14.00	8879.00
chr5	180481266	180481724	458	458	8.00	42.00	23.64	21.00	10828.00
chr7	73119479	73119631	152	152	5.00	1764.00	736.00	9.00	111872.00
chr15	34677248	34677358	110	110	230.00	334.00	277.04	276.00	30474.00
chr16	57687114	57687247	133	133	132.00	193.00	158.48	158.00	21078.00
chr15	50649406	50649592	186	186	3.00	15.00	9.57	9.00	1780.00
chr22	21071995	21072066	71	71	1592.00	1828.00	1721.18	1734.00	122204.00
chr5	179200882	179201561	679	679	16.00	48.00	29.95	29.00	20336.00
chr10	98763824	98763979	155	155	172.00	235.00	204.36	203.00	31676.00
chr14	102963315	102963457	142	142	86.00	146.00	116.54	116.50	16548.00
chr1	21932558	21933138	580	580	10.00	827.00	179.93	35.00	104362.00
chr16	28118842	28118998	156	156	159.00	224.00	195.03	199.00	30425.00
chr1	241767561	241767881	320	320	54.00	106.00	80.04	80.00	25612.00
chr11	66812063	66812184	121	121	139.00	222.00	181.50	191.00	21962.00
chr11	12248571	12248678	107	107	377.00	504.00	442.27	448.00	47323.00
chr9	130588788	130588951	163	163	43.00	89.00	60.92	57.00	9930.00
chr22	21068915	21068988	73	73	1350.00	1871.00	1668.51	1715.00	121801.00
chr1	43424304	43424531	227	227	18.00	257.00	179.70	200.00	40792.00
chr14	105852021	105853670	1649	1649	19.00	148.00	41.72	40.00	68793.00
chr15	34823469	34823579	110	110	231.00	358.00	289.80	289.50	31878.00
chr11	171365	172282	917	917	1.00	59.00	27.59	31.00	25303.00
chr22	24493976	24494155	179	179	53.00	115.00	83.07	81.00	14870.00
chr15	79291060	79291167	107	107	382.00	458.00	418.89	413.00	44821.00
chr16	2145904	2146194	290	290	14.00	27.00	20.12	20.00	5834.00
chr9	131503050	131503166	116	116	357.00	543.00	445.93	428.50	51728.00
chr11	61301983	61302579	596	596	21.00	51.00	36.85	36.00	21964.00
chr22	25308609	25308719	110	110	94.00	119.00	104.35	103.50	11478.00
chr12	63977826	63979986	2160	2160	0.00	44.00	17.19	15.00	37127.00
chr19	46928844	46930933	2089	2089	17.00	440.00	199.29	201.00	416310.00
chr16	56969146	56969224	78	78	146.00	202.00	174.29	175.00	13595.00
chr17	40665787	40665996	209	209	9.00	1749.00	740.92	1074.00	154853.00
chr9	131669435	131671600	2165	2165	126.00	377.00	218.42	206.00	472874.00
chr2	220164026	220164271	245	245	23.00	866.00	290.69	44.00	71220.00
chr19	7589846	7590052	206	206	68.00	154.00	97.28	95.00	20040.00
chr6	91260186	91260268	82	82	83.00	103.00	94.54	96.00	7752.00
chr9	124543742	124543830	88	88	189.00	248.00	215.51	209.00	18965.00
chr12	54071005	54071170	165	165	13.00	55.00	36.90	38.00	6089.00
chr2	40443	41212	769	769	10.00	41.00	25.50	24.00	19612.00
chr11	67852159	67852747	588	588	13.00	47.00	28.08	27.00	16512.00
chr8	8233762	8234810	1048	1048	24.00	87.00	50.01	47.00	52410.00
chr2	175671113	175672148	1035	1035	5.00	31.00	13.74	12.00	14216.00
chr7	138984922	138985438	516	516	11.00	26.00	16.67	16.00	8601.00
chr22	40816850	40817104	254	254	75.00	182.00	145.63	149.00	36989.00
chr19	14263120	14263249	129	129	283.00	408.00	341.99	336.00	44117.00
chr19	16962222	16962345	123	123	151.00	326.00	261.22	274.00	32130.00
chr1	109813838	109813918	80	80	268.00	364.00	307.10	303.00	24568.00
chr3	49898148	49898562	414	414	7.00	1024.00	481.50	777.00	199341.00
chr17	17131202	17131510	308	308	7.00	119.00	85.25	94.00	26258.00
chr1	21936067	21936139	72	72	370.00	563.00	448.38	416.00	32283.00
chr3	130424404	130424615	211	211	31.00	64.00	45.62	42.00	9625.00
chr12	56532710	56532797	87	87	70.00	91.00	82.82	84.00	7205.00
chr16	29888591	29888788	197	197	517.00	752.00	618.68	609.00	121879.00
chr2	114394588	114396196	1608	1608	2.00	51.00	22.35	20.00	35937.00
chr3	124180736	124180803	67	67	334.00	366.00	347.37	348.00	23274.00
chr9	111798485	111798660	175	175	89.00	134.00	115.73	117.00	20252.00
chr10	73847897	73848372	475	475	48.00	1335.00	542.28	553.00	257582.00
chr22	21075585	21075706	121	121	843.00	1855.00	1570.86	1711.00	190074.00
chr22	20920753	20921104	351	351	44.00	138.00	89.11	94.00	31278.00
chr9	140953020	140953185	165	165	78.00	129.00	106.35	108.00	17547.00
chr22	41620970	41621075	105	105	104.00	144.00	127.00	127.00	13335.00
chr11	6243671	6243839	168	168	61.00	92.00	77.73	80.00	13059.00
chr15	74704225	74704353	128	128	102.00	200.00	157.00	169.00	20096.00
chr3	48719780	48719985	205	205	176.00	289.00	235.90	229.00	48359.00
chr1	222833247	222833348	101	101	91.00	152.00	126.82	131.00	12809.00
chr1	6583675	6584824	1149	1149	9.00	55.00	34.48	35.00	39616.00
chr11	126135857	126135976	119	119	221.00	266.00	248.97	250.00	29627.00
chr8	75156763	75157410	647	647	38.00	73.00	57.56	58.00	37239.00
chr15	83345212	83345389	177	177	174.00	260.00	221.23	218.00	39158.00
chr14	68031638	68032561	923	923	9.00	33.00	18.82	18.00	17373.00
chr19	42479780	42479949	169	169	2978.00	4409.00	3713.65	3599.00	627607.00
chr16	31503329	31503407	78	78	258.00	348.00	293.24	296.50	22873.00
chr17	1564564	1564700	136	136	211.00	304.00	245.19	235.00	33346.00
chr16	58717858	58718082	224	224	30.00	59.00	41.76	40.00	9354.00
chr14	71575320	71575763	443	443	46.00	95.00	66.70	64.00	29547.00
chr1	202934498	202934628	130	130	109.00	205.00	146.49	137.00	19044.00
chr7	73118477	73118586	109	109	977.00	1290.00	1135.53	1126.00	123773.00
chr19	13365908	13366073	165	165	93.00	125.00	111.45	113.00	18389.00
chr10	102265117	102265958	841	841	14.00	50.00	28.71	26.00	24147.00
chr9	139983320	139983457	137	137	113.00	159.00	135.36	133.00	18544.00
chr18	29206245	29206347	102	102	144.00	197.00	169.22	164.50	17260.00
chr12	120578662	120578827	165	165	76.00	102.00	88.88	89.00	14665.00
chr5	757516	758226	710	710	7.00	27.00	17.56	17.00	12467.00
chr8	21632483	21632567	84	84	65.00	94.00	82.68	85.50	6945.00
chr4	54011499	54011749	250	250	30.00	61.00	43.74	43.00	10936.00
chr8	141680613	141681365	752	752	3.00	39.00	24.77	26.00	18624.00
chr11	57367351	57367850	499	499	36.00	87.00	59.99	57.00	29935.00
chr12	63980009	63980784	775	775	5.00	20.00	11.35	11.00	8795.00
chr9	140057042	140057203	161	161	11.00	2081.00	1753.65	1869.00	282337.00
chr2	7055953	7056098	145	145	34.00	48.00	40.01	40.00	5801.00
chr12	52387768	52389043	1275	1275	12.00	338.00	185.32	174.00	236281.00
chr19	50104931	50105175	244	244	25.00	163.00	58.22	36.00	14205.00
chr19	5218430	5218543	113	113	297.00	526.00	440.69	452.00	49798.00
chr16	29898969	29899138	169	169	367.00	502.00	438.51	447.00	74108.00
chr7	99030900	99031041	141	141	24.00	36.00	28.62	28.00	4036.00
chr17	36692926	36693212	286	286	10.00	26.00	18.63	19.00	5327.00
chr15	73857770	73859335	1565	1565	14.00	87.00	51.75	53.00	80992.00
chr6	44104085	44104176	91	91	129.00	183.00	151.90	147.00	13823.00
chr1	21938518	21938602	84	84	624.00	848.00	761.83	796.00	63994.00
chr19	13423482	13423595	113	113	45.00	61.00	54.00	55.00	6102.00
chr16	70292882	70293089	207	207	691.00	1022.00	856.62	885.00	177321.00
chr18	61060641	61060782	141	141	73.00	96.00	86.86	88.00	12247.00
chr16	22269814	22270016	202	202	14.00	37.00	26.71	26.00	5395.00
chr1	21554423	21554534	111	111	49.00	84.00	67.35	67.00	7476.00
chr9	140057255	140057455	200	200	16.00	2072.00	1423.55	1745.50	284709.00
chr7	1488255	1488397	142	142	47.00	73.00	61.28	62.00	8702.00
chr14	100166351	100166438	87	87	417.00	487.00	450.49	445.00	39193.00
chr9	101065522	101065705	183	183	405.00	642.00	534.02	537.00	97726.00
chr5	68411752	68412041	289	289	32.00	81.00	53.76	56.00	15536.00
chr1	2452539	2452754	215	215	72.00	209.00	119.27	100.00	25644.00
chr1	21564626	21564737	111	111	68.00	103.00	84.73	84.00	9405.00
chr13	42037713	42039066	1353	1353	8.00	35.00	21.61	21.00	29238.00
chr2	114350236	114350443	207	207	6.00	27.00	17.00	16.00	3518.00
chr1	21939668	21939722	54	54	623.00	751.00	694.69	706.00	37513.00
chr9	139353895	139354007	112	112	58.00	70.00	63.64	63.00	7128.00
chr7	102176367	102176618	251	251	8.00	24.00	15.86	16.00	3980.00
chr3	51411753	51412018	265	265	13.00	295.00	120.46	20.00	31921.00
chr17	73888091	73888266	175	175	17.00	39.00	26.57	25.00	4650.00
chr13	103297258	103297435	177	177	6.00	78.00	43.18	63.00	7642.00
chr15	63922664	63922834	170	170	206.00	298.00	242.24	229.00	41181.00
chr3	33400774	33400849	75	75	177.00	213.00	195.91	195.00	14693.00
chr22	50671744	50671955	211	211	56.00	94.00	69.98	69.00	14766.00
chr1	21190968	21191205	237	237	223.00	319.00	271.10	265.00	64250.00
chr5	14481649	14481727	78	78	175.00	230.00	208.99	212.50	16301.00
chr15	101605556	101606410	854	854	28.00	58.00	42.59	43.00	36374.00
chr17	80040402	80040554	152	152	359.00	526.00	430.91	406.50	65498.00
chr2	132269293	132270897	1604	1604	7.00	67.00	37.01	37.00	59359.00
chr11	1778553	1778786	233	233	937.00	1430.00	1207.07	1232.00	281248.00
chr11	1469616	1469808	192	192	8.00	36.00	23.98	26.00	4605.00
chr12	120138549	120138630	81	81	245.00	293.00	274.38	275.00	22225.00
chr7	901016	901101	85	85	148.00	220.00	179.51	172.00	15258.00
chr19	13372263	13372424	161	161	122.00	175.00	148.86	149.00	23966.00
chr17	40843154	40843311	157	157	294.00	480.00	381.11	375.00	59834.00
chr17	80039476	80039719	243	243	305.00	474.00	383.04	374.00	93079.00
chr17	16681109	16687365	6256	6256	5.00	202.00	64.20	55.00	401613.00
chr1	116935475	116935610	135	135	1700.00	2390.00	2071.13	2026.00	279602.00
chr6	128294808	128294972	164	164	105.00	237.00	190.90	206.50	31307.00
chr5	109189927	109190617	690	690	4.00	23.00	10.40	8.00	7178.00
chr15	40757533	40757634	101	101	37.00	117.00	98.46	103.00	9944.00
chr2	220164706	220164981	275	275	568.00	1334.00	948.28	960.00	260776.00
chr3	164905164	164908639	3475	3475	11.00	100.00	49.41	45.00	171693.00
chr11	60699157	60699356	199	199	109.00	516.00	389.84	415.00	77579.00
chr2	96680301	96680717	416	416	8.00	27.00	17.10	18.00	7113.00
chr17	40845314	40845554	240	240	325.00	515.00	413.03	398.00	99128.00
chr12	125264513	125265391	878	878	12.00	59.00	31.60	30.00	27741.00
chr1	156623704	156624158	454	454	14.00	41.00	27.02	27.00	12266.00
chr6	108370456	108370622	166	166	81.00	114.00	92.28	91.00	15319.00
chr11	19180486	19180587	101	101	16.00	32.00	24.82	25.00	2507.00
chr19	42489069	42489338	269	269	767.00	1692.00	1368.49	1480.00	368123.00
chr2	198274493	198274731	238	238	142.00	306.00	216.20	213.00	51455.00
chr6	47220991	47221257	266	266	110.00	262.00	192.57	192.00	51224.00
chr19	40872679	40872822	143	143	1832.00	2906.00	2450.52	2493.00	350425.00
chr19	54693278	54693627	349	349	7.00	125.00	70.98	75.00	24771.00
chr12	81929	82174	245	245	18.00	50.00	32.58	32.00	7983.00
chr21	45513943	45514114	171	171	68.00	117.00	92.29	88.00	15781.00
chr3	124201630	124201747	117	117	7.00	539.00	383.69	465.00	44892.00
chr17	79805118	79805223	105	105	359.00	425.00	396.70	402.00	41653.00
chr20	46307419	46307548	129	129	85.00	107.00	93.96	93.00	12121.00
chr17	38187790	38187873	83	83	128.00	169.00	144.07	139.00	11958.00
chr2	207452814	207452878	64	64	336.00	396.00	367.58	371.00	23525.00
chr17	45695715	45695823	108	108	364.00	526.00	424.58	420.00	45855.00
chr7	44283023	44283126	103	103	795.00	915.00	862.39	869.00	88826.00
chr20	62274975	62275284	309	309	2.00	2539.00	1198.52	1682.00	370344.00
chr11	108202605	108202764	159	159	24.00	43.00	33.30	33.00	5294.00
chr9	140051314	140051489	175	175	766.00	1301.00	995.19	973.00	174159.00
chr22	45574118	45574781	663	663	52.00	109.00	81.92	83.00	54316.00
chr15	79312382	79312446	64	64	233.00	281.00	257.86	259.50	16503.00
chr1	21940120	21940199	79	79	629.00	788.00	678.78	663.00	53624.00
chr17	3775847	3775921	74	74	493.00	802.00	676.57	696.50	50066.00
chr7	73133931	73134019	88	88	20.00	1506.00	516.65	400.50	45465.00
chr11	72292920	72292991	71	71	563.00	656.00	611.42	614.00	43411.00
chr7	43547616	43547730	114	114	126.00	184.00	153.39	154.00	17487.00
chr16	58713760	58714145	385	385	20.00	51.00	33.17	31.00	12770.00
chr22	21083600	21083794	194	194	990.00	1535.00	1247.37	1268.50	241989.00
chr11	66457275	66457414	139	139	498.00	726.00	599.76	585.00	83367.00
chr15	91561034	91561115	81	81	40.00	59.00	49.99	50.00	4049.00
chr11	2968525	2969001	476	476	7.00	19.00	14.34	15.00	6824.00
chr19	34869838	34869910	72	72	1608.00	1966.00	1788.56	1795.00	128776.00
chr9	121970996	121971219	223	223	215.00	311.00	262.32	257.00	58498.00
chr3	47449772	47449980	208	208	19.00	114.00	71.90	81.50	14955.00
chr12	57601820	57601999	179	179	308.00	625.00	467.87	460.00	83748.00
chr16	2345590	2345741	151	151	210.00	277.00	245.30	247.00	37041.00
chr12	50471782	50471910	128	128	75.00	146.00	110.52	112.50	14146.00
chr1	109814221	109814344	123	123	304.00	468.00	417.89	431.00	51400.00
chr19	16942304	16942458	154	154	85.00	145.00	116.44	125.00	17932.00
chr11	66333301	66333398	97	97	554.00	689.00	616.51	619.00	59801.00
chr5	74026084	74026223	139	139	79.00	111.00	96.19	100.00	13370.00
chr5	68417520	68417722	202	202	50.00	74.00	61.73	62.00	12470.00
chr19	15272262	15272525	263	263	26.00	70.00	44.25	42.00	11639.00
chr3	45872404	45872482	78	78	137.00	171.00	155.29	157.00	12113.00
chr7	73123374	73123452	78	78	1514.00	1788.00	1689.38	1709.00	131772.00
chr5	14498197	14498360	163	163	160.00	248.00	214.42	215.00	34951.00
chr14	93180167	93180230	63	63	130.00	170.00	149.32	151.00	9407.00
chr9	130984739	130984875	136	136	2558.00	3872.00	3162.32	3008.00	430076.00
chr13	31216764	31216894	130	130	24.00	45.00	35.10	35.00	4563.00
chr12	112614399	112614506	107	107	103.00	271.00	220.00	216.00	23540.00
chr12	57602865	57602982	117	117	468.00	702.00	558.56	548.00	65352.00
chr14	72976861	72976987	126	126	87.00	142.00	110.90	104.00	13973.00
chr1	155209406	155209553	147	147	120.00	168.00	136.64	131.00	20086.00
chr10	49633930	49634113	183	183	118.00	170.00	137.16	133.00	25100.00
chr16	84100093	84100218	125	125	161.00	217.00	195.70	197.00	24462.00
chr1	155207924	155208097	173	173	133.00	201.00	165.91	161.00	28702.00
chr12	2786898	2787033	135	135	32.00	97.00	62.05	56.00	8377.00
chr2	233755457	233756197	740	740	10.00	1111.00	206.09	40.00	152509.00
chr14	60631894	60632099	205	205	101.00	242.00	191.50	205.00	39258.00
chr1	11151549	11151654	105	105	69.00	151.00	110.34	105.00	11586.00
chr4	134076071	134076178	107	107	224.00	295.00	269.27	272.00	28812.00
chr15	91420364	91420441	77	77	163.00	197.00	181.44	182.00	13971.00
chr5	114961533	114961755	222	222	5.00	46.00	32.96	37.00	7317.00
chr16	1814047	1814211	164	164	5.00	670.00	301.73	437.00	49483.00
chr18	44250463	44252581	2118	2118	15.00	184.00	83.00	79.00	175791.00
chr6	158049380	158049518	138	138	50.00	99.00	75.96	74.00	10482.00
chr19	7675585	7675679	94	94	68.00	90.00	80.00	81.00	7520.00
chr13	99461604	99461719	115	115	2.00	218.00	164.43	159.00	18910.00
chr11	130010829	130011467	638	638	8.00	1794.00	201.80	15.00	128751.00
chr11	107526658	107526792	134	134	359.00	474.00	414.83	412.00	55587.00
chr16	1391294	1391490	196	196	258.00	380.00	308.79	307.00	60522.00
chr1	38182716	38184158	1442	1442	10.00	132.00	73.39	72.00	105827.00
chr5	179231023	179231323	300	300	8.00	24.00	16.89	18.00	5066.00
chr14	69814593	69814719	126	126	105.00	166.00	143.36	149.00	18063.00
chr14	69349174	69349309	135	135	258.00	341.00	306.66	310.00	41399.00
chr19	7614792	7614998	206	206	181.00	263.00	231.83	235.50	47756.00
chr1	228270375	228270466	91	91	2.00	1673.00	532.56	228.00	48463.00
chr1	38186022	38186315	293	293	4.00	59.00	36.81	48.00	10786.00
chr13	77641715	77641999	284	284	278.00	425.00	352.93	354.00	100233.00
chr14	100157417	100157498	81	81	162.00	331.00	223.70	205.00	18120.00
chr13	32978280	32979333	1053	1053	15.00	100.00	39.83	33.00	41936.00
chr12	7301567	7301794	227	227	664.00	943.00	825.46	835.00	187379.00
chr9	123583116	123583257	141	141	32.00	68.00	51.34	48.00	7239.00
chr17	26883183	26883284	101	101	74.00	128.00	102.10	104.00	10312.00
chr12	6972993	6973137	144	144	287.00	391.00	334.88	329.50	48223.00
chr20	34322310	34322637	327	327	2.00	10.00	6.64	7.00	2171.00
chr19	7606407	7606570	163	163	152.00	242.00	178.57	173.00	29107.00
chr16	2333186	2333373	187	187	7.00	358.00	259.36	295.00	48501.00
chr12	113825548	113825711	163	163	78.00	210.00	141.45	141.00	23057.00
chr7	4802013	4807749	5736	5736	13.00	117.00	51.72	51.00	296651.00
chr1	43394880	43394985	105	105	157.00	239.00	205.03	223.00	21528.00
chr19	4554399	4554488	89	89	354.00	588.00	491.19	524.00	43716.00
chr16	31719139	31719372	233	233	11.00	22.00	16.38	16.00	3817.00
chr5	134060669	134061744	1075	1075	14.00	38.00	27.32	27.00	29367.00
chr1	202936318	202936371	53	53	17.00	201.00	116.40	155.00	6169.00
chr2	220087366	220087615	249	249	184.00	303.00	252.98	261.00	62993.00
chr2	36764494	36764689	195	195	75.00	116.00	97.10	96.00	18935.00
chr7	43519208	43519343	135	135	119.00	192.00	162.73	170.00	21969.00
chr10	51249585	51249993	408	408	1.00	26.00	11.99	12.00	4893.00
chr6	32123647	32123755	108	108	129.00	192.00	159.59	158.00	17236.00
chr3	118624442	118624692	250	250	3.00	50.00	24.09	6.00	6023.00
chr1	190129797	190130020	223	223	47.00	75.00	57.84	57.00	12899.00
chr9	131004491	131004624	133	133	5.00	3410.00	2675.74	3019.00	355873.00
chr22	33679187	33679334	147	147	231.00	296.00	255.80	250.00	37602.00
chr15	74709931	74710016	85	85	118.00	206.00	160.02	160.00	13602.00
chr7	6470110	6470238	128	128	36.00	64.00	45.54	45.00	5829.00
chr1	6640600	6641359	759	759	12.00	46.00	28.99	26.00	22001.00
chr16	31510622	31510728	106	106	193.00	229.00	209.80	210.00	22239.00
chr4	103710287	103711803	1516	1516	8.00	34.00	20.22	20.00	30655.00
chr19	2862339	2862746	407	407	1.00	14.00	7.86	8.00	3200.00
chr2	15467873	15467994	121	121	37.00	75.00	57.98	61.00	7016.00
chr2	36780721	36781492	771	771	7.00	33.00	19.10	19.00	14726.00
chr10	81070680	81070941	261	261	51.00	131.00	78.75	67.00	20553.00
chr2	217234866	217235986	1120	1120	25.00	87.00	54.22	54.00	60725.00
chr10	93786348	93786508	160	160	46.00	106.00	76.33	79.00	12213.00
chr17	20268785	20269076	291	291	5.00	11.00	7.87	8.00	2290.00
chr9	131002006	131002062	56	56	5.00	3409.00	2959.96	3196.00	165758.00
chr1	155208307	155208441	134	134	190.00	246.00	212.80	213.00	28515.00
chr2	162833877	162834373	496	496	5.00	594.00	52.09	8.00	25835.00
chr9	35799614	35799728	114	114	27.00	53.00	39.65	39.00	4520.00
chr20	62517856	62519234	1378	1378	13.00	180.00	53.69	51.00	73982.00
chr22	35942847	35943127	280	280	62.00	238.00	170.21	183.00	47660.00
chr13	26436438	26436546	108	108	58.00	73.00	64.90	64.00	7009.00
chr14	69371371	69371453	82	82	195.00	356.00	271.22	261.50	22240.00
chr7	44031274	44031581	307	307	4.00	17.00	11.28	12.00	3464.00
chr11	12274988	12275291	303	303	7.00	43.00	28.18	30.00	8538.00
chr5	1334403	1334498	95	95	132.00	181.00	162.01	167.00	15391.00
chr19	34868639	34868786	147	147	1996.00	2752.00	2297.24	2284.00	337695.00
chr16	1815960	1816143	183	183	379.00	622.00	488.83	489.00	89455.00
chr10	73578787	73578868	81	81	3445.00	4541.00	3875.77	3821.00	313937.00
chr17	37420427	37420640	213	213	22.00	33.00	27.10	27.00	5772.00
chr5	60835422	60835586	164	164	29.00	41.00	34.12	33.00	5595.00
chr15	79296143	79296517	374	374	281.00	486.00	362.53	353.50	135587.00
chr19	13039568	13039661	93	93	535.00	784.00	667.55	673.00	62082.00
chr12	49421585	49421713	128	128	100.00	167.00	138.07	139.00	17673.00
chr1	1661057	1662583	1526	1526	27.00	359.00	134.81	125.00	205718.00
chr2	207457340	207457460	120	120	355.00	464.00	413.55	420.50	49626.00
chr11	64542462	64543441	979	979	7.00	35.00	19.64	19.00	19226.00
chr20	61910250	61910347	97	97	130.00	213.00	169.28	162.00	16420.00
chr11	62394042	62394156	114	114	277.00	334.00	306.29	308.50	34917.00
chr5	37301538	37301652	114	114	22.00	28.00	25.63	26.00	2922.00
chr16	4733843	4733933	90	90	203.00	262.00	234.18	238.00	21076.00
chr15	43693913	43694048	135	135	49.00	67.00	58.81	60.00	7940.00
chr11	18764538	18764622	84	84	273.00	399.00	332.82	327.50	27957.00
chr17	57842331	57842499	168	168	136.00	171.00	150.23	146.00	25239.00
chr9	96076729	96078064	1335	1335	10.00	51.00	26.43	26.00	35281.00
chr11	12246219	12246367	148	148	371.00	533.00	456.41	452.50	67549.00
chr12	7030743	7031565	822	822	15.00	4992.00	1718.03	31.00	1412220.00
chr3	14523178	14523349	171	171	18.00	44.00	31.02	32.00	5305.00
chr5	758508	759483	975	975	11.00	36.00	22.09	22.00	21537.00
chr12	22635490	22635677	187	187	54.00	82.00	68.97	71.00	12898.00
chr5	14479369	14479459	90	90	178.00	236.00	201.82	203.00	18164.00
chr6	143655214	143656079	865	865	0.00	14.00	7.04	7.00	6089.00
chr7	75508360	75508578	218	218	109.00	1146.00	889.80	1015.50	193977.00
chr11	60697981	60698131	150	150	220.00	434.00	300.95	279.00	45143.00
chr1	151400598	151400889	291	291	98.00	228.00	163.74	168.00	47649.00
chr5	172196431	172197309	878	878	7.00	177.00	57.87	25.00	50809.00
chr3	49152660	49152794	134	134	76.00	99.00	87.77	88.00	11761.00
chr7	5518281	5519950	1669	1669	19.00	128.00	83.36	85.00	139126.00
chr17	16691106	16691449	343	343	5.00	121.00	64.84	89.00	22240.00
chr2	220086993	220087172	179	179	221.00	308.00	275.44	279.00	49303.00
chr10	51746916	51748006	1090	1090	2.00	143.00	46.44	39.00	50625.00
chr12	7302118	7302289	171	171	784.00	1086.00	945.56	943.00	161690.00
chr11	59562844	59562955	111	111	32.00	68.00	52.11	60.00	5784.00
chr12	6100984	6101184	200	200	56.00	83.00	70.27	72.00	14054.00
chr19	5683274	5683627	353	353	5.00	21.00	13.41	14.00	4734.00
chr12	2786259	2786387	128	128	39.00	48.00	44.12	44.00	5648.00
chr15	26812727	26812880	153	153	266.00	467.00	344.47	331.00	52704.00
chr1	149007980	149008798	818	818	1.00	10.00	3.50	2.00	2863.00
chr19	54965608	54965861	253	253	123.00	293.00	185.32	170.00	46886.00
chr8	27293259	27293310	51	51	306.00	439.00	379.08	380.00	19333.00
chr15	23014437	23014528	91	91	128.00	166.00	148.46	149.00	13510.00
chr1	111717500	111717585	85	85	83.00	139.00	111.61	112.00	9487.00
chr6	150157220	150157433	213	213	220.00	278.00	255.72	258.00	54468.00
chr13	114566547	114566670	123	123	20.00	109.00	58.23	44.00	7162.00
chr16	58539291	58539605	314	314	4.00	35.00	22.00	21.00	6908.00
chr1	21936612	21936768	156	156	502.00	1112.00	755.24	778.50	117818.00
chr1	17322880	17322991	111	111	301.00	513.00	413.43	467.00	45891.00
chr11	60699455	60699599	144	144	406.00	545.00	482.15	493.00	69430.00
chr5	6749669	6749770	101	101	61.00	107.00	80.08	75.00	8088.00
chr16	2156805	2156949	144	144	210.00	362.00	279.04	250.00	40182.00
chr15	34690834	34690930	96	96	101.00	251.00	186.97	186.00	17949.00
chr3	11074933	11075425	492	492	10.00	633.00	121.67	23.00	59863.00
chr5	74655222	74655381	159	159	168.00	270.00	215.81	211.00	34314.00
chr20	20022968	20023160	192	192	40.00	92.00	65.11	66.50	12502.00
chr2	39055481	39055578	97	97	33.00	44.00	37.59	38.00	3646.00
chr19	16793231	16793528	297	297	8.00	343.00	94.97	13.00	28207.00
chr2	219205450	219205509	59	59	121.00	149.00	138.92	141.00	8196.00
chr17	74087429	74087729	300	300	14.00	56.00	41.50	43.00	12451.00
chr3	184058150	184060036	1886	1886	9.00	789.00	138.93	45.00	262018.00
chr6	90333128	90333263	135	135	71.00	101.00	86.40	88.00	11664.00
chr12	125267019	125267429	410	410	23.00	65.00	41.12	38.00	16859.00
chr1	207942580	207943104	524	524	6.00	69.00	39.16	39.00	20522.00
chr4	89356876	89357043	167	167	51.00	76.00	64.79	65.00	10820.00
chr7	101995498	101995736	238	238	6.00	23.00	11.44	10.00	2723.00
chr3	11067458	11067562	104	104	461.00	608.00	543.76	544.50	56551.00
chr5	95734582	95734740	158	158	150.00	208.00	179.65	181.00	28384.00
chr6	152529106	152529341	235	235	127.00	182.00	157.09	159.00	36917.00
chr5	102295578	102295763	185	185	181.00	264.00	225.29	224.00	41678.00
chr22	21072980	21073110	130	130	1123.00	1827.00	1499.94	1583.00	194992.00
chr12	121855306	121855714	408	408	75.00	232.00	126.12	121.00	51458.00
chr1	160326389	160326544	155	155	125.00	177.00	148.88	149.00	23077.00
chr11	60670930	60671007	77	77	394.00	465.00	429.97	433.00	33108.00
chr17	79804822	79804948	126	126	375.00	593.00	498.40	515.50	62799.00
chr16	18527204	18527332	128	128	593.00	815.00	726.40	733.50	92979.00
chr16	16372518	16372646	128	128	634.00	869.00	773.89	778.50	99058.00
chr2	32750530	32750695	165	165	36.00	57.00	46.02	47.00	7594.00
chr14	69369193	69369279	86	86	312.00	436.00	366.76	363.50	31541.00
chr7	66418212	66418356	144	144	156.00	208.00	181.27	180.00	26103.00
chr6	44107988	44108097	109	109	127.00	189.00	169.16	176.00	18438.00
chr7	70885893	70886091	198	198	404.00	919.00	603.59	499.00	119511.00
chr8	27295281	27295397	116	116	392.00	485.00	435.69	436.00	50540.00
chr7	73122918	73123018	100	100	1382.00	1784.00	1659.42	1657.00	165942.00
chr15	34698874	34699071	197	197	134.00	190.00	162.98	161.00	32107.00
chr8	22009343	22009513	170	170	277.00	617.00	404.01	405.50	68681.00
chr7	1526557	1526737	180	180	70.00	177.00	119.71	124.00	21548.00
chr5	178053946	178054065	119	119	19.00	230.00	132.16	134.00	15727.00
chr12	6103027	6103369	342	342	40.00	82.00	57.51	58.00	19667.00
chr2	3479491	3480482	991	991	5.00	29.00	12.62	12.00	12504.00
chr3	33883388	33883566	178	178	98.00	139.00	116.88	117.00	20804.00
chr19	11019778	11019883	105	105	139.00	209.00	178.09	188.00	18699.00
chr7	98446205	98446318	113	113	1269.00	2202.00	1697.37	1595.00	191803.00
chr8	106813274	106813932	658	658	17.00	48.00	33.04	35.00	21738.00
chr2	223795338	223795530	192	192	355.00	623.00	438.72	410.00	84235.00
chr7	75511146	75511554	408	408	751.00	1270.00	970.79	979.00	396083.00
chr21	40184926	40185038	112	112	126.00	228.00	180.15	200.00	20177.00
chr19	53383575	53385236	1661	1661	6.00	40.00	21.79	22.00	36199.00
chr19	14208130	14208295	165	165	7.00	651.00	425.52	553.00	70210.00
chr15	91461013	91461618	605	605	11.00	351.00	115.78	20.00	70044.00
chr8	145278010	145278133	123	123	57.00	83.00	70.79	69.00	8707.00
chr16	28132990	28133083	93	93	164.00	259.00	203.55	196.00	18930.00
chr11	125280091	125280221	130	130	118.00	166.00	138.00	138.00	17940.00
chr15	63128089	63128317	228	228	57.00	315.00	213.33	234.00	48640.00
chr9	131181435	131181557	122	122	11.00	315.00	269.78	285.50	32913.00
chr19	3281196	3281343	147	147	327.00	426.00	384.26	390.00	56486.00
chr11	6240200	6240280	80	80	56.00	78.00	69.50	71.00	5560.00
chr20	31019123	31019287	164	164	37.00	52.00	47.23	49.00	7745.00
chr6	46825865	46827260	1395	1395	36.00	88.00	61.94	62.00	86407.00
chr12	1672006	1672666	660	660	7.00	46.00	22.86	20.00	15085.00
chr12	9098824	9099001	177	177	193.00	306.00	245.15	242.00	43392.00
chr7	121738503	121738630	127	127	17.00	27.00	22.03	22.00	2798.00
chr19	40875814	40875935	121	121	1129.00	1494.00	1304.30	1301.00	157820.00
chr20	3581592	3581671	79	79	92.00	118.00	106.30	107.00	8398.00
chr17	7226965	7227042	77	77	77.00	100.00	87.68	87.00	6751.00
chr2	74331800	74332809	1009	1009	12.00	50.00	26.07	23.00	26304.00
chr1	209785136	209785610	474	474	11.00	297.00	218.71	238.00	103669.00
chr9	35546426	35548532	2106	2106	147.00	414.00	238.49	230.00	502265.00
chr17	80040198	80040290	92	92	356.00	445.00	401.43	408.50	36932.00
chr11	73074791	73075284	493	493	11.00	209.00	69.12	21.00	34076.00
chr20	44674976	44675075	99	99	403.00	505.00	465.35	466.00	46070.00
chr20	5892091	5892328	237	237	89.00	595.00	365.79	437.00	86693.00
chr17	20316581	20317594	1013	1013	4.00	31.00	15.06	14.00	15256.00
chr12	99478702	99478801	99	99	185.00	239.00	210.00	202.00	20790.00
chr17	40842756	40842960	204	204	371.00	567.00	474.38	471.50	96773.00
chr11	107501142	107501288	146	146	260.00	370.00	310.77	309.50	45372.00
chr11	85429236	85429532	296	296	3.00	42.00	14.55	11.00	4308.00
chr20	9449217	9449319	102	102	36.00	56.00	49.70	51.00	5069.00
chr14	23371395	23371591	196	196	118.00	191.00	158.57	166.50	31080.00
chr7	716865	716957	92	92	1582.00	2164.00	1967.08	1965.50	180971.00
chr10	48862360	48862682	322	322	22.00	346.00	191.68	223.00	61722.00
chr10	68686678	68688210	1532	1532	40.00	166.00	76.26	66.00	116826.00
chr5	179674854	179674926	72	72	317.00	385.00	348.82	351.00	25115.00
chr1	209773327	209773456	129	129	248.00	350.00	299.64	306.00	38654.00
chr17	45691034	45691091	57	57	482.00	561.00	515.91	512.00	29407.00
chr1	19669871	19670118	247	247	20.00	40.00	32.88	34.00	8122.00
chr17	45664025	45664710	685	685	6.00	424.00	87.00	45.00	59597.00
chr19	2337634	2338840	1206	1206	15.00	73.00	31.56	29.00	38065.00
chr8	22011480	22011552	72	72	443.00	527.00	483.75	489.50	34830.00
