#chrom	start	end	size	num_data	min	max	mean	median	sum
chr12	1940100	1940691	591	591	67.00	137.00	96.50	92.00	57030.00
chr1	27480473	27481381	908	908	33.00	119.00	83.73	84.00	76024.00
chr15	63112684	63112809	125	125	355.00	465.00	406.96	406.00	50870.00
chr5	149231737	149232254	517	517	19.00	47.00	33.46	33.00	17301.00
chr5	140865429	140867182	1753	1753	24.00	81.00	50.01	51.00	87662.00
chr1	32209793	32209958	165	165	278.00	410.00	328.36	317.00	54179.00
chr16	87873307	87873431	124	124	208.00	333.00	272.45	273.50	33784.00
chr17	34157438	34158175	737	737	10.00	39.00	28.53	30.00	21024.00
chr2	127815619	127816088	469	469	27.00	109.00	72.02	71.00	33779.00
chr1	208212965	208213112	147	147	142.00	199.00	168.69	166.00	24797.00
chr22	19703883	19704666	783	783	24.00	81.00	53.87	52.00	42179.00
chr16	87872319	87872423	104	104	229.00	318.00	265.74	252.00	27637.00
chr9	140055740	140055868	128	128	2081.00	2309.00	2189.95	2195.50	280314.00
chr22	21096515	21096643	128	128	854.00	1166.00	989.82	991.00	126697.00
chr9	140056321	140056540	219	219	4.00	2999.00	1911.03	2267.00	418515.00
chr11	78379981	78380253	272	272	34.00	62.00	52.62	55.00	14314.00
chr3	11070420	11070533	113	113	486.00	594.00	527.50	520.00	59607.00
chr1	109812554	109813222	668	668	13.00	818.00	340.21	398.00	227257.00
chr2	220161954	220162155	201	201	736.00	1225.00	1048.35	1086.00	210719.00
chr15	74706887	74707086	199	199	221.00	353.00	259.83	251.00	51706.00
chr17	7318829	7319426	597	597	280.00	557.00	400.27	411.00	238959.00
chr1	21560050	21560154	104	104	67.00	92.00	77.46	77.00	8056.00
chr1	25573799	25573952	153	153	14.00	600.00	399.27	472.00	61089.00
chr14	93198993	93199160	167	167	184.00	292.00	250.81	256.00	41885.00
chr1	205554003	205554119	116	116	335.00	489.00	416.13	435.50	48271.00
chr1	9795005	9795232	227	227	2383.00	3696.00	3052.19	3065.00	692848.00
chr17	42426525	42426670	145	145	95.00	169.00	129.46	125.00	18772.00
chr18	70205887	70206179	292	292	17.00	432.00	176.57	31.00	51558.00
chr1	205553082	205553251	169	169	369.00	507.00	434.29	433.00	73395.00
chr9	140056623	140056766	143	143	17.00	2481.00	1596.16	1838.00	228251.00
chr6	33412147	33412394	247	247	37.00	718.00	420.57	568.00	103882.00
chr12	89992366	89992547	181	181	9.00	1285.00	916.77	999.00	165936.00
chr2	220088827	220089576	749	749	176.00	359.00	257.49	254.00	192858.00
chr14	100763073	100765222	2149	2149	34.00	143.00	93.45	94.00	200830.00
chr1	110740697	110742543	1846	1846	21.00	1622.00	897.22	849.00	1656273.00
chr1	149878201	149879758	1557	1557	20.00	2115.00	531.22	61.00	827116.00
chr3	197264139	197265259	1120	1120	22.00	79.00	44.61	43.00	49961.00
chr8	56449623	56450530	907	907	18.00	60.00	31.83	31.00	28874.00
chr9	139354208	139354326	118	118	93.00	136.00	108.03	103.00	12748.00
chr1	32204908	32205236	328	328	674.00	884.00	779.05	784.00	255528.00
chr7	75608768	75608897	129	129	140.00	186.00	169.78	172.00	21901.00
chr19	45161029	45161178	149	149	75.00	126.00	105.10	109.00	15660.00
chr19	5243911	5244493	582	582	152.00	321.00	202.64	187.00	117938.00
chr6	32119585	32119717	132	132	9.00	666.00	351.39	368.50	46384.00
chr3	42670878	42672067	1189	1189	14.00	64.00	35.25	35.00	41908.00
chr11	45892392	45892485	93	93	182.00	287.00	223.89	215.00	20822.00
chr17	80040789	80040991	202	202	511.00	737.00	626.19	623.50	126491.00
chr2	74902875	74903036	161	161	88.00	126.00	105.88	106.00	17046.00
chr17	38335969	38337946	1977	1977	19.00	271.00	57.99	47.00	114646.00
chr16	87870103	87870253	150	150	218.00	370.00	276.32	260.00	41448.00
chr1	32205947	32206142	195	195	612.00	830.00	717.04	702.00	139822.00
chr6	44117553	44117702	149	149	33.00	503.00	297.07	350.00	44263.00
chr1	159163659	159163830	171	171	1443.00	1788.00	1632.39	1651.00	279139.00
chr3	445565	446023	458	458	13.00	43.00	30.03	29.00	13753.00
chr2	25048913	25048995	82	82	240.00	305.00	278.12	275.00	22806.00
chr10	99504485	99504672	187	187	115.00	187.00	149.81	151.00	28014.00
chr4	54364807	54365010	203	203	122.00	225.00	166.84	167.00	33869.00
chr17	1634367	1634552	185	185	34.00	76.00	56.11	58.00	10380.00
chr7	72416124	72416247	123	123	131.00	180.00	151.96	150.00	18691.00
chr1	208212169	208212329	160	160	141.00	179.00	158.09	158.00	25294.00
chr9	140952500	140952702	202	202	85.00	145.00	117.80	115.00	23796.00
chr6	44197325	44197528	203	203	156.00	192.00	173.06	172.00	35131.00
chr6	44197643	44198218	575	575	53.00	161.00	98.25	79.00	56496.00
chr11	118981972	118982084	112	112	232.00	361.00	300.84	313.00	33694.00
chr5	150503846	150503952	106	106	8.00	2484.00	1778.64	2262.50	188536.00
chr11	118981761	118981878	117	117	340.00	408.00	367.95	365.00	43050.00
chr11	126314873	126315000	127	127	91.00	127.00	109.25	107.00	13875.00
chr1	159165808	159166244	436	436	7.00	1763.00	354.31	33.00	154477.00
chr7	134893542	134893750	208	208	55.00	74.00	63.41	62.00	13189.00
chr9	121976196	121976433	237	237	279.00	476.00	374.59	392.00	88778.00
chr19	54691042	54691169	127	127	412.00	722.00	525.45	468.00	66732.00
chr22	38621430	38621600	170	170	350.00	493.00	435.85	448.00	74094.00
chr13	42035681	42036205	524	524	13.00	35.00	26.41	25.00	13838.00
chr20	1915360	1915413	53	53	19.00	2190.00	1466.26	1809.00	77712.00
chr5	14496987	14497126	139	139	228.00	435.00	319.82	316.00	44455.00
chr12	56528125	56528212	87	87	153.00	187.00	171.95	174.00	14960.00
chr3	47466974	47467101	127	127	146.00	177.00	162.32	161.00	20615.00
chr17	7415476	7415663	187	187	198.00	330.00	259.76	255.00	48575.00
chr3	33588037	33589252	1215	1215	12.00	56.00	33.82	34.00	41088.00
chr7	887833	888615	782	782	20.00	139.00	60.54	54.00	47341.00
chr10	24813251	24813693	442	442	39.00	120.00	80.59	94.00	35622.00
chr1	109812045	109812213	168	168	345.00	596.00	466.54	456.50	78379.00
chr19	15276597	15276902	305	305	76.00	110.00	94.84	95.00	28927.00
chr16	2334779	2334999	220	220	284.00	383.00	333.02	330.50	73265.00
chr16	68404761	68405261	500	500	28.00	71.00	50.87	52.00	25434.00
chr4	110969111	110969871	760	760	29.00	106.00	66.81	70.00	50772.00
chr1	145693161	145693996	835	835	14.00	161.00	77.63	69.00	64820.00
chr7	44282848	44282932	84	84	803.00	955.00	904.10	906.00	75944.00
chr2	220164315	220164508	193	193	35.00	735.00	328.85	48.00	63468.00
chr12	50472203	50472360	157	157	130.00	174.00	150.20	150.00	23582.00
chr2	220163768	220163833	65	65	752.00	998.00	903.55	914.00	58731.00
chr2	222289928	222290862	934	934	257.00	422.00	332.39	330.00	310448.00
chr12	57599133	57599268	135	135	441.00	660.00	527.95	540.00	71273.00
chr7	157475416	157475629	213	213	383.00	564.00	467.66	467.00	99612.00
chr1	32203800	32203927	127	127	564.00	942.00	768.27	818.00	97570.00
chr1	109811731	109811912	181	181	422.00	627.00	514.30	516.00	93088.00
chr9	140052830	140052975	145	145	1385.00	3145.00	2376.93	2581.00	344655.00
chr2	220161706	220161854	148	148	978.00	1541.00	1248.76	1270.50	184816.00
chr16	29896906	29897070	164	164	602.00	1006.00	848.13	888.00	139094.00
chr16	47143393	47143622	229	229	93.00	130.00	109.42	108.00	25057.00
chr11	993753	993985	232	232	291.00	534.00	423.25	426.00	98194.00
chr9	124059698	124061137	1439	1439	14.00	121.00	59.48	49.00	85587.00
chr9	140350140	140350634	494	494	15.00	87.00	57.96	59.50	28632.00
chr11	14504577	14504697	120	120	131.00	180.00	153.08	149.00	18370.00
chr3	49898612	49898733	121	121	837.00	1208.00	1053.04	1078.00	127418.00
chr9	131811659	131811777	118	118	102.00	138.00	121.14	120.50	14295.00
chr9	131810705	131810818	113	113	94.00	139.00	121.42	121.00	13721.00
chr1	223400935	223401080	145	145	153.00	241.00	207.35	207.00	30066.00
chr12	125612185	125612820	635	635	13.00	251.00	65.40	35.00	41531.00
chr2	220088590	220088744	154	154	238.00	331.00	290.14	288.00	44681.00
chr9	70888487	70888750	263	263	6.00	51.00	32.40	33.00	8521.00
chr14	69813756	69813898	142	142	190.00	229.00	209.58	208.50	29760.00
chr2	47399145	47399890	745	745	19.00	498.00	90.33	87.00	67293.00
chr11	62688689	62689041	352	352	16.00	259.00	89.31	30.50	31438.00
chr6	43745205	43745407	202	202	8.00	154.00	127.81	125.00	25817.00
chr3	11072492	11072997	505	505	25.00	830.00	197.59	64.00	99781.00
chr7	2696031	2696168	137	137	274.00	340.00	314.06	322.00	43026.00
chr16	14969196	14969279	83	83	843.00	1431.00	1168.46	1232.00	96982.00
chr17	7377847	7378026	179	179	23.00	35.00	29.31	29.00	5247.00
chr12	65639640	65639719	79	79	95.00	176.00	123.59	114.00	9764.00
chr12	50294912	50295108	196	196	2031.00	3565.00	2436.02	2383.00	477460.00
chr19	42485653	42485788	135	135	3232.00	4638.00	3875.71	3932.00	523221.00
chr10	99509230	99509343	113	113	186.00	308.00	233.12	227.00	26343.00
chr22	38883877	38888120	4243	4243	145.00	1744.00	544.99	501.00	2312394.00
chr12	49416372	49416658	286	286	138.00	200.00	170.22	169.00	48683.00
chr6	24843089	24843782	693	693	39.00	99.00	66.05	65.00	45772.00
chr5	176295561	176295665	104	104	318.00	399.00	356.16	356.00	37041.00
chr10	99510087	99510227	140	140	232.00	329.00	280.76	277.50	39307.00
chr1	159173658	159174770	1112	1112	34.00	267.00	87.13	62.00	96893.00
chr11	1780745	1780869	124	124	1416.00	2033.00	1788.21	1900.50	221738.00
chr19	42486059	42486258	199	199	2190.00	3633.00	2881.34	2864.00	573387.00
chr3	47465422	47465535	113	113	157.00	228.00	187.85	186.00	21227.00
chr1	21573713	21573856	143	143	66.00	97.00	80.17	80.00	11465.00
chr11	65320330	65320453	123	123	179.00	277.00	239.37	246.00	29443.00
chr3	47462420	47462519	99	99	174.00	330.00	272.89	299.00	27016.00
chr2	219204751	219204864	113	113	246.00	346.00	302.16	296.00	34144.00
chr1	43906123	43906257	134	134	40.00	70.00	53.09	50.50	7114.00
chr7	38785158	38785840	682	682	25.00	426.00	75.55	48.00	51528.00
chr2	153499932	153500058	126	126	174.00	255.00	223.83	231.00	28202.00
chr1	32203011	32203132	121	121	19.00	860.00	654.13	759.00	79150.00
chr22	42290823	42290941	118	118	660.00	999.00	859.12	857.00	101376.00
chr19	47940718	47940818	100	100	639.00	884.00	763.02	758.50	76302.00
chr4	119539150	119539274	124	124	14.00	44.00	31.78	33.00	3941.00
chr17	44117067	44117250	183	183	103.00	130.00	114.87	113.00	21022.00
chr19	42485873	42485983	110	110	2358.00	3306.00	2949.86	3082.50	324485.00
chr6	44114583	44114664	81	81	157.00	198.00	181.01	182.00	14662.00
chr19	47941105	47941292	187	187	12.00	971.00	522.76	709.00	97757.00
chr11	73074250	73074500	250	250	239.00	354.00	303.20	304.50	75799.00
chr3	33418764	33418825	61	61	297.00	403.00	346.98	355.00	21166.00
chr1	700258	700505	247	247	31.00	85.00	59.54	60.00	14706.00
chr9	74319510	74319719	209	209	48.00	84.00	62.17	61.00	12994.00
chr16	2336694	2336968	274	274	198.00	576.00	397.23	394.50	108841.00
chr20	3575125	3575219	94	94	135.00	236.00	162.07	159.50	15235.00
chr9	139231377	139231529	152	152	108.00	133.00	117.95	117.00	17929.00
chr5	140515951	140516498	547	547	11.00	32.00	24.39	25.00	13341.00
chr1	21938208	21938309	101	101	753.00	991.00	873.50	881.00	88223.00
chr3	155659188	155659936	748	748	31.00	220.00	133.39	142.00	99773.00
chr16	27483068	27483241	173	173	133.00	196.00	167.35	166.00	28951.00
chr11	994071	994245	174	174	151.00	348.00	271.87	307.00	47306.00
chr7	71175745	71175913	168	168	550.00	834.00	703.03	726.00	118109.00
chr12	121204065	121204175	110	110	233.00	327.00	287.78	285.00	31656.00
chr7	73118679	73118753	74	74	1353.00	1814.00	1572.66	1572.50	116377.00
chr9	140972565	140972710	145	145	110.00	158.00	135.90	137.00	19706.00
chr12	121683329	121684024	695	695	15.00	54.00	36.14	36.00	25114.00
chr16	74493579	74493687	108	108	239.00	298.00	272.46	270.00	29426.00
chr2	36771518	36771641	123	123	183.00	260.00	218.23	220.00	26842.00
chr7	94187181	94187996	815	815	13.00	44.00	27.14	27.00	22123.00
chr14	94156951	94157239	288	288	9.00	22.00	15.71	17.00	4525.00
chr7	121739000	121739524	524	524	16.00	37.00	26.41	26.00	13841.00
chr1	19549117	19549328	211	211	140.00	216.00	180.57	180.00	38101.00
chr19	5214571	5214747	176	176	333.00	593.00	392.34	368.00	69051.00
chr19	42557753	42557861	108	108	193.00	238.00	218.38	218.00	23585.00
chr15	102510686	102510925	239	239	13.00	44.00	30.46	33.00	7279.00
chr5	167673761	167675376	1615	1615	52.00	180.00	97.60	89.00	157616.00
chr7	44282158	44282253	95	95	847.00	1112.00	942.28	904.00	89517.00
chr2	160621061	160621717	656	656	22.00	198.00	50.05	39.00	32831.00
chr5	10426501	10426634	133	133	367.00	506.00	451.27	471.00	60019.00
chr16	1814301	1814460	159	159	756.00	869.00	802.60	802.00	127613.00
chr11	21581734	21581928	194	194	153.00	241.00	178.58	166.50	34645.00
chr3	126749085	126749255	170	170	200.00	280.00	242.88	252.00	41290.00
chr11	12237765	12237866	101	101	545.00	711.00	613.21	599.00	61934.00
chr6	31750872	31750963	91	91	179.00	221.00	199.65	200.00	18168.00
chr3	53124201	53124398	197	197	18.00	42.00	28.97	29.00	5707.00
chr2	220161470	220161544	74	74	1128.00	1434.00	1342.35	1371.00	99334.00
chr2	128951046	128951785	739	739	26.00	136.00	76.21	78.00	56318.00
chr5	24535811	24535931	120	120	128.00	188.00	156.03	153.00	18724.00
chr1	44083406	44083582	176	176	259.00	443.00	330.30	310.50	58132.00
chr1	32207653	32207818	165	165	408.00	640.00	524.47	527.00	86537.00
chr12	7293754	7294000	246	246	16.00	1258.00	767.76	1104.00	188869.00
chr3	131442289	131442469	180	180	153.00	194.00	170.87	172.00	30756.00
chr3	49898871	49899298	427	427	43.00	1285.00	527.15	721.00	225092.00
chr16	66432358	66432464	106	106	53.00	78.00	64.18	64.00	6803.00
chr1	20982593	20982680	87	87	429.00	522.00	473.26	470.00	41174.00
chr16	68398653	68398809	156	156	54.00	73.00	61.73	61.50	9630.00
chr17	16676818	16678279	1461	1461	10.00	50.00	32.56	32.00	47574.00
chr1	109814899	109815027	128	128	470.00	669.00	584.75	611.00	74848.00
chr1	21940478	21940582	104	104	1001.00	1243.00	1115.96	1117.50	116060.00
chr20	57468284	57468793	509	509	8.00	36.00	21.57	22.00	10981.00
chr3	127358087	127358366	279	279	258.00	740.00	467.27	437.00	130369.00
chr3	126735359	126735527	168	168	116.00	185.00	149.28	152.00	25079.00
chr10	103869140	103869264	124	124	447.00	650.00	556.46	567.00	69001.00
chr20	44520554	44520666	112	112	211.00	287.00	258.53	260.00	28955.00
chr1	32203252	32203356	104	104	547.00	807.00	693.17	710.50	72090.00
chr21	40186196	40186316	120	120	384.00	459.00	429.98	430.00	51597.00
chr5	111067153	111068349	1196	1196	10.00	62.00	34.20	32.00	40909.00
chr9	128002954	128003186	232	232	522.00	760.00	652.15	659.00	151298.00
chr1	43408896	43408992	96	96	227.00	299.00	258.36	251.00	24803.00
chr3	47463931	47464026	95	95	176.00	231.00	207.65	211.00	19727.00
chr2	220161160	220161238	78	78	1128.00	1311.00	1214.99	1214.50	94769.00
chr11	62472772	62473089	317	317	1541.00	2688.00	2070.27	2113.00	656276.00
chr9	130986341	130986906	565	565	11.00	829.00	194.15	40.00	109697.00
chr14	69358769	69359000	231	231	279.00	379.00	323.26	323.00	74673.00
chr11	64416205	64416379	174	174	196.00	314.00	256.93	263.50	44706.00
chr17	8398454	8398559	105	105	445.00	626.00	544.46	532.00	57168.00
chr12	53572943	53574193	1250	1250	15.00	111.00	64.02	64.00	80021.00
chr17	17696544	17701827	5283	5283	46.00	291.00	117.95	112.00	623140.00
chr8	11705187	11705331	144	144	1326.00	1699.00	1527.41	1529.00	219947.00
chr19	54963829	54963931	102	102	478.00	576.00	521.83	511.50	53227.00
chr2	70451682	70456295	4613	4613	8.00	227.00	62.13	58.00	286621.00
chr11	118873959	118874169	210	210	17.00	49.00	34.34	35.00	7212.00
chr10	75548427	75548581	154	154	102.00	151.00	127.38	126.50	19616.00
chr6	33414351	33414563	212	212	469.00	761.00	628.30	629.00	133200.00
chr17	80042910	80043032	122	122	275.00	347.00	317.28	321.50	38708.00
chr11	11470290	11470483	193	193	75.00	116.00	99.13	102.00	19133.00
chr8	23294446	23294771	325	325	175.00	248.00	213.69	216.00	69450.00
chr1	116932060	116932663	603	603	13.00	3966.00	1370.63	46.00	826490.00
chr15	83222627	83222741	114	114	156.00	196.00	177.40	178.00	20224.00
chr3	9841562	9841751	189	189	22.00	51.00	36.66	36.00	6928.00
chr1	116937731	116937907	176	176	2693.00	4857.00	3248.92	2980.00	571810.00
chr16	87868019	87868197	178	178	215.00	261.00	233.89	235.00	41633.00
chr3	124209540	124209731	191	191	729.00	1118.00	904.60	873.00	172779.00
chr7	71142195	71142291	96	96	643.00	865.00	744.16	742.50	71439.00
chr5	130497324	130497584	260	260	5.00	23.00	16.97	16.00	4411.00
chr13	100199238	100199358	120	120	392.00	564.00	478.77	479.00	57452.00
chr5	139943336	139943506	170	170	38.00	288.00	240.95	243.00	40962.00
chr17	74395529	74396002	473	473	136.00	248.00	200.52	202.00	94847.00
chr14	93179149	93179216	67	67	279.00	322.00	300.01	301.00	20101.00
chr4	160277004	160277310	306	306	69.00	514.00	269.52	269.00	82473.00
chr17	40666306	40666478	172	172	1089.00	1838.00	1458.87	1513.50	250926.00
chr15	34828065	34828207	142	142	11.00	387.00	253.36	264.50	35977.00
chr14	100165802	100165876	74	74	487.00	574.00	527.54	526.00	39038.00
chr22	20128089	20128231	142	142	24.00	176.00	118.89	165.00	16883.00
chr12	3392210	3394421	2211	2211	17.00	139.00	71.56	73.00	158224.00
chr17	16687866	16690667	2801	2801	9.00	211.00	50.15	45.00	140460.00
chr6	31664724	31664810	86	86	143.00	267.00	191.66	182.50	16483.00
chr6	30627512	30627611	99	99	49.00	79.00	64.69	65.00	6404.00
chr11	18752834	18755060	2226	2226	15.00	1084.00	160.60	82.00	357503.00
chr12	109332602	109332731	129	129	431.00	680.00	546.96	570.00	70558.00
chr6	90072884	90073110	226	226	22.00	36.00	30.46	30.00	6885.00
chr16	2689371	2689711	340	340	0.00	1.00	0.55	1.00	188.00
chr1	20987373	20987484	111	111	351.00	501.00	435.94	433.00	48389.00
chr14	85985300	85986667	1367	1367	4.00	38.00	22.57	23.00	30859.00
chr13	32863769	32863880	111	111	200.00	290.00	240.86	241.00	26735.00
chr16	1510418	1510528	110	110	111.00	176.00	140.78	141.00	15486.00
chr19	54963269	54963444	175	175	543.00	759.00	634.24	640.00	110992.00
chr6	44224078	44224233	155	155	64.00	104.00	80.68	77.00	12506.00
chr20	3151172	3152285	1113	1113	26.00	102.00	66.09	69.00	73561.00
chr1	892273	892405	132	132	186.00	324.00	225.92	206.50	29822.00
chr16	90192167	90192724	557	557	15.00	90.00	62.17	65.00	34628.00
chr9	111663704	111663810	106	106	161.00	204.00	182.09	181.00	19302.00
chr6	44108764	44108835	71	71	199.00	246.00	221.20	223.00	15705.00
chr1	36028802	36029027	225	225	2466.00	4066.00	3175.59	3074.00	714507.00
chr11	66807259	66807674	415	415	28.00	243.00	197.03	204.00	81767.00
chr1	178426817	178427679	862	862	56.00	124.00	83.87	79.00	72298.00
chr19	42482302	42482478	176	176	2495.00	4282.00	3072.14	2958.00	540696.00
chr1	44084718	44084873	155	155	220.00	458.00	314.37	297.00	48727.00
chr1	109812315	109812442	127	127	448.00	598.00	540.56	556.00	68651.00
chr3	180324268	180324391	123	123	138.00	193.00	173.32	178.00	21318.00
chr15	63933668	63933842	174	174	250.00	403.00	320.76	309.00	55812.00
chr20	44521363	44521519	156	156	303.00	460.00	380.12	376.50	59299.00
chr3	33416779	33416910	131	131	186.00	327.00	241.89	240.00	31688.00
chr1	21934624	21934843	219	219	11.00	982.00	499.15	706.00	109313.00
chr14	69799801	69799886	85	85	133.00	221.00	179.46	182.00	15254.00
chr1	116936134	116936345	211	211	12.00	3425.00	2752.85	3020.00	580852.00
chr14	23634493	23634645	152	152	67.00	115.00	95.30	103.00	14486.00
chr16	1402538	1402947	409	409	29.00	72.00	50.52	51.00	20662.00
chr9	20331	25000	4669	4669	0.00	202.00	67.19	67.00	313708.00
chr17	43545574	43545959	385	385	18.00	54.00	36.97	36.00	14233.00
chr13	100201418	100201476	58	58	423.00	549.00	484.33	482.00	28091.00
chr15	41865505	41865665	160	160	517.00	901.00	686.03	698.00	109765.00
chr19	19641688	19642196	508	508	30.00	51.00	40.38	41.00	20514.00
chr11	134147593	134148159	566	566	17.00	53.00	33.29	31.00	18840.00
chr2	71656420	71657290	870	870	8.00	62.00	41.55	41.00	36148.00
chr7	97834775	97835016	241	241	204.00	287.00	242.99	243.00	58560.00
chr19	13363804	13363915	111	111	162.00	203.00	184.79	185.00	20512.00
chr18	31328383	31329011	628	628	16.00	41.00	25.64	24.00	16102.00
chr16	66431884	66432009	125	125	30.00	64.00	45.42	39.00	5677.00
chr19	47935155	47935702	547	547	20.00	990.00	400.33	520.00	218983.00
chr12	50291769	50291873	104	104	1892.00	2524.00	2274.06	2317.50	236502.00
chr11	1780198	1780317	119	119	1201.00	1888.00	1461.03	1436.00	173862.00
chr15	65392626	65393167	541	541	26.00	52.00	40.18	42.00	21739.00
chr2	86397871	86397967	96	96	221.00	306.00	264.78	274.00	25419.00
chr7	97866087	97866233	146	146	136.00	199.00	171.88	180.50	25094.00
chr11	60687157	60687402	245	245	141.00	203.00	174.06	173.00	42645.00
chr21	43307700	43309453	1753	1753	21.00	124.00	67.19	64.00	117790.00
chr14	24619269	24619657	388	388	37.00	86.00	60.13	60.00	23330.00
chr11	65320634	65320727	93	93	166.00	211.00	183.04	180.00	17023.00
chr16	29891184	29891385	201	201	691.00	969.00	827.25	826.00	166278.00
chr1	32207224	32207326	102	102	787.00	1048.00	918.80	920.00	93718.00
chr11	72300218	72300394	176	176	17.00	687.00	233.12	25.00	41029.00
chr17	7608878	7609038	160	160	40.00	169.00	106.80	106.00	17088.00
chr19	7607646	7607814	168	168	167.00	261.00	216.33	231.50	36343.00
chr19	54966129	54966271	142	142	343.00	522.00	454.92	469.00	64599.00
chr12	57995027	57995131	104	104	367.00	422.00	398.54	400.00	41448.00
chr1	27428875	27429049	174	174	119.00	159.00	140.22	141.00	24399.00
chr2	27688277	27688385	108	108	86.00	119.00	103.59	104.00	11188.00
chr16	2691449	2692254	805	805	0.00	25.00	3.25	2.00	2618.00
chr9	131503813	131503933	120	120	528.00	678.00	601.91	603.00	72229.00
chr16	2347766	2347922	156	156	247.00	320.00	288.21	288.50	44960.00
chr17	80039884	80040036	152	152	463.00	565.00	514.01	508.00	78129.00
chr1	32204432	32204538	106	106	686.00	1002.00	861.81	879.50	91352.00
chr12	9242951	9243078	127	127	247.00	347.00	287.58	289.00	36523.00
chr3	49702661	49702751	90	90	288.00	424.00	377.73	391.50	33996.00
chr19	35820359	35820837	478	478	27.00	71.00	44.45	42.00	21247.00
chr1	201456762	201457615	853	853	26.00	82.00	45.30	40.00	38638.00
chr16	2334279	2334438	159	159	294.00	381.00	323.81	318.00	51486.00
chr10	73578373	73578481	108	108	5090.00	6475.00	5805.90	5780.00	627037.00
chr16	18530550	18530756	206	206	7.00	890.00	411.44	575.00	84756.00
chr16	16369094	16369300	206	206	7.00	951.00	424.67	591.00	87482.00
chr13	113975636	113975785	149	149	18.00	685.00	301.56	23.00	44933.00
chr11	119293822	119294227	405	405	24.00	6975.00	687.91	69.00	278605.00
chr5	150505962	150506041	79	79	1826.00	2199.00	1991.29	1991.00	157312.00
chr22	44224939	44225078	139	139	1373.00	1754.00	1560.68	1555.00	216935.00
chr15	41865199	41865309	110	110	486.00	639.00	553.65	531.00	60902.00
chr17	25633807	25636298	2491	2491	60.00	931.00	413.57	477.00	1030212.00
chr15	72495155	72495529	374	374	32.00	4989.00	2059.17	43.00	770130.00
chr9	42540272	42542124	1852	1852	3.00	46.00	26.47	27.00	49029.00
chr11	119290760	119291704	944	944	20.00	8411.00	2493.70	42.00	2354057.00
chr19	5219949	5220165	216	216	253.00	387.00	308.06	303.50	66540.00
chr15	63910769	63911153	384	384	3.00	110.00	40.82	23.50	15676.00
chr17	74393879	74393969	90	90	227.00	296.00	259.80	257.00	23382.00
chr10	104129467	104129532	65	65	170.00	195.00	185.26	187.00	12042.00
chr3	142454224	142454620	396	396	7.00	32.00	18.54	18.00	7340.00
chr12	121205196	121205396	200	200	226.00	290.00	265.15	266.00	53030.00
chr3	31705570	31705724	154	154	41.00	80.00	58.34	54.00	8984.00
chr6	118635190	118636593	1403	1403	40.00	262.00	199.93	205.00	280507.00
chr8	10339867	10340829	962	962	12.00	70.00	46.06	48.00	44306.00
chr19	16952578	16952779	201	201	190.00	304.00	249.03	252.00	50055.00
chr8	110984486	110985016	530	530	125.00	287.00	219.11	226.50	116127.00
chr9	128001219	128001610	391	391	704.00	1736.00	1235.37	1319.00	483029.00
chr11	73070878	73070997	119	119	227.00	298.00	264.11	262.00	31429.00
chr10	104130140	104130235	95	95	154.00	188.00	172.40	172.00	16378.00
chr5	95733039	95733173	134	134	366.00	481.00	415.43	409.50	55667.00
chr19	59059400	59059547	147	147	330.00	449.00	392.61	394.00	57713.00
chr5	139943169	139943255	86	86	38.00	228.00	189.92	212.00	16333.00
chr17	73487771	73487981	210	210	145.00	277.00	200.56	195.50	42117.00
chr1	154315588	154315777	189	189	48.00	74.00	61.09	61.00	11546.00
chr14	95652726	95653070	344	344	12.00	34.00	24.74	26.00	8511.00
chr12	123639801	123640772	971	971	26.00	75.00	46.03	46.00	44693.00
chr22	47064870	47065171	301	301	14.00	23.00	18.67	19.00	5621.00
chr5	24535220	24535388	168	168	115.00	165.00	144.74	147.00	24317.00
chr12	6806452	6806958	506	506	228.00	700.00	427.51	436.50	216319.00
chr22	29881711	29881836	125	125	630.00	771.00	684.35	680.00	85544.00
chr7	75894681	75894786	105	105	105.00	160.00	133.84	137.00	14053.00
chr12	121089007	121095893	6886	6886	21.00	358.00	117.57	108.00	809570.00
chr1	207940357	207942365	2008	2008	19.00	298.00	67.76	55.00	136065.00
chr7	154681166	154681240	74	74	517.00	661.00	593.61	592.00	43927.00
chr5	131696513	131697529	1016	1016	16.00	50.00	34.14	35.00	34691.00
chr11	1776135	1776258	123	123	818.00	1717.00	1214.22	1174.00	149349.00
chr8	11706554	11706673	119	119	937.00	1407.00	1159.87	1140.00	138025.00
chr11	18759426	18759511	85	85	533.00	635.00	577.34	574.00	49074.00
chr16	61689373	61689625	252	252	105.00	138.00	120.34	120.00	30325.00
chr15	51750702	51750824	122	122	329.00	395.00	358.90	358.00	43786.00
chr9	35555056	35555698	642	642	324.00	680.00	468.43	474.00	300729.00
chr2	198356200	198356621	421	421	7.00	28.00	15.42	13.00	6493.00
chr9	131001723	131001794	71	71	4446.00	5450.00	5140.51	5255.00	364976.00
chr19	5214371	5214491	120	120	416.00	630.00	546.42	537.50	65571.00
chr22	35719488	35719623	135	135	213.00	306.00	272.29	282.00	36759.00
chr12	121678738	121679829	1091	1091	16.00	94.00	40.26	35.00	43923.00
chr14	23820960	23821064	104	104	2070.00	2524.00	2354.24	2379.50	244841.00
chr1	32205710	32205779	69	69	648.00	867.00	753.71	752.00	52006.00
chr3	33420176	33420326	150	150	24.00	401.00	150.25	38.00	22537.00
chr9	114820707	114820966	259	259	62.00	95.00	77.41	76.00	20048.00
chr15	41865876	41866023	147	147	34.00	1107.00	878.10	934.00	129080.00
chr19	55554308	55554637	329	329	14.00	37.00	27.67	29.00	9103.00
chr1	116933403	116933513	110	110	3024.00	3867.00	3490.25	3504.50	383928.00
chr19	15374230	15374359	129	129	101.00	162.00	139.06	142.00	17939.00
chr12	56090682	56090852	170	170	89.00	130.00	107.88	107.50	18339.00
chr14	69445668	69445876	208	208	56.00	290.00	182.07	200.00	37870.00
chr12	57603474	57603651	177	177	406.00	662.00	543.02	552.00	96115.00
chr22	32897492	32898946	1454	1454	22.00	397.00	170.77	151.00	248302.00
chr16	16367702	16367764	62	62	18.00	683.00	361.39	385.00	22406.00
chr19	5245786	5246056	270	270	188.00	356.00	256.77	255.00	69329.00
chr16	74345440	74345829	389	389	17.00	49.00	34.61	35.00	13465.00
chr6	107096899	107097076	177	177	40.00	59.00	51.20	52.00	9063.00
chr1	29641883	29642019	136	136	100.00	123.00	110.89	111.00	15081.00
chr8	97342440	97342509	69	69	277.00	341.00	305.77	303.00	21098.00
chr8	68116914	68117054	140	140	117.00	201.00	162.74	171.00	22784.00
chr22	22037470	22037546	76	76	79.00	116.00	99.62	104.00	7571.00
chr22	50682147	50683420	1273	1273	33.00	214.00	126.90	127.00	161548.00
chr20	44048971	44049069	98	98	199.00	249.00	221.12	217.00	21670.00
chr1	36904356	36904511	155	155	64.00	101.00	83.03	81.00	12870.00
chr12	71054719	71054877	158	158	102.00	180.00	135.03	135.50	21335.00
chr15	50654364	50655515	1151	1151	5.00	52.00	33.25	33.00	38268.00
chr2	234198499	234198620	121	121	144.00	173.00	159.61	160.00	19313.00
chr9	128001699	128001812	113	113	677.00	830.00	756.70	763.00	85507.00
chr8	38272296	38272419	123	123	144.00	182.00	161.80	161.00	19902.00
chr11	73068069	73068179	110	110	187.00	299.00	243.30	245.50	26763.00
chr16	28123137	28123327	190	190	232.00	339.00	278.59	253.50	52933.00
chr12	49424062	49424222	160	160	65.00	110.00	86.31	85.00	13810.00
chr19	50302885	50303023	138	138	537.00	649.00	584.99	575.00	80729.00
chr19	42480567	42480718	151	151	4892.00	6389.00	5744.48	5784.00	867417.00
chr3	197904395	197905301	906	906	0.00	77.00	39.11	47.00	35431.00
chr13	100189992	100190117	125	125	327.00	416.00	373.45	374.00	46681.00
chr19	14268062	14268272	210	210	325.00	533.00	420.52	422.00	88310.00
chr10	93786886	93787057	171	171	115.00	166.00	142.23	142.00	24321.00
chr1	109808726	109808828	102	102	298.00	384.00	335.99	334.00	34271.00
chr4	134075461	134075520	59	59	246.00	356.00	296.85	301.00	17514.00
chr1	22052268	22053864	1596	1596	17.00	95.00	44.15	41.50	70471.00
chr9	140056855	140056968	113	113	1793.00	2246.00	2018.50	1986.00	228091.00
chr19	42482087	42482224	137	137	4328.00	5548.00	4950.79	5028.00	678258.00
chr19	4556962	4557025	63	63	598.00	729.00	666.92	663.00	42016.00
chr19	14266921	14267013	92	92	386.00	497.00	448.07	444.50	41222.00
chr22	42273851	42274127	276	276	10.00	1156.00	640.45	881.00	176764.00
chr1	205549788	205550049	261	261	274.00	401.00	321.31	312.00	83861.00
chr1	110765585	110766522	937	937	98.00	265.00	183.23	189.00	171690.00
chr19	55553595	55554158	563	563	24.00	76.00	45.76	41.00	25763.00
chr7	150929881	150931360	1479	1479	40.00	189.00	81.10	73.00	119948.00
chr3	124215157	124215260	103	103	658.00	983.00	843.26	890.00	86856.00
chr16	58220658	58220760	102	102	144.00	187.00	164.54	162.00	16783.00
chr3	10381925	10382033	108	108	633.00	919.00	828.16	851.00	89441.00
chr10	11356101	11356221	120	120	180.00	217.00	200.15	199.00	24018.00
chr22	42294652	42294785	133	133	790.00	1084.00	976.52	1005.00	129877.00
chr1	2005531	2005714	183	183	26.00	86.00	64.75	67.00	11850.00
chr12	113722522	113722576	54	54	86.00	132.00	114.98	112.00	6209.00
chr9	131502198	131502398	200	200	37.00	754.00	621.40	654.50	124280.00
chr19	40873602	40873786	184	184	1641.00	2424.00	2074.01	2087.50	381618.00
chr2	220162606	220162825	219	219	473.00	821.00	649.35	644.00	142208.00
chr16	28270027	28270355	328	328	18.00	72.00	44.63	45.00	14640.00
chr4	3225718	3225858	140	140	220.00	270.00	245.61	246.00	34386.00
chr17	44127898	44128070	172	172	97.00	131.00	112.33	110.00	19321.00
chr3	47462043	47462262	219	219	165.00	327.00	227.25	218.00	49768.00
chr6	99873090	99873182	92	92	16.00	632.00	287.24	239.00	26426.00
chr7	142561723	142562504	781	781	471.00	1144.00	782.91	768.00	611452.00
chr1	159169540	159169666	126	126	1515.00	1915.00	1742.72	1785.50	219583.00
chr19	7606869	7606953	84	84	133.00	179.00	157.20	156.00	13205.00
chr16	2811561	2818298	6737	6737	16.00	918.00	533.58	548.00	3594752.00
chr3	47450652	47450807	155	155	113.00	145.00	127.48	128.00	19760.00
chr11	118403631	118403922	291	291	211.00	287.00	245.82	245.00	71534.00
chr1	205555161	205555335	174	174	287.00	378.00	335.51	335.50	58379.00
chr12	125603186	125603311	125	125	171.00	234.00	196.00	189.00	24500.00
chr11	86658288	86659498	1210	1210	18.00	58.00	31.75	30.00	38413.00
chr22	37764946	37768745	3799	3799	16.00	640.00	234.71	212.00	891671.00
chr10	46345664	46346215	551	551	10.00	88.00	54.32	55.00	29930.00
chr22	33673045	33673241	196	196	264.00	528.00	374.91	349.00	73482.00
chr9	140042599	140042666	67	67	18.00	500.00	440.57	466.00	29518.00
chr3	48717233	48717320	87	87	277.00	351.00	305.39	303.00	26569.00
chr11	60681600	60681740	140	140	23.00	162.00	91.08	89.50	12751.00
chr10	93784512	93784724	212	212	76.00	114.00	95.47	97.00	20240.00
chr12	7289424	7290372	948	948	27.00	1112.00	305.92	40.00	290013.00
chr3	132387062	132387526	464	464	22.00	43.00	32.81	32.00	15226.00
chr16	2335442	2335647	205	205	254.00	405.00	337.19	353.00	69123.00
chr16	1794782	1797276	2494	2494	24.00	914.00	133.29	69.00	332424.00
chr16	3786036	3786204	168	168	149.00	195.00	172.24	168.50	28936.00
chr9	141131209	141131766	557	557	0.00	51.00	20.98	20.00	11687.00
chr14	92965028	92966015	987	987	24.00	80.00	49.21	46.00	48573.00
chr19	54692070	54692200	130	130	324.00	738.00	505.36	407.00	65697.00
chr15	43866006	43866230	224	224	188.00	347.00	251.97	239.00	56442.00
chr3	40231316	40231954	638	638	94.00	183.00	131.15	129.00	83676.00
chr3	50148937	50149455	518	518	16.00	61.00	41.18	41.00	21329.00
chr4	81117505	81117755	250	250	58.00	104.00	84.82	81.00	21204.00
chr10	46740404	46740638	234	234	3.00	37.00	22.35	21.00	5231.00
chr3	124210169	124210271	102	102	595.00	903.00	760.19	770.00	77539.00
chr11	107488830	107488932	102	102	307.00	409.00	360.08	356.50	36728.00
chr9	130591965	130592106	141	141	74.00	111.00	92.30	93.00	13015.00
chr1	20981932	20982027	95	95	360.00	473.00	417.49	416.00	39662.00
chr12	75875613	75875859	246	246	65.00	94.00	80.63	80.00	19834.00
chr22	32046684	32046764	80	80	78.00	139.00	111.28	117.00	8902.00
chr11	70331418	70331658	240	240	44.00	213.00	116.77	109.50	28024.00
chr14	51079976	51080069	93	93	565.00	719.00	638.38	627.00	59369.00
chr17	80041077	80041301	224	224	461.00	799.00	635.65	663.50	142385.00
chr7	158540884	158540971	87	87	215.00	322.00	255.78	248.00	22253.00
chr1	21553651	21553719	68	68	89.00	111.00	99.76	99.00	6784.00
chr2	219206256	219206349	93	93	226.00	272.00	252.22	256.00	23456.00
chr17	18444211	18445242	1031	1031	0.00	40.00	17.70	18.00	18249.00
chr12	57599340	57599460	120	120	461.00	544.00	491.32	487.00	58958.00
chr11	64417919	64418110	191	191	283.00	440.00	371.22	387.00	70903.00
chr19	3274926	3275650	724	724	18.00	49.00	33.33	31.50	24130.00
chr16	18532086	18532305	219	219	820.00	1258.00	1054.60	1054.00	230957.00
chr17	3776702	3776756	54	54	809.00	1108.00	1019.80	1019.50	55069.00
chr1	116932670	116933033	363	363	16.00	4248.00	2122.40	3563.00	770433.00
chr16	1505731	1505796	65	65	236.00	345.00	308.03	315.00	20022.00
chr1	9794029	9794200	171	171	2782.00	3676.00	3265.93	3298.00	558474.00
chr10	73579221	73579379	158	158	4059.00	6063.00	4936.58	5044.50	779979.00
chr11	6411684	6412146	462	462	41.00	171.00	109.39	105.00	50539.00
chr1	159163212	159163350	138	138	1272.00	1602.00	1367.06	1351.00	188654.00
chr16	1816723	1816804	81	81	767.00	1066.00	926.80	934.00	75071.00
chr7	91722399	91722630	231	231	22.00	151.00	118.98	122.00	27484.00
chr7	44281816	44281939	123	123	996.00	1221.00	1072.35	1064.00	131899.00
chr2	220467189	220467297	108	108	43.00	62.00	53.06	54.00	5730.00
chr16	4494664	4494729	65	65	267.00	330.00	304.80	306.00	19812.00
chr15	34681844	34681986	142	142	15.00	463.00	344.49	375.50	48918.00
chr9	139995935	139996124	189	189	118.00	184.00	160.83	166.00	30396.00
chr3	180324040	180324160	120	120	146.00	173.00	157.78	157.00	18934.00
chr3	42678359	42681242	2883	2883	89.00	257.00	164.45	155.00	474104.00
chr7	131812776	131815333	2557	2557	46.00	157.00	97.07	96.00	248203.00
chr20	1585387	1585522	135	135	31.00	514.00	324.41	353.00	43795.00
chr3	126751229	126751442	213	213	226.00	305.00	264.08	257.00	56248.00
chr15	63920875	63921014	139	139	284.00	388.00	329.29	333.00	45771.00
chr16	2040128	2040202	74	74	38.00	159.00	94.88	88.50	7021.00
chr9	74324174	74324390	216	216	60.00	89.00	75.64	75.50	16338.00
chr20	44521858	44521950	92	92	368.00	448.00	409.48	409.00	37672.00
chr9	139911647	139911798	151	151	473.00	659.00	585.99	598.00	88484.00
chr9	140055507	140055649	142	142	2262.00	3385.00	2749.46	2521.00	390423.00
chr12	120148055	120148191	136	136	308.00	407.00	349.11	348.00	47479.00
chr12	50474280	50474372	92	92	161.00	242.00	203.68	209.00	18739.00
chr15	63125702	63125828	126	126	233.00	390.00	314.15	319.00	39583.00
chr9	20907148	20907241	93	93	143.00	185.00	164.90	165.00	15336.00
chr16	87874655	87874761	106	106	225.00	289.00	257.44	252.50	27289.00
chr2	162833269	162833460	191	191	14.00	1006.00	555.62	850.00	106123.00
chr8	11704560	11704677	117	117	1179.00	1435.00	1307.04	1303.00	152924.00
chr15	63926931	63927087	156	156	329.00	485.00	425.19	450.00	66330.00
chr6	31668718	31668805	87	87	216.00	265.00	238.03	234.00	20709.00
chr7	148910792	148910906	114	114	37.00	84.00	65.38	72.00	7453.00
chr14	42355808	42357213	1405	1405	64.00	197.00	113.51	115.00	159488.00
chr10	88678928	88679226	298	298	42.00	77.00	59.56	59.00	17748.00
chr3	140998219	140998346	127	127	91.00	172.00	132.26	135.00	16797.00
chr1	144859758	144859998	240	240	147.00	256.00	201.07	209.50	48256.00
chr9	96054772	96055455	683	683	135.00	407.00	238.96	241.00	163211.00
chr19	7604803	7604944	141	141	177.00	269.00	207.26	202.00	29223.00
chr12	30906277	30907432	1155	1155	24.00	143.00	76.23	67.00	88045.00
chr9	131112762	131112854	92	92	179.00	333.00	271.83	287.50	25008.00
chr20	61981328	61982379	1051	1051	47.00	111.00	78.62	77.00	82629.00
chr7	38431348	38431618	270	270	549.00	919.00	692.63	689.00	187011.00
chr20	44521036	44521123	87	87	280.00	333.00	302.51	298.00	26318.00
chr11	64418726	64419108	382	382	252.00	426.00	328.74	322.50	125578.00
chr12	120148344	120150270	1926	1926	29.00	475.00	103.35	63.00	199052.00
chr12	6930971	6931066	95	95	28.00	726.00	419.56	431.00	39858.00
chr16	2339434	2339621	187	187	166.00	290.00	210.72	199.00	39404.00
chr2	27700083	27700187	104	104	73.00	108.00	95.58	95.50	9940.00
chr14	69805367	69805494	127	127	181.00	268.00	225.97	220.00	28698.00
chr12	9242497	9242619	122	122	304.00	447.00	388.44	400.50	47390.00
chr3	58256658	58256791	133	133	100.00	160.00	130.59	131.00	17369.00
chr10	79744927	79745098	171	171	91.00	180.00	122.65	116.00	20974.00
chr1	159161725	159161866	141	141	776.00	1209.00	1072.78	1151.00	151262.00
chr16	31085202	31085519	317	317	14.00	53.00	40.33	41.00	12785.00
chr1	171755018	171755218	200	200	57.00	100.00	85.56	86.00	17111.00
chr9	130988124	130989280	1156	1156	10.00	3220.00	420.15	82.00	485696.00
chr15	63127935	63127998	63	63	239.00	280.00	255.16	258.00	16075.00
chr19	1917676	1917821	145	145	20.00	280.00	206.25	218.00	29906.00
chr22	25315792	25315960	168	168	194.00	256.00	214.83	210.00	36091.00
chr2	207943790	207945085	1295	1295	35.00	90.00	60.83	61.00	78771.00
chr11	47330706	47330952	246	246	28.00	989.00	451.14	41.00	110981.00
chr3	142743978	142746095	2117	2117	14.00	239.00	42.28	29.00	89515.00
chr7	44839492	44839694	202	202	15.00	35.00	24.04	23.00	4856.00
chr22	31688260	31688471	211	211	5.00	182.00	123.65	160.00	26091.00
chr11	66333492	66333638	146	146	643.00	868.00	785.98	788.00	114753.00
chr9	131114916	131115026	110	110	292.00	350.00	312.88	308.00	34417.00
chr1	20206	21013	807	807	8.00	151.00	85.15	83.00	68719.00
chr11	108216469	108216635	166	166	70.00	120.00	100.14	100.00	16624.00
chr1	209778880	209779019	139	139	367.00	568.00	475.39	482.00	66079.00
chr1	202935876	202936026	150	150	169.00	334.00	259.61	264.50	38942.00
chr12	57600255	57600524	269	269	459.00	573.00	517.06	521.00	139089.00
chr19	15233503	15233615	112	112	93.00	131.00	107.02	105.00	11986.00
chr8	68115317	68115486	169	169	150.00	210.00	183.82	187.00	31066.00
chr19	13419229	13419342	113	113	118.00	180.00	156.35	157.00	17667.00
chr6	33266815	33267130	315	315	9.00	69.00	39.24	35.00	12362.00
chr16	89780611	89781646	1035	1035	21.00	115.00	71.76	76.00	74269.00
chr12	109964162	109964221	59	59	133.00	146.00	137.68	137.00	8123.00
chr22	24491893	24492045	152	152	88.00	154.00	118.18	117.00	17963.00
chr2	242592926	242593025	99	99	256.00	341.00	287.25	283.00	28438.00
chr1	21937944	21938074	130	130	812.00	1424.00	1159.42	1194.00	150725.00
chr2	223789173	223789313	140	140	399.00	494.00	437.33	435.50	61226.00
chr20	3772318	3772535	217	217	20.00	44.00	29.78	29.00	6462.00
chr16	18531918	18532001	83	83	1039.00	1481.00	1266.55	1303.00	105124.00
chr1	43396296	43396537	241	241	183.00	285.00	235.18	239.00	56678.00
chr2	100037960	100038115	155	155	66.00	124.00	94.92	93.00	14712.00
chr16	1500497	1500770	273	273	7.00	209.00	117.08	168.00	31962.00
chr19	40876016	40876144	128	128	1778.00	2369.00	2035.55	2053.50	260551.00
chr5	168112691	168112932	241	241	54.00	86.00	68.98	68.00	16624.00
chr2	127825738	127825831	93	93	641.00	766.00	697.80	697.00	64895.00
chr1	19232015	19234990	2975	2975	18.00	238.00	71.33	63.00	212221.00
chr16	1391129	1391196	67	67	405.00	506.00	448.45	449.00	30046.00
chr6	33410665	33411689	1024	1024	9.00	415.00	239.75	259.50	245503.00
chr9	95872033	95872266	233	233	4.00	21.00	12.42	12.00	2895.00
chr1	53378627	53378839	212	212	22.00	43.00	35.50	36.00	7526.00
chr2	80531276	80531693	417	417	21.00	94.00	62.73	63.00	26157.00
chr7	44286718	44286791	73	73	844.00	1004.00	935.92	937.00	68322.00
chr7	157369304	157369471	167	167	619.00	792.00	699.66	690.00	116843.00
chr11	18755079	18755191	112	112	13.00	654.00	429.28	560.50	48079.00
chr6	86237979	86238080	101	101	199.00	264.00	236.06	238.00	23842.00
chr8	145000951	145001050	99	99	149.00	255.00	215.19	218.00	21304.00
chr19	45167680	45167966	286	286	22.00	50.00	34.86	35.00	9970.00
chr10	48930165	48930400	235	235	7.00	32.00	20.16	20.00	4738.00
chr16	87871450	87871547	97	97	252.00	371.00	329.14	357.00	31927.00
chr1	109815454	109815649	195	195	421.00	672.00	528.79	519.00	103114.00
chr1	208215442	208215711	269	269	110.00	202.00	157.54	156.00	42378.00
chr2	260866	261451	585	585	14.00	46.00	25.80	25.00	15092.00
chr5	180481266	180481724	458	458	14.00	45.00	33.45	34.00	15321.00
chr7	73119479	73119631	152	152	12.00	2323.00	959.63	18.00	145864.00
chr15	34677248	34677358	110	110	606.00	890.00	735.57	690.00	80913.00
chr16	57687114	57687247	133	133	134.00	170.00	153.86	155.00	20464.00
chr15	50649406	50649592	186	186	21.00	45.00	33.87	34.50	6299.00
chr22	21071995	21072066	71	71	1987.00	2264.00	2111.00	2112.00	149881.00
chr5	179200882	179201561	679	679	23.00	70.00	47.63	48.00	32341.00
chr10	98763824	98763979	155	155	199.00	254.00	231.41	232.00	35869.00
chr14	102963315	102963457	142	142	148.00	220.00	191.04	195.50	27128.00
chr1	21932558	21933138	580	580	28.00	1103.00	268.10	47.00	155497.00
chr16	28118842	28118998	156	156	263.00	386.00	332.62	338.00	51888.00
chr1	241767561	241767881	320	320	111.00	164.00	139.22	140.00	44552.00
chr11	66812063	66812184	121	121	212.00	299.00	250.46	253.00	30306.00
chr11	12248571	12248678	107	107	665.00	906.00	792.74	806.00	84823.00
chr9	130588788	130588951	163	163	48.00	89.00	66.64	65.00	10862.00
chr22	21068915	21068988	73	73	1772.00	2350.00	2082.59	2131.00	152029.00
chr1	43424304	43424531	227	227	17.00	326.00	230.32	249.00	52283.00
chr14	105852021	105853670	1649	1649	27.00	250.00	68.58	66.00	113094.00
chr15	34823469	34823579	110	110	619.00	908.00	771.26	732.50	84839.00
chr11	171365	172282	917	917	0.00	76.00	41.69	51.00	38234.00
chr22	24493976	24494155	179	179	124.00	165.00	151.12	153.00	27051.00
chr15	79291060	79291167	107	107	457.00	554.00	508.68	507.00	54429.00
chr16	2145904	2146194	290	290	44.00	73.00	58.60	60.00	16993.00
chr9	131503050	131503166	116	116	564.00	821.00	696.20	710.50	80759.00
chr11	61301983	61302579	596	596	37.00	101.00	69.49	67.00	41418.00
chr22	25308609	25308719	110	110	137.00	171.00	156.75	158.00	17243.00
chr12	63977826	63979986	2160	2160	1.00	62.00	28.47	27.00	61503.00
chr19	46928844	46930933	2089	2089	19.00	718.00	347.08	358.00	725048.00
chr16	56969146	56969224	78	78	188.00	275.00	223.60	216.00	17441.00
chr17	40665787	40665996	209	209	15.00	1958.00	860.79	1288.00	179905.00
chr9	131669435	131671600	2165	2165	141.00	477.00	270.41	247.00	585428.00
chr2	220164026	220164271	245	245	33.00	1030.00	346.06	50.00	84785.00
chr19	7589846	7590052	206	206	70.00	122.00	95.48	95.00	19668.00
chr6	91260186	91260268	82	82	110.00	131.00	121.02	122.00	9924.00
chr9	124543742	124543830	88	88	335.00	403.00	359.44	354.50	31631.00
chr12	54071005	54071170	165	165	5.00	30.00	19.69	19.00	3249.00
chr2	40443	41212	769	769	17.00	57.00	32.42	29.00	24934.00
chr11	67852159	67852747	588	588	33.00	87.00	60.95	63.00	35836.00
chr8	8233762	8234810	1048	1048	24.00	90.00	53.21	48.00	55768.00
chr2	175671113	175672148	1035	1035	17.00	53.00	33.86	34.00	35048.00
chr7	138984922	138985438	516	516	10.00	36.00	22.39	23.00	11554.00
chr22	40816850	40817104	254	254	146.00	245.00	204.48	212.00	51938.00
chr19	14263120	14263249	129	129	326.00	495.00	399.36	392.00	51517.00
chr19	16962222	16962345	123	123	230.00	306.00	276.82	285.00	34049.00
chr1	109813838	109813918	80	80	383.00	489.00	422.54	419.00	33803.00
chr3	49898148	49898562	414	414	9.00	1398.00	656.14	1039.50	271640.00
chr17	17131202	17131510	308	308	64.00	198.00	163.94	173.00	50494.00
chr1	21936067	21936139	72	72	537.00	846.00	681.92	676.00	49098.00
chr3	130424404	130424615	211	211	65.00	107.00	90.35	91.00	19063.00
chr12	56532710	56532797	87	87	113.00	171.00	135.06	129.00	11750.00
chr16	29888591	29888788	197	197	568.00	950.00	766.90	750.00	151079.00
chr2	114394588	114396196	1608	1608	5.00	80.00	36.38	32.00	58496.00
chr3	124180736	124180803	67	67	540.00	633.00	591.85	597.00	39654.00
chr9	111798485	111798660	175	175	118.00	190.00	150.83	151.00	26395.00
chr10	73847897	73848372	475	475	43.00	1925.00	695.50	686.00	330361.00
chr22	21075585	21075706	121	121	1191.00	2054.00	1792.60	1869.00	216904.00
chr22	20920753	20921104	351	351	91.00	227.00	152.02	155.00	53360.00
chr9	140953020	140953185	165	165	88.00	177.00	142.08	144.00	23444.00
chr22	41620970	41621075	105	105	152.00	175.00	165.47	168.00	17374.00
chr11	6243671	6243839	168	168	66.00	112.00	94.06	97.00	15802.00
chr15	74704225	74704353	128	128	233.00	356.00	293.12	305.00	37519.00
chr3	48719780	48719985	205	205	215.00	370.00	285.80	269.00	58589.00
chr1	222833247	222833348	101	101	136.00	267.00	209.95	210.00	21205.00
chr1	6583675	6584824	1149	1149	28.00	109.00	78.89	80.00	90648.00
chr11	126135857	126135976	119	119	375.00	480.00	444.71	449.00	52920.00
chr8	75156763	75157410	647	647	55.00	121.00	76.64	73.00	49587.00
chr15	83345212	83345389	177	177	322.00	436.00	378.51	375.00	66996.00
chr14	68031638	68032561	923	923	27.00	97.00	64.76	70.00	59773.00
chr19	42479780	42479949	169	169	4076.00	5949.00	5139.79	5123.00	868625.00
chr16	31503329	31503407	78	78	278.00	426.00	349.29	357.00	27245.00
chr17	1564564	1564700	136	136	405.00	530.00	460.73	446.50	62659.00
chr16	58717858	58718082	224	224	60.00	98.00	77.54	78.00	17369.00
chr14	71575320	71575763	443	443	60.00	145.00	109.98	113.00	48721.00
chr1	202934498	202934628	130	130	190.00	290.00	243.59	247.00	31667.00
chr7	73118477	73118586	109	109	1185.00	1490.00	1330.47	1310.00	145021.00
chr19	13365908	13366073	165	165	157.00	221.00	192.59	189.00	31777.00
chr10	102265117	102265958	841	841	47.00	91.00	64.19	62.00	53986.00
chr9	139983320	139983457	137	137	134.00	209.00	161.06	149.00	22065.00
chr18	29206245	29206347	102	102	258.00	351.00	296.62	292.50	30255.00
chr12	120578662	120578827	165	165	101.00	132.00	119.42	119.00	19705.00
chr5	757516	758226	710	710	42.00	109.00	69.94	68.50	49658.00
chr8	21632483	21632567	84	84	115.00	148.00	133.06	132.50	11177.00
chr4	54011499	54011749	250	250	66.00	128.00	90.00	86.00	22499.00
chr8	141680613	141681365	752	752	16.00	103.00	69.61	70.00	52348.00
chr11	57367351	57367850	499	499	54.00	152.00	96.46	92.00	48132.00
chr12	63980009	63980784	775	775	5.00	35.00	22.34	23.00	17314.00
chr9	140057042	140057203	161	161	31.00	2402.00	2003.50	2139.00	322563.00
chr2	7055953	7056098	145	145	79.00	110.00	93.83	92.00	13606.00
chr12	52387768	52389043	1275	1275	23.00	433.00	246.05	232.00	313710.00
chr19	50104931	50105175	244	244	51.00	148.00	84.85	67.00	20704.00
chr19	5218430	5218543	113	113	445.00	661.00	579.06	590.00	65434.00
chr16	29898969	29899138	169	169	557.00	691.00	613.66	614.00	103708.00
chr7	99030900	99031041	141	141	29.00	47.00	38.40	38.00	5414.00
chr17	36692926	36693212	286	286	14.00	36.00	23.73	23.00	6788.00
chr15	73857770	73859335	1565	1565	30.00	165.00	90.45	91.00	141549.00
chr6	44104085	44104176	91	91	198.00	283.00	238.33	240.00	21688.00
chr1	21938518	21938602	84	84	961.00	1244.00	1120.94	1135.50	94159.00
chr19	13423482	13423595	113	113	91.00	135.00	116.40	119.00	13153.00
chr16	70292882	70293089	207	207	1160.00	1599.00	1382.49	1411.00	286176.00
chr18	61060641	61060782	141	141	132.00	179.00	157.84	159.00	22255.00
chr16	22269814	22270016	202	202	27.00	46.00	37.96	40.00	7667.00
chr1	21554423	21554534	111	111	87.00	113.00	98.82	96.00	10969.00
chr9	140057255	140057455	200	200	27.00	2811.00	1770.33	2178.50	354066.00
chr7	1488255	1488397	142	142	49.00	76.00	61.22	60.00	8693.00
chr14	100166351	100166438	87	87	505.00	589.00	535.14	533.00	46557.00
chr9	101065522	101065705	183	183	596.00	819.00	715.51	726.00	130938.00
chr5	68411752	68412041	289	289	54.00	85.00	70.04	71.00	20241.00
chr1	2452539	2452754	215	215	96.00	268.00	157.26	123.00	33810.00
chr1	21564626	21564737	111	111	83.00	129.00	101.21	92.00	11234.00
chr13	42037713	42039066	1353	1353	9.00	54.00	33.73	34.00	45639.00
chr2	114350236	114350443	207	207	14.00	63.00	38.75	40.00	8021.00
chr1	21939668	21939722	54	54	948.00	1123.00	1048.44	1065.50	56616.00
chr9	139353895	139354007	112	112	96.00	125.00	108.35	108.00	12135.00
chr7	102176367	102176618	251	251	15.00	47.00	39.94	42.00	10026.00
chr3	51411753	51412018	265	265	11.00	435.00	174.19	21.00	46160.00
chr17	73888091	73888266	175	175	33.00	45.00	36.95	36.00	6466.00
chr13	103297258	103297435	177	177	9.00	105.00	59.86	90.00	10596.00
chr15	63922664	63922834	170	170	310.00	402.00	360.26	362.50	61245.00
chr3	33400774	33400849	75	75	220.00	273.00	243.63	242.00	18272.00
chr22	50671744	50671955	211	211	90.00	122.00	107.05	109.00	22587.00
chr1	21190968	21191205	237	237	415.00	541.00	478.79	476.00	113474.00
chr5	14481649	14481727	78	78	245.00	301.00	275.78	272.50	21511.00
chr15	101605556	101606410	854	854	37.00	97.00	66.22	67.00	56554.00
chr17	80040402	80040554	152	152	442.00	671.00	554.62	528.00	84302.00
chr2	132269293	132270897	1604	1604	16.00	99.00	58.25	58.00	93426.00
chr11	1778553	1778786	233	233	1491.00	2090.00	1805.82	1829.00	420755.00
chr11	1469616	1469808	192	192	16.00	47.00	34.69	38.00	6660.00
chr12	120138549	120138630	81	81	423.00	501.00	463.89	463.00	37575.00
chr7	901016	901101	85	85	211.00	311.00	255.31	259.00	21701.00
chr19	13372263	13372424	161	161	187.00	275.00	233.40	235.00	37578.00
chr17	40843154	40843311	157	157	458.00	706.00	594.76	603.00	93378.00
chr17	80039476	80039719	243	243	466.00	675.00	543.19	542.00	131994.00
chr17	16681109	16687365	6256	6256	11.00	304.00	94.15	94.00	589001.00
chr1	116935475	116935610	135	135	2959.00	3837.00	3351.30	3368.00	452426.00
chr6	128294808	128294972	164	164	273.00	412.00	340.10	343.50	55777.00
chr5	109189927	109190617	690	690	11.00	39.00	21.09	21.00	14552.00
chr15	40757533	40757634	101	101	32.00	141.00	120.60	127.00	12181.00
chr2	220164706	220164981	275	275	747.00	1460.00	1092.21	1080.00	300358.00
chr3	164905164	164908639	3475	3475	12.00	141.00	78.66	75.00	273351.00
chr11	60699157	60699356	199	199	159.00	553.00	447.90	447.00	89132.00
chr2	96680301	96680717	416	416	14.00	35.00	24.49	25.00	10189.00
chr17	40845314	40845554	240	240	489.00	752.00	609.23	587.50	146216.00
chr12	125264513	125265391	878	878	23.00	77.00	45.11	44.00	39608.00
chr1	156623704	156624158	454	454	22.00	55.00	37.31	36.00	16938.00
chr6	108370456	108370622	166	166	131.00	192.00	153.58	149.00	25495.00
chr11	19180486	19180587	101	101	43.00	71.00	54.72	54.00	5527.00
chr19	42489069	42489338	269	269	1504.00	2471.00	2054.92	2171.00	552774.00
chr2	198274493	198274731	238	238	255.00	347.00	299.95	291.50	71388.00
chr6	47220991	47221257	266	266	239.00	382.00	307.28	315.50	81737.00
chr19	40872679	40872822	143	143	2188.00	3259.00	2764.05	2841.00	395259.00
chr19	54693278	54693627	349	349	13.00	133.00	73.32	72.00	25587.00
chr12	81929	82174	245	245	16.00	71.00	53.19	56.00	13032.00
chr21	45513943	45514114	171	171	129.00	211.00	175.98	178.00	30092.00
chr3	124201630	124201747	117	117	19.00	895.00	651.05	807.00	76173.00
chr17	79805118	79805223	105	105	457.00	558.00	511.40	509.00	53697.00
chr20	46307419	46307548	129	129	91.00	187.00	116.68	112.00	15052.00
chr17	38187790	38187873	83	83	186.00	237.00	206.88	197.00	17171.00
chr2	207452814	207452878	64	64	519.00	643.00	581.70	582.00	37229.00
chr17	45695715	45695823	108	108	649.00	756.00	696.52	698.50	75224.00
chr7	44283023	44283126	103	103	845.00	985.00	925.64	932.00	95341.00
chr20	62274975	62275284	309	309	6.00	2964.00	1433.90	2065.00	443074.00
chr11	108202605	108202764	159	159	67.00	98.00	83.97	85.00	13351.00
chr9	140051314	140051489	175	175	1227.00	1625.00	1395.19	1393.00	244159.00
chr22	45574118	45574781	663	663	86.00	160.00	126.37	130.00	83781.00
chr15	79312382	79312446	64	64	312.00	389.00	354.59	356.00	22694.00
chr1	21940120	21940199	79	79	976.00	1121.00	1040.81	1041.00	82224.00
chr17	3775847	3775921	74	74	735.00	1159.00	979.84	1003.50	72508.00
chr7	73133931	73134019	88	88	29.00	1576.00	561.11	390.00	49378.00
chr11	72292920	72292991	71	71	745.00	845.00	793.48	794.00	56337.00
chr7	43547616	43547730	114	114	174.00	272.00	229.79	234.00	26196.00
chr16	58713760	58714145	385	385	42.00	84.00	57.49	57.00	22134.00
chr22	21083600	21083794	194	194	1189.00	1927.00	1601.58	1645.00	310707.00
chr11	66457275	66457414	139	139	583.00	829.00	682.31	683.00	94841.00
chr15	91561034	91561115	81	81	83.00	107.00	95.09	93.00	7702.00
chr11	2968525	2969001	476	476	18.00	42.00	28.42	27.00	13530.00
chr19	34869838	34869910	72	72	2637.00	3160.00	2936.36	2961.50	211418.00
chr9	121970996	121971219	223	223	362.00	465.00	413.17	410.00	92138.00
chr3	47449772	47449980	208	208	25.00	183.00	121.88	156.00	25352.00
chr12	57601820	57601999	179	179	426.00	831.00	627.51	653.00	112324.00
chr16	2345590	2345741	151	151	292.00	374.00	333.98	331.00	50431.00
chr12	50471782	50471910	128	128	117.00	173.00	151.24	153.50	19359.00
chr1	109814221	109814344	123	123	499.00	753.00	670.67	689.00	82493.00
chr19	16942304	16942458	154	154	123.00	199.00	169.87	175.00	26160.00
chr11	66333301	66333398	97	97	653.00	785.00	714.22	716.00	69279.00
chr5	74026084	74026223	139	139	174.00	234.00	204.75	204.00	28460.00
chr5	68417520	68417722	202	202	75.00	125.00	98.60	97.00	19918.00
chr19	15272262	15272525	263	263	36.00	72.00	52.15	51.00	13716.00
chr3	45872404	45872482	78	78	220.00	287.00	254.44	260.00	19846.00
chr7	73123374	73123452	78	78	1593.00	2207.00	1972.73	2015.00	153873.00
chr5	14498197	14498360	163	163	243.00	391.00	329.12	338.00	53646.00
chr14	93180167	93180230	63	63	251.00	347.00	298.89	290.00	18830.00
chr9	130984739	130984875	136	136	3522.00	5151.00	4354.82	4220.00	592255.00
chr13	31216764	31216894	130	130	45.00	63.00	51.20	50.00	6656.00
chr12	112614399	112614506	107	107	166.00	376.00	336.70	341.00	36027.00
chr12	57602865	57602982	117	117	593.00	848.00	705.34	679.00	82525.00
chr14	72976861	72976987	126	126	118.00	183.00	152.80	156.00	19253.00
chr1	155209406	155209553	147	147	179.00	253.00	207.35	194.00	30481.00
chr10	49633930	49634113	183	183	218.00	327.00	266.39	265.00	48750.00
chr16	84100093	84100218	125	125	283.00	345.00	316.71	317.00	39589.00
chr1	155207924	155208097	173	173	225.00	301.00	268.58	270.00	46464.00
chr12	2786898	2787033	135	135	34.00	72.00	53.11	53.00	7170.00
chr2	233755457	233756197	740	740	15.00	1566.00	286.04	71.00	211668.00
chr14	60631894	60632099	205	205	171.00	391.00	297.89	310.00	61068.00
chr1	11151549	11151654	105	105	140.00	183.00	160.95	158.00	16900.00
chr4	134076071	134076178	107	107	307.00	386.00	350.02	346.00	37452.00
chr15	91420364	91420441	77	77	219.00	242.00	229.06	229.00	17638.00
chr5	114961533	114961755	222	222	11.00	64.00	45.77	51.50	10161.00
chr16	1814047	1814211	164	164	16.00	820.00	402.38	619.00	65990.00
chr18	44250463	44252581	2118	2118	40.00	278.00	175.40	171.00	371490.00
chr6	158049380	158049518	138	138	76.00	115.00	94.16	94.00	12994.00
chr19	7675585	7675679	94	94	92.00	110.00	98.95	98.50	9301.00
chr13	99461604	99461719	115	115	9.00	345.00	262.54	257.00	30192.00
chr11	130010829	130011467	638	638	14.00	2603.00	303.92	31.00	193904.00
chr11	107526658	107526792	134	134	531.00	622.00	565.21	557.50	75738.00
chr16	1391294	1391490	196	196	300.00	477.00	349.52	339.50	68505.00
chr1	38182716	38184158	1442	1442	18.00	148.00	92.66	94.00	133620.00
chr5	179231023	179231323	300	300	9.00	37.00	27.41	30.00	8224.00
chr14	69814593	69814719	126	126	207.00	266.00	241.39	244.00	30415.00
chr14	69349174	69349309	135	135	395.00	524.00	451.99	452.00	61019.00
chr19	7614792	7614998	206	206	216.00	343.00	280.28	273.00	57738.00
chr1	228270375	228270466	91	91	17.00	1930.00	648.02	260.00	58970.00
chr1	38186022	38186315	293	293	15.00	79.00	50.47	60.00	14788.00
chr13	77641715	77641999	284	284	461.00	750.00	609.33	626.50	173051.00
chr14	100157417	100157498	81	81	159.00	333.00	227.14	198.00	18398.00
chr13	32978280	32979333	1053	1053	30.00	202.00	68.93	55.00	72582.00
chr12	7301567	7301794	227	227	988.00	1462.00	1219.81	1219.00	276898.00
chr9	123583116	123583257	141	141	89.00	133.00	117.02	123.00	16500.00
chr17	26883183	26883284	101	101	134.00	194.00	158.38	152.00	15996.00
chr12	6972993	6973137	144	144	400.00	563.00	490.54	505.00	70638.00
chr20	34322310	34322637	327	327	11.00	20.00	15.67	16.00	5123.00
chr19	7606407	7606570	163	163	182.00	267.00	213.94	213.00	34873.00
chr16	2333186	2333373	187	187	12.00	478.00	374.47	397.00	70025.00
chr12	113825548	113825711	163	163	162.00	253.00	212.47	215.00	34632.00
chr7	4802013	4807749	5736	5736	12.00	203.00	96.65	87.00	554370.00
chr1	43394880	43394985	105	105	217.00	326.00	275.90	296.00	28970.00
chr19	4554399	4554488	89	89	509.00	750.00	658.92	689.00	58644.00
chr16	31719139	31719372	233	233	24.00	39.00	32.33	33.00	7532.00
chr5	134060669	134061744	1075	1075	28.00	68.00	44.09	44.00	47402.00
chr1	202936318	202936371	53	53	35.00	261.00	164.13	235.00	8699.00
chr2	220087366	220087615	249	249	286.00	405.00	353.57	355.00	88040.00
chr2	36764494	36764689	195	195	134.00	189.00	158.81	155.00	30967.00
chr7	43519208	43519343	135	135	178.00	312.00	248.96	254.00	33609.00
chr10	51249585	51249993	408	408	4.00	53.00	25.38	22.00	10356.00
chr6	32123647	32123755	108	108	196.00	277.00	218.79	216.00	23629.00
chr3	118624442	118624692	250	250	11.00	89.00	45.53	22.00	11382.00
chr1	190129797	190130020	223	223	51.00	87.00	67.39	70.00	15027.00
chr9	131004491	131004624	133	133	19.00	5806.00	4736.64	5480.00	629973.00
chr22	33679187	33679334	147	147	279.00	326.00	304.05	308.00	44695.00
chr15	74709931	74710016	85	85	222.00	419.00	287.82	245.00	24465.00
chr7	6470110	6470238	128	128	51.00	84.00	69.22	70.00	8860.00
chr1	6640600	6641359	759	759	25.00	76.00	46.41	47.00	35228.00
chr16	31510622	31510728	106	106	261.00	332.00	298.76	297.00	31669.00
chr4	103710287	103711803	1516	1516	17.00	58.00	33.43	33.00	50675.00
chr19	2862339	2862746	407	407	9.00	41.00	24.56	23.00	9994.00
chr2	15467873	15467994	121	121	84.00	109.00	97.36	97.00	11781.00
chr2	36780721	36781492	771	771	12.00	50.00	30.55	33.00	23554.00
chr10	81070680	81070941	261	261	69.00	139.00	97.11	94.00	25345.00
chr2	217234866	217235986	1120	1120	29.00	103.00	65.98	70.00	73899.00
chr10	93786348	93786508	160	160	84.00	177.00	131.69	150.00	21070.00
chr17	20268785	20269076	291	291	9.00	21.00	14.84	15.00	4317.00
chr9	131002006	131002062	56	56	5.00	5734.00	5099.75	5496.00	285586.00
chr1	155208307	155208441	134	134	274.00	361.00	319.96	325.00	42874.00
chr2	162833877	162834373	496	496	12.00	1009.00	100.57	28.00	49881.00
chr9	35799614	35799728	114	114	52.00	72.00	59.18	57.00	6747.00
chr20	62517856	62519234	1378	1378	33.00	391.00	97.62	92.00	134527.00
chr22	35942847	35943127	280	280	105.00	305.00	218.54	231.00	61192.00
chr13	26436438	26436546	108	108	89.00	126.00	101.89	101.00	11004.00
chr14	69371371	69371453	82	82	275.00	410.00	342.74	340.00	28105.00
chr7	44031274	44031581	307	307	11.00	48.00	24.41	21.00	7495.00
chr11	12274988	12275291	303	303	28.00	101.00	62.62	63.00	18973.00
chr5	1334403	1334498	95	95	227.00	275.00	250.55	253.00	23802.00
chr19	34868639	34868786	147	147	2940.00	3680.00	3232.55	3225.00	475185.00
chr16	1815960	1816143	183	183	532.00	827.00	641.56	615.00	117405.00
chr10	73578787	73578868	81	81	4466.00	5907.00	5022.25	4888.00	406802.00
chr17	37420427	37420640	213	213	44.00	79.00	63.85	66.00	13601.00
chr5	60835422	60835586	164	164	58.00	86.00	73.57	75.00	12066.00
chr15	79296143	79296517	374	374	395.00	575.00	484.35	486.00	181147.00
chr19	13039568	13039661	93	93	738.00	1133.00	961.25	1006.00	89396.00
chr12	49421585	49421713	128	128	164.00	252.00	210.19	201.00	26904.00
chr1	1661057	1662583	1526	1526	12.00	297.00	145.33	139.50	221776.00
chr2	207457340	207457460	120	120	639.00	787.00	718.48	724.50	86218.00
chr11	64542462	64543441	979	979	22.00	69.00	45.52	46.00	44568.00
chr20	61910250	61910347	97	97	212.00	271.00	237.60	240.00	23047.00
chr11	62394042	62394156	114	114	383.00	507.00	439.19	427.00	50068.00
chr5	37301538	37301652	114	114	42.00	57.00	48.09	47.50	5482.00
chr16	4733843	4733933	90	90	255.00	319.00	284.50	282.00	25605.00
chr15	43693913	43694048	135	135	65.00	87.00	77.56	79.00	10471.00
chr11	18764538	18764622	84	84	424.00	548.00	500.56	508.50	42047.00
chr17	57842331	57842499	168	168	210.00	265.00	242.24	246.00	40696.00
chr9	96076729	96078064	1335	1335	22.00	66.00	43.14	42.00	57586.00
chr11	12246219	12246367	148	148	557.00	917.00	680.81	677.50	100760.00
chr12	7030743	7031565	822	822	26.00	8035.00	2841.06	50.00	2335351.00
chr3	14523178	14523349	171	171	39.00	58.00	51.71	52.00	8843.00
chr5	758508	759483	975	975	31.00	109.00	60.54	56.00	59022.00
chr12	22635490	22635677	187	187	120.00	160.00	142.65	142.00	26676.00
chr5	14479369	14479459	90	90	274.00	345.00	294.59	294.50	26513.00
chr6	143655214	143656079	865	865	4.00	20.00	10.05	9.00	8690.00
chr7	75508360	75508578	218	218	292.00	1601.00	1219.55	1293.00	265861.00
chr11	60697981	60698131	150	150	255.00	360.00	307.92	307.00	46188.00
chr1	151400598	151400889	291	291	194.00	344.00	275.39	267.00	80138.00
chr5	172196431	172197309	878	878	17.00	416.00	129.53	48.00	113724.00
chr3	49152660	49152794	134	134	115.00	155.00	127.97	126.00	17148.00
chr7	5518281	5519950	1669	1669	46.00	196.00	119.24	121.00	199011.00
chr17	16691106	16691449	343	343	24.00	168.00	97.73	129.00	33521.00
chr2	220086993	220087172	179	179	300.00	375.00	337.73	337.00	60454.00
chr10	51746916	51748006	1090	1090	6.00	160.00	71.19	61.00	77593.00
chr12	7302118	7302289	171	171	1182.00	1482.00	1327.09	1324.00	226933.00
chr11	59562844	59562955	111	111	56.00	98.00	80.67	86.00	8954.00
chr12	6100984	6101184	200	200	92.00	129.00	109.72	107.00	21943.00
chr19	5683274	5683627	353	353	11.00	62.00	40.09	40.00	14151.00
chr12	2786259	2786387	128	128	39.00	71.00	55.22	57.50	7068.00
chr15	26812727	26812880	153	153	338.00	553.00	434.03	422.00	66406.00
chr1	149007980	149008798	818	818	4.00	43.00	16.89	14.00	13814.00
chr19	54965608	54965861	253	253	257.00	415.00	332.22	340.00	84052.00
chr8	27293259	27293310	51	51	615.00	840.00	751.43	752.00	38323.00
chr15	23014437	23014528	91	91	221.00	278.00	245.79	244.00	22367.00
chr1	111717500	111717585	85	85	101.00	178.00	140.13	131.00	11911.00
chr6	150157220	150157433	213	213	350.00	553.00	463.30	463.00	98682.00
chr13	114566547	114566670	123	123	34.00	161.00	87.35	78.00	10744.00
chr16	58539291	58539605	314	314	21.00	79.00	54.14	56.00	16999.00
chr1	21936612	21936768	156	156	738.00	1506.00	1080.74	1100.50	168595.00
chr1	17322880	17322991	111	111	472.00	751.00	613.07	661.00	68051.00
chr11	60699455	60699599	144	144	371.00	566.00	495.53	528.50	71357.00
chr5	6749669	6749770	101	101	81.00	132.00	100.21	93.00	10121.00
chr16	2156805	2156949	144	144	362.00	442.00	405.12	405.00	58337.00
chr15	34690834	34690930	96	96	220.00	378.00	338.74	352.00	32519.00
chr3	11074933	11075425	492	492	12.00	784.00	167.44	42.00	82379.00
chr5	74655222	74655381	159	159	292.00	388.00	331.41	329.00	52694.00
chr20	20022968	20023160	192	192	88.00	149.00	115.66	118.00	22206.00
chr2	39055481	39055578	97	97	46.00	75.00	65.32	67.00	6336.00
chr19	16793231	16793528	297	297	14.00	347.00	102.47	19.00	30434.00
chr2	219205450	219205509	59	59	232.00	268.00	248.98	250.00	14690.00
chr17	74087429	74087729	300	300	18.00	84.00	65.99	72.00	19797.00
chr3	184058150	184060036	1886	1886	27.00	1120.00	204.74	96.00	386138.00
chr6	90333128	90333263	135	135	97.00	137.00	119.84	121.00	16178.00
chr12	125267019	125267429	410	410	36.00	108.00	63.91	52.00	26202.00
chr1	207942580	207943104	524	524	22.00	142.00	94.30	92.00	49413.00
chr4	89356876	89357043	167	167	88.00	134.00	114.11	117.00	19056.00
chr7	101995498	101995736	238	238	48.00	110.00	75.42	69.00	17951.00
chr3	11067458	11067562	104	104	601.00	799.00	708.61	715.50	73695.00
chr5	95734582	95734740	158	158	348.00	457.00	402.80	394.00	63642.00
chr6	152529106	152529341	235	235	298.00	416.00	353.73	346.00	83126.00
chr5	102295578	102295763	185	185	285.00	440.00	364.28	372.00	67392.00
chr22	21072980	21073110	130	130	1461.00	2224.00	1856.22	1953.50	241308.00
chr12	121855306	121855714	408	408	147.00	298.00	195.05	189.00	79582.00
chr1	160326389	160326544	155	155	152.00	207.00	181.45	182.00	28125.00
chr11	60670930	60671007	77	77	582.00	640.00	612.26	617.00	47144.00
chr17	79804822	79804948	126	126	511.00	741.00	640.61	642.50	80717.00
chr16	18527204	18527332	128	128	890.00	1194.00	1087.52	1108.50	139202.00
chr16	16372518	16372646	128	128	970.00	1304.00	1181.72	1201.00	151260.00
chr2	32750530	32750695	165	165	60.00	135.00	97.18	100.00	16035.00
chr14	69369193	69369279	86	86	366.00	498.00	413.79	409.00	35586.00
chr7	66418212	66418356	144	144	254.00	343.00	295.27	293.00	42519.00
chr6	44107988	44108097	109	109	208.00	265.00	232.03	229.00	25291.00
chr7	70885893	70886091	198	198	592.00	1053.00	769.95	678.00	152450.00
chr8	27295281	27295397	116	116	684.00	796.00	741.38	742.00	86000.00
chr7	73122918	73123018	100	100	1736.00	2324.00	2185.49	2200.50	218549.00
chr15	34698874	34699071	197	197	327.00	459.00	386.45	390.00	76131.00
chr8	22009343	22009513	170	170	491.00	851.00	641.54	638.00	109061.00
chr7	1526557	1526737	180	180	121.00	224.00	167.51	170.00	30152.00
chr5	178053946	178054065	119	119	20.00	326.00	183.21	178.00	21802.00
chr12	6103027	6103369	342	342	96.00	132.00	109.80	109.00	37552.00
chr2	3479491	3480482	991	991	13.00	40.00	26.28	25.00	26046.00
chr3	33883388	33883566	178	178	194.00	276.00	244.41	246.00	43505.00
chr19	11019778	11019883	105	105	225.00	274.00	246.45	248.00	25877.00
chr7	98446205	98446318	113	113	2137.00	3598.00	2762.07	2388.00	312114.00
chr8	106813274	106813932	658	658	38.00	82.00	61.26	63.00	40307.00
chr2	223795338	223795530	192	192	653.00	1016.00	772.78	753.50	148373.00
chr7	75511146	75511554	408	408	1244.00	1937.00	1540.30	1518.00	628441.00
chr21	40184926	40185038	112	112	209.00	415.00	324.12	349.50	36302.00
chr19	53383575	53385236	1661	1661	18.00	73.00	45.19	46.00	75067.00
chr19	14208130	14208295	165	165	5.00	951.00	650.67	844.00	107360.00
chr15	91461013	91461618	605	605	34.00	521.00	185.11	55.00	111990.00
chr8	145278010	145278133	123	123	92.00	124.00	107.32	108.00	13200.00
chr16	28132990	28133083	93	93	211.00	343.00	277.30	278.00	25789.00
chr11	125280091	125280221	130	130	186.00	246.00	214.15	214.00	27839.00
chr15	63128089	63128317	228	228	88.00	374.00	277.69	313.50	63314.00
chr9	131181435	131181557	122	122	20.00	894.00	761.41	786.00	92892.00
chr19	3281196	3281343	147	147	356.00	479.00	424.82	427.00	62448.00
chr11	6240200	6240280	80	80	77.00	107.00	92.11	94.00	7369.00
chr20	31019123	31019287	164	164	56.00	78.00	66.90	66.00	10971.00
chr6	46825865	46827260	1395	1395	73.00	164.00	104.95	103.00	146412.00
chr12	1672006	1672666	660	660	23.00	90.00	47.55	41.00	31380.00
chr12	9098824	9099001	177	177	291.00	473.00	391.72	391.00	69335.00
chr7	121738503	121738630	127	127	27.00	40.00	33.40	33.00	4242.00
chr19	40875814	40875935	121	121	1572.00	1843.00	1743.36	1752.00	210946.00
chr20	3581592	3581671	79	79	173.00	243.00	208.72	208.00	16489.00
chr17	7226965	7227042	77	77	135.00	181.00	155.13	156.00	11945.00
chr2	74331800	74332809	1009	1009	20.00	79.00	45.69	45.00	46106.00
chr1	209785136	209785610	474	474	23.00	457.00	364.09	400.00	172579.00
chr9	35546426	35548532	2106	2106	206.00	454.00	327.52	329.00	689756.00
chr17	80040198	80040290	92	92	425.00	542.00	488.53	504.00	44945.00
chr11	73074791	73075284	493	493	25.00	329.00	116.18	43.00	57278.00
chr20	44674976	44675075	99	99	580.00	731.00	656.99	652.00	65042.00
chr20	5892091	5892328	237	237	103.00	726.00	450.40	546.00	106744.00
chr17	20316581	20317594	1013	1013	8.00	53.00	30.44	30.00	30838.00
chr12	99478702	99478801	99	99	309.00	364.00	338.90	337.00	33551.00
chr17	40842756	40842960	204	204	653.00	869.00	767.32	770.00	156533.00
chr11	107501142	107501288	146	146	386.00	536.00	449.86	445.00	65680.00
chr11	85429236	85429532	296	296	12.00	75.00	27.85	20.50	8243.00
chr20	9449217	9449319	102	102	73.00	116.00	97.73	104.50	9968.00
chr14	23371395	23371591	196	196	183.00	288.00	243.52	246.00	47730.00
chr7	716865	716957	92	92	2297.00	3231.00	2870.45	2899.00	264081.00
chr10	48862360	48862682	322	322	29.00	308.00	189.64	230.00	61065.00
chr10	68686678	68688210	1532	1532	65.00	222.00	113.14	105.00	173333.00
chr5	179674854	179674926	72	72	525.00	641.00	582.88	594.50	41967.00
chr1	209773327	209773456	129	129	419.00	567.00	510.43	523.00	65845.00
chr17	45691034	45691091	57	57	653.00	784.00	721.65	726.00	41134.00
chr1	19669871	19670118	247	247	26.00	48.00	38.48	39.00	9505.00
chr17	45664025	45664710	685	685	22.00	653.00	151.90	103.00	104052.00
chr19	2337634	2338840	1206	1206	19.00	103.00	48.29	49.00	58235.00
chr8	22011480	22011552	72	72	627.00	769.00	706.58	711.50	50874.00
