#chrom	start	end	size	num_data	min	max	mean	median	sum
chr12	1940100	1940691	591	591	25.00	72.00	48.03	49.00	28387.00
chr1	27480473	27481381	908	908	21.00	77.00	51.51	50.00	46773.00
chr15	63112684	63112809	125	125	221.00	330.00	289.75	303.00	36219.00
chr5	149231737	149232254	517	517	8.00	31.00	21.17	20.00	10946.00
chr5	140865429	140867182	1753	1753	10.00	53.00	30.63	30.00	53696.00
chr1	32209793	32209958	165	165	228.00	398.00	300.04	296.00	49507.00
chr16	87873307	87873431	124	124	138.00	280.00	202.42	199.50	25100.00
chr17	34157438	34158175	737	737	9.00	30.00	18.04	17.00	13298.00
chr2	127815619	127816088	469	469	15.00	99.00	56.55	59.00	26522.00
chr1	208212965	208213112	147	147	68.00	85.00	75.29	75.00	11067.00
chr22	19703883	19704666	783	783	15.00	64.00	33.21	33.00	26004.00
chr16	87872319	87872423	104	104	137.00	177.00	151.54	148.00	15760.00
chr9	140055740	140055868	128	128	1441.00	1768.00	1636.80	1638.00	209510.00
chr22	21096515	21096643	128	128	560.00	742.00	609.12	598.50	77968.00
chr9	140056321	140056540	219	219	4.00	2197.00	1341.29	1585.00	293743.00
chr11	78379981	78380253	272	272	5.00	35.00	15.47	14.00	4208.00
chr3	11070420	11070533	113	113	350.00	440.00	399.55	404.00	45149.00
chr1	109812554	109813222	668	668	5.00	559.00	200.16	230.00	133704.00
chr2	220161954	220162155	201	201	565.00	955.00	814.46	845.00	163706.00
chr15	74706887	74707086	199	199	99.00	152.00	123.07	120.00	24490.00
chr17	7318829	7319426	597	597	150.00	440.00	268.43	274.00	160250.00
chr1	21560050	21560154	104	104	29.00	42.00	35.09	34.00	3649.00
chr1	25573799	25573952	153	153	11.00	574.00	371.59	417.00	56853.00
chr14	93198993	93199160	167	167	124.00	197.00	158.41	161.00	26455.00
chr1	205554003	205554119	116	116	177.00	287.00	225.73	224.00	26185.00
chr1	9795005	9795232	227	227	1682.00	2574.00	2157.44	2207.00	489740.00
chr17	42426525	42426670	145	145	111.00	185.00	143.27	137.00	20774.00
chr18	70205887	70206179	292	292	11.00	376.00	151.04	18.00	44104.00
chr1	205553082	205553251	169	169	291.00	372.00	337.70	338.00	57071.00
chr9	140056623	140056766	143	143	7.00	1723.00	933.41	1045.00	133477.00
chr6	33412147	33412394	247	247	26.00	637.00	372.72	491.00	92061.00
chr12	89992366	89992547	181	181	5.00	860.00	584.64	618.00	105820.00
chr2	220088827	220089576	749	749	105.00	234.00	165.27	162.00	123789.00
chr14	100763073	100765222	2149	2149	24.00	105.00	55.99	56.00	120321.00
chr1	110740697	110742543	1846	1846	4.00	917.00	467.84	452.00	863635.00
chr1	149878201	149879758	1557	1557	14.00	1674.00	363.35	38.00	565736.00
chr3	197264139	197265259	1120	1120	10.00	68.00	24.67	23.00	27630.00
chr8	56449623	56450530	907	907	15.00	42.00	28.39	28.00	25748.00
chr9	139354208	139354326	118	118	39.00	67.00	46.52	45.00	5489.00
chr1	32204908	32205236	328	328	358.00	665.00	493.24	484.00	161783.00
chr7	75608768	75608897	129	129	102.00	163.00	139.50	146.00	17995.00
chr19	45161029	45161178	149	149	32.00	68.00	53.41	56.00	7958.00
chr19	5243911	5244493	582	582	87.00	196.00	141.58	136.00	82399.00
chr6	32119585	32119717	132	132	14.00	661.00	346.55	362.50	45745.00
chr3	42670878	42672067	1189	1189	5.00	29.00	13.77	13.00	16376.00
chr11	45892392	45892485	93	93	126.00	160.00	138.03	137.00	12837.00
chr17	80040789	80040991	202	202	329.00	518.00	404.53	395.50	81715.00
chr2	74902875	74903036	161	161	50.00	64.00	58.43	59.00	9407.00
chr17	38335969	38337946	1977	1977	4.00	257.00	30.56	19.00	60415.00
chr16	87870103	87870253	150	150	150.00	280.00	205.33	193.00	30799.00
chr1	32205947	32206142	195	195	476.00	716.00	577.49	561.00	112611.00
chr6	44117553	44117702	149	149	8.00	309.00	185.11	235.00	27582.00
chr1	159163659	159163830	171	171	1073.00	1480.00	1293.37	1301.00	221166.00
chr3	445565	446023	458	458	3.00	12.00	6.62	6.00	3031.00
chr2	25048913	25048995	82	82	131.00	152.00	139.76	139.00	11460.00
chr10	99504485	99504672	187	187	58.00	94.00	76.71	78.00	14345.00
chr4	54364807	54365010	203	203	103.00	169.00	130.42	123.00	26475.00
chr17	1634367	1634552	185	185	17.00	29.00	23.64	24.00	4374.00
chr7	72416124	72416247	123	123	70.00	151.00	98.52	87.00	12118.00
chr1	208212169	208212329	160	160	80.00	111.00	95.86	95.50	15338.00
chr9	140952500	140952702	202	202	56.00	110.00	81.01	82.00	16365.00
chr6	44197325	44197528	203	203	94.00	143.00	121.23	122.00	24609.00
chr6	44197643	44198218	575	575	27.00	92.00	50.84	41.00	29234.00
chr11	118981972	118982084	112	112	190.00	263.00	230.55	235.50	25822.00
chr5	150503846	150503952	106	106	5.00	1908.00	1335.20	1682.50	141531.00
chr11	118981761	118981878	117	117	254.00	307.00	272.88	272.00	31927.00
chr11	126314873	126315000	127	127	59.00	98.00	77.91	75.00	9894.00
chr1	159165808	159166244	436	436	10.00	1195.00	223.14	16.00	97287.00
chr7	134893542	134893750	208	208	28.00	48.00	39.38	39.00	8191.00
chr9	121976196	121976433	237	237	156.00	369.00	254.28	263.00	60264.00
chr19	54691042	54691169	127	127	197.00	459.00	306.81	285.00	38965.00
chr22	38621430	38621600	170	170	241.00	438.00	359.71	378.00	61151.00
chr13	42035681	42036205	524	524	7.00	23.00	14.18	14.00	7432.00
chr20	1915360	1915413	53	53	17.00	1807.00	1162.70	1412.00	61623.00
chr5	14496987	14497126	139	139	140.00	242.00	184.57	187.00	25655.00
chr12	56528125	56528212	87	87	97.00	120.00	105.68	106.00	9194.00
chr3	47466974	47467101	127	127	63.00	103.00	83.22	82.00	10569.00
chr17	7415476	7415663	187	187	97.00	176.00	129.90	123.00	24292.00
chr3	33588037	33589252	1215	1215	7.00	43.00	22.00	22.00	26733.00
chr7	887833	888615	782	782	5.00	89.00	34.64	27.00	27091.00
chr10	24813251	24813693	442	442	26.00	78.00	51.64	54.50	22824.00
chr1	109812045	109812213	168	168	208.00	477.00	300.89	257.00	50549.00
chr19	15276597	15276902	305	305	46.00	88.00	62.30	60.00	19002.00
chr16	2334779	2334999	220	220	156.00	261.00	200.87	181.00	44192.00
chr16	68404761	68405261	500	500	25.00	66.00	44.47	45.00	22237.00
chr4	110969111	110969871	760	760	32.00	84.00	52.77	50.00	40109.00
chr1	145693161	145693996	835	835	11.00	104.00	53.26	54.00	44471.00
chr7	44282848	44282932	84	84	547.00	683.00	641.60	645.50	53894.00
chr2	220164315	220164508	193	193	16.00	584.00	254.71	22.00	49159.00
chr12	50472203	50472360	157	157	82.00	125.00	104.55	109.00	16414.00
chr2	220163768	220163833	65	65	634.00	875.00	775.86	774.00	50431.00
chr2	222289928	222290862	934	934	182.00	332.00	246.36	242.00	230102.00
chr12	57599133	57599268	135	135	206.00	341.00	251.33	245.00	33929.00
chr7	157475416	157475629	213	213	306.00	486.00	401.38	400.00	85493.00
chr1	32203800	32203927	127	127	337.00	888.00	597.21	617.00	75846.00
chr1	109811731	109811912	181	181	267.00	526.00	390.75	386.00	70726.00
chr9	140052830	140052975	145	145	845.00	2703.00	1823.45	1999.00	264400.00
chr2	220161706	220161854	148	148	745.00	1293.00	986.68	983.00	146028.00
chr16	29896906	29897070	164	164	409.00	685.00	568.30	584.00	93202.00
chr16	47143393	47143622	229	229	66.00	124.00	98.19	100.00	22486.00
chr11	993753	993985	232	232	158.00	357.00	268.73	261.50	62345.00
chr9	124059698	124061137	1439	1439	7.00	80.00	38.18	34.00	54935.00
chr9	140350140	140350634	494	494	13.00	53.00	37.90	40.00	18724.00
chr11	14504577	14504697	120	120	64.00	113.00	88.62	84.00	10634.00
chr3	49898612	49898733	121	121	587.00	945.00	785.48	794.00	95043.00
chr9	131811659	131811777	118	118	41.00	68.00	53.64	55.00	6329.00
chr9	131810705	131810818	113	113	69.00	79.00	73.42	73.00	8296.00
chr1	223400935	223401080	145	145	139.00	202.00	164.83	159.00	23900.00
chr12	125612185	125612820	635	635	4.00	190.00	39.58	16.00	25134.00
chr2	220088590	220088744	154	154	137.00	182.00	156.76	154.00	24141.00
chr9	70888487	70888750	263	263	2.00	45.00	25.71	27.00	6762.00
chr14	69813756	69813898	142	142	100.00	146.00	114.81	112.00	16303.00
chr2	47399145	47399890	745	745	10.00	420.00	54.50	53.00	40605.00
chr11	62688689	62689041	352	352	8.00	212.00	62.71	21.00	22075.00
chr6	43745205	43745407	202	202	6.00	117.00	102.44	105.00	20693.00
chr3	11072492	11072997	505	505	8.00	732.00	154.72	51.00	78135.00
chr7	2696031	2696168	137	137	197.00	288.00	249.45	258.00	34175.00
chr16	14969196	14969279	83	83	533.00	953.00	765.20	814.00	63512.00
chr17	7377847	7378026	179	179	13.00	22.00	17.84	18.00	3193.00
chr12	65639640	65639719	79	79	79.00	131.00	104.14	99.00	8227.00
chr12	50294912	50295108	196	196	1378.00	3192.00	1851.83	1667.00	362959.00
chr19	42485653	42485788	135	135	1557.00	2570.00	2079.72	2098.00	280762.00
chr10	99509230	99509343	113	113	103.00	183.00	141.98	146.00	16044.00
chr22	38883877	38888120	4243	4243	57.00	921.00	294.75	262.00	1250616.00
chr12	49416372	49416658	286	286	73.00	125.00	97.81	96.00	27974.00
chr6	24843089	24843782	693	693	26.00	78.00	44.11	43.00	30566.00
chr5	176295561	176295665	104	104	230.00	335.00	262.30	254.00	27279.00
chr10	99510087	99510227	140	140	130.00	187.00	155.07	153.00	21710.00
chr1	159173658	159174770	1112	1112	9.00	129.00	37.30	28.00	41476.00
chr11	1780745	1780869	124	124	849.00	1298.00	1121.65	1187.50	139084.00
chr19	42486059	42486258	199	199	1201.00	2332.00	1781.82	1806.00	354582.00
chr3	47465422	47465535	113	113	104.00	142.00	121.68	121.00	13750.00
chr1	21573713	21573856	143	143	46.00	68.00	58.08	61.00	8305.00
chr11	65320330	65320453	123	123	90.00	139.00	124.46	129.00	15309.00
chr3	47462420	47462519	99	99	139.00	222.00	187.82	199.00	18594.00
chr2	219204751	219204864	113	113	122.00	168.00	153.70	156.00	17368.00
chr1	43906123	43906257	134	134	21.00	34.00	26.93	26.00	3608.00
chr7	38785158	38785840	682	682	10.00	332.00	43.79	20.00	29865.00
chr2	153499932	153500058	126	126	107.00	151.00	132.77	140.00	16729.00
chr1	32203011	32203132	121	121	1.00	581.00	445.88	522.00	53951.00
chr22	42290823	42290941	118	118	362.00	596.00	505.71	498.00	59674.00
chr19	47940718	47940818	100	100	436.00	842.00	657.15	642.50	65715.00
chr4	119539150	119539274	124	124	7.00	33.00	24.14	30.00	2993.00
chr17	44117067	44117250	183	183	58.00	78.00	67.13	68.00	12284.00
chr19	42485873	42485983	110	110	1386.00	1752.00	1575.14	1559.50	173265.00
chr6	44114583	44114664	81	81	100.00	140.00	117.46	113.00	9514.00
chr19	47941105	47941292	187	187	8.00	897.00	492.82	675.00	92158.00
chr11	73074250	73074500	250	250	123.00	162.00	144.35	144.00	36087.00
chr3	33418764	33418825	61	61	239.00	330.00	278.49	287.00	16988.00
chr1	700258	700505	247	247	14.00	41.00	26.31	24.00	6499.00
chr9	74319510	74319719	209	209	32.00	65.00	44.86	44.00	9376.00
chr16	2336694	2336968	274	274	98.00	507.00	288.00	278.00	78912.00
chr20	3575125	3575219	94	94	83.00	176.00	101.90	95.00	9579.00
chr9	139231377	139231529	152	152	65.00	91.00	75.28	75.00	11443.00
chr5	140515951	140516498	547	547	6.00	24.00	15.59	16.00	8530.00
chr1	21938208	21938309	101	101	482.00	624.00	537.12	524.00	54249.00
chr3	155659188	155659936	748	748	11.00	131.00	84.94	98.00	63534.00
chr16	27483068	27483241	173	173	81.00	143.00	111.13	113.00	19226.00
chr11	994071	994245	174	174	96.00	168.00	143.06	150.00	24892.00
chr7	71175745	71175913	168	168	282.00	467.00	375.74	379.00	63124.00
chr12	121204065	121204175	110	110	161.00	238.00	196.14	196.50	21575.00
chr7	73118679	73118753	74	74	1041.00	1456.00	1234.43	1201.50	91348.00
chr9	140972565	140972710	145	145	62.00	96.00	79.69	76.00	11555.00
chr12	121683329	121684024	695	695	7.00	35.00	17.94	18.00	12471.00
chr16	74493579	74493687	108	108	138.00	215.00	166.55	153.50	17987.00
chr2	36771518	36771641	123	123	82.00	119.00	97.62	96.00	12007.00
chr7	94187181	94187996	815	815	4.00	38.00	21.59	25.00	17594.00
chr14	94156951	94157239	288	288	9.00	22.00	16.00	15.00	4609.00
chr7	121739000	121739524	524	524	8.00	20.00	13.20	13.00	6915.00
chr1	19549117	19549328	211	211	63.00	167.00	107.92	102.00	22771.00
chr19	5214571	5214747	176	176	193.00	451.00	252.56	226.50	44450.00
chr19	42557753	42557861	108	108	139.00	173.00	157.06	157.50	16963.00
chr15	102510686	102510925	239	239	3.00	58.00	32.59	29.00	7788.00
chr5	167673761	167675376	1615	1615	29.00	95.00	51.79	49.00	83638.00
chr7	44282158	44282253	95	95	553.00	889.00	704.63	678.00	66940.00
chr2	160621061	160621717	656	656	10.00	153.00	26.64	18.00	17478.00
chr5	10426501	10426634	133	133	210.00	284.00	254.87	257.00	33898.00
chr16	1814301	1814460	159	159	474.00	593.00	545.34	557.00	86709.00
chr11	21581734	21581928	194	194	88.00	144.00	119.95	123.00	23271.00
chr3	126749085	126749255	170	170	93.00	180.00	128.85	129.00	21904.00
chr11	12237765	12237866	101	101	402.00	516.00	461.27	454.00	46588.00
chr6	31750872	31750963	91	91	99.00	127.00	115.99	116.00	10555.00
chr3	53124201	53124398	197	197	15.00	30.00	23.20	23.00	4570.00
chr2	220161470	220161544	74	74	881.00	1181.00	1083.65	1102.50	80190.00
chr2	128951046	128951785	739	739	28.00	120.00	70.77	73.00	52296.00
chr5	24535811	24535931	120	120	82.00	121.00	102.55	104.00	12306.00
chr1	44083406	44083582	176	176	192.00	322.00	252.92	251.50	44514.00
chr1	32207653	32207818	165	165	278.00	506.00	376.13	383.00	62061.00
chr12	7293754	7294000	246	246	6.00	860.00	503.23	707.50	123795.00
chr3	131442289	131442469	180	180	108.00	137.00	121.22	122.00	21820.00
chr3	49898871	49899298	427	427	18.00	1041.00	405.77	491.00	173263.00
chr16	66432358	66432464	106	106	39.00	71.00	53.66	51.00	5688.00
chr1	20982593	20982680	87	87	269.00	339.00	303.49	299.00	26404.00
chr16	68398653	68398809	156	156	37.00	47.00	40.10	40.00	6255.00
chr17	16676818	16678279	1461	1461	0.00	26.00	9.11	10.00	13317.00
chr1	109814899	109815027	128	128	267.00	363.00	301.20	294.00	38554.00
chr1	21940478	21940582	104	104	599.00	777.00	707.49	733.00	73579.00
chr20	57468284	57468793	509	509	9.00	35.00	20.95	22.00	10663.00
chr3	127358087	127358366	279	279	187.00	480.00	331.94	309.00	92611.00
chr3	126735359	126735527	168	168	79.00	110.00	94.10	95.00	15808.00
chr10	103869140	103869264	124	124	210.00	366.00	284.58	281.50	35288.00
chr20	44520554	44520666	112	112	116.00	186.00	145.98	136.00	16350.00
chr1	32203252	32203356	104	104	309.00	506.00	416.04	427.00	43268.00
chr21	40186196	40186316	120	120	207.00	264.00	243.04	249.50	29165.00
chr5	111067153	111068349	1196	1196	7.00	51.00	28.72	29.00	34346.00
chr9	128002954	128003186	232	232	287.00	554.00	406.96	404.00	94415.00
chr1	43408896	43408992	96	96	127.00	165.00	144.48	142.00	13870.00
chr3	47463931	47464026	95	95	141.00	171.00	154.54	154.00	14681.00
chr2	220161160	220161238	78	78	823.00	966.00	890.56	891.50	69464.00
chr11	62472772	62473089	317	317	898.00	1873.00	1322.19	1307.00	419133.00
chr9	130986341	130986906	565	565	10.00	631.00	150.16	26.00	84842.00
chr14	69358769	69359000	231	231	180.00	240.00	202.99	202.00	46891.00
chr11	64416205	64416379	174	174	170.00	249.00	211.05	218.00	36722.00
chr17	8398454	8398559	105	105	329.00	454.00	396.10	399.00	41590.00
chr12	53572943	53574193	1250	1250	9.00	64.00	37.56	37.00	46949.00
chr17	17696544	17701827	5283	5283	24.00	175.00	67.52	67.00	356688.00
chr8	11705187	11705331	144	144	920.00	1315.00	1193.13	1209.00	171811.00
chr19	54963829	54963931	102	102	217.00	355.00	283.32	275.50	28899.00
chr2	70451682	70456295	4613	4613	3.00	158.00	33.72	31.00	155534.00
chr11	118873959	118874169	210	210	8.00	22.00	16.47	16.00	3459.00
chr10	75548427	75548581	154	154	52.00	72.00	62.72	63.50	9659.00
chr6	33414351	33414563	212	212	309.00	672.00	535.28	552.00	113480.00
chr17	80042910	80043032	122	122	177.00	229.00	204.18	204.00	24910.00
chr11	11470290	11470483	193	193	45.00	78.00	60.16	62.00	11611.00
chr8	23294446	23294771	325	325	112.00	159.00	129.39	127.00	42052.00
chr1	116932060	116932663	603	603	9.00	2223.00	738.29	19.00	445189.00
chr15	83222627	83222741	114	114	68.00	85.00	76.78	77.50	8753.00
chr3	9841562	9841751	189	189	19.00	43.00	30.75	32.00	5811.00
chr1	116937731	116937907	176	176	1410.00	2761.00	1720.76	1553.50	302853.00
chr16	87868019	87868197	178	178	122.00	154.00	138.42	140.00	24638.00
chr3	124209540	124209731	191	191	477.00	772.00	602.33	591.00	115045.00
chr7	71142195	71142291	96	96	351.00	599.00	436.73	414.50	41926.00
chr5	130497324	130497584	260	260	11.00	30.00	20.08	21.00	5221.00
chr13	100199238	100199358	120	120	287.00	462.00	358.59	347.50	43031.00
chr5	139943336	139943506	170	170	19.00	245.00	184.65	190.00	31390.00
chr17	74395529	74396002	473	473	84.00	151.00	123.18	125.00	58265.00
chr14	93179149	93179216	67	67	179.00	203.00	192.25	194.00	12881.00
chr4	160277004	160277310	306	306	31.00	272.00	137.19	137.50	41981.00
chr17	40666306	40666478	172	172	609.00	1209.00	915.78	913.50	157515.00
chr15	34828065	34828207	142	142	11.00	144.00	106.01	114.00	15053.00
chr14	100165802	100165876	74	74	388.00	495.00	454.46	471.00	33630.00
chr22	20128089	20128231	142	142	17.00	130.00	81.58	107.50	11585.00
chr12	3392210	3394421	2211	2211	7.00	106.00	48.82	48.00	107940.00
chr17	16687866	16690667	2801	2801	0.00	64.00	12.55	9.00	35159.00
chr6	31664724	31664810	86	86	96.00	159.00	128.40	122.00	11042.00
chr6	30627512	30627611	99	99	30.00	47.00	38.66	40.00	3827.00
chr11	18752834	18755060	2226	2226	2.00	702.00	84.71	39.00	188560.00
chr12	109332602	109332731	129	129	354.00	528.00	458.93	478.00	59202.00
chr6	90072884	90073110	226	226	13.00	30.00	20.75	21.00	4689.00
chr16	2689371	2689711	340	340	0.00	3.00	0.54	0.00	183.00
chr1	20987373	20987484	111	111	223.00	308.00	269.14	264.00	29875.00
chr14	85985300	85986667	1367	1367	4.00	28.00	14.84	15.00	20293.00
chr13	32863769	32863880	111	111	101.00	146.00	127.55	134.00	14158.00
chr16	1510418	1510528	110	110	60.00	114.00	82.38	84.00	9062.00
chr19	54963269	54963444	175	175	299.00	476.00	379.87	366.00	66477.00
chr6	44224078	44224233	155	155	56.00	73.00	64.06	64.00	9929.00
chr20	3151172	3152285	1113	1113	11.00	45.00	25.19	26.00	28037.00
chr1	892273	892405	132	132	131.00	225.00	164.34	155.50	21693.00
chr16	90192167	90192724	557	557	3.00	50.00	34.81	37.00	19390.00
chr9	111663704	111663810	106	106	74.00	98.00	85.47	86.00	9060.00
chr6	44108764	44108835	71	71	113.00	159.00	132.82	137.00	9430.00
chr1	36028802	36029027	225	225	1398.00	2296.00	1778.60	1716.00	400185.00
chr11	66807259	66807674	415	415	10.00	169.00	128.41	131.00	53289.00
chr1	178426817	178427679	862	862	14.00	48.00	31.67	33.00	27296.00
chr19	42482302	42482478	176	176	1596.00	2532.00	1846.12	1810.00	324917.00
chr1	44084718	44084873	155	155	112.00	402.00	237.19	216.00	36764.00
chr1	109812315	109812442	127	127	247.00	333.00	298.78	306.00	37945.00
chr3	180324268	180324391	123	123	99.00	141.00	122.89	124.00	15115.00
chr15	63933668	63933842	174	174	115.00	220.00	153.96	137.00	26789.00
chr20	44521363	44521519	156	156	191.00	254.00	219.67	221.00	34269.00
chr3	33416779	33416910	131	131	140.00	255.00	180.18	178.00	23603.00
chr1	21934624	21934843	219	219	9.00	835.00	385.49	502.00	84422.00
chr14	69799801	69799886	85	85	79.00	95.00	85.14	84.00	7237.00
chr1	116936134	116936345	211	211	4.00	2266.00	1667.18	1773.00	351774.00
chr14	23634493	23634645	152	152	29.00	68.00	52.07	60.00	7915.00
chr16	1402538	1402947	409	409	13.00	42.00	31.13	32.00	12731.00
chr9	20331	25000	4669	4669	2.00	185.00	52.25	48.00	243937.00
chr17	43545574	43545959	385	385	21.00	53.00	30.42	28.00	11710.00
chr13	100201418	100201476	58	58	318.00	384.00	342.84	343.00	19885.00
chr15	41865505	41865665	160	160	245.00	546.00	386.71	380.00	61874.00
chr19	19641688	19642196	508	508	8.00	35.00	23.31	25.00	11839.00
chr11	134147593	134148159	566	566	9.00	22.00	16.90	17.00	9567.00
chr2	71656420	71657290	870	870	6.00	43.00	26.50	25.00	23059.00
chr7	97834775	97835016	241	241	114.00	182.00	147.00	152.00	35426.00
chr19	13363804	13363915	111	111	89.00	125.00	104.98	104.00	11653.00
chr18	31328383	31329011	628	628	5.00	23.00	15.70	17.00	9860.00
chr16	66431884	66432009	125	125	24.00	50.00	36.21	34.00	4526.00
chr19	47935155	47935702	547	547	9.00	1013.00	345.06	322.00	188750.00
chr12	50291769	50291873	104	104	909.00	1569.00	1152.26	1165.50	119835.00
chr11	1780198	1780317	119	119	634.00	1143.00	772.71	731.00	91953.00
chr15	65392626	65393167	541	541	9.00	30.00	18.21	18.00	9853.00
chr2	86397871	86397967	96	96	116.00	205.00	161.17	171.00	15472.00
chr7	97866087	97866233	146	146	90.00	171.00	131.95	145.00	19264.00
chr11	60687157	60687402	245	245	115.00	162.00	138.49	139.00	33931.00
chr21	43307700	43309453	1753	1753	11.00	85.00	42.96	40.00	75303.00
chr14	24619269	24619657	388	388	25.00	70.00	35.19	33.00	13654.00
chr11	65320634	65320727	93	93	66.00	90.00	79.47	82.00	7391.00
chr16	29891184	29891385	201	201	446.00	637.00	550.53	554.00	110657.00
chr1	32207224	32207326	102	102	674.00	939.00	812.80	838.50	82906.00
chr11	72300218	72300394	176	176	4.00	483.00	155.23	11.00	27320.00
chr17	7608878	7609038	160	160	35.00	146.00	93.56	101.50	14970.00
chr19	7607646	7607814	168	168	127.00	193.00	156.48	167.50	26289.00
chr19	54966129	54966271	142	142	139.00	244.00	210.36	219.00	29871.00
chr12	57995027	57995131	104	104	159.00	197.00	177.34	178.00	18443.00
chr1	27428875	27429049	174	174	63.00	82.00	71.14	70.00	12378.00
chr2	27688277	27688385	108	108	36.00	85.00	64.19	71.00	6932.00
chr16	2691449	2692254	805	805	0.00	21.00	3.89	3.00	3132.00
chr9	131503813	131503933	120	120	308.00	399.00	365.16	369.00	43819.00
chr16	2347766	2347922	156	156	131.00	192.00	162.94	163.00	25418.00
chr17	80039884	80040036	152	152	303.00	355.00	334.41	335.00	50830.00
chr1	32204432	32204538	106	106	359.00	941.00	649.28	660.50	68824.00
chr12	9242951	9243078	127	127	180.00	242.00	212.50	214.00	26988.00
chr3	49702661	49702751	90	90	236.00	315.00	287.97	290.00	25917.00
chr19	35820359	35820837	478	478	12.00	48.00	32.08	30.50	15334.00
chr1	201456762	201457615	853	853	9.00	43.00	25.27	23.00	21555.00
chr16	2334279	2334438	159	159	155.00	258.00	198.79	197.00	31608.00
chr10	73578373	73578481	108	108	3180.00	4354.00	3766.93	3764.00	406828.00
chr16	18530550	18530756	206	206	3.00	583.00	244.47	326.00	50360.00
chr16	16369094	16369300	206	206	3.00	601.00	248.49	334.00	51188.00
chr13	113975636	113975785	149	149	13.00	597.00	259.09	22.00	38605.00
chr11	119293822	119294227	405	405	13.00	7509.00	665.67	73.00	269598.00
chr5	150505962	150506041	79	79	966.00	1599.00	1241.70	1192.00	98094.00
chr22	44224939	44225078	139	139	849.00	1217.00	981.40	947.00	136414.00
chr15	41865199	41865309	110	110	297.00	419.00	348.98	329.50	38388.00
chr17	25633807	25636298	2491	2491	31.00	645.00	271.58	283.00	676517.00
chr15	72495155	72495529	374	374	9.00	3036.00	1197.32	28.00	447799.00
chr9	42540272	42542124	1852	1852	1.00	25.00	12.14	12.00	22475.00
chr11	119290760	119291704	944	944	7.00	9389.00	2098.21	22.00	1980714.00
chr19	5219949	5220165	216	216	131.00	235.00	172.99	159.00	37365.00
chr15	63910769	63911153	384	384	0.00	14.00	5.90	7.00	2266.00
chr17	74393879	74393969	90	90	112.00	199.00	149.47	130.00	13452.00
chr10	104129467	104129532	65	65	93.00	114.00	105.48	107.00	6856.00
chr3	142454224	142454620	396	396	1.00	18.00	10.07	10.00	3988.00
chr12	121205196	121205396	200	200	157.00	210.00	181.14	180.50	36228.00
chr3	31705570	31705724	154	154	30.00	49.00	37.06	35.00	5707.00
chr6	118635190	118636593	1403	1403	28.00	220.00	132.15	124.00	185405.00
chr8	10339867	10340829	962	962	5.00	33.00	18.27	19.00	17574.00
chr19	16952578	16952779	201	201	115.00	222.00	172.96	174.00	34765.00
chr8	110984486	110985016	530	530	116.00	165.00	143.02	143.00	75803.00
chr9	128001219	128001610	391	391	435.00	1191.00	819.26	867.00	320331.00
chr11	73070878	73070997	119	119	129.00	178.00	154.97	155.00	18442.00
chr10	104130140	104130235	95	95	96.00	122.00	112.54	114.00	10691.00
chr5	95733039	95733173	134	134	148.00	212.00	180.48	176.00	24184.00
chr19	59059400	59059547	147	147	245.00	346.00	288.29	282.00	42379.00
chr5	139943169	139943255	86	86	18.00	153.00	119.45	130.00	10273.00
chr17	73487771	73487981	210	210	73.00	166.00	103.80	93.50	21798.00
chr1	154315588	154315777	189	189	37.00	49.00	42.89	43.00	8106.00
chr14	95652726	95653070	344	344	12.00	36.00	22.06	21.00	7589.00
chr12	123639801	123640772	971	971	16.00	48.00	27.77	26.00	26963.00
chr22	47064870	47065171	301	301	4.00	14.00	7.90	7.00	2379.00
chr5	24535220	24535388	168	168	55.00	93.00	71.74	71.00	12053.00
chr12	6806452	6806958	506	506	135.00	391.00	229.09	218.00	115920.00
chr22	29881711	29881836	125	125	407.00	510.00	442.63	441.00	55329.00
chr7	75894681	75894786	105	105	60.00	130.00	86.33	83.00	9065.00
chr12	121089007	121095893	6886	6886	8.00	138.00	51.28	48.00	353117.00
chr1	207940357	207942365	2008	2008	15.00	188.00	60.80	49.00	122081.00
chr7	154681166	154681240	74	74	404.00	497.00	455.65	458.50	33718.00
chr5	131696513	131697529	1016	1016	5.00	28.00	14.52	14.00	14753.00
chr11	1776135	1776258	123	123	383.00	922.00	618.69	600.00	76099.00
chr8	11706554	11706673	119	119	767.00	984.00	894.26	898.00	106417.00
chr11	18759426	18759511	85	85	290.00	358.00	320.29	315.00	27225.00
chr16	61689373	61689625	252	252	67.00	111.00	86.78	86.00	21868.00
chr15	51750702	51750824	122	122	231.00	323.00	275.95	286.00	33666.00
chr9	35555056	35555698	642	642	156.00	442.00	293.18	299.50	188219.00
chr2	198356200	198356621	421	421	5.00	28.00	12.31	8.00	5181.00
chr9	131001723	131001794	71	71	2450.00	3210.00	2867.65	2879.00	203603.00
chr19	5214371	5214491	120	120	349.00	523.00	435.79	433.50	52295.00
chr22	35719488	35719623	135	135	121.00	201.00	169.11	177.00	22830.00
chr12	121678738	121679829	1091	1091	7.00	62.00	24.01	21.00	26190.00
chr14	23820960	23821064	104	104	1103.00	1394.00	1275.15	1302.00	132616.00
chr1	32205710	32205779	69	69	546.00	696.00	622.22	621.00	42933.00
chr3	33420176	33420326	150	150	7.00	324.00	101.40	10.00	15210.00
chr9	114820707	114820966	259	259	35.00	53.00	44.48	45.00	11521.00
chr15	41865876	41866023	147	147	28.00	782.00	598.86	665.00	88032.00
chr19	55554308	55554637	329	329	4.00	22.00	12.76	12.00	4198.00
chr1	116933403	116933513	110	110	1703.00	2288.00	2012.55	1986.00	221380.00
chr19	15374230	15374359	129	129	57.00	144.00	108.31	117.00	13972.00
chr12	56090682	56090852	170	170	64.00	80.00	73.49	73.00	12493.00
chr14	69445668	69445876	208	208	40.00	205.00	134.75	152.50	28027.00
chr12	57603474	57603651	177	177	196.00	358.00	275.06	271.00	48686.00
chr22	32897492	32898946	1454	1454	16.00	130.00	57.52	54.00	83627.00
chr16	16367702	16367764	62	62	6.00	416.00	207.48	222.50	12864.00
chr19	5245786	5246056	270	270	130.00	200.00	160.59	158.00	43358.00
chr16	74345440	74345829	389	389	14.00	34.00	24.59	26.00	9565.00
chr6	107096899	107097076	177	177	48.00	98.00	74.29	75.00	13150.00
chr1	29641883	29642019	136	136	46.00	60.00	53.64	55.00	7295.00
chr8	97342440	97342509	69	69	159.00	189.00	175.39	175.00	12102.00
chr8	68116914	68117054	140	140	87.00	140.00	115.28	117.00	16139.00
chr22	22037470	22037546	76	76	42.00	73.00	60.76	62.00	4618.00
chr22	50682147	50683420	1273	1273	14.00	145.00	85.89	89.00	109340.00
chr20	44048971	44049069	98	98	171.00	221.00	194.83	197.00	19093.00
chr1	36904356	36904511	155	155	51.00	75.00	63.79	63.00	9888.00
chr12	71054719	71054877	158	158	81.00	178.00	106.44	95.00	16818.00
chr15	50654364	50655515	1151	1151	8.00	42.00	25.91	26.00	29826.00
chr2	234198499	234198620	121	121	72.00	94.00	83.13	84.00	10059.00
chr9	128001699	128001812	113	113	448.00	572.00	502.22	500.00	56751.00
chr8	38272296	38272419	123	123	65.00	84.00	75.62	78.00	9301.00
chr11	73068069	73068179	110	110	95.00	151.00	121.96	129.00	13416.00
chr16	28123137	28123327	190	190	124.00	272.00	204.29	216.00	38815.00
chr12	49424062	49424222	160	160	15.00	49.00	30.23	29.00	4837.00
chr19	50302885	50303023	138	138	285.00	462.00	360.59	326.00	49762.00
chr19	42480567	42480718	151	151	2592.00	4096.00	3337.45	3433.00	503955.00
chr3	197904395	197905301	906	906	0.00	50.00	22.03	25.00	19957.00
chr13	100189992	100190117	125	125	188.00	248.00	224.06	226.00	28008.00
chr19	14268062	14268272	210	210	239.00	408.00	326.34	328.50	68531.00
chr10	93786886	93787057	171	171	88.00	136.00	107.07	105.00	18309.00
chr1	109808726	109808828	102	102	135.00	177.00	154.59	154.00	15768.00
chr4	134075461	134075520	59	59	224.00	303.00	251.61	252.00	14845.00
chr1	22052268	22053864	1596	1596	9.00	36.00	19.74	19.00	31510.00
chr9	140056855	140056968	113	113	1007.00	1392.00	1215.08	1216.00	137304.00
chr19	42482087	42482224	137	137	2607.00	3675.00	3217.47	3320.00	440794.00
chr19	4556962	4557025	63	63	444.00	594.00	541.86	541.00	34137.00
chr19	14266921	14267013	92	92	252.00	350.00	293.99	281.50	27047.00
chr22	42273851	42274127	276	276	7.00	777.00	408.24	495.50	112675.00
chr1	205549788	205550049	261	261	204.00	339.00	248.18	237.00	64774.00
chr1	110765585	110766522	937	937	44.00	158.00	99.02	101.00	92784.00
chr19	55553595	55554158	563	563	18.00	40.00	28.51	29.00	16052.00
chr7	150929881	150931360	1479	1479	20.00	129.00	53.03	50.00	78438.00
chr3	124215157	124215260	103	103	401.00	692.00	552.65	562.00	56923.00
chr16	58220658	58220760	102	102	106.00	154.00	127.59	129.50	13014.00
chr3	10381925	10382033	108	108	526.00	711.00	631.06	629.00	68154.00
chr10	11356101	11356221	120	120	69.00	102.00	85.17	86.50	10220.00
chr22	42294652	42294785	133	133	373.00	617.00	514.10	506.00	68375.00
chr1	2005531	2005714	183	183	24.00	101.00	76.58	84.00	14014.00
chr12	113722522	113722576	54	54	60.00	72.00	65.44	65.00	3534.00
chr9	131502198	131502398	200	200	12.00	469.00	392.71	411.50	78543.00
chr19	40873602	40873786	184	184	1127.00	1552.00	1355.07	1371.00	249332.00
chr2	220162606	220162825	219	219	264.00	657.00	443.94	426.00	97222.00
chr16	28270027	28270355	328	328	10.00	76.00	39.55	34.00	12972.00
chr4	3225718	3225858	140	140	137.00	219.00	186.41	196.50	26098.00
chr17	44127898	44128070	172	172	48.00	69.00	59.92	62.00	10307.00
chr3	47462043	47462262	219	219	88.00	211.00	126.79	108.00	27766.00
chr6	99873090	99873182	92	92	15.00	485.00	203.85	163.00	18754.00
chr7	142561723	142562504	781	781	287.00	662.00	440.31	417.00	343882.00
chr1	159169540	159169666	126	126	1083.00	1385.00	1252.60	1287.50	157828.00
chr19	7606869	7606953	84	84	76.00	109.00	90.71	87.00	7620.00
chr16	2811561	2818298	6737	6737	13.00	530.00	280.84	285.00	1892020.00
chr3	47450652	47450807	155	155	49.00	68.00	61.26	62.00	9496.00
chr11	118403631	118403922	291	291	114.00	204.00	137.57	134.00	40034.00
chr1	205555161	205555335	174	174	225.00	309.00	257.47	254.00	44799.00
chr12	125603186	125603311	125	125	110.00	145.00	132.15	134.00	16519.00
chr11	86658288	86659498	1210	1210	8.00	34.00	17.53	17.00	21217.00
chr22	37764946	37768745	3799	3799	23.00	453.00	154.17	134.00	585693.00
chr10	46345664	46346215	551	551	6.00	43.00	19.91	19.00	10972.00
chr22	33673045	33673241	196	196	212.00	584.00	340.45	273.00	66728.00
chr9	140042599	140042666	67	67	15.00	320.00	271.25	283.00	18174.00
chr3	48717233	48717320	87	87	175.00	218.00	203.79	204.00	17730.00
chr11	60681600	60681740	140	140	14.00	143.00	66.96	50.50	9374.00
chr10	93784512	93784724	212	212	43.00	78.00	64.38	66.00	13649.00
chr12	7289424	7290372	948	948	2.00	714.00	180.15	19.00	170784.00
chr3	132387062	132387526	464	464	7.00	28.00	17.39	17.00	8069.00
chr16	2335442	2335647	205	205	150.00	291.00	232.05	232.00	47571.00
chr16	1794782	1797276	2494	2494	5.00	472.00	67.26	32.00	167756.00
chr16	3786036	3786204	168	168	96.00	148.00	117.75	117.00	19782.00
chr9	141131209	141131766	557	557	0.00	34.00	13.60	11.00	7573.00
chr14	92965028	92966015	987	987	8.00	39.00	20.10	18.00	19839.00
chr19	54692070	54692200	130	130	194.00	477.00	307.77	252.00	40010.00
chr15	43866006	43866230	224	224	71.00	145.00	97.81	95.00	21910.00
chr3	40231316	40231954	638	638	42.00	88.00	53.22	53.00	33954.00
chr3	50148937	50149455	518	518	11.00	49.00	27.26	28.00	14122.00
chr4	81117505	81117755	250	250	40.00	110.00	81.16	81.00	20289.00
chr10	46740404	46740638	234	234	3.00	15.00	7.45	6.00	1743.00
chr3	124210169	124210271	102	102	382.00	508.00	454.49	458.00	46358.00
chr11	107488830	107488932	102	102	337.00	404.00	370.60	370.00	37801.00
chr9	130591965	130592106	141	141	51.00	76.00	64.02	66.00	9027.00
chr1	20981932	20982027	95	95	250.00	307.00	278.52	281.00	26459.00
chr12	75875613	75875859	246	246	34.00	50.00	42.80	43.50	10529.00
chr22	32046684	32046764	80	80	82.00	133.00	113.96	118.50	9117.00
chr11	70331418	70331658	240	240	34.00	136.00	79.49	85.00	19077.00
chr14	51079976	51080069	93	93	390.00	508.00	446.70	446.00	41543.00
chr17	80041077	80041301	224	224	236.00	630.00	443.65	472.50	99377.00
chr7	158540884	158540971	87	87	147.00	197.00	170.92	170.00	14870.00
chr1	21553651	21553719	68	68	47.00	66.00	55.91	53.00	3802.00
chr2	219206256	219206349	93	93	111.00	145.00	129.70	130.00	12062.00
chr17	18444211	18445242	1031	1031	1.00	24.00	12.89	13.00	13287.00
chr12	57599340	57599460	120	120	193.00	259.00	229.29	233.50	27515.00
chr11	64417919	64418110	191	191	210.00	403.00	325.85	340.00	62237.00
chr19	3274926	3275650	724	724	9.00	53.00	23.97	22.00	17354.00
chr16	18532086	18532305	219	219	461.00	951.00	652.60	639.00	142919.00
chr17	3776702	3776756	54	54	490.00	680.00	608.00	613.50	32832.00
chr1	116932670	116933033	363	363	4.00	2581.00	1201.57	1849.00	436171.00
chr16	1505731	1505796	65	65	164.00	242.00	213.12	215.00	13853.00
chr1	9794029	9794200	171	171	2142.00	2692.00	2407.45	2415.00	411674.00
chr10	73579221	73579379	158	158	2475.00	4283.00	3281.70	3488.00	518508.00
chr11	6411684	6412146	462	462	23.00	138.00	86.84	85.00	40121.00
chr1	159163212	159163350	138	138	917.00	1345.00	1022.36	987.00	141085.00
chr16	1816723	1816804	81	81	440.00	541.00	488.94	490.00	39604.00
chr7	91722399	91722630	231	231	13.00	103.00	76.53	77.00	17678.00
chr7	44281816	44281939	123	123	747.00	939.00	819.28	820.00	100772.00
chr2	220467189	220467297	108	108	20.00	29.00	24.19	24.00	2612.00
chr16	4494664	4494729	65	65	154.00	222.00	192.78	195.00	12531.00
chr15	34681844	34681986	142	142	10.00	212.00	153.08	163.00	21737.00
chr9	139995935	139996124	189	189	86.00	165.00	130.48	132.00	24660.00
chr3	180324040	180324160	120	120	104.00	127.00	115.67	115.00	13881.00
chr3	42678359	42681242	2883	2883	25.00	142.00	77.71	73.00	224042.00
chr7	131812776	131815333	2557	2557	22.00	129.00	64.55	61.00	165056.00
chr20	1585387	1585522	135	135	21.00	402.00	225.66	230.00	30464.00
chr3	126751229	126751442	213	213	123.00	207.00	161.52	157.00	34403.00
chr15	63920875	63921014	139	139	122.00	269.00	189.79	200.00	26381.00
chr16	2040128	2040202	74	74	17.00	92.00	53.66	53.50	3971.00
chr9	74324174	74324390	216	216	31.00	52.00	42.19	43.00	9113.00
chr20	44521858	44521950	92	92	202.00	240.00	222.10	223.00	20433.00
chr9	139911647	139911798	151	151	293.00	472.00	375.58	355.00	56713.00
chr9	140055507	140055649	142	142	1566.00	2931.00	2235.14	2034.50	317390.00
chr12	120148055	120148191	136	136	157.00	251.00	197.71	193.50	26889.00
chr12	50474280	50474372	92	92	107.00	149.00	130.66	131.00	12021.00
chr15	63125702	63125828	126	126	138.00	296.00	201.73	197.00	25418.00
chr9	20907148	20907241	93	93	93.00	109.00	101.54	102.00	9443.00
chr16	87874655	87874761	106	106	183.00	277.00	231.22	221.00	24509.00
chr2	162833269	162833460	191	191	9.00	705.00	376.01	532.00	71817.00
chr8	11704560	11704677	117	117	648.00	920.00	751.28	744.00	87900.00
chr15	63926931	63927087	156	156	189.00	254.00	220.30	222.00	34367.00
chr6	31668718	31668805	87	87	114.00	157.00	130.69	127.00	11370.00
chr7	148910792	148910906	114	114	14.00	45.00	35.11	40.00	4003.00
chr14	42355808	42357213	1405	1405	40.00	154.00	84.11	82.00	118178.00
chr10	88678928	88679226	298	298	32.00	57.00	40.81	40.00	12162.00
chr3	140998219	140998346	127	127	45.00	75.00	61.13	67.00	7763.00
chr1	144859758	144859998	240	240	73.00	157.00	113.40	125.00	27217.00
chr9	96054772	96055455	683	683	42.00	204.00	126.56	140.00	86440.00
chr19	7604803	7604944	141	141	101.00	161.00	117.82	112.00	16613.00
chr12	30906277	30907432	1155	1155	7.00	98.00	37.86	30.00	43723.00
chr9	131112762	131112854	92	92	93.00	198.00	153.33	157.00	14106.00
chr20	61981328	61982379	1051	1051	40.00	104.00	69.28	68.00	72810.00
chr7	38431348	38431618	270	270	235.00	614.00	369.30	343.00	99710.00
chr20	44521036	44521123	87	87	181.00	231.00	206.05	210.00	17926.00
chr11	64418726	64419108	382	382	165.00	413.00	281.38	272.50	107486.00
chr12	120148344	120150270	1926	1926	6.00	337.00	47.48	21.00	91452.00
chr12	6930971	6931066	95	95	12.00	483.00	266.23	261.00	25292.00
chr16	2339434	2339621	187	187	118.00	253.00	169.51	154.00	31698.00
chr2	27700083	27700187	104	104	48.00	81.00	65.46	66.50	6808.00
chr14	69805367	69805494	127	127	92.00	140.00	113.57	111.00	14424.00
chr12	9242497	9242619	122	122	186.00	290.00	231.04	223.50	28187.00
chr3	58256658	58256791	133	133	103.00	148.00	123.56	120.00	16434.00
chr10	79744927	79745098	171	171	54.00	120.00	86.86	88.00	14853.00
chr1	159161725	159161866	141	141	531.00	928.00	799.61	850.00	112745.00
chr16	31085202	31085519	317	317	17.00	45.00	28.85	27.00	9144.00
chr1	171755018	171755218	200	200	54.00	83.00	69.62	68.00	13925.00
chr9	130988124	130989280	1156	1156	4.00	1672.00	213.27	39.00	246540.00
chr15	63127935	63127998	63	63	142.00	178.00	159.29	158.00	10035.00
chr19	1917676	1917821	145	145	14.00	263.00	182.52	189.00	26466.00
chr22	25315792	25315960	168	168	92.00	129.00	108.04	106.00	18151.00
chr2	207943790	207945085	1295	1295	25.00	80.00	45.29	41.00	58656.00
chr11	47330706	47330952	246	246	17.00	690.00	302.35	26.00	74378.00
chr3	142743978	142746095	2117	2117	2.00	142.00	25.90	20.00	54839.00
chr7	44839492	44839694	202	202	15.00	25.00	20.63	21.00	4168.00
chr22	31688260	31688471	211	211	8.00	172.00	106.17	123.00	22402.00
chr11	66333492	66333638	146	146	463.00	586.00	531.84	539.00	77648.00
chr9	131114916	131115026	110	110	198.00	268.00	232.80	232.50	25608.00
chr1	20206	21013	807	807	7.00	182.00	88.17	80.00	71154.00
chr11	108216469	108216635	166	166	46.00	85.00	70.62	71.50	11723.00
chr1	209778880	209779019	139	139	148.00	266.00	210.75	214.00	29294.00
chr1	202935876	202936026	150	150	130.00	224.00	172.77	176.00	25916.00
chr12	57600255	57600524	269	269	232.00	326.00	280.94	284.00	75572.00
chr19	15233503	15233615	112	112	67.00	82.00	73.55	73.00	8238.00
chr8	68115317	68115486	169	169	108.00	166.00	143.64	146.00	24276.00
chr19	13419229	13419342	113	113	52.00	89.00	73.65	77.00	8322.00
chr6	33266815	33267130	315	315	11.00	72.00	37.24	33.00	11732.00
chr16	89780611	89781646	1035	1035	12.00	73.00	33.98	29.00	35168.00
chr12	109964162	109964221	59	59	69.00	83.00	75.37	75.00	4447.00
chr22	24491893	24492045	152	152	57.00	102.00	73.82	70.00	11220.00
chr2	242592926	242593025	99	99	186.00	254.00	216.55	218.00	21438.00
chr1	21937944	21938074	130	130	472.00	1305.00	941.04	1042.00	122335.00
chr2	223789173	223789313	140	140	247.00	341.00	300.74	310.50	42103.00
chr20	3772318	3772535	217	217	6.00	24.00	13.01	11.00	2823.00
chr16	18531918	18532001	83	83	615.00	1010.00	822.08	881.00	68233.00
chr1	43396296	43396537	241	241	102.00	175.00	137.19	135.00	33063.00
chr2	100037960	100038115	155	155	36.00	70.00	55.68	58.00	8631.00
chr16	1500497	1500770	273	273	6.00	138.00	76.31	110.00	20832.00
chr19	40876016	40876144	128	128	1095.00	1431.00	1250.55	1258.50	160070.00
chr5	168112691	168112932	241	241	16.00	36.00	26.46	26.00	6377.00
chr2	127825738	127825831	93	93	376.00	448.00	420.19	421.00	39078.00
chr1	19232015	19234990	2975	2975	11.00	159.00	43.06	37.00	128113.00
chr16	1391129	1391196	67	67	188.00	231.00	200.21	197.00	13414.00
chr6	33410665	33411689	1024	1024	8.00	449.00	211.99	191.00	217073.00
chr9	95872033	95872266	233	233	4.00	14.00	10.28	11.00	2395.00
chr1	53378627	53378839	212	212	11.00	27.00	18.12	17.00	3841.00
chr2	80531276	80531693	417	417	20.00	90.00	67.52	69.00	28157.00
chr7	44286718	44286791	73	73	633.00	763.00	702.30	701.00	51268.00
chr7	157369304	157369471	167	167	435.00	561.00	496.59	503.00	82930.00
chr11	18755079	18755191	112	112	5.00	359.00	223.27	286.00	25006.00
chr6	86237979	86238080	101	101	204.00	234.00	219.49	219.00	22168.00
chr8	145000951	145001050	99	99	66.00	127.00	98.51	100.00	9752.00
chr19	45167680	45167966	286	286	8.00	27.00	17.53	18.00	5013.00
chr10	48930165	48930400	235	235	1.00	13.00	5.61	4.00	1319.00
chr16	87871450	87871547	97	97	143.00	261.00	216.07	237.00	20959.00
chr1	109815454	109815649	195	195	267.00	363.00	306.17	301.00	59704.00
chr1	208215442	208215711	269	269	41.00	93.00	67.80	67.00	18238.00
chr2	260866	261451	585	585	8.00	26.00	16.82	17.00	9842.00
chr5	180481266	180481724	458	458	6.00	35.00	21.52	20.00	9857.00
chr7	73119479	73119631	152	152	12.00	1914.00	795.03	17.00	120844.00
chr15	34677248	34677358	110	110	276.00	425.00	337.55	321.00	37131.00
chr16	57687114	57687247	133	133	87.00	129.00	112.47	113.00	14959.00
chr15	50649406	50649592	186	186	14.00	30.00	23.66	26.00	4400.00
chr22	21071995	21072066	71	71	1214.00	1460.00	1342.32	1340.00	95305.00
chr5	179200882	179201561	679	679	14.00	37.00	26.29	26.00	17853.00
chr10	98763824	98763979	155	155	167.00	257.00	213.54	208.00	33098.00
chr14	102963315	102963457	142	142	82.00	139.00	99.47	93.00	14125.00
chr1	21932558	21933138	580	580	14.00	1016.00	199.81	22.00	115888.00
chr16	28118842	28118998	156	156	218.00	280.00	251.65	252.00	39257.00
chr1	241767561	241767881	320	320	47.00	124.00	85.81	93.00	27459.00
chr11	66812063	66812184	121	121	148.00	235.00	183.49	184.00	22202.00
chr11	12248571	12248678	107	107	421.00	606.00	524.84	546.00	56158.00
chr9	130588788	130588951	163	163	35.00	73.00	49.74	48.00	8107.00
chr22	21068915	21068988	73	73	1111.00	1492.00	1333.68	1366.00	97359.00
chr1	43424304	43424531	227	227	18.00	177.00	129.34	142.00	29361.00
chr14	105852021	105853670	1649	1649	13.00	164.00	36.67	35.00	60473.00
chr15	34823469	34823579	110	110	265.00	355.00	306.19	300.00	33681.00
chr11	171365	172282	917	917	0.00	50.00	22.50	25.00	20632.00
chr22	24493976	24494155	179	179	63.00	131.00	98.53	98.00	17637.00
chr15	79291060	79291167	107	107	401.00	505.00	451.37	454.00	48297.00
chr16	2145904	2146194	290	290	21.00	52.00	35.15	35.50	10194.00
chr9	131503050	131503166	116	116	319.00	456.00	388.98	382.50	45122.00
chr11	61301983	61302579	596	596	10.00	29.00	19.54	21.00	11648.00
chr22	25308609	25308719	110	110	67.00	93.00	82.25	83.50	9047.00
chr12	63977826	63979986	2160	2160	1.00	47.00	16.28	14.00	35162.00
chr19	46928844	46930933	2089	2089	24.00	453.00	181.16	179.00	378449.00
chr16	56969146	56969224	78	78	169.00	205.00	187.72	187.00	14642.00
chr17	40665787	40665996	209	209	6.00	1689.00	619.67	787.00	129511.00
chr9	131669435	131671600	2165	2165	85.00	302.00	162.20	156.00	351165.00
chr2	220164026	220164271	245	245	20.00	840.00	265.59	27.00	65069.00
chr19	7589846	7590052	206	206	55.00	118.00	77.94	76.00	16056.00
chr6	91260186	91260268	82	82	89.00	115.00	100.79	98.00	8265.00
chr9	124543742	124543830	88	88	234.00	296.00	262.95	258.00	23140.00
chr12	54071005	54071170	165	165	5.00	31.00	19.08	17.00	3149.00
chr2	40443	41212	769	769	13.00	48.00	26.80	26.00	20606.00
chr11	67852159	67852747	588	588	15.00	50.00	30.01	29.00	17643.00
chr8	8233762	8234810	1048	1048	11.00	53.00	32.33	34.00	33878.00
chr2	175671113	175672148	1035	1035	10.00	25.00	15.97	15.00	16530.00
chr7	138984922	138985438	516	516	4.00	16.00	10.56	10.00	5449.00
chr22	40816850	40817104	254	254	73.00	154.00	114.07	109.00	28973.00
chr19	14263120	14263249	129	129	255.00	418.00	323.84	303.00	41775.00
chr19	16962222	16962345	123	123	108.00	274.00	202.87	221.00	24953.00
chr1	109813838	109813918	80	80	194.00	261.00	224.76	224.00	17981.00
chr3	49898148	49898562	414	414	8.00	816.00	392.83	654.00	162632.00
chr17	17131202	17131510	308	308	20.00	119.00	91.81	101.00	28276.00
chr1	21936067	21936139	72	72	359.00	504.00	432.79	427.00	31161.00
chr3	130424404	130424615	211	211	32.00	67.00	51.27	52.00	10817.00
chr12	56532710	56532797	87	87	99.00	126.00	109.28	108.00	9507.00
chr16	29888591	29888788	197	197	396.00	683.00	528.72	501.00	104158.00
chr2	114394588	114396196	1608	1608	2.00	38.00	17.97	19.00	28894.00
chr3	124180736	124180803	67	67	338.00	380.00	361.78	365.00	24239.00
chr9	111798485	111798660	175	175	86.00	134.00	109.83	109.00	19220.00
chr10	73847897	73848372	475	475	38.00	1581.00	471.55	341.00	223986.00
chr22	21075585	21075706	121	121	691.00	1456.00	1202.58	1295.00	145512.00
chr22	20920753	20921104	351	351	43.00	126.00	73.83	67.00	25913.00
chr9	140953020	140953185	165	165	48.00	141.00	93.18	86.00	15374.00
chr22	41620970	41621075	105	105	90.00	125.00	108.38	107.00	11380.00
chr11	6243671	6243839	168	168	53.00	84.00	71.24	72.00	11968.00
chr15	74704225	74704353	128	128	131.00	249.00	197.34	217.00	25259.00
chr3	48719780	48719985	205	205	117.00	187.00	148.87	141.00	30518.00
chr1	222833247	222833348	101	101	53.00	149.00	101.85	96.00	10287.00
chr1	6583675	6584824	1149	1149	12.00	101.00	55.70	55.00	64002.00
chr11	126135857	126135976	119	119	200.00	261.00	227.29	222.00	27047.00
chr8	75156763	75157410	647	647	20.00	68.00	42.82	43.00	27704.00
chr15	83345212	83345389	177	177	175.00	237.00	208.34	211.00	36877.00
chr14	68031638	68032561	923	923	11.00	58.00	35.34	36.00	32619.00
chr19	42479780	42479949	169	169	2158.00	3251.00	2675.25	2649.00	452118.00
chr16	31503329	31503407	78	78	238.00	290.00	262.33	265.00	20462.00
chr17	1564564	1564700	136	136	204.00	347.00	252.53	225.50	34344.00
chr16	58717858	58718082	224	224	39.00	67.00	52.58	52.00	11778.00
chr14	71575320	71575763	443	443	34.00	78.00	57.59	60.00	25511.00
chr1	202934498	202934628	130	130	135.00	260.00	169.85	148.00	22081.00
chr7	73118477	73118586	109	109	849.00	1200.00	1020.19	1023.00	111201.00
chr19	13365908	13366073	165	165	80.00	124.00	100.80	102.00	16632.00
chr10	102265117	102265958	841	841	18.00	63.00	33.02	31.00	27772.00
chr9	139983320	139983457	137	137	101.00	171.00	139.53	144.00	19115.00
chr18	29206245	29206347	102	102	147.00	223.00	176.76	171.00	18030.00
chr12	120578662	120578827	165	165	72.00	96.00	86.18	88.00	14219.00
chr5	757516	758226	710	710	8.00	28.00	16.27	15.00	11553.00
chr8	21632483	21632567	84	84	56.00	75.00	65.24	64.00	5480.00
chr4	54011499	54011749	250	250	38.00	74.00	56.29	57.00	14073.00
chr8	141680613	141681365	752	752	12.00	60.00	41.61	43.00	31292.00
chr11	57367351	57367850	499	499	12.00	67.00	37.35	36.00	18640.00
chr12	63980009	63980784	775	775	5.00	19.00	11.70	12.00	9067.00
chr9	140057042	140057203	161	161	6.00	1560.00	1307.11	1413.00	210445.00
chr2	7055953	7056098	145	145	43.00	58.00	51.26	52.00	7432.00
chr12	52387768	52389043	1275	1275	24.00	625.00	173.59	135.00	221333.00
chr19	50104931	50105175	244	244	16.00	121.00	43.91	21.00	10714.00
chr19	5218430	5218543	113	113	289.00	464.00	404.49	413.00	45707.00
chr16	29898969	29899138	169	169	295.00	457.00	357.04	335.00	60340.00
chr7	99030900	99031041	141	141	23.00	36.00	29.18	29.00	4114.00
chr17	36692926	36693212	286	286	8.00	28.00	19.31	20.00	5524.00
chr15	73857770	73859335	1565	1565	7.00	90.00	43.03	42.00	67336.00
chr6	44104085	44104176	91	91	130.00	229.00	180.37	183.00	16414.00
chr1	21938518	21938602	84	84	594.00	815.00	719.17	736.00	60410.00
chr19	13423482	13423595	113	113	49.00	64.00	56.56	57.00	6391.00
chr16	70292882	70293089	207	207	623.00	924.00	786.51	805.00	162808.00
chr18	61060641	61060782	141	141	72.00	95.00	83.77	84.00	11811.00
chr16	22269814	22270016	202	202	11.00	31.00	21.54	22.00	4351.00
chr1	21554423	21554534	111	111	36.00	56.00	46.16	46.00	5124.00
chr9	140057255	140057455	200	200	14.00	1889.00	1246.93	1559.00	249387.00
chr7	1488255	1488397	142	142	23.00	42.00	33.46	35.00	4751.00
chr14	100166351	100166438	87	87	394.00	485.00	425.99	419.00	37061.00
chr9	101065522	101065705	183	183	410.00	665.00	552.90	565.00	101181.00
chr5	68411752	68412041	289	289	36.00	75.00	55.07	55.00	15916.00
chr1	2452539	2452754	215	215	48.00	172.00	92.37	77.00	19859.00
chr1	21564626	21564737	111	111	42.00	68.00	57.53	59.00	6386.00
chr13	42037713	42039066	1353	1353	10.00	41.00	21.85	20.00	29569.00
chr2	114350236	114350443	207	207	10.00	88.00	49.64	51.00	10275.00
chr1	21939668	21939722	54	54	655.00	776.00	714.78	714.00	38598.00
chr9	139353895	139354007	112	112	38.00	63.00	51.62	52.00	5781.00
chr7	102176367	102176618	251	251	17.00	60.00	42.67	44.00	10709.00
chr3	51411753	51412018	265	265	3.00	294.00	105.13	8.00	27859.00
chr17	73888091	73888266	175	175	19.00	31.00	23.96	23.00	4193.00
chr13	103297258	103297435	177	177	1.00	101.00	52.98	77.00	9377.00
chr15	63922664	63922834	170	170	175.00	297.00	230.42	213.00	39171.00
chr3	33400774	33400849	75	75	184.00	263.00	231.33	222.00	17350.00
chr22	50671744	50671955	211	211	50.00	78.00	64.03	64.00	13511.00
chr1	21190968	21191205	237	237	254.00	393.00	322.43	319.00	76415.00
chr5	14481649	14481727	78	78	160.00	202.00	175.24	176.00	13669.00
chr15	101605556	101606410	854	854	10.00	41.00	26.98	26.00	23037.00
chr17	80040402	80040554	152	152	291.00	476.00	390.53	369.00	59361.00
chr2	132269293	132270897	1604	1604	1.00	76.00	39.08	38.00	62679.00
chr11	1778553	1778786	233	233	676.00	1176.00	959.97	993.00	223672.00
chr11	1469616	1469808	192	192	7.00	32.00	18.40	19.00	3532.00
chr12	120138549	120138630	81	81	182.00	215.00	199.22	196.00	16137.00
chr7	901016	901101	85	85	132.00	225.00	178.48	179.00	15171.00
chr19	13372263	13372424	161	161	99.00	128.00	112.63	112.00	18133.00
chr17	40843154	40843311	157	157	298.00	422.00	357.03	353.00	56053.00
chr17	80039476	80039719	243	243	272.00	415.00	333.79	329.00	81111.00
chr17	16681109	16687365	6256	6256	0.00	77.00	20.87	18.00	130562.00
chr1	116935475	116935610	135	135	1926.00	2788.00	2377.15	2309.00	320915.00
chr6	128294808	128294972	164	164	126.00	269.00	219.08	232.50	35929.00
chr5	109189927	109190617	690	690	11.00	31.00	19.55	20.00	13489.00
chr15	40757533	40757634	101	101	25.00	80.00	60.73	62.00	6134.00
chr2	220164706	220164981	275	275	572.00	1301.00	915.93	892.00	251882.00
chr3	164905164	164908639	3475	3475	9.00	100.00	47.07	42.00	163561.00
chr11	60699157	60699356	199	199	81.00	461.00	303.49	276.00	60395.00
chr2	96680301	96680717	416	416	7.00	16.00	10.72	10.00	4459.00
chr17	40845314	40845554	240	240	319.00	502.00	381.46	359.00	91551.00
chr12	125264513	125265391	878	878	19.00	77.00	42.02	41.00	36890.00
chr1	156623704	156624158	454	454	17.00	35.00	24.31	24.00	11036.00
chr6	108370456	108370622	166	166	82.00	122.00	101.42	101.00	16835.00
chr11	19180486	19180587	101	101	20.00	39.00	30.57	34.00	3088.00
chr19	42489069	42489338	269	269	650.00	1501.00	1154.20	1202.00	310481.00
chr2	198274493	198274731	238	238	115.00	215.00	172.60	177.00	41079.00
chr6	47220991	47221257	266	266	134.00	260.00	192.80	189.00	51285.00
chr19	40872679	40872822	143	143	1519.00	2875.00	2310.80	2330.00	330444.00
chr19	54693278	54693627	349	349	15.00	106.00	60.76	64.00	21206.00
chr12	81929	82174	245	245	7.00	52.00	30.78	29.00	7541.00
chr21	45513943	45514114	171	171	70.00	104.00	84.83	84.00	14506.00
chr3	124201630	124201747	117	117	5.00	579.00	425.65	531.00	49801.00
chr17	79805118	79805223	105	105	325.00	422.00	369.56	376.00	38804.00
chr20	46307419	46307548	129	129	54.00	115.00	79.47	79.00	10252.00
chr17	38187790	38187873	83	83	97.00	132.00	111.27	106.00	9235.00
chr2	207452814	207452878	64	64	419.00	514.00	454.06	445.00	29060.00
chr17	45695715	45695823	108	108	468.00	532.00	502.06	502.00	54223.00
chr7	44283023	44283126	103	103	599.00	701.00	645.80	642.00	66517.00
chr20	62274975	62275284	309	309	4.00	2246.00	1091.65	1588.00	337319.00
chr11	108202605	108202764	159	159	39.00	64.00	50.76	53.00	8071.00
chr9	140051314	140051489	175	175	734.00	1126.00	890.83	847.00	155896.00
chr22	45574118	45574781	663	663	40.00	172.00	93.97	93.00	62303.00
chr15	79312382	79312446	64	64	245.00	336.00	283.75	284.00	18160.00
chr1	21940120	21940199	79	79	597.00	690.00	648.76	652.00	51252.00
chr17	3775847	3775921	74	74	465.00	679.00	582.15	598.00	43079.00
chr7	73133931	73134019	88	88	17.00	1934.00	654.72	455.50	57615.00
chr11	72292920	72292991	71	71	547.00	624.00	576.37	575.00	40922.00
chr7	43547616	43547730	114	114	106.00	138.00	125.51	127.00	14308.00
chr16	58713760	58714145	385	385	30.00	51.00	40.47	41.00	15582.00
chr22	21083600	21083794	194	194	671.00	1174.00	921.45	959.00	178762.00
chr11	66457275	66457414	139	139	407.00	705.00	521.52	502.00	72491.00
chr15	91561034	91561115	81	81	33.00	55.00	43.21	42.00	3500.00
chr11	2968525	2969001	476	476	8.00	33.00	16.83	15.00	8010.00
chr19	34869838	34869910	72	72	1343.00	1740.00	1486.39	1440.50	107020.00
chr9	121970996	121971219	223	223	219.00	310.00	261.16	264.00	58238.00
chr3	47449772	47449980	208	208	13.00	106.00	65.60	75.50	13644.00
chr12	57601820	57601999	179	179	236.00	593.00	409.52	375.00	73304.00
chr16	2345590	2345741	151	151	175.00	266.00	228.52	235.00	34506.00
chr12	50471782	50471910	128	128	86.00	150.00	124.84	126.00	15979.00
chr1	109814221	109814344	123	123	261.00	397.00	350.07	361.00	43058.00
chr19	16942304	16942458	154	154	82.00	146.00	119.50	128.50	18403.00
chr11	66333301	66333398	97	97	439.00	575.00	492.00	486.00	47724.00
chr5	74026084	74026223	139	139	117.00	154.00	140.42	142.00	19518.00
chr5	68417520	68417722	202	202	24.00	78.00	55.94	59.50	11300.00
chr19	15272262	15272525	263	263	17.00	59.00	34.99	34.00	9202.00
chr3	45872404	45872482	78	78	126.00	164.00	149.10	154.50	11630.00
chr7	73123374	73123452	78	78	1949.00	2522.00	2289.09	2345.00	178549.00
chr5	14498197	14498360	163	163	154.00	210.00	189.53	191.00	30894.00
chr14	93180167	93180230	63	63	159.00	228.00	193.67	182.00	12201.00
chr9	130984739	130984875	136	136	2229.00	3653.00	2872.17	2713.00	390615.00
chr13	31216764	31216894	130	130	27.00	55.00	36.08	33.00	4691.00
chr12	112614399	112614506	107	107	83.00	248.00	212.67	210.00	22756.00
chr12	57602865	57602982	117	117	361.00	605.00	473.64	478.00	55416.00
chr14	72976861	72976987	126	126	113.00	168.00	136.20	126.00	17161.00
chr1	155209406	155209553	147	147	75.00	176.00	103.65	85.00	15236.00
chr10	49633930	49634113	183	183	172.00	220.00	194.24	195.00	35546.00
chr16	84100093	84100218	125	125	176.00	231.00	205.54	208.00	25692.00
chr1	155207924	155208097	173	173	101.00	187.00	136.36	141.00	23591.00
chr12	2786898	2787033	135	135	14.00	33.00	24.35	24.00	3287.00
chr2	233755457	233756197	740	740	8.00	916.00	166.43	37.00	123157.00
chr14	60631894	60632099	205	205	52.00	180.00	136.64	155.00	28011.00
chr1	11151549	11151654	105	105	86.00	115.00	98.90	95.00	10385.00
chr4	134076071	134076178	107	107	233.00	333.00	302.76	304.00	32395.00
chr15	91420364	91420441	77	77	188.00	218.00	200.87	199.00	15467.00
chr5	114961533	114961755	222	222	7.00	55.00	37.17	39.00	8252.00
chr16	1814047	1814211	164	164	3.00	578.00	258.74	385.50	42434.00
chr18	44250463	44252581	2118	2118	31.00	268.00	126.34	122.00	267592.00
chr6	158049380	158049518	138	138	71.00	123.00	98.59	99.00	13605.00
chr19	7675585	7675679	94	94	49.00	61.00	54.87	54.50	5158.00
chr13	99461604	99461719	115	115	3.00	324.00	195.91	184.00	22530.00
chr11	130010829	130011467	638	638	7.00	2170.00	230.13	16.00	146823.00
chr11	107526658	107526792	134	134	466.00	671.00	563.99	556.00	75574.00
chr16	1391294	1391490	196	196	118.00	196.00	147.34	143.50	28878.00
chr1	38182716	38184158	1442	1442	11.00	117.00	53.00	52.00	76429.00
chr5	179231023	179231323	300	300	4.00	14.00	9.06	10.00	2717.00
chr14	69814593	69814719	126	126	117.00	170.00	152.45	155.00	19209.00
chr14	69349174	69349309	135	135	195.00	269.00	234.39	236.00	31643.00
chr19	7614792	7614998	206	206	150.00	215.00	175.98	179.00	36252.00
chr1	228270375	228270466	91	91	7.00	1750.00	571.11	242.00	51971.00
chr1	38186022	38186315	293	293	8.00	48.00	31.01	37.00	9086.00
chr13	77641715	77641999	284	284	275.00	432.00	356.98	355.00	101382.00
chr14	100157417	100157498	81	81	161.00	313.00	213.65	184.00	17306.00
chr13	32978280	32979333	1053	1053	10.00	89.00	37.36	35.00	39344.00
chr12	7301567	7301794	227	227	545.00	867.00	716.86	724.00	162727.00
chr9	123583116	123583257	141	141	62.00	75.00	69.39	69.00	9784.00
chr17	26883183	26883284	101	101	75.00	132.00	97.84	90.00	9882.00
chr12	6972993	6973137	144	144	265.00	339.00	304.64	305.00	43868.00
chr20	34322310	34322637	327	327	8.00	18.00	11.96	12.00	3910.00
chr19	7606407	7606570	163	163	105.00	162.00	127.17	125.00	20729.00
chr16	2333186	2333373	187	187	5.00	375.00	245.88	268.00	45980.00
chr12	113825548	113825711	163	163	86.00	280.00	172.40	164.00	28101.00
chr7	4802013	4807749	5736	5736	18.00	166.00	66.04	58.00	378778.00
chr1	43394880	43394985	105	105	142.00	204.00	176.12	181.00	18493.00
chr19	4554399	4554488	89	89	368.00	579.00	504.99	541.00	44944.00
chr16	31719139	31719372	233	233	11.00	28.00	19.56	18.00	4557.00
chr5	134060669	134061744	1075	1075	10.00	49.00	28.40	27.00	30526.00
chr1	202936318	202936371	53	53	7.00	133.00	72.17	103.00	3825.00
chr2	220087366	220087615	249	249	183.00	257.00	219.17	218.00	54573.00
chr2	36764494	36764689	195	195	62.00	100.00	81.23	81.00	15840.00
chr7	43519208	43519343	135	135	107.00	171.00	143.73	141.00	19404.00
chr10	51249585	51249993	408	408	1.00	28.00	10.47	7.00	4270.00
chr6	32123647	32123755	108	108	136.00	194.00	165.48	169.00	17872.00
chr3	118624442	118624692	250	250	2.00	66.00	29.32	6.50	7329.00
chr1	190129797	190130020	223	223	42.00	64.00	50.65	49.00	11294.00
chr9	131004491	131004624	133	133	5.00	3356.00	2684.68	3098.00	357062.00
chr22	33679187	33679334	147	147	200.00	259.00	226.35	224.00	33273.00
chr15	74709931	74710016	85	85	135.00	415.00	229.88	156.00	19540.00
chr7	6470110	6470238	128	128	21.00	34.00	27.25	25.00	3488.00
chr1	6640600	6641359	759	759	11.00	56.00	28.12	28.00	21342.00
chr16	31510622	31510728	106	106	175.00	216.00	198.30	203.00	21020.00
chr4	103710287	103711803	1516	1516	10.00	50.00	27.85	28.00	42214.00
chr19	2862339	2862746	407	407	7.00	40.00	18.96	13.00	7716.00
chr2	15467873	15467994	121	121	62.00	89.00	78.25	79.00	9468.00
chr2	36780721	36781492	771	771	8.00	28.00	16.18	16.00	12471.00
chr10	81070680	81070941	261	261	41.00	82.00	55.00	54.00	14355.00
chr2	217234866	217235986	1120	1120	41.00	145.00	74.55	67.50	83499.00
chr10	93786348	93786508	160	160	45.00	113.00	72.15	69.00	11544.00
chr17	20268785	20269076	291	291	2.00	8.00	4.21	4.00	1224.00
chr9	131002006	131002062	56	56	0.00	3377.00	3004.62	3228.50	168259.00
chr1	155208307	155208441	134	134	174.00	223.00	195.63	195.00	26215.00
chr2	162833877	162834373	496	496	1.00	550.00	49.73	9.00	24664.00
chr9	35799614	35799728	114	114	23.00	33.00	29.08	30.00	3315.00
chr20	62517856	62519234	1378	1378	13.00	202.00	51.34	48.00	70740.00
chr22	35942847	35943127	280	280	47.00	183.00	119.92	126.00	33579.00
chr13	26436438	26436546	108	108	53.00	74.00	59.34	58.00	6409.00
chr14	69371371	69371453	82	82	157.00	277.00	215.13	219.50	17641.00
chr7	44031274	44031581	307	307	7.00	59.00	32.45	37.00	9961.00
chr11	12274988	12275291	303	303	6.00	58.00	31.66	31.00	9594.00
chr5	1334403	1334498	95	95	146.00	183.00	167.67	169.00	15929.00
chr19	34868639	34868786	147	147	1786.00	2587.00	2104.53	2093.00	309366.00
chr16	1815960	1816143	183	183	305.00	497.00	372.70	367.00	68204.00
chr10	73578787	73578868	81	81	2814.00	3795.00	3208.31	3141.00	259873.00
chr17	37420427	37420640	213	213	33.00	58.00	47.86	49.00	10195.00
chr5	60835422	60835586	164	164	36.00	53.00	44.70	45.00	7331.00
chr15	79296143	79296517	374	374	325.00	580.00	395.25	376.00	147822.00
chr19	13039568	13039661	93	93	554.00	917.00	760.27	802.00	70705.00
chr12	49421585	49421713	128	128	88.00	146.00	117.09	109.00	14988.00
chr1	1661057	1662583	1526	1526	3.00	277.00	91.55	60.50	139708.00
chr2	207457340	207457460	120	120	423.00	564.00	498.16	515.00	59779.00
chr11	64542462	64543441	979	979	9.00	51.00	28.80	29.00	28191.00
chr20	61910250	61910347	97	97	132.00	179.00	156.05	153.00	15137.00
chr11	62394042	62394156	114	114	183.00	255.00	215.52	211.50	24569.00
chr5	37301538	37301652	114	114	22.00	42.00	32.46	32.00	3700.00
chr16	4733843	4733933	90	90	143.00	190.00	170.56	170.50	15350.00
chr15	43693913	43694048	135	135	60.00	79.00	71.27	72.00	9621.00
chr11	18764538	18764622	84	84	176.00	211.00	192.69	192.50	16186.00
chr17	57842331	57842499	168	168	177.00	229.00	203.08	202.50	34117.00
chr9	96076729	96078064	1335	1335	9.00	37.00	21.68	21.00	28947.00
chr11	12246219	12246367	148	148	306.00	422.00	375.47	385.00	55570.00
chr12	7030743	7031565	822	822	13.00	4582.00	1548.15	30.00	1272578.00
chr3	14523178	14523349	171	171	27.00	48.00	36.85	37.00	6302.00
chr5	758508	759483	975	975	3.00	41.00	14.44	10.00	14083.00
chr12	22635490	22635677	187	187	66.00	91.00	79.16	79.00	14803.00
chr5	14479369	14479459	90	90	167.00	199.00	188.46	188.00	16961.00
chr6	143655214	143656079	865	865	2.00	18.00	7.60	7.00	6576.00
chr7	75508360	75508578	218	218	28.00	1013.00	752.93	881.50	164138.00
chr11	60697981	60698131	150	150	161.00	259.00	198.79	192.00	29818.00
chr1	151400598	151400889	291	291	79.00	198.00	137.57	139.00	40034.00
chr5	172196431	172197309	878	878	15.00	208.00	72.58	42.00	63722.00
chr3	49152660	49152794	134	134	67.00	87.00	76.28	77.00	10222.00
chr7	5518281	5519950	1669	1669	24.00	167.00	78.23	74.00	130566.00
chr17	16691106	16691449	343	343	0.00	54.00	17.06	15.00	5852.00
chr2	220086993	220087172	179	179	184.00	234.00	210.42	212.00	37666.00
chr10	51746916	51748006	1090	1090	3.00	118.00	40.85	31.00	44525.00
chr12	7302118	7302289	171	171	774.00	956.00	873.10	874.00	149300.00
chr11	59562844	59562955	111	111	37.00	86.00	59.21	63.00	6572.00
chr12	6100984	6101184	200	200	27.00	49.00	34.88	34.00	6975.00
chr19	5683274	5683627	353	353	6.00	48.00	27.38	27.00	9665.00
chr12	2786259	2786387	128	128	26.00	41.00	33.75	34.00	4320.00
chr15	26812727	26812880	153	153	268.00	485.00	331.59	302.00	50734.00
chr1	149007980	149008798	818	818	1.00	40.00	13.03	10.00	10656.00
chr19	54965608	54965861	253	253	84.00	190.00	132.00	130.00	33397.00
chr8	27293259	27293310	51	51	294.00	440.00	375.20	379.00	19135.00
chr15	23014437	23014528	91	91	135.00	203.00	171.62	169.00	15617.00
chr1	111717500	111717585	85	85	76.00	154.00	112.52	99.00	9564.00
chr6	150157220	150157433	213	213	189.00	297.00	251.41	252.00	53550.00
chr13	114566547	114566670	123	123	27.00	127.00	76.75	71.00	9440.00
chr16	58539291	58539605	314	314	8.00	56.00	39.63	42.00	12444.00
chr1	21936612	21936768	156	156	418.00	1373.00	770.78	759.50	120241.00
chr1	17322880	17322991	111	111	287.00	508.00	407.96	468.00	45284.00
chr11	60699455	60699599	144	144	289.00	488.00	369.71	351.00	53238.00
chr5	6749669	6749770	101	101	62.00	81.00	70.12	68.00	7082.00
chr16	2156805	2156949	144	144	156.00	191.00	172.45	172.00	24833.00
chr15	34690834	34690930	96	96	75.00	136.00	116.24	120.00	11159.00
chr3	11074933	11075425	492	492	11.00	721.00	142.72	28.00	70218.00
chr5	74655222	74655381	159	159	177.00	263.00	211.65	209.00	33653.00
chr20	20022968	20023160	192	192	50.00	119.00	77.76	67.50	14930.00
chr2	39055481	39055578	97	97	33.00	50.00	42.09	43.00	4083.00
chr19	16793231	16793528	297	297	6.00	275.00	79.70	13.00	23671.00
chr2	219205450	219205509	59	59	127.00	142.00	135.59	137.00	8000.00
chr17	74087429	74087729	300	300	20.00	53.00	35.15	33.00	10545.00
chr3	184058150	184060036	1886	1886	10.00	806.00	136.03	44.00	256561.00
chr6	90333128	90333263	135	135	72.00	100.00	87.54	86.00	11818.00
chr12	125267019	125267429	410	410	25.00	62.00	42.28	41.00	17336.00
chr1	207942580	207943104	524	524	15.00	149.00	94.82	100.00	49688.00
chr4	89356876	89357043	167	167	68.00	119.00	96.93	98.00	16187.00
chr7	101995498	101995736	238	238	27.00	150.00	65.50	43.00	15589.00
chr3	11067458	11067562	104	104	482.00	720.00	608.21	601.00	63254.00
chr5	95734582	95734740	158	158	167.00	216.00	193.43	194.00	30562.00
chr6	152529106	152529341	235	235	132.00	221.00	175.72	168.00	41294.00
chr5	102295578	102295763	185	185	179.00	237.00	207.92	205.00	38466.00
chr22	21072980	21073110	130	130	975.00	1469.00	1236.97	1283.00	160806.00
chr12	121855306	121855714	408	408	88.00	267.00	137.76	120.00	56205.00
chr1	160326389	160326544	155	155	103.00	167.00	125.77	122.00	19495.00
chr11	60670930	60671007	77	77	331.00	383.00	353.71	356.00	27236.00
chr17	79804822	79804948	126	126	385.00	526.00	460.49	469.50	58022.00
chr16	18527204	18527332	128	128	537.00	704.00	631.11	642.00	80782.00
chr16	16372518	16372646	128	128	556.00	747.00	664.80	676.00	85095.00
chr2	32750530	32750695	165	165	52.00	74.00	59.59	59.00	9833.00
chr14	69369193	69369279	86	86	230.00	307.00	267.06	265.00	22967.00
chr7	66418212	66418356	144	144	173.00	298.00	231.12	228.00	33281.00
chr6	44107988	44108097	109	109	142.00	203.00	175.96	178.00	19180.00
chr7	70885893	70886091	198	198	322.00	779.00	505.07	439.50	100003.00
chr8	27295281	27295397	116	116	337.00	387.00	359.21	359.00	41668.00
chr7	73122918	73123018	100	100	1775.00	2107.00	1886.11	1857.50	188611.00
chr15	34698874	34699071	197	197	129.00	177.00	152.85	152.00	30111.00
chr8	22009343	22009513	170	170	282.00	566.00	383.46	371.50	65188.00
chr7	1526557	1526737	180	180	43.00	133.00	90.53	98.50	16296.00
chr5	178053946	178054065	119	119	10.00	162.00	80.13	66.00	9536.00
chr12	6103027	6103369	342	342	32.00	52.00	43.14	43.00	14755.00
chr2	3479491	3480482	991	991	12.00	44.00	27.06	27.00	26817.00
chr3	33883388	33883566	178	178	133.00	193.00	171.98	175.00	30612.00
chr19	11019778	11019883	105	105	134.00	211.00	179.89	193.00	18888.00
chr7	98446205	98446318	113	113	1356.00	2834.00	2119.31	1972.00	239482.00
chr8	106813274	106813932	658	658	13.00	37.00	23.81	22.50	15667.00
chr2	223795338	223795530	192	192	382.00	663.00	473.72	443.00	90955.00
chr7	75511146	75511554	408	408	606.00	1211.00	895.33	938.00	365296.00
chr21	40184926	40185038	112	112	134.00	236.00	197.00	217.50	22064.00
chr19	53383575	53385236	1661	1661	11.00	53.00	33.34	35.00	55377.00
chr19	14208130	14208295	165	165	3.00	529.00	336.18	425.00	55470.00
chr15	91461013	91461618	605	605	16.00	365.00	119.10	38.00	72053.00
chr8	145278010	145278133	123	123	56.00	71.00	62.92	63.00	7739.00
chr16	28132990	28133083	93	93	143.00	258.00	201.48	209.00	18738.00
chr11	125280091	125280221	130	130	84.00	131.00	100.65	100.00	13085.00
chr15	63128089	63128317	228	228	48.00	254.00	163.25	180.50	37222.00
chr9	131181435	131181557	122	122	20.00	504.00	403.59	438.00	49238.00
chr19	3281196	3281343	147	147	267.00	402.00	337.13	345.00	49558.00
chr11	6240200	6240280	80	80	51.00	66.00	56.66	56.00	4533.00
chr20	31019123	31019287	164	164	43.00	61.00	51.30	50.00	8413.00
chr6	46825865	46827260	1395	1395	29.00	97.00	60.45	59.00	84325.00
chr12	1672006	1672666	660	660	19.00	114.00	47.04	38.00	31048.00
chr12	9098824	9099001	177	177	203.00	312.00	259.32	258.00	45899.00
chr7	121738503	121738630	127	127	17.00	38.00	24.94	24.00	3168.00
chr19	40875814	40875935	121	121	904.00	1222.00	1064.88	1068.00	128850.00
chr20	3581592	3581671	79	79	100.00	159.00	138.25	144.00	10922.00
chr17	7226965	7227042	77	77	66.00	80.00	73.03	73.00	5623.00
chr2	74331800	74332809	1009	1009	11.00	77.00	30.75	27.00	31030.00
chr1	209785136	209785610	474	474	11.00	249.00	174.87	185.50	82888.00
chr9	35546426	35548532	2106	2106	130.00	357.00	204.20	200.00	430042.00
chr17	80040198	80040290	92	92	281.00	342.00	307.37	302.00	28278.00
chr11	73074791	73075284	493	493	8.00	190.00	64.53	20.00	31811.00
chr20	44674976	44675075	99	99	305.00	414.00	373.73	379.00	36999.00
chr20	5892091	5892328	237	237	40.00	354.00	209.85	258.00	49735.00
chr17	20316581	20317594	1013	1013	2.00	19.00	10.52	11.00	10661.00
chr12	99478702	99478801	99	99	185.00	231.00	206.84	203.00	20477.00
chr17	40842756	40842960	204	204	407.00	603.00	492.49	476.50	100468.00
chr11	107501142	107501288	146	146	352.00	477.00	418.00	421.50	61028.00
chr11	85429236	85429532	296	296	10.00	57.00	25.24	22.00	7470.00
chr20	9449217	9449319	102	102	44.00	65.00	53.61	53.00	5468.00
chr14	23371395	23371591	196	196	117.00	207.00	165.04	166.00	32347.00
chr7	716865	716957	92	92	1809.00	2462.00	2256.33	2252.50	207582.00
chr10	48862360	48862682	322	322	0.00	221.00	120.73	159.00	38876.00
chr10	68686678	68688210	1532	1532	31.00	120.00	67.18	68.00	102927.00
chr5	179674854	179674926	72	72	308.00	408.00	359.85	366.50	25909.00
chr1	209773327	209773456	129	129	164.00	240.00	204.00	211.00	26316.00
chr17	45691034	45691091	57	57	423.00	495.00	452.89	447.00	25815.00
chr1	19669871	19670118	247	247	12.00	34.00	22.70	21.00	5606.00
chr17	45664025	45664710	685	685	9.00	431.00	89.93	54.00	61602.00
chr19	2337634	2338840	1206	1206	7.00	88.00	28.27	25.00	34096.00
chr8	22011480	22011552	72	72	373.00	500.00	444.17	447.50	31980.00
