#chrom	start	end	size	num_data	min	max	mean	median	sum
chr12	1940100	1940691	591	591	57.00	112.00	81.89	81.00	48398.00
chr1	27480473	27481381	908	908	39.00	94.00	63.49	62.00	57646.00
chr15	63112684	63112809	125	125	297.00	398.00	352.83	358.00	44104.00
chr5	149231737	149232254	517	517	10.00	36.00	24.51	24.00	12671.00
chr5	140865429	140867182	1753	1753	19.00	66.00	42.05	42.00	73711.00
chr1	32209793	32209958	165	165	267.00	450.00	345.08	331.00	56938.00
chr16	87873307	87873431	124	124	130.00	174.00	144.49	143.00	17917.00
chr17	34157438	34158175	737	737	6.00	28.00	16.11	16.00	11873.00
chr2	127815619	127816088	469	469	12.00	81.00	42.40	40.00	19887.00
chr1	208212965	208213112	147	147	78.00	121.00	100.14	103.00	14720.00
chr22	19703883	19704666	783	783	18.00	65.00	38.14	33.00	29866.00
chr16	87872319	87872423	104	104	126.00	201.00	161.95	156.00	16843.00
chr9	140055740	140055868	128	128	1605.00	2049.00	1864.73	1885.00	238685.00
chr22	21096515	21096643	128	128	686.00	864.00	732.93	724.00	93815.00
chr9	140056321	140056540	219	219	3.00	2325.00	1460.47	1743.00	319844.00
chr11	78379981	78380253	272	272	11.00	36.00	21.61	20.00	5877.00
chr3	11070420	11070533	113	113	312.00	384.00	344.45	341.00	38923.00
chr1	109812554	109813222	668	668	4.00	548.00	227.16	276.50	151745.00
chr2	220161954	220162155	201	201	788.00	1241.00	1064.47	1101.00	213959.00
chr15	74706887	74707086	199	199	136.00	183.00	158.68	159.00	31577.00
chr17	7318829	7319426	597	597	176.00	450.00	299.29	316.00	178677.00
chr1	21560050	21560154	104	104	34.00	47.00	38.59	38.00	4013.00
chr1	25573799	25573952	153	153	10.00	365.00	240.95	278.00	36866.00
chr14	93198993	93199160	167	167	143.00	206.00	176.04	179.00	29399.00
chr1	205554003	205554119	116	116	257.00	430.00	342.75	339.50	39759.00
chr1	9795005	9795232	227	227	2048.00	3313.00	2677.99	2725.00	607903.00
chr17	42426525	42426670	145	145	89.00	143.00	111.66	104.00	16191.00
chr18	70205887	70206179	292	292	6.00	296.00	120.42	10.00	35162.00
chr1	205553082	205553251	169	169	426.00	511.00	459.82	451.00	77709.00
chr9	140056623	140056766	143	143	5.00	1883.00	1230.55	1405.00	175968.00
chr6	33412147	33412394	247	247	6.00	678.00	370.63	494.00	91546.00
chr12	89992366	89992547	181	181	8.00	828.00	609.83	695.00	110380.00
chr2	220088827	220089576	749	749	120.00	247.00	185.34	185.00	138817.00
chr14	100763073	100765222	2149	2149	11.00	92.00	46.04	44.00	98937.00
chr1	110740697	110742543	1846	1846	13.00	1031.00	646.98	648.00	1194327.00
chr1	149878201	149879758	1557	1557	18.00	1869.00	405.33	41.00	631094.00
chr3	197264139	197265259	1120	1120	7.00	51.00	25.13	25.00	28149.00
chr8	56449623	56450530	907	907	17.00	52.00	34.56	35.00	31342.00
chr9	139354208	139354326	118	118	79.00	119.00	90.32	87.00	10658.00
chr1	32204908	32205236	328	328	491.00	736.00	617.85	616.00	202654.00
chr7	75608768	75608897	129	129	114.00	149.00	135.25	135.00	17447.00
chr19	45161029	45161178	149	149	49.00	78.00	60.24	58.00	8976.00
chr19	5243911	5244493	582	582	111.00	347.00	202.79	183.00	118023.00
chr6	32119585	32119717	132	132	12.00	616.00	340.33	368.00	44924.00
chr3	42670878	42672067	1189	1189	7.00	35.00	17.73	17.00	21084.00
chr11	45892392	45892485	93	93	165.00	244.00	190.38	182.00	17705.00
chr17	80040789	80040991	202	202	434.00	673.00	535.46	539.00	108163.00
chr2	74902875	74903036	161	161	74.00	94.00	81.40	81.00	13105.00
chr17	38335969	38337946	1977	1977	8.00	234.00	38.30	29.00	75713.00
chr16	87870103	87870253	150	150	112.00	215.00	152.51	144.50	22876.00
chr1	32205947	32206142	195	195	480.00	701.00	578.65	537.00	112836.00
chr6	44117553	44117702	149	149	5.00	349.00	212.05	277.00	31596.00
chr1	159163659	159163830	171	171	1214.00	1565.00	1430.25	1438.00	244573.00
chr3	445565	446023	458	458	7.00	26.00	16.63	18.00	7616.00
chr2	25048913	25048995	82	82	123.00	167.00	151.43	150.00	12417.00
chr10	99504485	99504672	187	187	88.00	156.00	125.16	129.00	23405.00
chr4	54364807	54365010	203	203	98.00	179.00	137.46	139.00	27904.00
chr17	1634367	1634552	185	185	25.00	47.00	36.29	38.00	6714.00
chr7	72416124	72416247	123	123	94.00	126.00	110.40	109.00	13579.00
chr1	208212169	208212329	160	160	93.00	123.00	106.53	106.00	17045.00
chr9	140952500	140952702	202	202	70.00	138.00	99.38	100.00	20074.00
chr6	44197325	44197528	203	203	130.00	182.00	147.16	145.00	29873.00
chr6	44197643	44198218	575	575	45.00	141.00	85.47	70.00	49146.00
chr11	118981972	118982084	112	112	225.00	371.00	299.21	301.00	33511.00
chr5	150503846	150503952	106	106	8.00	2386.00	1636.05	2042.50	173421.00
chr11	118981761	118981878	117	117	336.00	416.00	375.69	379.00	43956.00
chr11	126314873	126315000	127	127	87.00	112.00	98.74	98.00	12540.00
chr1	159165808	159166244	436	436	2.00	1434.00	279.68	11.00	121941.00
chr7	134893542	134893750	208	208	28.00	53.00	37.97	36.00	7897.00
chr9	121976196	121976433	237	237	162.00	300.00	224.62	222.00	53235.00
chr19	54691042	54691169	127	127	365.00	593.00	465.95	460.00	59176.00
chr22	38621430	38621600	170	170	246.00	354.00	302.21	300.50	51376.00
chr13	42035681	42036205	524	524	5.00	25.00	12.88	12.00	6749.00
chr20	1915360	1915413	53	53	8.00	1535.00	1011.17	1223.00	53592.00
chr5	14496987	14497126	139	139	162.00	262.00	203.85	199.00	28335.00
chr12	56528125	56528212	87	87	96.00	134.00	112.53	113.00	9790.00
chr3	47466974	47467101	127	127	77.00	110.00	94.18	94.00	11961.00
chr17	7415476	7415663	187	187	105.00	187.00	138.10	133.00	25825.00
chr3	33588037	33589252	1215	1215	2.00	38.00	20.47	20.00	24871.00
chr7	887833	888615	782	782	7.00	57.00	30.30	29.00	23695.00
chr10	24813251	24813693	442	442	38.00	107.00	72.58	74.00	32080.00
chr1	109812045	109812213	168	168	282.00	526.00	366.36	334.00	61549.00
chr19	15276597	15276902	305	305	38.00	67.00	55.00	54.00	16774.00
chr16	2334779	2334999	220	220	159.00	255.00	218.01	217.00	47962.00
chr16	68404761	68405261	500	500	25.00	50.00	37.03	37.00	18513.00
chr4	110969111	110969871	760	760	12.00	60.00	33.40	32.00	25387.00
chr1	145693161	145693996	835	835	14.00	102.00	51.43	50.00	42946.00
chr7	44282848	44282932	84	84	722.00	892.00	825.04	824.50	69303.00
chr2	220164315	220164508	193	193	25.00	675.00	295.19	34.00	56972.00
chr12	50472203	50472360	157	157	85.00	124.00	102.91	101.00	16157.00
chr2	220163768	220163833	65	65	752.00	1050.00	917.37	919.00	59629.00
chr2	222289928	222290862	934	934	176.00	314.00	241.07	237.00	225156.00
chr12	57599133	57599268	135	135	222.00	446.00	300.53	300.00	40572.00
chr7	157475416	157475629	213	213	375.00	549.00	466.81	450.00	99430.00
chr1	32203800	32203927	127	127	412.00	843.00	620.41	648.00	78792.00
chr1	109811731	109811912	181	181	315.00	579.00	444.75	471.00	80499.00
chr9	140052830	140052975	145	145	1138.00	3152.00	2204.52	2456.00	319655.00
chr2	220161706	220161854	148	148	863.00	1567.00	1177.16	1168.50	174219.00
chr16	29896906	29897070	164	164	526.00	849.00	732.55	772.00	120139.00
chr16	47143393	47143622	229	229	70.00	105.00	85.64	85.00	19612.00
chr11	993753	993985	232	232	223.00	455.00	370.92	382.00	86053.00
chr9	124059698	124061137	1439	1439	6.00	69.00	27.17	23.00	39097.00
chr9	140350140	140350634	494	494	8.00	43.00	24.51	23.00	12109.00
chr11	14504577	14504697	120	120	80.00	129.00	107.46	111.00	12895.00
chr3	49898612	49898733	121	121	779.00	1173.00	1003.98	1039.00	121482.00
chr9	131811659	131811777	118	118	66.00	100.00	84.18	84.00	9933.00
chr9	131810705	131810818	113	113	82.00	115.00	97.56	99.00	11024.00
chr1	223400935	223401080	145	145	132.00	190.00	163.50	162.00	23707.00
chr12	125612185	125612820	635	635	7.00	188.00	43.86	16.00	27848.00
chr2	220088590	220088744	154	154	172.00	217.00	194.70	195.50	29984.00
chr9	70888487	70888750	263	263	7.00	60.00	39.21	43.00	10313.00
chr14	69813756	69813898	142	142	139.00	183.00	163.25	165.50	23181.00
chr2	47399145	47399890	745	745	4.00	263.00	38.79	35.00	28898.00
chr11	62688689	62689041	352	352	26.00	299.00	102.16	39.00	35960.00
chr6	43745205	43745407	202	202	1.00	48.00	38.19	39.00	7715.00
chr3	11072492	11072997	505	505	3.00	533.00	111.34	24.00	56225.00
chr7	2696031	2696168	137	137	221.00	321.00	279.74	289.00	38325.00
chr16	14969196	14969279	83	83	581.00	966.00	791.59	827.00	65702.00
chr17	7377847	7378026	179	179	4.00	11.00	7.16	8.00	1282.00
chr12	65639640	65639719	79	79	73.00	115.00	95.13	93.00	7515.00
chr12	50294912	50295108	196	196	1820.00	3610.00	2247.71	2076.50	440551.00
chr19	42485653	42485788	135	135	2763.00	3851.00	3320.16	3288.00	448222.00
chr10	99509230	99509343	113	113	152.00	272.00	204.54	206.00	23113.00
chr22	38883877	38888120	4243	4243	95.00	964.00	364.91	347.00	1548324.00
chr12	49416372	49416658	286	286	82.00	152.00	108.53	105.00	31039.00
chr6	24843089	24843782	693	693	42.00	81.00	58.96	58.00	40857.00
chr5	176295561	176295665	104	104	246.00	323.00	272.72	266.00	28363.00
chr10	99510087	99510227	140	140	170.00	271.00	214.69	203.00	30056.00
chr1	159173658	159174770	1112	1112	27.00	154.00	61.29	56.00	68160.00
chr11	1780745	1780869	124	124	1201.00	1759.00	1525.63	1619.00	189178.00
chr19	42486059	42486258	199	199	2069.00	3293.00	2603.84	2638.00	518164.00
chr3	47465422	47465535	113	113	106.00	133.00	119.01	118.00	13448.00
chr1	21573713	21573856	143	143	49.00	73.00	62.51	62.00	8939.00
chr11	65320330	65320453	123	123	89.00	153.00	127.69	129.00	15706.00
chr3	47462420	47462519	99	99	125.00	235.00	196.81	220.00	19484.00
chr2	219204751	219204864	113	113	134.00	164.00	149.45	148.00	16888.00
chr1	43906123	43906257	134	134	27.00	35.00	31.06	31.00	4162.00
chr7	38785158	38785840	682	682	16.00	381.00	50.98	25.00	34768.00
chr2	153499932	153500058	126	126	93.00	134.00	116.84	116.50	14722.00
chr1	32203011	32203132	121	121	9.00	586.00	441.82	523.00	53460.00
chr22	42290823	42290941	118	118	391.00	790.00	644.43	656.00	76043.00
chr19	47940718	47940818	100	100	367.00	739.00	573.92	556.50	57392.00
chr4	119539150	119539274	124	124	6.00	32.00	20.26	26.00	2512.00
chr17	44117067	44117250	183	183	70.00	104.00	85.22	86.00	15596.00
chr19	42485873	42485983	110	110	1899.00	2745.00	2429.75	2498.50	267272.00
chr6	44114583	44114664	81	81	145.00	194.00	169.41	172.00	13722.00
chr19	47941105	47941292	187	187	5.00	849.00	449.78	606.00	84109.00
chr11	73074250	73074500	250	250	172.00	274.00	222.07	222.00	55517.00
chr3	33418764	33418825	61	61	254.00	329.00	291.80	294.00	17800.00
chr1	700258	700505	247	247	12.00	45.00	25.61	22.00	6326.00
chr9	74319510	74319719	209	209	23.00	51.00	33.58	31.00	7019.00
chr16	2336694	2336968	274	274	187.00	486.00	325.05	341.00	89064.00
chr20	3575125	3575219	94	94	114.00	164.00	135.17	133.00	12706.00
chr9	139231377	139231529	152	152	74.00	97.00	84.51	83.00	12846.00
chr5	140515951	140516498	547	547	11.00	52.00	23.74	19.00	12987.00
chr1	21938208	21938309	101	101	577.00	760.00	675.48	682.00	68223.00
chr3	155659188	155659936	748	748	13.00	138.00	92.43	100.00	69138.00
chr16	27483068	27483241	173	173	113.00	171.00	134.42	136.00	23254.00
chr11	994071	994245	174	174	115.00	309.00	240.91	252.00	41918.00
chr7	71175745	71175913	168	168	473.00	739.00	618.07	634.00	103836.00
chr12	121204065	121204175	110	110	173.00	230.00	203.85	203.00	22423.00
chr7	73118679	73118753	74	74	1053.00	1433.00	1265.09	1269.00	93617.00
chr9	140972565	140972710	145	145	87.00	117.00	103.20	104.00	14964.00
chr12	121683329	121684024	695	695	11.00	64.00	24.79	20.00	17228.00
chr16	74493579	74493687	108	108	162.00	218.00	195.65	198.00	21130.00
chr2	36771518	36771641	123	123	91.00	135.00	113.02	113.00	13901.00
chr7	94187181	94187996	815	815	10.00	32.00	20.50	21.00	16709.00
chr14	94156951	94157239	288	288	4.00	12.00	8.03	8.00	2312.00
chr7	121739000	121739524	524	524	7.00	20.00	12.69	13.00	6648.00
chr1	19549117	19549328	211	211	105.00	142.00	121.21	119.00	25576.00
chr19	5214571	5214747	176	176	239.00	500.00	307.93	299.50	54195.00
chr19	42557753	42557861	108	108	143.00	189.00	173.99	175.00	18791.00
chr15	102510686	102510925	239	239	4.00	54.00	30.67	29.00	7330.00
chr5	167673761	167675376	1615	1615	34.00	140.00	74.96	70.00	121066.00
chr7	44282158	44282253	95	95	752.00	1028.00	870.24	843.00	82673.00
chr2	160621061	160621717	656	656	6.00	137.00	26.50	19.00	17384.00
chr5	10426501	10426634	133	133	243.00	373.00	323.75	336.00	43059.00
chr16	1814301	1814460	159	159	596.00	698.00	645.37	642.00	102614.00
chr11	21581734	21581928	194	194	144.00	227.00	178.59	172.00	34647.00
chr3	126749085	126749255	170	170	94.00	171.00	121.45	120.00	20647.00
chr11	12237765	12237866	101	101	403.00	498.00	442.51	439.00	44694.00
chr6	31750872	31750963	91	91	123.00	171.00	152.71	155.00	13897.00
chr3	53124201	53124398	197	197	10.00	20.00	15.74	16.00	3101.00
chr2	220161470	220161544	74	74	1156.00	1480.00	1386.38	1416.00	102592.00
chr2	128951046	128951785	739	739	9.00	102.00	50.79	53.00	37537.00
chr5	24535811	24535931	120	120	118.00	150.00	127.56	126.00	15307.00
chr1	44083406	44083582	176	176	184.00	301.00	229.51	218.00	40394.00
chr1	32207653	32207818	165	165	378.00	615.00	464.73	451.00	76681.00
chr12	7293754	7294000	246	246	3.00	1103.00	655.52	925.50	161257.00
chr3	131442289	131442469	180	180	115.00	177.00	140.07	141.00	25212.00
chr3	49898871	49899298	427	427	38.00	1267.00	532.74	745.00	227481.00
chr16	66432358	66432464	106	106	31.00	46.00	38.39	37.50	4069.00
chr1	20982593	20982680	87	87	313.00	403.00	352.64	349.00	30680.00
chr16	68398653	68398809	156	156	35.00	55.00	44.37	43.00	6921.00
chr17	16676818	16678279	1461	1461	0.00	21.00	11.67	13.00	17048.00
chr1	109814899	109815027	128	128	287.00	452.00	370.02	368.00	47362.00
chr1	21940478	21940582	104	104	731.00	959.00	852.35	862.00	88644.00
chr20	57468284	57468793	509	509	8.00	19.00	12.40	12.00	6311.00
chr3	127358087	127358366	279	279	239.00	535.00	398.54	392.00	111194.00
chr3	126735359	126735527	168	168	68.00	123.00	96.35	97.00	16186.00
chr10	103869140	103869264	124	124	351.00	424.00	390.06	392.00	48368.00
chr20	44520554	44520666	112	112	161.00	216.00	187.28	179.00	20975.00
chr1	32203252	32203356	104	104	386.00	517.00	453.35	446.00	47148.00
chr21	40186196	40186316	120	120	241.00	296.00	273.40	275.00	32808.00
chr5	111067153	111068349	1196	1196	12.00	50.00	27.57	27.00	32975.00
chr9	128002954	128003186	232	232	304.00	550.00	419.15	413.00	97242.00
chr1	43408896	43408992	96	96	169.00	208.00	182.05	177.00	17477.00
chr3	47463931	47464026	95	95	118.00	146.00	129.41	128.00	12294.00
chr2	220161160	220161238	78	78	1028.00	1235.00	1132.06	1119.50	88301.00
chr11	62472772	62473089	317	317	1221.00	2464.00	1726.87	1710.00	547418.00
chr9	130986341	130986906	565	565	12.00	774.00	185.76	29.00	104955.00
chr14	69358769	69359000	231	231	253.00	346.00	294.96	296.00	68135.00
chr11	64416205	64416379	174	174	188.00	262.00	225.79	226.00	39288.00
chr17	8398454	8398559	105	105	413.00	549.00	494.52	495.00	51925.00
chr12	53572943	53574193	1250	1250	12.00	65.00	38.64	39.00	48306.00
chr17	17696544	17701827	5283	5283	24.00	170.00	74.39	73.00	393016.00
chr8	11705187	11705331	144	144	1024.00	1680.00	1478.06	1515.00	212841.00
chr19	54963829	54963931	102	102	254.00	328.00	288.95	285.50	29473.00
chr2	70451682	70456295	4613	4613	3.00	141.00	36.96	34.00	170486.00
chr11	118873959	118874169	210	210	13.00	30.00	22.10	21.00	4642.00
chr10	75548427	75548581	154	154	54.00	93.00	76.64	80.50	11802.00
chr6	33414351	33414563	212	212	334.00	665.00	536.71	566.00	113783.00
chr17	80042910	80043032	122	122	219.00	262.00	243.67	246.00	29728.00
chr11	11470290	11470483	193	193	57.00	94.00	74.10	76.00	14302.00
chr8	23294446	23294771	325	325	98.00	193.00	129.67	124.00	42142.00
chr1	116932060	116932663	603	603	8.00	3419.00	1059.04	18.00	638603.00
chr15	83222627	83222741	114	114	70.00	95.00	83.83	84.50	9557.00
chr3	9841562	9841751	189	189	23.00	45.00	33.63	34.00	6356.00
chr1	116937731	116937907	176	176	1937.00	3566.00	2271.15	2059.00	399722.00
chr16	87868019	87868197	178	178	115.00	171.00	140.07	137.00	24933.00
chr3	124209540	124209731	191	191	517.00	758.00	626.57	611.00	119674.00
chr7	71142195	71142291	96	96	590.00	794.00	665.74	649.00	63911.00
chr5	130497324	130497584	260	260	6.00	15.00	11.91	12.00	3096.00
chr13	100199238	100199358	120	120	317.00	468.00	385.84	370.50	46301.00
chr5	139943336	139943506	170	170	14.00	250.00	193.58	190.00	32909.00
chr17	74395529	74396002	473	473	79.00	225.00	166.56	173.00	78782.00
chr14	93179149	93179216	67	67	169.00	194.00	180.57	181.00	12098.00
chr4	160277004	160277310	306	306	31.00	343.00	170.49	173.00	52171.00
chr17	40666306	40666478	172	172	798.00	1302.00	1039.82	983.50	178849.00
chr15	34828065	34828207	142	142	12.00	292.00	193.16	203.50	27429.00
chr14	100165802	100165876	74	74	455.00	602.00	529.62	538.00	39192.00
chr22	20128089	20128231	142	142	11.00	167.00	106.71	153.00	15153.00
chr12	3392210	3394421	2211	2211	2.00	121.00	54.29	49.00	120029.00
chr17	16687866	16690667	2801	2801	2.00	80.00	13.69	10.00	38339.00
chr6	31664724	31664810	86	86	106.00	156.00	126.27	123.00	10859.00
chr6	30627512	30627611	99	99	40.00	58.00	49.66	52.00	4916.00
chr11	18752834	18755060	2226	2226	8.00	815.00	104.32	53.00	232220.00
chr12	109332602	109332731	129	129	401.00	611.00	478.26	471.00	61696.00
chr6	90072884	90073110	226	226	17.00	28.00	23.31	24.00	5268.00
chr16	2689371	2689711	340	340	0.00	1.00	0.27	0.00	93.00
chr1	20987373	20987484	111	111	301.00	377.00	340.86	340.00	37835.00
chr14	85985300	85986667	1367	1367	5.00	25.00	13.75	13.00	18790.00
chr13	32863769	32863880	111	111	147.00	195.00	170.35	168.00	18909.00
chr16	1510418	1510528	110	110	86.00	114.00	95.22	94.00	10474.00
chr19	54963269	54963444	175	175	275.00	365.00	314.31	310.00	55005.00
chr6	44224078	44224233	155	155	58.00	88.00	75.66	77.00	11728.00
chr20	3151172	3152285	1113	1113	8.00	49.00	30.37	32.00	33801.00
chr1	892273	892405	132	132	141.00	272.00	188.01	178.00	24817.00
chr16	90192167	90192724	557	557	5.00	54.00	30.44	25.00	16953.00
chr9	111663704	111663810	106	106	74.00	109.00	89.73	89.00	9511.00
chr6	44108764	44108835	71	71	181.00	234.00	200.86	201.00	14261.00
chr1	36028802	36029027	225	225	1972.00	2926.00	2437.36	2413.00	548405.00
chr11	66807259	66807674	415	415	20.00	201.00	136.13	141.00	56495.00
chr1	178426817	178427679	862	862	22.00	83.00	50.74	51.00	43736.00
chr19	42482302	42482478	176	176	2231.00	3891.00	2605.44	2459.00	458557.00
chr1	44084718	44084873	155	155	160.00	364.00	242.34	210.00	37563.00
chr1	109812315	109812442	127	127	296.00	384.00	330.95	325.00	42031.00
chr3	180324268	180324391	123	123	90.00	148.00	125.15	131.00	15393.00
chr15	63933668	63933842	174	174	116.00	299.00	201.36	170.50	35036.00
chr20	44521363	44521519	156	156	192.00	282.00	245.31	245.00	38268.00
chr3	33416779	33416910	131	131	148.00	268.00	194.24	195.00	25445.00
chr1	21934624	21934843	219	219	8.00	825.00	429.60	612.00	94082.00
chr14	69799801	69799886	85	85	104.00	155.00	136.52	139.00	11604.00
chr1	116936134	116936345	211	211	2.00	2632.00	2107.32	2302.00	444645.00
chr14	23634493	23634645	152	152	55.00	70.00	63.20	64.00	9606.00
chr16	1402538	1402947	409	409	11.00	33.00	23.96	24.00	9798.00
chr9	20331	25000	4669	4669	0.00	138.00	40.89	38.00	190915.00
chr17	43545574	43545959	385	385	22.00	36.00	29.64	30.00	11413.00
chr13	100201418	100201476	58	58	350.00	391.00	369.72	367.50	21444.00
chr15	41865505	41865665	160	160	252.00	623.00	407.83	401.50	65253.00
chr19	19641688	19642196	508	508	2.00	18.00	9.60	10.00	4876.00
chr11	134147593	134148159	566	566	10.00	50.00	27.41	26.00	15515.00
chr2	71656420	71657290	870	870	3.00	43.00	28.34	28.00	24657.00
chr7	97834775	97835016	241	241	164.00	244.00	210.10	213.00	50635.00
chr19	13363804	13363915	111	111	108.00	157.00	129.91	130.00	14420.00
chr18	31328383	31329011	628	628	7.00	24.00	15.26	15.00	9582.00
chr16	66431884	66432009	125	125	28.00	36.00	30.19	30.00	3774.00
chr19	47935155	47935702	547	547	9.00	953.00	346.09	399.00	189311.00
chr12	50291769	50291873	104	104	1446.00	2041.00	1659.30	1675.50	172567.00
chr11	1780198	1780317	119	119	764.00	1497.00	991.44	970.00	117981.00
chr15	65392626	65393167	541	541	10.00	35.00	19.60	17.00	10606.00
chr2	86397871	86397967	96	96	120.00	199.00	163.25	166.50	15672.00
chr7	97866087	97866233	146	146	133.00	218.00	171.12	179.00	24984.00
chr11	60687157	60687402	245	245	110.00	178.00	153.34	158.00	37569.00
chr21	43307700	43309453	1753	1753	20.00	67.00	40.35	39.00	70730.00
chr14	24619269	24619657	388	388	34.00	80.00	46.85	44.00	18176.00
chr11	65320634	65320727	93	93	84.00	102.00	91.60	91.00	8519.00
chr16	29891184	29891385	201	201	633.00	909.00	776.16	751.00	156008.00
chr1	32207224	32207326	102	102	627.00	834.00	730.40	723.50	74501.00
chr11	72300218	72300394	176	176	10.00	548.00	184.89	16.50	32541.00
chr17	7608878	7609038	160	160	50.00	200.00	144.23	160.00	23077.00
chr19	7607646	7607814	168	168	161.00	282.00	222.76	217.50	37424.00
chr19	54966129	54966271	142	142	146.00	303.00	253.13	274.00	35944.00
chr12	57995027	57995131	104	104	194.00	235.00	216.67	216.00	22534.00
chr1	27428875	27429049	174	174	74.00	107.00	90.99	91.00	15833.00
chr2	27688277	27688385	108	108	43.00	79.00	66.54	71.00	7186.00
chr16	2691449	2692254	805	805	0.00	28.00	1.68	0.00	1354.00
chr9	131503813	131503933	120	120	432.00	513.00	469.39	473.00	56327.00
chr16	2347766	2347922	156	156	207.00	352.00	275.96	258.00	43050.00
chr17	80039884	80040036	152	152	324.00	448.00	375.05	370.50	57007.00
chr1	32204432	32204538	106	106	501.00	890.00	709.43	693.50	75200.00
chr12	9242951	9243078	127	127	178.00	263.00	219.86	225.00	27922.00
chr3	49702661	49702751	90	90	233.00	338.00	296.26	303.00	26663.00
chr19	35820359	35820837	478	478	8.00	26.00	16.05	15.00	7674.00
chr1	201456762	201457615	853	853	4.00	20.00	10.74	10.00	9161.00
chr16	2334279	2334438	159	159	192.00	267.00	232.10	233.00	36904.00
chr10	73578373	73578481	108	108	3678.00	4508.00	4008.40	3931.00	432907.00
chr16	18530550	18530756	206	206	1.00	674.00	322.76	467.50	66489.00
chr16	16369094	16369300	206	206	1.00	709.00	331.81	480.00	68353.00
chr13	113975636	113975785	149	149	10.00	507.00	225.48	22.00	33597.00
chr11	119293822	119294227	405	405	12.00	6361.00	589.01	41.00	238548.00
chr5	150505962	150506041	79	79	1274.00	2062.00	1725.61	1725.00	136323.00
chr22	44224939	44225078	139	139	1025.00	1301.00	1137.69	1129.00	158139.00
chr15	41865199	41865309	110	110	290.00	408.00	350.95	349.00	38605.00
chr17	25633807	25636298	2491	2491	25.00	564.00	261.55	321.00	651520.00
chr15	72495155	72495529	374	374	17.00	3817.00	1537.04	34.50	574854.00
chr9	42540272	42542124	1852	1852	6.00	30.00	14.88	15.00	27564.00
chr11	119290760	119291704	944	944	5.00	8098.00	2011.68	17.00	1899025.00
chr19	5219949	5220165	216	216	191.00	309.00	238.44	226.00	51503.00
chr15	63910769	63911153	384	384	2.00	25.00	13.17	15.00	5057.00
chr17	74393879	74393969	90	90	192.00	285.00	226.21	211.00	20359.00
chr10	104129467	104129532	65	65	142.00	172.00	159.51	161.00	10368.00
chr3	142454224	142454620	396	396	5.00	28.00	14.17	12.00	5612.00
chr12	121205196	121205396	200	200	184.00	250.00	210.57	210.50	42115.00
chr3	31705570	31705724	154	154	16.00	36.00	24.56	22.00	3783.00
chr6	118635190	118636593	1403	1403	20.00	205.00	140.58	143.00	197238.00
chr8	10339867	10340829	962	962	8.00	36.00	23.25	23.00	22363.00
chr19	16952578	16952779	201	201	148.00	232.00	193.35	197.00	38864.00
chr8	110984486	110985016	530	530	122.00	254.00	181.31	178.00	96096.00
chr9	128001219	128001610	391	391	390.00	941.00	682.80	712.00	266973.00
chr11	73070878	73070997	119	119	175.00	246.00	216.91	218.00	25812.00
chr10	104130140	104130235	95	95	101.00	134.00	120.45	123.00	11443.00
chr5	95733039	95733173	134	134	151.00	241.00	194.75	192.50	26097.00
chr19	59059400	59059547	147	147	250.00	413.00	315.38	318.00	46361.00
chr5	139943169	139943255	86	86	14.00	165.00	111.42	118.00	9582.00
chr17	73487771	73487981	210	210	76.00	157.00	106.44	100.50	22353.00
chr1	154315588	154315777	189	189	38.00	65.00	47.85	47.00	9044.00
chr14	95652726	95653070	344	344	13.00	22.00	16.37	16.00	5630.00
chr12	123639801	123640772	971	971	13.00	58.00	31.68	31.00	30759.00
chr22	47064870	47065171	301	301	6.00	23.00	12.41	11.00	3734.00
chr5	24535220	24535388	168	168	77.00	135.00	106.56	106.00	17902.00
chr12	6806452	6806958	506	506	186.00	565.00	329.04	332.00	166494.00
chr22	29881711	29881836	125	125	346.00	444.00	388.58	387.00	48573.00
chr7	75894681	75894786	105	105	48.00	108.00	77.72	75.00	8161.00
chr12	121089007	121095893	6886	6886	15.00	177.00	76.12	72.00	524144.00
chr1	207940357	207942365	2008	2008	10.00	211.00	64.39	56.00	129294.00
chr7	154681166	154681240	74	74	418.00	578.00	488.88	470.00	36177.00
chr5	131696513	131697529	1016	1016	6.00	31.00	16.19	15.00	16447.00
chr11	1776135	1776258	123	123	464.00	1164.00	734.00	651.00	90282.00
chr8	11706554	11706673	119	119	977.00	1328.00	1155.68	1147.00	137526.00
chr11	18759426	18759511	85	85	430.00	520.00	481.18	482.00	40900.00
chr16	61689373	61689625	252	252	65.00	106.00	89.76	91.00	22619.00
chr15	51750702	51750824	122	122	209.00	255.00	231.32	230.00	28221.00
chr9	35555056	35555698	642	642	227.00	594.00	389.03	385.00	249759.00
chr2	198356200	198356621	421	421	3.00	11.00	6.58	6.00	2770.00
chr9	131001723	131001794	71	71	3332.00	4231.00	3870.23	3923.00	274786.00
chr19	5214371	5214491	120	120	418.00	575.00	496.81	499.00	59617.00
chr22	35719488	35719623	135	135	152.00	244.00	204.46	211.00	27602.00
chr12	121678738	121679829	1091	1091	15.00	115.00	39.32	33.00	42903.00
chr14	23820960	23821064	104	104	1815.00	2271.00	2063.20	2078.00	214573.00
chr1	32205710	32205779	69	69	479.00	677.00	582.29	570.00	40178.00
chr3	33420176	33420326	150	150	16.00	347.00	124.45	22.00	18668.00
chr9	114820707	114820966	259	259	31.00	85.00	52.89	49.00	13698.00
chr15	41865876	41866023	147	147	24.00	704.00	577.21	604.00	84850.00
chr19	55554308	55554637	329	329	7.00	14.00	10.70	11.00	3521.00
chr1	116933403	116933513	110	110	2217.00	2861.00	2562.23	2558.00	281845.00
chr19	15374230	15374359	129	129	67.00	166.00	120.21	126.00	15507.00
chr12	56090682	56090852	170	170	37.00	55.00	47.11	48.00	8009.00
chr14	69445668	69445876	208	208	77.00	284.00	169.84	168.50	35326.00
chr12	57603474	57603651	177	177	181.00	374.00	285.72	302.00	50572.00
chr22	32897492	32898946	1454	1454	12.00	173.00	73.21	65.00	106445.00
chr16	16367702	16367764	62	62	26.00	494.00	258.00	283.00	15996.00
chr19	5245786	5246056	270	270	153.00	384.00	244.61	260.00	66045.00
chr16	74345440	74345829	389	389	12.00	32.00	19.71	19.00	7667.00
chr6	107096899	107097076	177	177	35.00	53.00	42.28	42.00	7483.00
chr1	29641883	29642019	136	136	49.00	68.00	58.24	58.00	7920.00
chr8	97342440	97342509	69	69	217.00	271.00	243.23	239.00	16783.00
chr8	68116914	68117054	140	140	75.00	112.00	96.59	98.00	13523.00
chr22	22037470	22037546	76	76	54.00	74.00	66.34	67.00	5042.00
chr22	50682147	50683420	1273	1273	11.00	176.00	96.21	99.00	122474.00
chr20	44048971	44049069	98	98	194.00	240.00	212.50	209.00	20825.00
chr1	36904356	36904511	155	155	55.00	79.00	67.71	68.00	10495.00
chr12	71054719	71054877	158	158	105.00	159.00	122.08	115.50	19288.00
chr15	50654364	50655515	1151	1151	6.00	32.00	18.64	19.00	21459.00
chr2	234198499	234198620	121	121	56.00	74.00	67.26	68.00	8138.00
chr9	128001699	128001812	113	113	374.00	469.00	416.94	414.00	47114.00
chr8	38272296	38272419	123	123	68.00	104.00	87.68	89.00	10785.00
chr11	73068069	73068179	110	110	162.00	264.00	219.93	231.00	24192.00
chr16	28123137	28123327	190	190	157.00	207.00	182.68	182.00	34710.00
chr12	49424062	49424222	160	160	29.00	64.00	38.67	35.00	6188.00
chr19	50302885	50303023	138	138	388.00	621.00	494.59	453.00	68253.00
chr19	42480567	42480718	151	151	3713.00	6048.00	4828.93	4798.00	729168.00
chr3	197904395	197905301	906	906	2.00	52.00	22.54	21.00	20425.00
chr13	100189992	100190117	125	125	239.00	318.00	281.70	284.00	35213.00
chr19	14268062	14268272	210	210	292.00	494.00	394.09	384.50	82758.00
chr10	93786886	93787057	171	171	67.00	97.00	83.52	82.00	14282.00
chr1	109808726	109808828	102	102	230.00	269.00	252.70	254.00	25775.00
chr4	134075461	134075520	59	59	245.00	334.00	273.80	270.00	16154.00
chr1	22052268	22053864	1596	1596	10.00	84.00	34.08	32.00	54384.00
chr9	140056855	140056968	113	113	1536.00	2100.00	1805.95	1813.00	204072.00
chr19	42482087	42482224	137	137	3989.00	5544.00	4717.81	4809.00	646340.00
chr19	4556962	4557025	63	63	521.00	645.00	577.67	573.00	36393.00
chr19	14266921	14267013	92	92	339.00	487.00	430.70	433.50	39624.00
chr22	42273851	42274127	276	276	5.00	955.00	475.66	541.50	131283.00
chr1	205549788	205550049	261	261	224.00	439.00	321.90	313.00	84016.00
chr1	110765585	110766522	937	937	85.00	213.00	142.89	136.00	133889.00
chr19	55553595	55554158	563	563	9.00	32.00	21.14	20.00	11902.00
chr7	150929881	150931360	1479	1479	23.00	133.00	59.64	58.00	88209.00
chr3	124215157	124215260	103	103	416.00	672.00	557.82	581.00	57455.00
chr16	58220658	58220760	102	102	110.00	151.00	129.27	127.00	13186.00
chr3	10381925	10382033	108	108	543.00	788.00	684.81	683.00	73960.00
chr10	11356101	11356221	120	120	104.00	134.00	120.16	121.00	14419.00
chr22	42294652	42294785	133	133	517.00	798.00	695.64	723.00	92520.00
chr1	2005531	2005714	183	183	21.00	82.00	54.80	57.00	10029.00
chr12	113722522	113722576	54	54	51.00	59.00	55.41	56.00	2992.00
chr9	131502198	131502398	200	200	14.00	587.00	480.48	506.50	96095.00
chr19	40873602	40873786	184	184	1662.00	2252.00	1955.73	1954.00	359855.00
chr2	220162606	220162825	219	219	431.00	827.00	629.45	624.00	137849.00
chr16	28270027	28270355	328	328	14.00	64.00	32.34	28.00	10608.00
chr4	3225718	3225858	140	140	157.00	225.00	193.36	196.00	27071.00
chr17	44127898	44128070	172	172	54.00	73.00	63.91	64.50	10992.00
chr3	47462043	47462262	219	219	97.00	237.00	145.83	137.00	31937.00
chr6	99873090	99873182	92	92	2.00	351.00	144.55	120.00	13299.00
chr7	142561723	142562504	781	781	346.00	936.00	555.74	526.00	434031.00
chr1	159169540	159169666	126	126	1138.00	1625.00	1410.32	1479.50	177700.00
chr19	7606869	7606953	84	84	113.00	158.00	133.75	132.00	11235.00
chr16	2811561	2818298	6737	6737	10.00	531.00	299.70	310.00	2019105.00
chr3	47450652	47450807	155	155	66.00	97.00	82.79	83.00	12832.00
chr11	118403631	118403922	291	291	164.00	243.00	196.51	196.00	57183.00
chr1	205555161	205555335	174	174	225.00	312.00	265.37	267.00	46174.00
chr12	125603186	125603311	125	125	137.00	177.00	158.85	158.00	19856.00
chr11	86658288	86659498	1210	1210	6.00	33.00	19.07	20.00	23077.00
chr22	37764946	37768745	3799	3799	11.00	408.00	163.71	147.00	621943.00
chr10	46345664	46346215	551	551	8.00	34.00	21.54	22.00	11869.00
chr22	33673045	33673241	196	196	203.00	500.00	323.31	308.50	63368.00
chr9	140042599	140042666	67	67	21.00	338.00	278.85	288.00	18683.00
chr3	48717233	48717320	87	87	196.00	226.00	209.03	210.00	18186.00
chr11	60681600	60681740	140	140	25.00	165.00	82.89	75.50	11605.00
chr10	93784512	93784724	212	212	39.00	66.00	54.68	57.00	11593.00
chr12	7289424	7290372	948	948	6.00	1040.00	274.08	15.00	259830.00
chr3	132387062	132387526	464	464	5.00	16.00	11.43	12.00	5304.00
chr16	2335442	2335647	205	205	207.00	319.00	272.40	282.00	55843.00
chr16	1794782	1797276	2494	2494	7.00	713.00	81.82	32.00	204066.00
chr16	3786036	3786204	168	168	95.00	128.00	110.98	110.00	18644.00
chr9	141131209	141131766	557	557	2.00	23.00	10.80	9.00	6017.00
chr14	92965028	92966015	987	987	8.00	40.00	23.68	23.00	23370.00
chr19	54692070	54692200	130	130	201.00	638.00	382.81	301.00	49765.00
chr15	43866006	43866230	224	224	107.00	202.00	150.33	149.00	33673.00
chr3	40231316	40231954	638	638	63.00	141.00	108.46	105.00	69196.00
chr3	50148937	50149455	518	518	11.00	38.00	24.72	26.00	12805.00
chr4	81117505	81117755	250	250	56.00	103.00	85.34	87.00	21336.00
chr10	46740404	46740638	234	234	2.00	18.00	11.43	13.00	2674.00
chr3	124210169	124210271	102	102	430.00	652.00	557.96	565.00	56912.00
chr11	107488830	107488932	102	102	330.00	467.00	403.10	402.00	41116.00
chr9	130591965	130592106	141	141	66.00	81.00	72.70	73.00	10251.00
chr1	20981932	20982027	95	95	252.00	346.00	299.11	301.00	28415.00
chr12	75875613	75875859	246	246	41.00	70.00	56.59	56.00	13920.00
chr22	32046684	32046764	80	80	79.00	133.00	114.58	121.50	9166.00
chr11	70331418	70331658	240	240	36.00	139.00	79.59	86.00	19102.00
chr14	51079976	51080069	93	93	438.00	588.00	523.03	517.00	48642.00
chr17	80041077	80041301	224	224	279.00	780.00	515.08	478.00	115379.00
chr7	158540884	158540971	87	87	139.00	270.00	185.41	183.00	16131.00
chr1	21553651	21553719	68	68	58.00	83.00	68.97	68.00	4690.00
chr2	219206256	219206349	93	93	108.00	161.00	138.14	136.00	12847.00
chr17	18444211	18445242	1031	1031	5.00	25.00	15.20	15.00	15670.00
chr12	57599340	57599460	120	120	232.00	318.00	262.43	252.50	31492.00
chr11	64417919	64418110	191	191	234.00	451.00	368.31	393.00	70348.00
chr19	3274926	3275650	724	724	9.00	58.00	28.06	25.00	20312.00
chr16	18532086	18532305	219	219	682.00	1107.00	869.33	868.00	190383.00
chr17	3776702	3776756	54	54	544.00	720.00	683.09	692.00	36887.00
chr1	116932670	116933033	363	363	11.00	3782.00	1738.90	2641.00	631219.00
chr16	1505731	1505796	65	65	151.00	221.00	199.77	207.00	12985.00
chr1	9794029	9794200	171	171	2503.00	3230.00	2938.90	2994.00	502552.00
chr10	73579221	73579379	158	158	2878.00	4985.00	3807.42	4096.00	601573.00
chr11	6411684	6412146	462	462	13.00	150.00	103.52	107.00	47827.00
chr1	159163212	159163350	138	138	1105.00	1489.00	1227.95	1215.00	169457.00
chr16	1816723	1816804	81	81	567.00	723.00	648.09	658.00	52495.00
chr7	91722399	91722630	231	231	6.00	116.00	96.01	101.00	22178.00
chr7	44281816	44281939	123	123	843.00	1037.00	932.17	925.00	114657.00
chr2	220467189	220467297	108	108	22.00	39.00	33.17	33.50	3582.00
chr16	4494664	4494729	65	65	203.00	235.00	217.71	219.00	14151.00
chr15	34681844	34681986	142	142	6.00	383.00	263.13	284.00	37364.00
chr9	139995935	139996124	189	189	97.00	178.00	147.25	152.00	27830.00
chr3	180324040	180324160	120	120	93.00	123.00	106.10	104.00	12732.00
chr3	42678359	42681242	2883	2883	37.00	147.00	87.73	83.00	252930.00
chr7	131812776	131815333	2557	2557	6.00	105.00	53.31	52.00	136309.00
chr20	1585387	1585522	135	135	23.00	539.00	284.07	294.00	38349.00
chr3	126751229	126751442	213	213	148.00	212.00	176.52	172.00	37598.00
chr15	63920875	63921014	139	139	154.00	317.00	225.65	233.00	31365.00
chr16	2040128	2040202	74	74	68.00	150.00	120.05	132.50	8884.00
chr9	74324174	74324390	216	216	34.00	50.00	42.66	43.00	9215.00
chr20	44521858	44521950	92	92	210.00	274.00	229.87	225.00	21148.00
chr9	139911647	139911798	151	151	301.00	460.00	392.87	398.00	59324.00
chr9	140055507	140055649	142	142	1608.00	2799.00	2195.39	1936.50	311746.00
chr12	120148055	120148191	136	136	160.00	222.00	184.93	183.00	25150.00
chr12	50474280	50474372	92	92	108.00	143.00	122.07	120.00	11230.00
chr15	63125702	63125828	126	126	201.00	321.00	266.64	270.00	33597.00
chr9	20907148	20907241	93	93	88.00	113.00	102.11	102.00	9496.00
chr16	87874655	87874761	106	106	147.00	197.00	169.00	165.00	17914.00
chr2	162833269	162833460	191	191	10.00	819.00	447.54	686.00	85481.00
chr8	11704560	11704677	117	117	793.00	1098.00	962.47	967.00	112609.00
chr15	63926931	63927087	156	156	222.00	336.00	279.21	290.50	43557.00
chr6	31668718	31668805	87	87	137.00	174.00	153.02	151.00	13313.00
chr7	148910792	148910906	114	114	26.00	61.00	48.93	53.00	5578.00
chr14	42355808	42357213	1405	1405	43.00	191.00	91.51	86.00	128572.00
chr10	88678928	88679226	298	298	24.00	43.00	32.98	33.00	9828.00
chr3	140998219	140998346	127	127	50.00	96.00	71.77	71.00	9115.00
chr1	144859758	144859998	240	240	94.00	148.00	121.73	124.00	29215.00
chr9	96054772	96055455	683	683	48.00	250.00	152.87	149.00	104408.00
chr19	7604803	7604944	141	141	126.00	190.00	150.30	145.00	21193.00
chr12	30906277	30907432	1155	1155	2.00	100.00	40.78	35.00	47102.00
chr9	131112762	131112854	92	92	104.00	250.00	176.32	187.00	16221.00
chr20	61981328	61982379	1051	1051	35.00	108.00	66.13	64.00	69498.00
chr7	38431348	38431618	270	270	347.00	759.00	517.37	500.00	139689.00
chr20	44521036	44521123	87	87	157.00	222.00	192.64	196.00	16760.00
chr11	64418726	64419108	382	382	216.00	391.00	308.78	311.00	117953.00
chr12	120148344	120150270	1926	1926	14.00	301.00	54.52	34.00	104996.00
chr12	6930971	6931066	95	95	14.00	531.00	280.33	275.00	26631.00
chr16	2339434	2339621	187	187	144.00	275.00	185.51	167.00	34690.00
chr2	27700083	27700187	104	104	42.00	56.00	49.43	49.00	5141.00
chr14	69805367	69805494	127	127	118.00	191.00	156.41	150.00	19864.00
chr12	9242497	9242619	122	122	171.00	268.00	226.39	229.00	27619.00
chr3	58256658	58256791	133	133	87.00	140.00	106.37	100.00	14147.00
chr10	79744927	79745098	171	171	86.00	126.00	101.30	99.00	17322.00
chr1	159161725	159161866	141	141	781.00	1143.00	1013.94	1071.00	142966.00
chr16	31085202	31085519	317	317	14.00	40.00	27.85	26.00	8830.00
chr1	171755018	171755218	200	200	68.00	98.00	80.31	80.00	16063.00
chr9	130988124	130989280	1156	1156	5.00	2499.00	320.68	65.00	370711.00
chr15	63127935	63127998	63	63	185.00	253.00	217.70	214.00	13715.00
chr19	1917676	1917821	145	145	15.00	182.00	132.22	143.00	19172.00
chr22	25315792	25315960	168	168	78.00	160.00	111.03	100.00	18653.00
chr2	207943790	207945085	1295	1295	17.00	79.00	43.35	42.00	56140.00
chr11	47330706	47330952	246	246	12.00	708.00	317.31	22.00	78058.00
chr3	142743978	142746095	2117	2117	2.00	136.00	24.64	20.00	52158.00
chr7	44839492	44839694	202	202	7.00	21.00	14.75	15.00	2980.00
chr22	31688260	31688471	211	211	3.00	189.00	119.91	149.00	25300.00
chr11	66333492	66333638	146	146	475.00	635.00	578.06	590.00	84397.00
chr9	131114916	131115026	110	110	224.00	306.00	263.05	256.00	28936.00
chr1	20206	21013	807	807	2.00	118.00	67.79	73.00	54704.00
chr11	108216469	108216635	166	166	41.00	63.00	53.14	52.50	8821.00
chr1	209778880	209779019	139	139	159.00	254.00	207.39	214.00	28827.00
chr1	202935876	202936026	150	150	141.00	226.00	174.59	168.50	26188.00
chr12	57600255	57600524	269	269	263.00	328.00	292.58	294.00	78704.00
chr19	15233503	15233615	112	112	77.00	117.00	94.88	89.00	10627.00
chr8	68115317	68115486	169	169	98.00	204.00	162.16	165.00	27405.00
chr19	13419229	13419342	113	113	79.00	127.00	113.79	117.00	12858.00
chr6	33266815	33267130	315	315	3.00	36.00	16.56	19.00	5216.00
chr16	89780611	89781646	1035	1035	12.00	78.00	39.65	41.00	41040.00
chr12	109964162	109964221	59	59	68.00	86.00	76.10	76.00	4490.00
chr22	24491893	24492045	152	152	56.00	88.00	75.11	76.00	11416.00
chr2	242592926	242593025	99	99	187.00	262.00	219.39	210.00	21720.00
chr1	21937944	21938074	130	130	661.00	1228.00	1006.31	1080.00	130820.00
chr2	223789173	223789313	140	140	312.00	379.00	344.66	343.00	48253.00
chr20	3772318	3772535	217	217	19.00	41.00	31.99	32.00	6941.00
chr16	18531918	18532001	83	83	821.00	1165.00	1004.24	1030.00	83352.00
chr1	43396296	43396537	241	241	144.00	211.00	179.16	179.00	43177.00
chr2	100037960	100038115	155	155	34.00	74.00	55.61	58.00	8620.00
chr16	1500497	1500770	273	273	0.00	166.00	84.75	123.00	23137.00
chr19	40876016	40876144	128	128	1527.00	2323.00	1909.22	1848.50	244380.00
chr5	168112691	168112932	241	241	34.00	59.00	49.16	50.00	11848.00
chr2	127825738	127825831	93	93	475.00	567.00	518.12	512.00	48185.00
chr1	19232015	19234990	2975	2975	10.00	164.00	44.19	39.00	131472.00
chr16	1391129	1391196	67	67	398.00	493.00	440.94	444.00	29543.00
chr6	33410665	33411689	1024	1024	7.00	458.00	214.86	219.00	220017.00
chr9	95872033	95872266	233	233	0.00	5.00	2.89	3.00	674.00
chr1	53378627	53378839	212	212	13.00	27.00	20.62	21.00	4372.00
chr2	80531276	80531693	417	417	20.00	80.00	53.13	53.00	22155.00
chr7	44286718	44286791	73	73	814.00	979.00	886.95	892.00	64747.00
chr7	157369304	157369471	167	167	519.00	626.00	563.12	557.00	94041.00
chr11	18755079	18755191	112	112	13.00	519.00	329.63	436.50	36919.00
chr6	86237979	86238080	101	101	191.00	244.00	218.34	220.00	22052.00
chr8	145000951	145001050	99	99	99.00	150.00	122.59	119.00	12136.00
chr19	45167680	45167966	286	286	11.00	29.00	18.49	17.00	5289.00
chr10	48930165	48930400	235	235	2.00	15.00	10.60	12.00	2492.00
chr16	87871450	87871547	97	97	170.00	222.00	199.96	201.00	19396.00
chr1	109815454	109815649	195	195	302.00	450.00	368.65	371.00	71886.00
chr1	208215442	208215711	269	269	97.00	175.00	130.59	127.00	35130.00
chr2	260866	261451	585	585	2.00	20.00	11.95	12.00	6989.00
chr5	180481266	180481724	458	458	5.00	27.00	19.19	19.00	8790.00
chr7	73119479	73119631	152	152	8.00	1924.00	790.79	17.00	120200.00
chr15	34677248	34677358	110	110	317.00	525.00	412.46	383.50	45371.00
chr16	57687114	57687247	133	133	60.00	102.00	88.85	91.00	11817.00
chr15	50649406	50649592	186	186	9.00	20.00	14.59	14.00	2713.00
chr22	21071995	21072066	71	71	1730.00	1948.00	1821.42	1824.00	129321.00
chr5	179200882	179201561	679	679	9.00	40.00	28.95	30.00	19656.00
chr10	98763824	98763979	155	155	177.00	252.00	215.06	210.00	33334.00
chr14	102963315	102963457	142	142	97.00	149.00	121.85	119.00	17302.00
chr1	21932558	21933138	580	580	13.00	899.00	196.18	38.00	113786.00
chr16	28118842	28118998	156	156	154.00	237.00	198.96	204.00	31037.00
chr1	241767561	241767881	320	320	63.00	158.00	116.18	122.00	37179.00
chr11	66812063	66812184	121	121	162.00	215.00	188.51	187.00	22810.00
chr11	12248571	12248678	107	107	440.00	577.00	518.60	525.00	55490.00
chr9	130588788	130588951	163	163	43.00	84.00	65.39	69.00	10658.00
chr22	21068915	21068988	73	73	1437.00	2039.00	1778.22	1817.00	129810.00
chr1	43424304	43424531	227	227	15.00	232.00	169.46	196.00	38467.00
chr14	105852021	105853670	1649	1649	16.00	169.00	40.01	38.00	65973.00
chr15	34823469	34823579	110	110	333.00	551.00	445.38	420.00	48992.00
chr11	171365	172282	917	917	3.00	52.00	23.10	23.00	21184.00
chr22	24493976	24494155	179	179	66.00	113.00	88.52	90.00	15845.00
chr15	79291060	79291167	107	107	428.00	594.00	521.05	529.00	55752.00
chr16	2145904	2146194	290	290	15.00	38.00	24.35	23.00	7061.00
chr9	131503050	131503166	116	116	397.00	521.00	464.03	467.50	53828.00
chr11	61301983	61302579	596	596	23.00	71.00	46.79	47.00	27884.00
chr22	25308609	25308719	110	110	74.00	104.00	92.94	94.00	10223.00
chr12	63977826	63979986	2160	2160	1.00	59.00	26.26	26.00	56717.00
chr19	46928844	46930933	2089	2089	12.00	468.00	200.49	194.00	418831.00
chr16	56969146	56969224	78	78	169.00	228.00	196.14	199.00	15299.00
chr17	40665787	40665996	209	209	6.00	1653.00	679.99	949.00	142118.00
chr9	131669435	131671600	2165	2165	74.00	229.00	130.07	120.00	281599.00
chr2	220164026	220164271	245	245	9.00	997.00	306.92	18.00	75196.00
chr19	7589846	7590052	206	206	59.00	136.00	93.48	90.00	19256.00
chr6	91260186	91260268	82	82	80.00	104.00	94.16	96.00	7721.00
chr9	124543742	124543830	88	88	186.00	255.00	223.65	225.00	19681.00
chr12	54071005	54071170	165	165	3.00	14.00	8.56	8.00	1412.00
chr2	40443	41212	769	769	8.00	24.00	15.82	16.00	12165.00
chr11	67852159	67852747	588	588	7.00	41.00	28.99	30.00	17047.00
chr8	8233762	8234810	1048	1048	16.00	78.00	42.71	41.00	44756.00
chr2	175671113	175672148	1035	1035	5.00	30.00	13.48	11.00	13955.00
chr7	138984922	138985438	516	516	8.00	21.00	13.28	12.00	6852.00
chr22	40816850	40817104	254	254	67.00	126.00	105.99	111.00	26922.00
chr19	14263120	14263249	129	129	316.00	443.00	368.68	364.00	47560.00
chr19	16962222	16962345	123	123	144.00	324.00	247.94	264.00	30497.00
chr1	109813838	109813918	80	80	254.00	338.00	287.98	279.50	23038.00
chr3	49898148	49898562	414	414	9.00	1059.00	516.27	832.50	213735.00
chr17	17131202	17131510	308	308	40.00	154.00	120.33	129.00	37062.00
chr1	21936067	21936139	72	72	459.00	683.00	558.74	527.00	40229.00
chr3	130424404	130424615	211	211	55.00	85.00	65.25	64.00	13768.00
chr12	56532710	56532797	87	87	92.00	112.00	105.07	105.00	9141.00
chr16	29888591	29888788	197	197	504.00	853.00	667.75	656.00	131546.00
chr2	114394588	114396196	1608	1608	2.00	53.00	18.94	17.00	30452.00
chr3	124180736	124180803	67	67	367.00	419.00	395.94	394.00	26528.00
chr9	111798485	111798660	175	175	94.00	130.00	111.90	112.00	19583.00
chr10	73847897	73848372	475	475	35.00	1660.00	698.50	734.00	331788.00
chr22	21075585	21075706	121	121	851.00	1800.00	1491.88	1589.00	180518.00
chr22	20920753	20921104	351	351	38.00	164.00	101.32	102.00	35563.00
chr9	140953020	140953185	165	165	83.00	155.00	126.73	133.00	20910.00
chr22	41620970	41621075	105	105	98.00	119.00	108.61	110.00	11404.00
chr11	6243671	6243839	168	168	58.00	94.00	82.23	85.00	13815.00
chr15	74704225	74704353	128	128	147.00	254.00	210.19	220.50	26904.00
chr3	48719780	48719985	205	205	177.00	255.00	222.02	224.00	45514.00
chr1	222833247	222833348	101	101	119.00	164.00	145.89	151.00	14735.00
chr1	6583675	6584824	1149	1149	8.00	59.00	44.04	45.00	50603.00
chr11	126135857	126135976	119	119	246.00	313.00	291.59	294.00	34699.00
chr8	75156763	75157410	647	647	36.00	83.00	61.22	62.00	39608.00
chr15	83345212	83345389	177	177	226.00	312.00	273.97	278.00	48492.00
chr14	68031638	68032561	923	923	10.00	50.00	28.58	28.00	26375.00
chr19	42479780	42479949	169	169	3340.00	5155.00	4296.50	4206.00	726108.00
chr16	31503329	31503407	78	78	280.00	344.00	310.18	307.00	24194.00
chr17	1564564	1564700	136	136	302.00	391.00	346.32	345.50	47099.00
chr16	58717858	58718082	224	224	53.00	89.00	64.89	63.00	14535.00
chr14	71575320	71575763	443	443	35.00	102.00	71.92	73.00	31860.00
chr1	202934498	202934628	130	130	115.00	191.00	148.39	141.50	19291.00
chr7	73118477	73118586	109	109	983.00	1188.00	1071.77	1056.00	116823.00
chr19	13365908	13366073	165	165	103.00	133.00	116.84	116.00	19279.00
chr10	102265117	102265958	841	841	15.00	59.00	30.07	27.00	25293.00
chr9	139983320	139983457	137	137	156.00	207.00	181.83	183.00	24911.00
chr18	29206245	29206347	102	102	165.00	223.00	193.75	190.00	19763.00
chr12	120578662	120578827	165	165	56.00	95.00	73.51	73.00	12129.00
chr5	757516	758226	710	710	8.00	26.00	15.37	15.00	10910.00
chr8	21632483	21632567	84	84	71.00	99.00	82.13	81.00	6899.00
chr4	54011499	54011749	250	250	37.00	82.00	62.62	67.50	15655.00
chr8	141680613	141681365	752	752	4.00	36.00	24.35	25.00	18311.00
chr11	57367351	57367850	499	499	34.00	93.00	60.53	59.00	30205.00
chr12	63980009	63980784	775	775	7.00	35.00	21.06	21.00	16322.00
chr9	140057042	140057203	161	161	16.00	2208.00	1833.94	1952.00	295265.00
chr2	7055953	7056098	145	145	35.00	45.00	40.66	41.00	5896.00
chr12	52387768	52389043	1275	1275	18.00	426.00	213.98	198.00	272828.00
chr19	50104931	50105175	244	244	28.00	137.00	55.51	38.00	13545.00
chr19	5218430	5218543	113	113	296.00	497.00	423.68	427.00	47876.00
chr16	29898969	29899138	169	169	434.00	614.00	509.16	502.00	86048.00
chr7	99030900	99031041	141	141	19.00	30.00	24.57	25.00	3465.00
chr17	36692926	36693212	286	286	5.00	30.00	18.36	19.00	5251.00
chr15	73857770	73859335	1565	1565	18.00	98.00	57.77	61.00	90416.00
chr6	44104085	44104176	91	91	178.00	236.00	204.99	203.00	18654.00
chr1	21938518	21938602	84	84	705.00	932.00	830.25	846.00	69741.00
chr19	13423482	13423595	113	113	64.00	89.00	78.51	81.00	8872.00
chr16	70292882	70293089	207	207	783.00	1112.00	953.19	959.00	197311.00
chr18	61060641	61060782	141	141	61.00	89.00	80.99	83.00	11419.00
chr16	22269814	22270016	202	202	24.00	47.00	35.47	33.50	7165.00
chr1	21554423	21554534	111	111	43.00	70.00	56.86	58.00	6312.00
chr9	140057255	140057455	200	200	21.00	2152.00	1482.22	1817.00	296445.00
chr7	1488255	1488397	142	142	20.00	39.00	32.40	33.00	4601.00
chr14	100166351	100166438	87	87	434.00	520.00	468.09	460.00	40724.00
chr9	101065522	101065705	183	183	422.00	673.00	558.30	558.00	102169.00
chr5	68411752	68412041	289	289	39.00	74.00	57.57	59.00	16637.00
chr1	2452539	2452754	215	215	62.00	190.00	108.75	93.00	23382.00
chr1	21564626	21564737	111	111	47.00	75.00	60.59	61.00	6726.00
chr13	42037713	42039066	1353	1353	7.00	32.00	18.64	18.00	25226.00
chr2	114350236	114350443	207	207	5.00	40.00	22.68	22.00	4695.00
chr1	21939668	21939722	54	54	797.00	908.00	845.85	847.50	45676.00
chr9	139353895	139354007	112	112	57.00	85.00	70.65	71.00	7913.00
chr7	102176367	102176618	251	251	7.00	33.00	20.27	18.00	5089.00
chr3	51411753	51412018	265	265	10.00	347.00	127.51	22.00	33790.00
chr17	73888091	73888266	175	175	13.00	35.00	21.66	19.00	3791.00
chr13	103297258	103297435	177	177	6.00	97.00	53.98	79.00	9555.00
chr15	63922664	63922834	170	170	197.00	329.00	253.63	236.50	43117.00
chr3	33400774	33400849	75	75	195.00	268.00	234.08	224.00	17556.00
chr22	50671744	50671955	211	211	52.00	108.00	67.68	63.00	14281.00
chr1	21190968	21191205	237	237	250.00	373.00	316.60	325.00	75034.00
chr5	14481649	14481727	78	78	162.00	199.00	183.87	186.00	14342.00
chr15	101605556	101606410	854	854	22.00	59.00	44.05	47.00	37621.00
chr17	80040402	80040554	152	152	357.00	551.00	440.72	408.50	66990.00
chr2	132269293	132270897	1604	1604	14.00	78.00	43.97	42.00	70520.00
chr11	1778553	1778786	233	233	971.00	1594.00	1321.54	1362.00	307919.00
chr11	1469616	1469808	192	192	10.00	43.00	26.43	28.00	5075.00
chr12	120138549	120138630	81	81	228.00	276.00	252.01	248.00	20413.00
chr7	901016	901101	85	85	144.00	228.00	181.54	175.00	15431.00
chr19	13372263	13372424	161	161	118.00	180.00	158.09	160.00	25453.00
chr17	40843154	40843311	157	157	407.00	554.00	487.85	496.00	76593.00
chr17	80039476	80039719	243	243	315.00	542.00	412.41	399.00	100215.00
chr17	16681109	16687365	6256	6256	0.00	120.00	30.56	25.00	191198.00
chr1	116935475	116935610	135	135	2249.00	3069.00	2663.59	2654.00	359585.00
chr6	128294808	128294972	164	164	119.00	261.00	208.22	220.00	34148.00
chr5	109189927	109190617	690	690	12.00	34.00	21.65	21.00	14939.00
chr15	40757533	40757634	101	101	28.00	93.00	77.78	80.00	7856.00
chr2	220164706	220164981	275	275	643.00	1516.00	1116.36	1132.00	306998.00
chr3	164905164	164908639	3475	3475	11.00	122.00	66.53	62.00	231184.00
chr11	60699157	60699356	199	199	113.00	473.00	353.65	356.00	70376.00
chr2	96680301	96680717	416	416	7.00	34.00	15.75	12.00	6550.00
chr17	40845314	40845554	240	240	384.00	616.00	486.23	463.50	116696.00
chr12	125264513	125265391	878	878	16.00	51.00	30.64	31.00	26905.00
chr1	156623704	156624158	454	454	12.00	24.00	16.32	16.00	7408.00
chr6	108370456	108370622	166	166	103.00	153.00	124.70	122.00	20701.00
chr11	19180486	19180587	101	101	21.00	35.00	26.24	24.00	2650.00
chr19	42489069	42489338	269	269	960.00	2228.00	1785.54	1935.00	480309.00
chr2	198274493	198274731	238	238	170.00	273.00	216.55	213.50	51539.00
chr6	47220991	47221257	266	266	158.00	305.00	231.11	225.50	61475.00
chr19	40872679	40872822	143	143	2109.00	3294.00	2756.53	2811.00	394184.00
chr19	54693278	54693627	349	349	6.00	141.00	71.85	61.00	25076.00
chr12	81929	82174	245	245	24.00	78.00	55.50	54.00	13598.00
chr21	45513943	45514114	171	171	75.00	117.00	89.70	86.00	15339.00
chr3	124201630	124201747	117	117	8.00	653.00	456.15	561.00	53370.00
chr17	79805118	79805223	105	105	345.00	411.00	379.75	382.00	39874.00
chr20	46307419	46307548	129	129	76.00	118.00	93.13	90.00	12014.00
chr17	38187790	38187873	83	83	156.00	184.00	167.67	166.00	13917.00
chr2	207452814	207452878	64	64	384.00	457.00	418.34	415.00	26774.00
chr17	45695715	45695823	108	108	388.00	468.00	425.79	423.00	45985.00
chr7	44283023	44283126	103	103	853.00	989.00	921.02	918.00	94865.00
chr20	62274975	62275284	309	309	8.00	2877.00	1360.70	1845.00	420456.00
chr11	108202605	108202764	159	159	28.00	56.00	43.57	48.00	6927.00
chr9	140051314	140051489	175	175	906.00	1341.00	1084.52	1052.00	189791.00
chr22	45574118	45574781	663	663	61.00	132.00	94.60	90.00	62722.00
chr15	79312382	79312446	64	64	263.00	299.00	281.42	283.00	18011.00
chr1	21940120	21940199	79	79	710.00	855.00	781.24	779.00	61718.00
chr17	3775847	3775921	74	74	416.00	698.00	597.49	638.50	44214.00
chr7	73133931	73134019	88	88	20.00	1680.00	580.49	455.50	51083.00
chr11	72292920	72292991	71	71	484.00	577.00	531.73	534.00	37753.00
chr7	43547616	43547730	114	114	125.00	189.00	164.39	170.00	18741.00
chr16	58713760	58714145	385	385	33.00	70.00	48.05	46.00	18499.00
chr22	21083600	21083794	194	194	1039.00	1567.00	1334.75	1358.50	258941.00
chr11	66457275	66457414	139	139	445.00	670.00	556.50	541.00	77353.00
chr15	91561034	91561115	81	81	45.00	57.00	50.07	48.00	4056.00
chr11	2968525	2969001	476	476	5.00	23.00	13.83	14.00	6583.00
chr19	34869838	34869910	72	72	1930.00	2439.00	2147.17	2116.50	154596.00
chr9	121970996	121971219	223	223	197.00	324.00	269.65	278.00	60133.00
chr3	47449772	47449980	208	208	15.00	132.00	79.92	96.00	16624.00
chr12	57601820	57601999	179	179	233.00	532.00	384.51	375.00	68827.00
chr16	2345590	2345741	151	151	239.00	313.00	277.55	275.00	41910.00
chr12	50471782	50471910	128	128	94.00	121.00	110.54	112.00	14149.00
chr1	109814221	109814344	123	123	336.00	495.00	442.97	453.00	54485.00
chr19	16942304	16942458	154	154	88.00	151.00	124.41	132.50	19159.00
chr11	66333301	66333398	97	97	496.00	611.00	534.72	534.00	51868.00
chr5	74026084	74026223	139	139	87.00	143.00	112.90	110.00	15693.00
chr5	68417520	68417722	202	202	43.00	76.00	64.13	65.50	12954.00
chr19	15272262	15272525	263	263	26.00	63.00	43.85	38.00	11533.00
chr3	45872404	45872482	78	78	115.00	171.00	145.99	145.50	11387.00
chr7	73123374	73123452	78	78	1690.00	2069.00	1937.10	1978.50	151094.00
chr5	14498197	14498360	163	163	156.00	260.00	212.02	216.00	34559.00
chr14	93180167	93180230	63	63	161.00	255.00	201.00	188.00	12663.00
chr9	130984739	130984875	136	136	3166.00	4847.00	3923.71	3688.00	533625.00
chr13	31216764	31216894	130	130	23.00	45.00	33.68	33.00	4379.00
chr12	112614399	112614506	107	107	125.00	236.00	206.22	206.00	22066.00
chr12	57602865	57602982	117	117	331.00	523.00	416.16	414.00	48691.00
chr14	72976861	72976987	126	126	116.00	168.00	139.25	130.00	17546.00
chr1	155209406	155209553	147	147	115.00	172.00	139.29	136.00	20476.00
chr10	49633930	49634113	183	183	146.00	201.00	164.86	163.00	30170.00
chr16	84100093	84100218	125	125	181.00	224.00	207.68	209.00	25960.00
chr1	155207924	155208097	173	173	157.00	209.00	184.91	185.00	31989.00
chr12	2786898	2787033	135	135	35.00	66.00	55.17	55.00	7448.00
chr2	233755457	233756197	740	740	14.00	1131.00	211.71	43.00	156665.00
chr14	60631894	60632099	205	205	114.00	287.00	220.14	239.00	45129.00
chr1	11151549	11151654	105	105	78.00	127.00	105.82	106.00	11111.00
chr4	134076071	134076178	107	107	218.00	358.00	296.36	297.00	31710.00
chr15	91420364	91420441	77	77	146.00	195.00	165.09	167.00	12712.00
chr5	114961533	114961755	222	222	16.00	65.00	47.59	51.50	10566.00
chr16	1814047	1814211	164	164	5.00	686.00	331.65	500.50	54390.00
chr18	44250463	44252581	2118	2118	16.00	160.00	84.17	84.00	178282.00
chr6	158049380	158049518	138	138	72.00	99.00	81.31	80.00	11221.00
chr19	7675585	7675679	94	94	55.00	68.00	63.48	64.00	5967.00
chr13	99461604	99461719	115	115	4.00	250.00	179.19	168.00	20607.00
chr11	130010829	130011467	638	638	8.00	1857.00	207.53	16.00	132401.00
chr11	107526658	107526792	134	134	440.00	590.00	506.57	500.50	67881.00
chr16	1391294	1391490	196	196	323.00	459.00	376.48	369.00	73791.00
chr1	38182716	38184158	1442	1442	4.00	131.00	65.57	62.00	94549.00
chr5	179231023	179231323	300	300	14.00	27.00	21.28	21.00	6385.00
chr14	69814593	69814719	126	126	156.00	208.00	192.09	194.00	24203.00
chr14	69349174	69349309	135	135	219.00	284.00	251.53	253.00	33956.00
chr19	7614792	7614998	206	206	151.00	280.00	238.96	245.00	49225.00
chr1	228270375	228270466	91	91	11.00	1666.00	541.67	267.00	49292.00
chr1	38186022	38186315	293	293	8.00	68.00	41.07	51.00	12034.00
chr13	77641715	77641999	284	284	342.00	458.00	395.20	395.00	112237.00
chr14	100157417	100157498	81	81	158.00	343.00	220.88	195.00	17891.00
chr13	32978280	32979333	1053	1053	20.00	113.00	52.64	47.00	55430.00
chr12	7301567	7301794	227	227	781.00	1148.00	964.38	970.00	218915.00
chr9	123583116	123583257	141	141	52.00	74.00	65.48	68.00	9233.00
chr17	26883183	26883284	101	101	82.00	154.00	114.46	115.00	11560.00
chr12	6972993	6973137	144	144	287.00	407.00	356.82	360.00	51382.00
chr20	34322310	34322637	327	327	5.00	18.00	11.40	12.00	3727.00
chr19	7606407	7606570	163	163	147.00	214.00	169.68	168.00	27658.00
chr16	2333186	2333373	187	187	11.00	384.00	291.97	327.00	54598.00
chr12	113825548	113825711	163	163	122.00	269.00	178.88	164.00	29158.00
chr7	4802013	4807749	5736	5736	9.00	183.00	69.63	67.00	399370.00
chr1	43394880	43394985	105	105	154.00	240.00	201.76	219.00	21185.00
chr19	4554399	4554488	89	89	372.00	590.00	508.92	554.00	45294.00
chr16	31719139	31719372	233	233	11.00	19.00	15.64	16.00	3644.00
chr5	134060669	134061744	1075	1075	11.00	53.00	29.95	30.00	32199.00
chr1	202936318	202936371	53	53	14.00	153.00	84.81	110.00	4495.00
chr2	220087366	220087615	249	249	238.00	348.00	287.59	284.00	71611.00
chr2	36764494	36764689	195	195	74.00	122.00	97.68	97.00	19047.00
chr7	43519208	43519343	135	135	113.00	205.00	168.67	171.00	22771.00
chr10	51249585	51249993	408	408	2.00	23.00	12.10	11.00	4938.00
chr6	32123647	32123755	108	108	85.00	142.00	105.42	99.00	11385.00
chr3	118624442	118624692	250	250	10.00	60.00	31.01	15.00	7753.00
chr1	190129797	190130020	223	223	51.00	82.00	67.61	67.00	15076.00
chr9	131004491	131004624	133	133	15.00	4152.00	3265.62	3692.00	434328.00
chr22	33679187	33679334	147	147	222.00	285.00	253.03	253.00	37196.00
chr15	74709931	74710016	85	85	174.00	325.00	234.28	212.00	19914.00
chr7	6470110	6470238	128	128	46.00	64.00	57.52	58.50	7363.00
chr1	6640600	6641359	759	759	14.00	63.00	29.70	27.00	22539.00
chr16	31510622	31510728	106	106	205.00	265.00	239.28	244.00	25364.00
chr4	103710287	103711803	1516	1516	7.00	50.00	25.17	26.00	38151.00
chr19	2862339	2862746	407	407	8.00	24.00	14.71	14.00	5988.00
chr2	15467873	15467994	121	121	49.00	75.00	61.50	63.00	7441.00
chr2	36780721	36781492	771	771	10.00	32.00	18.74	17.00	14446.00
chr10	81070680	81070941	261	261	29.00	93.00	53.17	47.00	13877.00
chr2	217234866	217235986	1120	1120	22.00	54.00	37.84	38.00	42379.00
chr10	93786348	93786508	160	160	39.00	79.00	56.21	53.00	8994.00
chr17	20268785	20269076	291	291	3.00	19.00	12.42	13.00	3614.00
chr9	131002006	131002062	56	56	3.00	4245.00	3667.77	3951.50	205395.00
chr1	155208307	155208441	134	134	176.00	227.00	200.66	204.00	26889.00
chr2	162833877	162834373	496	496	6.00	790.00	73.07	17.00	36242.00
chr9	35799614	35799728	114	114	43.00	69.00	54.89	53.00	6258.00
chr20	62517856	62519234	1378	1378	8.00	166.00	39.39	36.00	54286.00
chr22	35942847	35943127	280	280	74.00	246.00	172.77	184.50	48375.00
chr13	26436438	26436546	108	108	91.00	107.00	98.19	98.00	10604.00
chr14	69371371	69371453	82	82	231.00	379.00	306.87	300.50	25163.00
chr7	44031274	44031581	307	307	8.00	25.00	14.68	14.00	4508.00
chr11	12274988	12275291	303	303	7.00	39.00	23.78	24.00	7204.00
chr5	1334403	1334498	95	95	130.00	161.00	144.36	143.00	13714.00
chr19	34868639	34868786	147	147	2517.00	3332.00	2784.90	2738.00	409381.00
chr16	1815960	1816143	183	183	393.00	679.00	507.12	490.00	92803.00
chr10	73578787	73578868	81	81	3281.00	4454.00	3761.33	3722.00	304668.00
chr17	37420427	37420640	213	213	23.00	59.00	39.77	37.00	8472.00
chr5	60835422	60835586	164	164	28.00	45.00	35.99	35.00	5902.00
chr15	79296143	79296517	374	374	340.00	530.00	410.65	404.00	153584.00
chr19	13039568	13039661	93	93	552.00	778.00	683.87	697.00	63600.00
chr12	49421585	49421713	128	128	118.00	171.00	140.20	132.00	17946.00
chr1	1661057	1662583	1526	1526	15.00	304.00	137.06	143.00	209153.00
chr2	207457340	207457460	120	120	466.00	576.00	518.39	519.00	62207.00
chr11	64542462	64543441	979	979	6.00	29.00	19.10	19.00	18702.00
chr20	61910250	61910347	97	97	146.00	189.00	168.02	167.00	16298.00
chr11	62394042	62394156	114	114	234.00	334.00	281.14	277.00	32050.00
chr5	37301538	37301652	114	114	23.00	37.00	29.44	28.00	3356.00
chr16	4733843	4733933	90	90	182.00	223.00	199.13	198.50	17922.00
chr15	43693913	43694048	135	135	55.00	89.00	73.55	75.00	9929.00
chr11	18764538	18764622	84	84	284.00	374.00	336.21	340.50	28242.00
chr17	57842331	57842499	168	168	137.00	188.00	165.10	169.00	27737.00
chr9	96076729	96078064	1335	1335	12.00	42.00	27.81	27.00	37124.00
chr11	12246219	12246367	148	148	416.00	558.00	493.54	497.50	73044.00
chr12	7030743	7031565	822	822	10.00	5939.00	1945.50	23.00	1599197.00
chr3	14523178	14523349	171	171	30.00	56.00	39.42	39.00	6741.00
chr5	758508	759483	975	975	7.00	23.00	13.23	13.00	12903.00
chr12	22635490	22635677	187	187	81.00	105.00	92.85	92.00	17363.00
chr5	14479369	14479459	90	90	160.00	230.00	178.44	179.00	16060.00
chr6	143655214	143656079	865	865	2.00	16.00	7.92	8.00	6853.00
chr7	75508360	75508578	218	218	124.00	1190.00	924.51	1070.50	201543.00
chr11	60697981	60698131	150	150	184.00	277.00	233.01	234.00	34951.00
chr1	151400598	151400889	291	291	104.00	180.00	145.48	152.00	42334.00
chr5	172196431	172197309	878	878	12.00	187.00	63.57	31.00	55813.00
chr3	49152660	49152794	134	134	83.00	142.00	101.01	96.50	13535.00
chr7	5518281	5519950	1669	1669	29.00	94.00	60.07	60.00	100256.00
chr17	16691106	16691449	343	343	3.00	70.00	24.74	24.00	8485.00
chr2	220086993	220087172	179	179	212.00	332.00	287.52	294.00	51466.00
chr10	51746916	51748006	1090	1090	4.00	144.00	44.85	32.00	48890.00
chr12	7302118	7302289	171	171	905.00	1159.00	1044.05	1047.00	178533.00
chr11	59562844	59562955	111	111	34.00	72.00	57.14	65.00	6342.00
chr12	6100984	6101184	200	200	36.00	58.00	45.36	44.00	9072.00
chr19	5683274	5683627	353	353	10.00	44.00	26.79	28.00	9456.00
chr12	2786259	2786387	128	128	45.00	60.00	52.71	53.00	6747.00
chr15	26812727	26812880	153	153	283.00	478.00	368.18	367.00	56331.00
chr1	149007980	149008798	818	818	0.00	37.00	12.82	10.00	10490.00
chr19	54965608	54965861	253	253	99.00	206.00	143.78	135.00	36376.00
chr8	27293259	27293310	51	51	440.00	583.00	512.04	508.00	26114.00
chr15	23014437	23014528	91	91	121.00	227.00	176.35	173.00	16048.00
chr1	111717500	111717585	85	85	71.00	115.00	93.74	94.00	7968.00
chr6	150157220	150157433	213	213	288.00	395.00	340.37	343.00	72499.00
chr13	114566547	114566670	123	123	38.00	92.00	66.41	57.00	8169.00
chr16	58539291	58539605	314	314	5.00	40.00	22.81	24.00	7163.00
chr1	21936612	21936768	156	156	605.00	1238.00	849.46	846.00	132516.00
chr1	17322880	17322991	111	111	322.00	544.00	436.68	487.00	48471.00
chr11	60699455	60699599	144	144	309.00	478.00	388.31	381.50	55916.00
chr5	6749669	6749770	101	101	88.00	113.00	98.29	98.00	9927.00
chr16	2156805	2156949	144	144	225.00	328.00	269.32	261.50	38782.00
chr15	34690834	34690930	96	96	135.00	243.00	215.33	223.00	20672.00
chr3	11074933	11075425	492	492	4.00	551.00	101.69	15.00	50033.00
chr5	74655222	74655381	159	159	225.00	406.00	302.86	296.00	48154.00
chr20	20022968	20023160	192	192	47.00	107.00	70.89	64.50	13610.00
chr2	39055481	39055578	97	97	27.00	40.00	34.36	35.00	3333.00
chr19	16793231	16793528	297	297	9.00	315.00	93.18	14.00	27675.00
chr2	219205450	219205509	59	59	134.00	150.00	141.95	141.00	8375.00
chr17	74087429	74087729	300	300	14.00	46.00	31.60	30.00	9480.00
chr3	184058150	184060036	1886	1886	8.00	887.00	145.45	42.00	274315.00
chr6	90333128	90333263	135	135	69.00	97.00	85.96	90.00	11605.00
chr12	125267019	125267429	410	410	9.00	43.00	20.39	19.00	8358.00
chr1	207942580	207943104	524	524	13.00	108.00	77.97	83.00	40858.00
chr4	89356876	89357043	167	167	46.00	74.00	60.37	60.00	10082.00
chr7	101995498	101995736	238	238	12.00	35.00	24.45	23.00	5819.00
chr3	11067458	11067562	104	104	412.00	567.00	497.89	504.00	51781.00
chr5	95734582	95734740	158	158	178.00	233.00	206.12	206.00	32567.00
chr6	152529106	152529341	235	235	160.00	282.00	216.61	203.00	50904.00
chr5	102295578	102295763	185	185	210.00	327.00	262.06	258.00	48482.00
chr22	21072980	21073110	130	130	1140.00	1853.00	1485.41	1562.00	193103.00
chr12	121855306	121855714	408	408	92.00	219.00	139.84	138.00	57054.00
chr1	160326389	160326544	155	155	116.00	168.00	140.33	139.00	21751.00
chr11	60670930	60671007	77	77	485.00	591.00	541.62	552.00	41705.00
chr17	79804822	79804948	126	126	404.00	547.00	475.35	492.00	59894.00
chr16	18527204	18527332	128	128	650.00	845.00	753.31	764.00	96424.00
chr16	16372518	16372646	128	128	680.00	896.00	797.03	803.50	102020.00
chr2	32750530	32750695	165	165	34.00	65.00	46.88	45.00	7736.00
chr14	69369193	69369279	86	86	327.00	457.00	380.15	383.00	32693.00
chr7	66418212	66418356	144	144	167.00	247.00	206.58	206.00	29747.00
chr6	44107988	44108097	109	109	196.00	230.00	209.19	208.00	22802.00
chr7	70885893	70886091	198	198	486.00	1112.00	717.09	610.50	141983.00
chr8	27295281	27295397	116	116	485.00	588.00	527.97	525.00	61244.00
chr7	73122918	73123018	100	100	1688.00	2025.00	1925.72	1939.00	192572.00
chr15	34698874	34699071	197	197	279.00	361.00	315.75	312.00	62203.00
chr8	22009343	22009513	170	170	322.00	709.00	458.59	458.50	77960.00
chr7	1526557	1526737	180	180	40.00	146.00	96.21	106.00	17318.00
chr5	178053946	178054065	119	119	9.00	183.00	93.44	96.00	11119.00
chr12	6103027	6103369	342	342	32.00	69.00	52.05	54.00	17801.00
chr2	3479491	3480482	991	991	6.00	36.00	20.56	21.00	20376.00
chr3	33883388	33883566	178	178	139.00	184.00	162.43	162.00	28912.00
chr19	11019778	11019883	105	105	150.00	219.00	188.41	196.00	19783.00
chr7	98446205	98446318	113	113	1667.00	3061.00	2350.44	2195.00	265600.00
chr8	106813274	106813932	658	658	23.00	58.00	40.38	41.00	26570.00
chr2	223795338	223795530	192	192	464.00	689.00	536.40	519.00	102989.00
chr7	75511146	75511554	408	408	805.00	1360.00	1042.27	1041.50	425246.00
chr21	40184926	40185038	112	112	150.00	253.00	209.93	224.00	23512.00
chr19	53383575	53385236	1661	1661	11.00	42.00	22.93	23.00	38081.00
chr19	14208130	14208295	165	165	5.00	720.00	470.07	614.00	77561.00
chr15	91461013	91461618	605	605	13.00	345.00	110.38	24.00	66781.00
chr8	145278010	145278133	123	123	69.00	91.00	79.00	79.00	9717.00
chr16	28132990	28133083	93	93	127.00	216.00	160.30	152.00	14908.00
chr11	125280091	125280221	130	130	110.00	153.00	129.52	129.00	16838.00
chr15	63128089	63128317	228	228	57.00	318.00	217.75	246.00	49647.00
chr9	131181435	131181557	122	122	10.00	460.00	385.40	409.00	47019.00
chr19	3281196	3281343	147	147	288.00	393.00	340.61	346.00	50069.00
chr11	6240200	6240280	80	80	70.00	90.00	81.40	82.00	6512.00
chr20	31019123	31019287	164	164	50.00	66.00	57.93	57.00	9500.00
chr6	46825865	46827260	1395	1395	33.00	90.00	55.81	56.00	77860.00
chr12	1672006	1672666	660	660	19.00	66.00	37.35	32.00	24653.00
chr12	9098824	9099001	177	177	155.00	235.00	192.53	190.00	34077.00
chr7	121738503	121738630	127	127	19.00	32.00	23.54	23.00	2990.00
chr19	40875814	40875935	121	121	1314.00	1798.00	1529.12	1511.00	185024.00
chr20	3581592	3581671	79	79	115.00	157.00	140.14	141.00	11071.00
chr17	7226965	7227042	77	77	76.00	98.00	85.96	86.00	6619.00
chr2	74331800	74332809	1009	1009	8.00	43.00	24.86	25.00	25085.00
chr1	209785136	209785610	474	474	5.00	206.00	139.88	147.00	66303.00
chr9	35546426	35548532	2106	2106	171.00	350.00	249.43	245.50	525308.00
chr17	80040198	80040290	92	92	372.00	463.00	415.84	423.00	38257.00
chr11	73074791	73075284	493	493	6.00	245.00	79.93	18.00	39406.00
chr20	44674976	44675075	99	99	471.00	662.00	615.23	631.00	60908.00
chr20	5892091	5892328	237	237	86.00	716.00	435.12	529.00	103124.00
chr17	20316581	20317594	1013	1013	0.00	19.00	8.12	8.00	8221.00
chr12	99478702	99478801	99	99	241.00	306.00	273.05	275.00	27032.00
chr17	40842756	40842960	204	204	522.00	696.00	612.72	618.00	124994.00
chr11	107501142	107501288	146	146	366.00	501.00	428.90	425.50	62620.00
chr11	85429236	85429532	296	296	5.00	53.00	21.59	18.00	6390.00
chr20	9449217	9449319	102	102	41.00	97.00	69.80	73.50	7120.00
chr14	23371395	23371591	196	196	124.00	191.00	158.24	161.00	31016.00
chr7	716865	716957	92	92	1823.00	2513.00	2291.72	2289.00	210838.00
chr10	48862360	48862682	322	322	2.00	205.00	126.08	165.00	40597.00
chr10	68686678	68688210	1532	1532	37.00	143.00	78.42	74.00	120147.00
chr5	179674854	179674926	72	72	375.00	468.00	418.38	415.50	30123.00
chr1	209773327	209773456	129	129	155.00	236.00	206.66	214.00	26659.00
chr17	45691034	45691091	57	57	405.00	469.00	438.67	437.00	25004.00
chr1	19669871	19670118	247	247	18.00	26.00	22.33	22.00	5516.00
chr17	45664025	45664710	685	685	13.00	506.00	99.84	50.00	68392.00
chr19	2337634	2338840	1206	1206	13.00	85.00	32.39	27.00	39062.00
chr8	22011480	22011552	72	72	496.00	591.00	545.71	544.50	39291.00
