#chrom	start	end	size	num_data	min	max	mean	median	sum
chr12	1940100	1940691	591	591	51.00	110.00	78.35	77.00	46306.00
chr1	27480473	27481381	908	908	33.00	92.00	67.37	67.00	61168.00
chr15	63112684	63112809	125	125	300.00	384.00	354.77	362.00	44346.00
chr5	149231737	149232254	517	517	16.00	36.00	26.90	28.00	13909.00
chr5	140865429	140867182	1753	1753	21.00	61.00	34.70	32.00	60828.00
chr1	32209793	32209958	165	165	270.00	386.00	305.92	297.00	50476.00
chr16	87873307	87873431	124	124	119.00	255.00	183.66	176.50	22774.00
chr17	34157438	34158175	737	737	8.00	33.00	21.18	21.00	15611.00
chr2	127815619	127816088	469	469	13.00	71.00	45.75	45.00	21455.00
chr1	208212965	208213112	147	147	93.00	122.00	109.95	112.00	16163.00
chr22	19703883	19704666	783	783	19.00	58.00	40.70	41.00	31870.00
chr16	87872319	87872423	104	104	128.00	170.00	145.80	144.50	15163.00
chr9	140055740	140055868	128	128	1687.00	1980.00	1839.81	1841.00	235496.00
chr22	21096515	21096643	128	128	697.00	934.00	804.65	801.00	102995.00
chr9	140056321	140056540	219	219	5.00	2269.00	1469.04	1814.00	321719.00
chr11	78379981	78380253	272	272	24.00	53.00	36.42	38.00	9906.00
chr3	11070420	11070533	113	113	311.00	384.00	341.96	337.00	38642.00
chr1	109812554	109813222	668	668	8.00	547.00	224.72	239.50	150116.00
chr2	220161954	220162155	201	201	610.00	956.00	824.95	862.00	165815.00
chr15	74706887	74707086	199	199	98.00	160.00	120.75	117.00	24029.00
chr17	7318829	7319426	597	597	194.00	374.00	298.23	305.00	178046.00
chr1	21560050	21560154	104	104	46.00	61.00	53.47	53.50	5561.00
chr1	25573799	25573952	153	153	13.00	327.00	227.97	264.00	34880.00
chr14	93198993	93199160	167	167	117.00	172.00	149.38	151.00	24946.00
chr1	205554003	205554119	116	116	277.00	381.00	329.02	328.00	38166.00
chr1	9795005	9795232	227	227	2060.00	3083.00	2573.54	2598.00	584193.00
chr17	42426525	42426670	145	145	53.00	89.00	70.13	70.00	10169.00
chr18	70205887	70206179	292	292	10.00	373.00	147.13	18.50	42961.00
chr1	205553082	205553251	169	169	376.00	447.00	406.13	402.00	68636.00
chr9	140056623	140056766	143	143	4.00	1885.00	1221.27	1399.00	174641.00
chr6	33412147	33412394	247	247	21.00	686.00	394.62	527.00	97470.00
chr12	89992366	89992547	181	181	12.00	1222.00	874.11	937.00	158214.00
chr2	220088827	220089576	749	749	136.00	262.00	190.54	185.00	142711.00
chr14	100763073	100765222	2149	2149	20.00	105.00	49.77	51.00	106954.00
chr1	110740697	110742543	1846	1846	17.00	1052.00	654.48	633.50	1208161.00
chr1	149878201	149879758	1557	1557	20.00	1677.00	394.01	42.00	613466.00
chr3	197264139	197265259	1120	1120	11.00	63.00	36.50	36.00	40884.00
chr8	56449623	56450530	907	907	29.00	67.00	45.72	44.00	41470.00
chr9	139354208	139354326	118	118	78.00	100.00	85.26	84.00	10061.00
chr1	32204908	32205236	328	328	512.00	846.00	647.65	639.50	212430.00
chr7	75608768	75608897	129	129	111.00	169.00	128.16	127.00	16532.00
chr19	45161029	45161178	149	149	61.00	91.00	76.79	78.00	11441.00
chr19	5243911	5244493	582	582	142.00	322.00	202.29	202.00	117735.00
chr6	32119585	32119717	132	132	19.00	546.00	313.79	346.00	41420.00
chr3	42670878	42672067	1189	1189	4.00	52.00	27.95	27.00	33237.00
chr11	45892392	45892485	93	93	136.00	180.00	153.29	152.00	14256.00
chr17	80040789	80040991	202	202	330.00	490.00	401.41	402.00	81085.00
chr2	74902875	74903036	161	161	64.00	89.00	72.63	72.00	11694.00
chr17	38335969	38337946	1977	1977	10.00	285.00	43.67	32.00	86343.00
chr16	87870103	87870253	150	150	129.00	216.00	169.50	167.00	25425.00
chr1	32205947	32206142	195	195	595.00	814.00	708.41	701.00	138140.00
chr6	44117553	44117702	149	149	11.00	386.00	232.70	276.00	34673.00
chr1	159163659	159163830	171	171	1189.00	1556.00	1398.10	1420.00	239075.00
chr3	445565	446023	458	458	21.00	38.00	28.50	28.00	13051.00
chr2	25048913	25048995	82	82	154.00	185.00	167.33	166.00	13721.00
chr10	99504485	99504672	187	187	71.00	145.00	114.38	117.00	21389.00
chr4	54364807	54365010	203	203	111.00	206.00	157.77	158.00	32027.00
chr17	1634367	1634552	185	185	12.00	29.00	20.42	22.00	3778.00
chr7	72416124	72416247	123	123	102.00	152.00	123.54	120.00	15195.00
chr1	208212169	208212329	160	160	96.00	132.00	111.47	110.00	17835.00
chr9	140952500	140952702	202	202	88.00	159.00	121.20	122.00	24482.00
chr6	44197325	44197528	203	203	114.00	155.00	131.77	132.00	26750.00
chr6	44197643	44198218	575	575	25.00	115.00	56.75	45.00	32633.00
chr11	118981972	118982084	112	112	227.00	297.00	266.32	266.50	29828.00
chr5	150503846	150503952	106	106	7.00	1824.00	1263.54	1595.50	133935.00
chr11	118981761	118981878	117	117	265.00	346.00	300.77	301.00	35190.00
chr11	126314873	126315000	127	127	85.00	112.00	98.25	97.00	12478.00
chr1	159165808	159166244	436	436	11.00	1431.00	278.09	21.00	121249.00
chr7	134893542	134893750	208	208	45.00	73.00	63.13	64.00	13132.00
chr9	121976196	121976433	237	237	249.00	379.00	303.02	301.00	71815.00
chr19	54691042	54691169	127	127	328.00	554.00	412.67	386.00	52409.00
chr22	38621430	38621600	170	170	252.00	364.00	316.74	328.50	53845.00
chr13	42035681	42036205	524	524	7.00	20.00	14.10	14.00	7388.00
chr20	1915360	1915413	53	53	20.00	1617.00	1112.30	1391.00	58952.00
chr5	14496987	14497126	139	139	159.00	263.00	204.81	202.00	28468.00
chr12	56528125	56528212	87	87	94.00	116.00	102.18	101.00	8890.00
chr3	47466974	47467101	127	127	83.00	108.00	95.51	96.00	12130.00
chr17	7415476	7415663	187	187	137.00	195.00	164.92	163.00	30840.00
chr3	33588037	33589252	1215	1215	14.00	53.00	33.69	33.00	40934.00
chr7	887833	888615	782	782	13.00	117.00	49.27	40.00	38530.00
chr10	24813251	24813693	442	442	31.00	112.00	61.81	63.00	27319.00
chr1	109812045	109812213	168	168	278.00	442.00	362.74	368.00	60941.00
chr19	15276597	15276902	305	305	32.00	71.00	52.15	49.00	15907.00
chr16	2334779	2334999	220	220	218.00	309.00	263.71	262.00	58017.00
chr16	68404761	68405261	500	500	21.00	57.00	39.84	40.00	19919.00
chr4	110969111	110969871	760	760	27.00	79.00	51.09	52.00	38826.00
chr1	145693161	145693996	835	835	19.00	105.00	55.93	54.00	46705.00
chr7	44282848	44282932	84	84	758.00	854.00	801.23	801.00	67303.00
chr2	220164315	220164508	193	193	17.00	773.00	328.03	31.00	63309.00
chr12	50472203	50472360	157	157	85.00	131.00	111.39	112.00	17488.00
chr2	220163768	220163833	65	65	671.00	925.00	818.18	811.00	53182.00
chr2	222289928	222290862	934	934	222.00	408.00	311.64	308.00	291068.00
chr12	57599133	57599268	135	135	242.00	355.00	286.97	283.00	38741.00
chr7	157475416	157475629	213	213	327.00	474.00	395.17	375.00	84172.00
chr1	32203800	32203927	127	127	430.00	811.00	633.46	661.00	80449.00
chr1	109811731	109811912	181	181	322.00	465.00	392.65	398.00	71070.00
chr9	140052830	140052975	145	145	1067.00	3041.00	2141.54	2364.00	310524.00
chr2	220161706	220161854	148	148	793.00	1309.00	1018.92	1019.50	150800.00
chr16	29896906	29897070	164	164	476.00	824.00	693.04	712.50	113658.00
chr16	47143393	47143622	229	229	116.00	170.00	142.29	141.00	32585.00
chr11	993753	993985	232	232	253.00	448.00	351.40	338.50	81525.00
chr9	124059698	124061137	1439	1439	8.00	52.00	26.84	26.00	38624.00
chr9	140350140	140350634	494	494	11.00	54.00	37.13	40.00	18343.00
chr11	14504577	14504697	120	120	104.00	144.00	125.81	124.50	15097.00
chr3	49898612	49898733	121	121	823.00	1089.00	970.51	978.00	117432.00
chr9	131811659	131811777	118	118	67.00	99.00	81.86	79.00	9659.00
chr9	131810705	131810818	113	113	69.00	99.00	82.88	81.00	9366.00
chr1	223400935	223401080	145	145	113.00	166.00	149.17	151.00	21630.00
chr12	125612185	125612820	635	635	8.00	195.00	45.25	19.00	28731.00
chr2	220088590	220088744	154	154	188.00	251.00	228.49	231.00	35188.00
chr9	70888487	70888750	263	263	1.00	44.00	28.93	31.00	7608.00
chr14	69813756	69813898	142	142	112.00	166.00	134.44	131.00	19091.00
chr2	47399145	47399890	745	745	9.00	266.00	41.50	36.00	30919.00
chr11	62688689	62689041	352	352	11.00	226.00	67.51	19.00	23762.00
chr6	43745205	43745407	202	202	3.00	90.00	70.69	71.50	14280.00
chr3	11072492	11072997	505	505	4.00	502.00	108.14	23.00	54613.00
chr7	2696031	2696168	137	137	210.00	297.00	262.07	274.00	35904.00
chr16	14969196	14969279	83	83	546.00	940.00	759.27	809.00	63019.00
chr17	7377847	7378026	179	179	13.00	25.00	19.38	20.00	3469.00
chr12	65639640	65639719	79	79	61.00	136.00	97.30	92.00	7687.00
chr12	50294912	50295108	196	196	1495.00	2932.00	1927.11	1874.50	377714.00
chr19	42485653	42485788	135	135	2166.00	2925.00	2521.16	2470.00	340356.00
chr10	99509230	99509343	113	113	126.00	226.00	177.38	181.00	20044.00
chr22	38883877	38888120	4243	4243	96.00	1102.00	367.35	348.00	1558683.00
chr12	49416372	49416658	286	286	88.00	129.00	109.80	111.00	31402.00
chr6	24843089	24843782	693	693	57.00	106.00	79.56	77.00	55138.00
chr5	176295561	176295665	104	104	260.00	374.00	307.53	300.00	31983.00
chr10	99510087	99510227	140	140	142.00	223.00	175.53	173.00	24574.00
chr1	159173658	159174770	1112	1112	9.00	105.00	37.79	31.00	42018.00
chr11	1780745	1780869	124	124	856.00	1313.00	1138.89	1228.50	141222.00
chr19	42486059	42486258	199	199	1812.00	2903.00	2312.65	2323.00	460218.00
chr3	47465422	47465535	113	113	100.00	145.00	116.87	117.00	13206.00
chr1	21573713	21573856	143	143	39.00	59.00	49.17	51.00	7031.00
chr11	65320330	65320453	123	123	88.00	127.00	109.35	108.00	13450.00
chr3	47462420	47462519	99	99	137.00	196.00	175.39	185.00	17364.00
chr2	219204751	219204864	113	113	108.00	170.00	152.49	156.00	17231.00
chr1	43906123	43906257	134	134	16.00	31.00	21.04	20.00	2820.00
chr7	38785158	38785840	682	682	19.00	396.00	60.68	34.00	41385.00
chr2	153499932	153500058	126	126	179.00	225.00	198.54	194.50	25016.00
chr1	32203011	32203132	121	121	6.00	585.00	448.39	515.00	54255.00
chr22	42290823	42290941	118	118	450.00	719.00	611.03	604.00	72101.00
chr19	47940718	47940818	100	100	532.00	879.00	735.01	739.50	73501.00
chr4	119539150	119539274	124	124	8.00	26.00	19.53	20.00	2422.00
chr17	44117067	44117250	183	183	69.00	95.00	82.07	82.00	15019.00
chr19	42485873	42485983	110	110	1808.00	2357.00	2183.97	2221.00	240237.00
chr6	44114583	44114664	81	81	125.00	169.00	150.80	154.00	12215.00
chr19	47941105	47941292	187	187	24.00	975.00	525.13	710.00	98200.00
chr11	73074250	73074500	250	250	161.00	203.00	181.70	181.00	45424.00
chr3	33418764	33418825	61	61	216.00	285.00	255.61	261.00	15592.00
chr1	700258	700505	247	247	10.00	50.00	26.91	24.00	6647.00
chr9	74319510	74319719	209	209	35.00	80.00	57.14	59.00	11942.00
chr16	2336694	2336968	274	274	164.00	357.00	257.01	252.00	70421.00
chr20	3575125	3575219	94	94	150.00	243.00	180.78	181.00	16993.00
chr9	139231377	139231529	152	152	87.00	106.00	96.12	95.00	14611.00
chr5	140515951	140516498	547	547	10.00	30.00	19.53	19.00	10685.00
chr1	21938208	21938309	101	101	598.00	768.00	690.75	698.00	69766.00
chr3	155659188	155659936	748	748	11.00	140.00	92.06	105.00	68858.00
chr16	27483068	27483241	173	173	117.00	157.00	137.17	140.00	23730.00
chr11	994071	994245	174	174	105.00	274.00	212.59	237.00	36991.00
chr7	71175745	71175913	168	168	386.00	611.00	500.86	514.00	84144.00
chr12	121204065	121204175	110	110	187.00	248.00	215.21	208.50	23673.00
chr7	73118679	73118753	74	74	1106.00	1425.00	1251.99	1248.00	92647.00
chr9	140972565	140972710	145	145	103.00	143.00	125.66	125.00	18221.00
chr12	121683329	121684024	695	695	9.00	37.00	21.65	22.00	15044.00
chr16	74493579	74493687	108	108	190.00	247.00	214.83	211.50	23202.00
chr2	36771518	36771641	123	123	156.00	206.00	176.46	175.00	21704.00
chr7	94187181	94187996	815	815	22.00	64.00	42.88	42.00	34948.00
chr14	94156951	94157239	288	288	11.00	22.00	16.65	18.00	4795.00
chr7	121739000	121739524	524	524	9.00	22.00	14.90	15.00	7807.00
chr1	19549117	19549328	211	211	108.00	164.00	128.02	123.00	27013.00
chr19	5214571	5214747	176	176	254.00	505.00	324.59	308.50	57128.00
chr19	42557753	42557861	108	108	129.00	174.00	153.83	155.50	16614.00
chr15	102510686	102510925	239	239	1.00	47.00	23.77	23.00	5682.00
chr5	167673761	167675376	1615	1615	46.00	150.00	77.31	73.00	124855.00
chr7	44282158	44282253	95	95	725.00	985.00	822.89	780.00	78175.00
chr2	160621061	160621717	656	656	11.00	174.00	34.80	25.00	22832.00
chr5	10426501	10426634	133	133	262.00	410.00	365.11	379.00	48559.00
chr16	1814301	1814460	159	159	539.00	712.00	628.69	645.00	99962.00
chr11	21581734	21581928	194	194	136.00	248.00	173.59	160.00	33676.00
chr3	126749085	126749255	170	170	153.00	197.00	170.77	170.50	29031.00
chr11	12237765	12237866	101	101	499.00	586.00	543.08	545.00	54851.00
chr6	31750872	31750963	91	91	124.00	158.00	137.15	134.00	12481.00
chr3	53124201	53124398	197	197	12.00	32.00	22.16	23.00	4366.00
chr2	220161470	220161544	74	74	1056.00	1319.00	1224.57	1252.00	90618.00
chr2	128951046	128951785	739	739	19.00	87.00	55.75	57.00	41198.00
chr5	24535811	24535931	120	120	150.00	205.00	173.66	172.00	20839.00
chr1	44083406	44083582	176	176	200.00	309.00	241.45	233.00	42495.00
chr1	32207653	32207818	165	165	367.00	582.00	441.27	414.00	72810.00
chr12	7293754	7294000	246	246	7.00	1037.00	610.18	873.00	150105.00
chr3	131442289	131442469	180	180	155.00	210.00	185.41	189.00	33373.00
chr3	49898871	49899298	427	427	39.00	1202.00	495.09	694.00	211403.00
chr16	66432358	66432464	106	106	24.00	35.00	28.81	28.00	3054.00
chr1	20982593	20982680	87	87	254.00	305.00	276.70	274.00	24073.00
chr16	68398653	68398809	156	156	41.00	73.00	54.69	55.00	8532.00
chr17	16676818	16678279	1461	1461	13.00	69.00	38.45	37.00	56171.00
chr1	109814899	109815027	128	128	306.00	502.00	399.79	407.50	51173.00
chr1	21940478	21940582	104	104	808.00	998.00	897.88	901.50	93380.00
chr20	57468284	57468793	509	509	11.00	32.00	18.70	18.00	9517.00
chr3	127358087	127358366	279	279	219.00	486.00	351.86	342.00	98170.00
chr3	126735359	126735527	168	168	97.00	134.00	119.29	120.00	20040.00
chr10	103869140	103869264	124	124	233.00	354.00	296.65	307.00	36784.00
chr20	44520554	44520666	112	112	158.00	192.00	179.12	179.50	20062.00
chr1	32203252	32203356	104	104	395.00	576.00	495.69	486.00	51552.00
chr21	40186196	40186316	120	120	259.00	346.00	320.07	324.00	38409.00
chr5	111067153	111068349	1196	1196	16.00	85.00	45.73	44.00	54691.00
chr9	128002954	128003186	232	232	362.00	470.00	422.90	426.00	98113.00
chr1	43408896	43408992	96	96	126.00	165.00	143.51	143.00	13777.00
chr3	47463931	47464026	95	95	134.00	167.00	152.68	153.00	14505.00
chr2	220161160	220161238	78	78	941.00	1143.00	1036.47	1012.00	80845.00
chr11	62472772	62473089	317	317	1045.00	1896.00	1404.77	1436.00	445313.00
chr9	130986341	130986906	565	565	19.00	798.00	206.29	38.00	116556.00
chr14	69358769	69359000	231	231	254.00	328.00	284.98	281.00	65830.00
chr11	64416205	64416379	174	174	146.00	284.00	220.16	230.00	38307.00
chr17	8398454	8398559	105	105	400.00	547.00	480.27	475.00	50428.00
chr12	53572943	53574193	1250	1250	14.00	66.00	42.59	42.00	53233.00
chr17	17696544	17701827	5283	5283	30.00	170.00	79.18	76.00	418307.00
chr8	11705187	11705331	144	144	954.00	1379.00	1203.65	1213.00	173326.00
chr19	54963829	54963931	102	102	258.00	361.00	316.45	316.50	32278.00
chr2	70451682	70456295	4613	4613	3.00	158.00	49.25	46.00	227173.00
chr11	118873959	118874169	210	210	20.00	37.00	31.50	32.00	6615.00
chr10	75548427	75548581	154	154	73.00	138.00	111.37	117.00	17151.00
chr6	33414351	33414563	212	212	368.00	690.00	550.08	548.50	116618.00
chr17	80042910	80043032	122	122	210.00	279.00	245.14	245.00	29907.00
chr11	11470290	11470483	193	193	65.00	106.00	81.94	81.00	15815.00
chr8	23294446	23294771	325	325	139.00	216.00	184.31	182.00	59900.00
chr1	116932060	116932663	603	603	10.00	2791.00	1000.13	27.00	603080.00
chr15	83222627	83222741	114	114	102.00	146.00	125.59	130.00	14317.00
chr3	9841562	9841751	189	189	14.00	26.00	20.86	21.00	3942.00
chr1	116937731	116937907	176	176	1797.00	2966.00	2089.93	1944.50	367827.00
chr16	87868019	87868197	178	178	128.00	180.00	155.73	156.00	27720.00
chr3	124209540	124209731	191	191	458.00	765.00	605.67	598.00	115683.00
chr7	71142195	71142291	96	96	478.00	676.00	539.93	524.50	51833.00
chr5	130497324	130497584	260	260	9.00	24.00	17.28	17.00	4494.00
chr13	100199238	100199358	120	120	311.00	495.00	399.92	387.50	47990.00
chr5	139943336	139943506	170	170	16.00	173.00	150.62	156.00	25606.00
chr17	74395529	74396002	473	473	110.00	207.00	166.35	168.00	78685.00
chr14	93179149	93179216	67	67	189.00	222.00	208.28	209.00	13955.00
chr4	160277004	160277310	306	306	41.00	313.00	142.04	122.00	43464.00
chr17	40666306	40666478	172	172	705.00	1209.00	955.62	961.50	164367.00
chr15	34828065	34828207	142	142	25.00	268.00	187.87	207.50	26678.00
chr14	100165802	100165876	74	74	436.00	524.00	469.01	470.00	34707.00
chr22	20128089	20128231	142	142	14.00	118.00	74.92	104.00	10638.00
chr12	3392210	3394421	2211	2211	7.00	66.00	33.06	29.00	73098.00
chr17	16687866	16690667	2801	2801	6.00	115.00	31.91	28.00	89386.00
chr6	31664724	31664810	86	86	97.00	161.00	132.17	129.00	11367.00
chr6	30627512	30627611	99	99	37.00	54.00	45.64	46.00	4518.00
chr11	18752834	18755060	2226	2226	9.00	649.00	92.93	47.00	206872.00
chr12	109332602	109332731	129	129	473.00	686.00	577.91	588.00	74551.00
chr6	90072884	90073110	226	226	13.00	32.00	25.19	27.00	5694.00
chr16	2689371	2689711	340	340	0.00	1.00	0.29	0.00	100.00
chr1	20987373	20987484	111	111	242.00	329.00	287.14	288.00	31873.00
chr14	85985300	85986667	1367	1367	7.00	22.00	14.18	14.00	19386.00
chr13	32863769	32863880	111	111	140.00	187.00	164.55	164.00	18265.00
chr16	1510418	1510528	110	110	78.00	116.00	89.19	87.00	9811.00
chr19	54963269	54963444	175	175	303.00	421.00	355.27	354.00	62173.00
chr6	44224078	44224233	155	155	42.00	61.00	50.93	50.00	7894.00
chr20	3151172	3152285	1113	1113	19.00	69.00	44.80	43.00	49863.00
chr1	892273	892405	132	132	156.00	245.00	184.95	177.50	24413.00
chr16	90192167	90192724	557	557	10.00	99.00	54.11	50.00	30137.00
chr9	111663704	111663810	106	106	91.00	121.00	103.84	104.00	11007.00
chr6	44108764	44108835	71	71	152.00	189.00	174.82	179.00	12412.00
chr1	36028802	36029027	225	225	1586.00	2592.00	2023.88	1971.00	455373.00
chr11	66807259	66807674	415	415	14.00	192.00	137.69	141.00	57141.00
chr1	178426817	178427679	862	862	39.00	139.00	70.89	61.00	61107.00
chr19	42482302	42482478	176	176	1833.00	2985.00	2177.27	2123.00	383200.00
chr1	44084718	44084873	155	155	164.00	323.00	243.45	244.00	37734.00
chr1	109812315	109812442	127	127	297.00	385.00	338.17	342.00	42948.00
chr3	180324268	180324391	123	123	125.00	198.00	171.93	175.00	21147.00
chr15	63933668	63933842	174	174	180.00	345.00	256.47	242.50	44625.00
chr20	44521363	44521519	156	156	197.00	255.00	231.34	234.00	36089.00
chr3	33416779	33416910	131	131	175.00	237.00	201.93	203.00	26453.00
chr1	21934624	21934843	219	219	9.00	752.00	402.83	568.00	88220.00
chr14	69799801	69799886	85	85	84.00	169.00	131.79	131.00	11202.00
chr1	116936134	116936345	211	211	5.00	2328.00	1861.55	2023.00	392786.00
chr14	23634493	23634645	152	152	49.00	87.00	67.74	68.00	10297.00
chr16	1402538	1402947	409	409	17.00	49.00	33.72	33.00	13792.00
chr9	20331	25000	4669	4669	0.00	201.00	65.20	68.00	304424.00
chr17	43545574	43545959	385	385	17.00	46.00	31.06	30.00	11959.00
chr13	100201418	100201476	58	58	349.00	434.00	391.28	394.00	22694.00
chr15	41865505	41865665	160	160	314.00	640.00	441.31	432.00	70610.00
chr19	19641688	19642196	508	508	7.00	28.00	19.39	21.00	9848.00
chr11	134147593	134148159	566	566	15.00	45.00	29.23	30.00	16542.00
chr2	71656420	71657290	870	870	5.00	34.00	24.24	25.00	21090.00
chr7	97834775	97835016	241	241	178.00	269.00	232.45	230.00	56020.00
chr19	13363804	13363915	111	111	143.00	181.00	158.62	158.00	17607.00
chr18	31328383	31329011	628	628	11.00	36.00	24.22	24.00	15213.00
chr16	66431884	66432009	125	125	25.00	43.00	35.80	36.00	4475.00
chr19	47935155	47935702	547	547	10.00	824.00	328.96	421.00	179939.00
chr12	50291769	50291873	104	104	1363.00	1991.00	1635.19	1652.00	170060.00
chr11	1780198	1780317	119	119	770.00	1216.00	932.87	916.00	111012.00
chr15	65392626	65393167	541	541	15.00	32.00	24.36	25.00	13177.00
chr2	86397871	86397967	96	96	154.00	219.00	200.48	203.00	19246.00
chr7	97866087	97866233	146	146	128.00	194.00	151.22	154.00	22078.00
chr11	60687157	60687402	245	245	98.00	145.00	128.32	130.00	31438.00
chr21	43307700	43309453	1753	1753	12.00	82.00	45.33	46.00	79461.00
chr14	24619269	24619657	388	388	27.00	69.00	42.16	42.00	16358.00
chr11	65320634	65320727	93	93	80.00	97.00	89.38	89.00	8312.00
chr16	29891184	29891385	201	201	551.00	754.00	663.79	676.00	133421.00
chr1	32207224	32207326	102	102	781.00	966.00	873.33	874.00	89080.00
chr11	72300218	72300394	176	176	9.00	601.00	198.34	15.00	34908.00
chr17	7608878	7609038	160	160	33.00	136.00	95.33	102.00	15253.00
chr19	7607646	7607814	168	168	168.00	205.00	182.46	183.00	30654.00
chr19	54966129	54966271	142	142	141.00	280.00	227.06	232.50	32243.00
chr12	57995027	57995131	104	104	178.00	215.00	199.08	198.00	20704.00
chr1	27428875	27429049	174	174	56.00	98.00	70.70	66.00	12301.00
chr2	27688277	27688385	108	108	74.00	102.00	88.01	89.00	9505.00
chr16	2691449	2692254	805	805	0.00	30.00	2.30	2.00	1848.00
chr9	131503813	131503933	120	120	460.00	575.00	535.80	541.50	64296.00
chr16	2347766	2347922	156	156	228.00	301.00	264.01	261.00	41186.00
chr17	80039884	80040036	152	152	321.00	374.00	341.91	342.00	51971.00
chr1	32204432	32204538	106	106	508.00	880.00	708.07	719.50	75055.00
chr12	9242951	9243078	127	127	152.00	212.00	172.13	168.00	21861.00
chr3	49702661	49702751	90	90	290.00	371.00	353.27	358.00	31794.00
chr19	35820359	35820837	478	478	8.00	37.00	22.37	23.00	10691.00
chr1	201456762	201457615	853	853	10.00	34.00	19.88	19.00	16956.00
chr16	2334279	2334438	159	159	205.00	295.00	259.48	265.00	41257.00
chr10	73578373	73578481	108	108	2960.00	3811.00	3393.10	3412.50	366455.00
chr16	18530550	18530756	206	206	6.00	524.00	232.24	307.50	47841.00
chr16	16369094	16369300	206	206	7.00	559.00	240.36	314.50	49515.00
chr13	113975636	113975785	149	149	10.00	435.00	185.66	17.00	27663.00
chr11	119293822	119294227	405	405	13.00	5731.00	554.13	40.00	224423.00
chr5	150505962	150506041	79	79	1249.00	1527.00	1347.65	1330.00	106464.00
chr22	44224939	44225078	139	139	1078.00	1366.00	1174.19	1151.00	163213.00
chr15	41865199	41865309	110	110	342.00	440.00	386.25	378.00	42488.00
chr17	25633807	25636298	2491	2491	28.00	629.00	284.41	336.00	708459.00
chr15	72495155	72495529	374	374	18.00	3236.00	1301.67	32.00	486824.00
chr9	42540272	42542124	1852	1852	5.00	39.00	21.44	21.00	39713.00
chr11	119290760	119291704	944	944	8.00	6994.00	1984.74	28.00	1873592.00
chr19	5219949	5220165	216	216	200.00	277.00	234.44	230.00	50638.00
chr15	63910769	63911153	384	384	2.00	34.00	18.06	18.00	6934.00
chr17	74393879	74393969	90	90	188.00	248.00	214.69	213.50	19322.00
chr10	104129467	104129532	65	65	133.00	164.00	146.65	145.00	9532.00
chr3	142454224	142454620	396	396	4.00	19.00	13.63	14.00	5397.00
chr12	121205196	121205396	200	200	172.00	246.00	209.54	213.00	41908.00
chr3	31705570	31705724	154	154	30.00	46.00	35.86	34.00	5522.00
chr6	118635190	118636593	1403	1403	33.00	288.00	188.96	184.00	265109.00
chr8	10339867	10340829	962	962	9.00	54.00	31.69	31.00	30482.00
chr19	16952578	16952779	201	201	178.00	266.00	225.12	228.00	45250.00
chr8	110984486	110985016	530	530	186.00	263.00	219.18	221.00	116166.00
chr9	128001219	128001610	391	391	467.00	1094.00	792.27	830.00	309779.00
chr11	73070878	73070997	119	119	150.00	193.00	175.70	176.00	20908.00
chr10	104130140	104130235	95	95	126.00	152.00	136.54	136.00	12971.00
chr5	95733039	95733173	134	134	302.00	395.00	347.58	355.00	46576.00
chr19	59059400	59059547	147	147	205.00	296.00	245.81	246.00	36134.00
chr5	139943169	139943255	86	86	26.00	155.00	131.48	147.00	11307.00
chr17	73487771	73487981	210	210	62.00	154.00	103.30	104.00	21694.00
chr1	154315588	154315777	189	189	33.00	59.00	45.13	45.00	8530.00
chr14	95652726	95653070	344	344	13.00	30.00	19.64	19.00	6757.00
chr12	123639801	123640772	971	971	10.00	41.00	28.15	30.00	27331.00
chr22	47064870	47065171	301	301	10.00	20.00	15.23	15.00	4584.00
chr5	24535220	24535388	168	168	112.00	165.00	139.93	141.00	23508.00
chr12	6806452	6806958	506	506	151.00	520.00	300.92	285.50	152263.00
chr22	29881711	29881836	125	125	313.00	419.00	348.77	344.00	43596.00
chr7	75894681	75894786	105	105	64.00	107.00	87.25	89.00	9161.00
chr12	121089007	121095893	6886	6886	14.00	173.00	85.77	83.00	590586.00
chr1	207940357	207942365	2008	2008	5.00	245.00	52.35	41.00	105110.00
chr7	154681166	154681240	74	74	387.00	518.00	455.47	451.50	33705.00
chr5	131696513	131697529	1016	1016	5.00	42.00	24.85	26.00	25243.00
chr11	1776135	1776258	123	123	387.00	1077.00	694.11	663.00	85376.00
chr8	11706554	11706673	119	119	849.00	1168.00	1010.77	999.00	120282.00
chr11	18759426	18759511	85	85	300.00	413.00	356.47	361.00	30300.00
chr16	61689373	61689625	252	252	80.00	123.00	99.06	97.00	24964.00
chr15	51750702	51750824	122	122	254.00	308.00	279.75	278.00	34130.00
chr9	35555056	35555698	642	642	223.00	491.00	336.84	328.00	216254.00
chr2	198356200	198356621	421	421	2.00	16.00	6.75	6.00	2841.00
chr9	131001723	131001794	71	71	3361.00	4367.00	4000.35	4103.00	284025.00
chr19	5214371	5214491	120	120	333.00	545.00	456.30	446.00	54756.00
chr22	35719488	35719623	135	135	125.00	180.00	160.68	166.00	21692.00
chr12	121678738	121679829	1091	1091	12.00	68.00	31.93	28.00	34841.00
chr14	23820960	23821064	104	104	1457.00	1774.00	1657.38	1688.50	172368.00
chr1	32205710	32205779	69	69	598.00	814.00	713.26	704.00	49215.00
chr3	33420176	33420326	150	150	16.00	314.00	117.97	33.00	17695.00
chr9	114820707	114820966	259	259	57.00	84.00	70.12	70.00	18161.00
chr15	41865876	41866023	147	147	35.00	803.00	642.29	674.00	94417.00
chr19	55554308	55554637	329	329	8.00	30.00	21.19	22.00	6972.00
chr1	116933403	116933513	110	110	2073.00	2739.00	2456.00	2465.50	270160.00
chr19	15374230	15374359	129	129	73.00	142.00	119.10	125.00	15364.00
chr12	56090682	56090852	170	170	33.00	71.00	55.99	59.00	9519.00
chr14	69445668	69445876	208	208	58.00	272.00	165.40	160.00	34404.00
chr12	57603474	57603651	177	177	224.00	367.00	301.37	306.00	53342.00
chr22	32897492	32898946	1454	1454	13.00	194.00	85.17	76.00	123841.00
chr16	16367702	16367764	62	62	14.00	375.00	207.24	227.00	12849.00
chr19	5245786	5246056	270	270	186.00	374.00	264.68	259.50	71464.00
chr16	74345440	74345829	389	389	8.00	20.00	13.74	13.00	5344.00
chr6	107096899	107097076	177	177	40.00	80.00	55.23	53.00	9776.00
chr1	29641883	29642019	136	136	52.00	84.00	68.16	65.00	9270.00
chr8	97342440	97342509	69	69	227.00	276.00	254.49	257.00	17560.00
chr8	68116914	68117054	140	140	95.00	168.00	132.21	136.00	18510.00
chr22	22037470	22037546	76	76	40.00	63.00	52.46	53.00	3987.00
chr22	50682147	50683420	1273	1273	15.00	135.00	83.29	84.00	106026.00
chr20	44048971	44049069	98	98	161.00	187.00	174.61	176.00	17112.00
chr1	36904356	36904511	155	155	37.00	80.00	53.70	50.00	8323.00
chr12	71054719	71054877	158	158	112.00	168.00	128.79	125.00	20349.00
chr15	50654364	50655515	1151	1151	32.00	96.00	54.14	53.00	62317.00
chr2	234198499	234198620	121	121	81.00	127.00	110.74	116.00	13400.00
chr9	128001699	128001812	113	113	511.00	644.00	579.58	583.00	65492.00
chr8	38272296	38272419	123	123	67.00	88.00	77.44	77.00	9525.00
chr11	73068069	73068179	110	110	156.00	223.00	191.66	198.50	21083.00
chr16	28123137	28123327	190	190	154.00	214.00	182.82	176.50	34736.00
chr12	49424062	49424222	160	160	47.00	82.00	58.59	54.00	9375.00
chr19	50302885	50303023	138	138	400.00	580.00	468.46	433.00	64648.00
chr19	42480567	42480718	151	151	3265.00	4324.00	3804.66	3856.00	574504.00
chr3	197904395	197905301	906	906	1.00	61.00	32.10	38.00	29080.00
chr13	100189992	100190117	125	125	263.00	345.00	303.01	301.00	37876.00
chr19	14268062	14268272	210	210	314.00	462.00	383.26	384.00	80485.00
chr10	93786886	93787057	171	171	72.00	103.00	87.00	87.00	14877.00
chr1	109808726	109808828	102	102	196.00	249.00	227.59	229.00	23214.00
chr4	134075461	134075520	59	59	258.00	347.00	289.37	287.00	17073.00
chr1	22052268	22053864	1596	1596	15.00	45.00	30.18	30.00	48167.00
chr9	140056855	140056968	113	113	1293.00	1554.00	1416.16	1398.00	160026.00
chr19	42482087	42482224	137	137	3023.00	3834.00	3476.69	3535.00	476306.00
chr19	4556962	4557025	63	63	451.00	560.00	511.21	511.00	32206.00
chr19	14266921	14267013	92	92	301.00	437.00	373.02	369.50	34318.00
chr22	42273851	42274127	276	276	7.00	858.00	464.30	580.50	128147.00
chr1	205549788	205550049	261	261	267.00	413.00	320.27	305.00	83591.00
chr1	110765585	110766522	937	937	73.00	176.00	130.41	129.00	122195.00
chr19	55553595	55554158	563	563	13.00	34.00	19.95	18.00	11230.00
chr7	150929881	150931360	1479	1479	36.00	129.00	63.08	57.00	93302.00
chr3	124215157	124215260	103	103	499.00	680.00	599.95	609.00	61795.00
chr16	58220658	58220760	102	102	109.00	155.00	128.68	130.00	13125.00
chr3	10381925	10382033	108	108	657.00	880.00	793.32	800.00	85679.00
chr10	11356101	11356221	120	120	155.00	190.00	170.72	171.00	20487.00
chr22	42294652	42294785	133	133	490.00	742.00	636.41	643.00	84642.00
chr1	2005531	2005714	183	183	21.00	63.00	45.50	46.00	8327.00
chr12	113722522	113722576	54	54	46.00	54.00	50.80	51.50	2743.00
chr9	131502198	131502398	200	200	8.00	560.00	467.22	495.50	93444.00
chr19	40873602	40873786	184	184	1449.00	2029.00	1761.88	1787.00	324185.00
chr2	220162606	220162825	219	219	349.00	676.00	509.05	485.00	111481.00
chr16	28270027	28270355	328	328	11.00	57.00	43.05	43.50	14122.00
chr4	3225718	3225858	140	140	149.00	205.00	177.06	176.00	24788.00
chr17	44127898	44128070	172	172	60.00	81.00	69.49	68.00	11952.00
chr3	47462043	47462262	219	219	76.00	183.00	109.89	103.00	24066.00
chr6	99873090	99873182	92	92	11.00	464.00	224.84	209.50	20685.00
chr7	142561723	142562504	781	781	335.00	702.00	474.83	455.00	370840.00
chr1	159169540	159169666	126	126	1152.00	1421.00	1290.24	1295.00	162570.00
chr19	7606869	7606953	84	84	106.00	128.00	116.06	113.50	9749.00
chr16	2811561	2818298	6737	6737	10.00	568.00	320.09	322.00	2156457.00
chr3	47450652	47450807	155	155	60.00	91.00	75.33	74.00	11676.00
chr11	118403631	118403922	291	291	133.00	199.00	157.25	154.00	45760.00
chr1	205555161	205555335	174	174	276.00	353.00	315.48	313.00	54894.00
chr12	125603186	125603311	125	125	124.00	183.00	155.07	155.00	19384.00
chr11	86658288	86659498	1210	1210	11.00	37.00	21.58	20.00	26111.00
chr22	37764946	37768745	3799	3799	9.00	391.00	162.46	148.00	617187.00
chr10	46345664	46346215	551	551	7.00	43.00	26.47	25.00	14584.00
chr22	33673045	33673241	196	196	256.00	485.00	334.85	295.00	65630.00
chr9	140042599	140042666	67	67	18.00	339.00	289.19	303.00	19376.00
chr3	48717233	48717320	87	87	162.00	196.00	179.26	180.00	15596.00
chr11	60681600	60681740	140	140	17.00	117.00	57.29	49.50	8020.00
chr10	93784512	93784724	212	212	46.00	74.00	61.05	62.00	12942.00
chr12	7289424	7290372	948	948	4.00	999.00	269.86	28.00	255832.00
chr3	132387062	132387526	464	464	12.00	28.00	20.81	21.00	9657.00
chr16	2335442	2335647	205	205	189.00	300.00	252.07	254.00	51675.00
chr16	1794782	1797276	2494	2494	11.00	648.00	83.27	38.00	207686.00
chr16	3786036	3786204	168	168	121.00	167.00	137.58	132.50	23113.00
chr9	141131209	141131766	557	557	3.00	41.00	20.57	22.00	11460.00
chr14	92965028	92966015	987	987	9.00	36.00	20.56	19.00	20292.00
chr19	54692070	54692200	130	130	247.00	561.00	381.79	310.50	49633.00
chr15	43866006	43866230	224	224	136.00	249.00	184.26	177.50	41274.00
chr3	40231316	40231954	638	638	58.00	134.00	86.36	87.00	55099.00
chr3	50148937	50149455	518	518	13.00	46.00	25.72	25.00	13321.00
chr4	81117505	81117755	250	250	56.00	97.00	74.18	74.00	18545.00
chr10	46740404	46740638	234	234	1.00	22.00	14.90	17.00	3487.00
chr3	124210169	124210271	102	102	474.00	734.00	625.64	639.00	63815.00
chr11	107488830	107488932	102	102	343.00	468.00	404.33	400.00	41242.00
chr9	130591965	130592106	141	141	47.00	71.00	59.45	59.00	8382.00
chr1	20981932	20982027	95	95	225.00	279.00	251.03	251.00	23848.00
chr12	75875613	75875859	246	246	44.00	74.00	62.79	63.00	15447.00
chr22	32046684	32046764	80	80	72.00	118.00	100.01	104.00	8001.00
chr11	70331418	70331658	240	240	32.00	159.00	98.17	110.00	23561.00
chr14	51079976	51080069	93	93	452.00	584.00	528.32	524.00	49134.00
chr17	80041077	80041301	224	224	251.00	518.00	400.70	417.00	89756.00
chr7	158540884	158540971	87	87	181.00	250.00	210.78	208.00	18338.00
chr1	21553651	21553719	68	68	62.00	85.00	73.90	74.00	5025.00
chr2	219206256	219206349	93	93	93.00	129.00	115.66	118.00	10756.00
chr17	18444211	18445242	1031	1031	5.00	66.00	31.35	32.00	32322.00
chr12	57599340	57599460	120	120	267.00	329.00	296.16	297.00	35539.00
chr11	64417919	64418110	191	191	218.00	397.00	326.34	338.00	62330.00
chr19	3274926	3275650	724	724	10.00	38.00	23.39	22.00	16937.00
chr16	18532086	18532305	219	219	430.00	819.00	636.72	616.00	139442.00
chr17	3776702	3776756	54	54	479.00	676.00	602.78	609.50	32550.00
chr1	116932670	116933033	363	363	10.00	3082.00	1542.12	2562.00	559788.00
chr16	1505731	1505796	65	65	176.00	215.00	196.15	195.00	12750.00
chr1	9794029	9794200	171	171	2334.00	2925.00	2674.50	2707.00	457340.00
chr10	73579221	73579379	158	158	2532.00	3783.00	3108.46	3190.50	491136.00
chr11	6411684	6412146	462	462	29.00	134.00	81.26	79.50	37542.00
chr1	159163212	159163350	138	138	1130.00	1353.00	1233.46	1238.50	170217.00
chr16	1816723	1816804	81	81	510.00	688.00	595.79	594.00	48259.00
chr7	91722399	91722630	231	231	7.00	123.00	94.53	96.00	21836.00
chr7	44281816	44281939	123	123	917.00	1104.00	983.11	986.00	120923.00
chr2	220467189	220467297	108	108	20.00	33.00	25.77	26.00	2783.00
chr16	4494664	4494729	65	65	169.00	209.00	191.55	190.00	12451.00
chr15	34681844	34681986	142	142	18.00	345.00	255.14	276.50	36230.00
chr9	139995935	139996124	189	189	72.00	150.00	116.43	118.00	22005.00
chr3	180324040	180324160	120	120	137.00	159.00	148.15	147.00	17778.00
chr3	42678359	42681242	2883	2883	56.00	155.00	104.22	101.00	300455.00
chr7	131812776	131815333	2557	2557	7.00	158.00	87.84	88.00	224607.00
chr20	1585387	1585522	135	135	29.00	452.00	270.53	294.00	36522.00
chr3	126751229	126751442	213	213	185.00	266.00	226.91	232.00	48331.00
chr15	63920875	63921014	139	139	147.00	277.00	199.25	203.00	27696.00
chr16	2040128	2040202	74	74	40.00	106.00	75.20	77.00	5565.00
chr9	74324174	74324390	216	216	45.00	69.00	54.71	54.00	11818.00
chr20	44521858	44521950	92	92	224.00	271.00	249.73	246.50	22975.00
chr9	139911647	139911798	151	151	280.00	431.00	353.68	345.00	53405.00
chr9	140055507	140055649	142	142	1862.00	2983.00	2398.44	2209.00	340578.00
chr12	120148055	120148191	136	136	205.00	254.00	222.25	220.00	30226.00
chr12	50474280	50474372	92	92	129.00	174.00	151.57	151.50	13944.00
chr15	63125702	63125828	126	126	195.00	347.00	285.11	293.00	35924.00
chr9	20907148	20907241	93	93	110.00	144.00	129.77	129.00	12069.00
chr16	87874655	87874761	106	106	169.00	236.00	201.82	204.00	21393.00
chr2	162833269	162833460	191	191	11.00	906.00	511.32	767.00	97663.00
chr8	11704560	11704677	117	117	714.00	954.00	839.46	839.00	98217.00
chr15	63926931	63927087	156	156	280.00	379.00	329.46	334.50	51395.00
chr6	31668718	31668805	87	87	145.00	163.00	154.33	154.00	13427.00
chr7	148910792	148910906	114	114	19.00	49.00	32.70	37.00	3728.00
chr14	42355808	42357213	1405	1405	67.00	195.00	117.74	116.00	165419.00
chr10	88678928	88679226	298	298	28.00	41.00	34.41	34.00	10253.00
chr3	140998219	140998346	127	127	53.00	87.00	72.17	76.00	9166.00
chr1	144859758	144859998	240	240	113.00	211.00	151.91	160.00	36459.00
chr9	96054772	96055455	683	683	51.00	235.00	160.29	171.00	109478.00
chr19	7604803	7604944	141	141	126.00	202.00	158.92	158.00	22408.00
chr12	30906277	30907432	1155	1155	9.00	144.00	69.91	62.00	80750.00
chr9	131112762	131112854	92	92	136.00	227.00	182.72	192.50	16810.00
chr20	61981328	61982379	1051	1051	52.00	127.00	87.99	86.00	92480.00
chr7	38431348	38431618	270	270	358.00	687.00	488.33	497.00	131849.00
chr20	44521036	44521123	87	87	173.00	233.00	202.72	205.00	17637.00
chr11	64418726	64419108	382	382	195.00	376.00	286.15	289.00	109309.00
chr12	120148344	120150270	1926	1926	17.00	337.00	64.72	37.00	124645.00
chr12	6930971	6931066	95	95	20.00	467.00	264.58	263.00	25135.00
chr16	2339434	2339621	187	187	147.00	286.00	204.66	193.00	38271.00
chr2	27700083	27700187	104	104	53.00	80.00	68.69	69.00	7144.00
chr14	69805367	69805494	127	127	115.00	171.00	141.43	135.00	17962.00
chr12	9242497	9242619	122	122	122.00	180.00	163.16	166.00	19905.00
chr3	58256658	58256791	133	133	110.00	152.00	125.95	127.00	16751.00
chr10	79744927	79745098	171	171	81.00	148.00	105.44	102.00	18031.00
chr1	159161725	159161866	141	141	708.00	1117.00	987.79	1043.00	139278.00
chr16	31085202	31085519	317	317	18.00	46.00	36.61	39.00	11605.00
chr1	171755018	171755218	200	200	38.00	70.00	56.90	58.00	11380.00
chr9	130988124	130989280	1156	1156	9.00	2392.00	339.63	80.00	392608.00
chr15	63127935	63127998	63	63	199.00	235.00	217.03	216.00	13673.00
chr19	1917676	1917821	145	145	8.00	199.00	129.10	129.00	18719.00
chr22	25315792	25315960	168	168	120.00	180.00	149.38	144.00	25095.00
chr2	207943790	207945085	1295	1295	26.00	102.00	56.61	55.00	73312.00
chr11	47330706	47330952	246	246	18.00	740.00	332.91	26.00	81897.00
chr3	142743978	142746095	2117	2117	9.00	217.00	39.45	30.00	83507.00
chr7	44839492	44839694	202	202	8.00	26.00	17.26	18.00	3487.00
chr22	31688260	31688471	211	211	7.00	124.00	82.14	100.00	17331.00
chr11	66333492	66333638	146	146	446.00	557.00	505.39	512.00	73787.00
chr9	131114916	131115026	110	110	218.00	279.00	250.16	249.00	27518.00
chr1	20206	21013	807	807	32.00	162.00	95.83	96.00	77333.00
chr11	108216469	108216635	166	166	56.00	85.00	73.60	76.00	12217.00
chr1	209778880	209779019	139	139	229.00	318.00	274.30	280.00	38128.00
chr1	202935876	202936026	150	150	154.00	252.00	186.56	181.00	27984.00
chr12	57600255	57600524	269	269	230.00	364.00	299.59	306.00	80589.00
chr19	15233503	15233615	112	112	47.00	91.00	68.30	71.00	7650.00
chr8	68115317	68115486	169	169	99.00	162.00	136.12	136.00	23004.00
chr19	13419229	13419342	113	113	82.00	148.00	113.37	105.00	12811.00
chr6	33266815	33267130	315	315	4.00	23.00	14.08	15.00	4434.00
chr16	89780611	89781646	1035	1035	2.00	59.00	32.29	33.00	33423.00
chr12	109964162	109964221	59	59	83.00	100.00	92.19	93.00	5439.00
chr22	24491893	24492045	152	152	57.00	105.00	78.12	78.00	11875.00
chr2	242592926	242593025	99	99	182.00	235.00	212.20	215.00	21008.00
chr1	21937944	21938074	130	130	674.00	1165.00	975.72	1013.00	126843.00
chr2	223789173	223789313	140	140	316.00	393.00	354.81	356.00	49673.00
chr20	3772318	3772535	217	217	9.00	33.00	20.59	19.00	4468.00
chr16	18531918	18532001	83	83	616.00	920.00	772.52	804.00	64119.00
chr1	43396296	43396537	241	241	94.00	138.00	113.44	112.00	27340.00
chr2	100037960	100038115	155	155	48.00	76.00	66.00	68.00	10230.00
chr16	1500497	1500770	273	273	8.00	145.00	77.06	100.00	21037.00
chr19	40876016	40876144	128	128	1369.00	1823.00	1555.48	1578.00	199101.00
chr5	168112691	168112932	241	241	43.00	75.00	55.99	55.00	13494.00
chr2	127825738	127825831	93	93	429.00	488.00	457.90	461.00	42585.00
chr1	19232015	19234990	2975	2975	11.00	140.00	46.51	44.00	138382.00
chr16	1391129	1391196	67	67	277.00	331.00	302.01	305.00	20235.00
chr6	33410665	33411689	1024	1024	9.00	431.00	225.40	245.00	230806.00
chr9	95872033	95872266	233	233	4.00	11.00	8.51	9.00	1982.00
chr1	53378627	53378839	212	212	8.00	19.00	12.95	13.00	2745.00
chr2	80531276	80531693	417	417	24.00	109.00	73.69	88.00	30730.00
chr7	44286718	44286791	73	73	790.00	933.00	868.81	874.00	63423.00
chr7	157369304	157369471	167	167	455.00	563.00	507.89	510.00	84818.00
chr11	18755079	18755191	112	112	9.00	419.00	272.47	359.50	30517.00
chr6	86237979	86238080	101	101	158.00	208.00	185.10	186.00	18695.00
chr8	145000951	145001050	99	99	109.00	135.00	121.68	122.00	12046.00
chr19	45167680	45167966	286	286	10.00	28.00	20.18	20.00	5771.00
chr10	48930165	48930400	235	235	0.00	19.00	13.28	15.00	3120.00
chr16	87871450	87871547	97	97	135.00	217.00	182.23	196.00	17676.00
chr1	109815454	109815649	195	195	277.00	408.00	328.35	322.00	64029.00
chr1	208215442	208215711	269	269	100.00	175.00	139.49	139.00	37523.00
chr2	260866	261451	585	585	13.00	36.00	23.41	24.00	13696.00
chr5	180481266	180481724	458	458	2.00	22.00	13.62	14.00	6236.00
chr7	73119479	73119631	152	152	15.00	2082.00	815.22	21.00	123914.00
chr15	34677248	34677358	110	110	329.00	515.00	422.85	400.00	46514.00
chr16	57687114	57687247	133	133	75.00	94.00	85.03	85.00	11309.00
chr15	50649406	50649592	186	186	25.00	67.00	46.80	44.50	8705.00
chr22	21071995	21072066	71	71	1574.00	1829.00	1694.51	1697.00	120310.00
chr5	179200882	179201561	679	679	11.00	38.00	25.86	26.00	17556.00
chr10	98763824	98763979	155	155	233.00	291.00	264.83	268.00	41049.00
chr14	102963315	102963457	142	142	94.00	134.00	113.95	115.00	16181.00
chr1	21932558	21933138	580	580	18.00	841.00	190.41	31.00	110436.00
chr16	28118842	28118998	156	156	163.00	244.00	208.08	215.00	32461.00
chr1	241767561	241767881	320	320	91.00	149.00	113.96	113.00	36468.00
chr11	66812063	66812184	121	121	160.00	222.00	186.55	183.00	22573.00
chr11	12248571	12248678	107	107	479.00	672.00	582.28	594.00	62304.00
chr9	130588788	130588951	163	163	30.00	55.00	40.27	41.00	6564.00
chr22	21068915	21068988	73	73	1302.00	1814.00	1587.71	1615.00	115903.00
chr1	43424304	43424531	227	227	14.00	171.00	131.95	147.00	29952.00
chr14	105852021	105853670	1649	1649	22.00	163.00	40.71	38.00	67126.00
chr15	34823469	34823579	110	110	343.00	569.00	453.96	426.00	49936.00
chr11	171365	172282	917	917	3.00	62.00	33.43	39.00	30651.00
chr22	24493976	24494155	179	179	85.00	110.00	98.87	100.00	17697.00
chr15	79291060	79291167	107	107	464.00	555.00	502.63	497.00	53781.00
chr16	2145904	2146194	290	290	16.00	31.00	23.87	24.00	6923.00
chr9	131503050	131503166	116	116	484.00	612.00	551.25	556.00	63945.00
chr11	61301983	61302579	596	596	13.00	77.00	44.39	41.00	26457.00
chr22	25308609	25308719	110	110	84.00	114.00	101.97	103.00	11217.00
chr12	63977826	63979986	2160	2160	0.00	58.00	24.89	25.00	53756.00
chr19	46928844	46930933	2089	2089	5.00	435.00	220.03	225.00	459650.00
chr16	56969146	56969224	78	78	138.00	206.00	174.53	175.50	13613.00
chr17	40665787	40665996	209	209	11.00	1467.00	620.85	878.00	129757.00
chr9	131669435	131671600	2165	2165	85.00	244.00	145.52	139.00	315050.00
chr2	220164026	220164271	245	245	11.00	947.00	297.95	26.00	72998.00
chr19	7589846	7590052	206	206	36.00	127.00	81.26	79.50	16740.00
chr6	91260186	91260268	82	82	85.00	98.00	93.01	94.00	7627.00
chr9	124543742	124543830	88	88	197.00	252.00	228.27	228.50	20088.00
chr12	54071005	54071170	165	165	6.00	35.00	21.78	20.00	3594.00
chr2	40443	41212	769	769	13.00	34.00	23.68	24.00	18210.00
chr11	67852159	67852747	588	588	24.00	63.00	43.87	45.00	25796.00
chr8	8233762	8234810	1048	1048	22.00	91.00	51.71	53.00	54190.00
chr2	175671113	175672148	1035	1035	18.00	56.00	33.16	33.00	34322.00
chr7	138984922	138985438	516	516	16.00	36.00	26.13	27.00	13481.00
chr22	40816850	40817104	254	254	84.00	160.00	135.53	140.00	34424.00
chr19	14263120	14263249	129	129	235.00	367.00	296.83	297.00	38291.00
chr19	16962222	16962345	123	123	192.00	311.00	256.50	260.00	31549.00
chr1	109813838	109813918	80	80	273.00	354.00	303.36	300.00	24269.00
chr3	49898148	49898562	414	414	9.00	1102.00	530.92	870.00	219799.00
chr17	17131202	17131510	308	308	26.00	130.00	96.67	100.00	29775.00
chr1	21936067	21936139	72	72	471.00	632.00	546.03	539.00	39314.00
chr3	130424404	130424615	211	211	72.00	100.00	87.00	87.00	18357.00
chr12	56532710	56532797	87	87	81.00	101.00	90.87	90.00	7906.00
chr16	29888591	29888788	197	197	418.00	679.00	551.81	541.00	108707.00
chr2	114394588	114396196	1608	1608	1.00	53.00	20.38	19.00	32775.00
chr3	124180736	124180803	67	67	427.00	490.00	466.13	469.00	31231.00
chr9	111798485	111798660	175	175	107.00	164.00	140.42	143.00	24573.00
chr10	73847897	73848372	475	475	33.00	1563.00	693.24	739.00	329289.00
chr22	21075585	21075706	121	121	926.00	1496.00	1316.17	1363.00	159256.00
chr22	20920753	20921104	351	351	52.00	133.00	84.55	82.00	29676.00
chr9	140953020	140953185	165	165	129.00	186.00	161.65	160.00	26673.00
chr22	41620970	41621075	105	105	81.00	109.00	98.38	99.00	10330.00
chr11	6243671	6243839	168	168	54.00	94.00	74.38	73.00	12495.00
chr15	74704225	74704353	128	128	140.00	205.00	173.59	181.50	22220.00
chr3	48719780	48719985	205	205	144.00	190.00	171.45	173.00	35147.00
chr1	222833247	222833348	101	101	89.00	175.00	136.10	135.00	13746.00
chr1	6583675	6584824	1149	1149	15.00	77.00	53.33	54.00	61281.00
chr11	126135857	126135976	119	119	229.00	286.00	266.76	270.00	31744.00
chr8	75156763	75157410	647	647	38.00	83.00	62.82	64.00	40642.00
chr15	83345212	83345389	177	177	254.00	335.00	298.96	298.00	52916.00
chr14	68031638	68032561	923	923	17.00	55.00	38.11	39.00	35180.00
chr19	42479780	42479949	169	169	2562.00	3858.00	3219.48	3197.00	544092.00
chr16	31503329	31503407	78	78	220.00	258.00	235.01	233.00	18331.00
chr17	1564564	1564700	136	136	296.00	396.00	337.68	331.00	45924.00
chr16	58717858	58718082	224	224	43.00	70.00	56.21	55.00	12590.00
chr14	71575320	71575763	443	443	65.00	120.00	92.71	96.00	41072.00
chr1	202934498	202934628	130	130	137.00	192.00	158.56	152.00	20613.00
chr7	73118477	73118586	109	109	996.00	1242.00	1118.20	1106.00	121884.00
chr19	13365908	13366073	165	165	121.00	162.00	144.41	147.00	23828.00
chr10	102265117	102265958	841	841	16.00	39.00	26.45	25.00	22245.00
chr9	139983320	139983457	137	137	101.00	144.00	124.28	125.00	17026.00
chr18	29206245	29206347	102	102	239.00	314.00	269.35	270.00	27474.00
chr12	120578662	120578827	165	165	62.00	92.00	75.14	73.00	12398.00
chr5	757516	758226	710	710	21.00	65.00	40.72	40.00	28912.00
chr8	21632483	21632567	84	84	60.00	88.00	75.80	76.00	6367.00
chr4	54011499	54011749	250	250	36.00	82.00	58.75	59.00	14688.00
chr8	141680613	141681365	752	752	15.00	65.00	44.47	44.00	33444.00
chr11	57367351	57367850	499	499	21.00	53.00	32.51	32.00	16224.00
chr12	63980009	63980784	775	775	7.00	38.00	19.02	18.00	14743.00
chr9	140057042	140057203	161	161	14.00	1719.00	1457.23	1563.00	234614.00
chr2	7055953	7056098	145	145	42.00	55.00	49.13	49.00	7124.00
chr12	52387768	52389043	1275	1275	12.00	333.00	176.90	165.00	225549.00
chr19	50104931	50105175	244	244	28.00	108.00	51.68	38.00	12609.00
chr19	5218430	5218543	113	113	384.00	529.00	472.75	480.00	53421.00
chr16	29898969	29899138	169	169	441.00	546.00	488.51	488.00	82559.00
chr7	99030900	99031041	141	141	35.00	58.00	45.89	46.00	6470.00
chr17	36692926	36693212	286	286	7.00	39.00	24.07	25.00	6884.00
chr15	73857770	73859335	1565	1565	19.00	102.00	59.71	63.00	93453.00
chr6	44104085	44104176	91	91	180.00	250.00	214.38	213.00	19509.00
chr1	21938518	21938602	84	84	755.00	981.00	878.58	896.00	73801.00
chr19	13423482	13423595	113	113	77.00	107.00	92.19	93.00	10418.00
chr16	70292882	70293089	207	207	683.00	988.00	846.48	865.00	175221.00
chr18	61060641	61060782	141	141	76.00	126.00	96.30	90.00	13579.00
chr16	22269814	22270016	202	202	17.00	35.00	25.05	25.00	5061.00
chr1	21554423	21554534	111	111	41.00	72.00	54.25	54.00	6022.00
chr9	140057255	140057455	200	200	25.00	2047.00	1364.18	1657.00	272837.00
chr7	1488255	1488397	142	142	25.00	39.00	32.62	33.00	4632.00
chr14	100166351	100166438	87	87	459.00	550.00	496.55	492.00	43200.00
chr9	101065522	101065705	183	183	547.00	744.00	665.46	683.00	121780.00
chr5	68411752	68412041	289	289	39.00	99.00	71.22	74.00	20582.00
chr1	2452539	2452754	215	215	77.00	201.00	119.25	101.00	25638.00
chr1	21564626	21564737	111	111	40.00	66.00	50.76	49.00	5634.00
chr13	42037713	42039066	1353	1353	7.00	25.00	15.00	15.00	20300.00
chr2	114350236	114350443	207	207	7.00	54.00	33.53	32.00	6941.00
chr1	21939668	21939722	54	54	713.00	860.00	799.50	817.50	43173.00
chr9	139353895	139354007	112	112	63.00	88.00	71.71	70.50	8031.00
chr7	102176367	102176618	251	251	7.00	35.00	18.96	14.00	4760.00
chr3	51411753	51412018	265	265	8.00	352.00	132.38	12.00	35081.00
chr17	73888091	73888266	175	175	8.00	30.00	19.40	22.00	3395.00
chr13	103297258	103297435	177	177	15.00	101.00	54.91	75.00	9719.00
chr15	63922664	63922834	170	170	233.00	300.00	263.15	265.00	44735.00
chr3	33400774	33400849	75	75	226.00	271.00	245.11	243.00	18383.00
chr22	50671744	50671955	211	211	45.00	73.00	58.95	58.00	12439.00
chr1	21190968	21191205	237	237	322.00	407.00	370.08	372.00	87710.00
chr5	14481649	14481727	78	78	219.00	265.00	236.95	236.50	18482.00
chr15	101605556	101606410	854	854	15.00	54.00	35.90	37.00	30662.00
chr17	80040402	80040554	152	152	288.00	444.00	358.68	326.00	54519.00
chr2	132269293	132270897	1604	1604	5.00	59.00	34.70	35.00	55654.00
chr11	1778553	1778786	233	233	884.00	1323.00	1121.95	1154.00	261414.00
chr11	1469616	1469808	192	192	24.00	40.00	30.73	30.00	5901.00
chr12	120138549	120138630	81	81	220.00	286.00	259.75	256.00	21040.00
chr7	901016	901101	85	85	124.00	167.00	145.24	140.00	12345.00
chr19	13372263	13372424	161	161	150.00	209.00	181.22	179.00	29177.00
chr17	40843154	40843311	157	157	426.00	572.00	505.31	506.00	79333.00
chr17	80039476	80039719	243	243	267.00	437.00	346.68	343.00	84243.00
chr17	16681109	16687365	6256	6256	6.00	185.00	76.30	80.00	477343.00
chr1	116935475	116935610	135	135	2090.00	2733.00	2372.72	2373.00	320317.00
chr6	128294808	128294972	164	164	125.00	275.00	216.63	220.50	35527.00
chr5	109189927	109190617	690	690	15.00	43.00	26.04	25.00	17970.00
chr15	40757533	40757634	101	101	27.00	93.00	70.02	72.00	7072.00
chr2	220164706	220164981	275	275	724.00	1247.00	978.41	975.00	269062.00
chr3	164905164	164908639	3475	3475	11.00	125.00	70.73	70.00	245786.00
chr11	60699157	60699356	199	199	100.00	507.00	360.53	342.00	71745.00
chr2	96680301	96680717	416	416	15.00	29.00	19.96	19.00	8305.00
chr17	40845314	40845554	240	240	408.00	637.00	510.95	489.00	122628.00
chr12	125264513	125265391	878	878	8.00	51.00	27.68	29.00	24301.00
chr1	156623704	156624158	454	454	15.00	41.00	27.70	27.00	12576.00
chr6	108370456	108370622	166	166	128.00	152.00	140.16	140.00	23266.00
chr11	19180486	19180587	101	101	30.00	48.00	35.26	35.00	3561.00
chr19	42489069	42489338	269	269	1033.00	2016.00	1618.88	1749.00	435480.00
chr2	198274493	198274731	238	238	170.00	271.00	222.48	223.00	52951.00
chr6	47220991	47221257	266	266	158.00	241.00	197.10	197.00	52429.00
chr19	40872679	40872822	143	143	1889.00	2662.00	2321.01	2388.00	331905.00
chr19	54693278	54693627	349	349	13.00	120.00	64.57	68.00	22536.00
chr12	81929	82174	245	245	12.00	50.00	34.11	36.00	8356.00
chr21	45513943	45514114	171	171	106.00	161.00	142.40	147.00	24351.00
chr3	124201630	124201747	117	117	7.00	614.00	443.50	545.00	51889.00
chr17	79805118	79805223	105	105	304.00	376.00	343.20	342.00	36036.00
chr20	46307419	46307548	129	129	85.00	144.00	97.88	95.00	12627.00
chr17	38187790	38187873	83	83	149.00	183.00	164.33	163.00	13639.00
chr2	207452814	207452878	64	64	416.00	541.00	481.12	479.50	30792.00
chr17	45695715	45695823	108	108	462.00	565.00	518.31	524.50	55977.00
chr7	44283023	44283126	103	103	740.00	912.00	826.88	814.00	85169.00
chr20	62274975	62275284	309	309	9.00	2343.00	1129.07	1586.00	348882.00
chr11	108202605	108202764	159	159	45.00	64.00	54.25	54.00	8625.00
chr9	140051314	140051489	175	175	912.00	1306.00	1068.04	1051.00	186907.00
chr22	45574118	45574781	663	663	55.00	151.00	98.50	101.00	65305.00
chr15	79312382	79312446	64	64	334.00	406.00	377.31	379.50	24148.00
chr1	21940120	21940199	79	79	727.00	851.00	781.48	782.00	61737.00
chr17	3775847	3775921	74	74	480.00	704.00	599.28	606.50	44347.00
chr7	73133931	73134019	88	88	29.00	1470.00	537.86	401.00	47332.00
chr11	72292920	72292991	71	71	609.00	706.00	660.68	657.00	46908.00
chr7	43547616	43547730	114	114	184.00	225.00	203.37	204.00	23184.00
chr16	58713760	58714145	385	385	27.00	65.00	43.84	41.00	16880.00
chr22	21083600	21083794	194	194	1108.00	1541.00	1351.43	1341.50	262177.00
chr11	66457275	66457414	139	139	474.00	635.00	541.90	535.00	75324.00
chr15	91561034	91561115	81	81	55.00	67.00	60.22	60.00	4878.00
chr11	2968525	2969001	476	476	12.00	24.00	18.09	18.00	8611.00
chr19	34869838	34869910	72	72	1477.00	1874.00	1694.50	1685.50	122004.00
chr9	121970996	121971219	223	223	261.00	362.00	304.83	306.00	67978.00
chr3	47449772	47449980	208	208	10.00	108.00	73.01	95.00	15187.00
chr12	57601820	57601999	179	179	232.00	436.00	352.61	371.00	63118.00
chr16	2345590	2345741	151	151	236.00	334.00	284.10	287.00	42899.00
chr12	50471782	50471910	128	128	67.00	98.00	85.62	87.00	10959.00
chr1	109814221	109814344	123	123	357.00	520.00	467.76	473.00	57534.00
chr19	16942304	16942458	154	154	128.00	214.00	181.10	194.00	27890.00
chr11	66333301	66333398	97	97	394.00	479.00	434.61	435.00	42157.00
chr5	74026084	74026223	139	139	111.00	161.00	144.27	150.00	20053.00
chr5	68417520	68417722	202	202	60.00	92.00	75.87	75.00	15326.00
chr19	15272262	15272525	263	263	10.00	42.00	23.64	18.00	6217.00
chr3	45872404	45872482	78	78	190.00	257.00	231.03	239.00	18020.00
chr7	73123374	73123452	78	78	1480.00	1876.00	1731.60	1768.00	135065.00
chr5	14498197	14498360	163	163	186.00	274.00	228.78	224.00	37291.00
chr14	93180167	93180230	63	63	178.00	242.00	209.60	214.00	13205.00
chr9	130984739	130984875	136	136	3040.00	4454.00	3736.85	3631.00	508211.00
chr13	31216764	31216894	130	130	27.00	54.00	43.40	42.50	5642.00
chr12	112614399	112614506	107	107	99.00	273.00	246.15	250.00	26338.00
chr12	57602865	57602982	117	117	331.00	484.00	393.06	396.00	45988.00
chr14	72976861	72976987	126	126	98.00	126.00	111.60	112.50	14062.00
chr1	155209406	155209553	147	147	132.00	204.00	163.65	157.00	24057.00
chr10	49633930	49634113	183	183	200.00	298.00	251.76	255.00	46072.00
chr16	84100093	84100218	125	125	204.00	253.00	225.59	227.00	28199.00
chr1	155207924	155208097	173	173	169.00	251.00	199.34	194.00	34486.00
chr12	2786898	2787033	135	135	46.00	68.00	56.72	54.00	7657.00
chr2	233755457	233756197	740	740	18.00	1124.00	210.11	49.00	155480.00
chr14	60631894	60632099	205	205	86.00	200.00	149.34	156.00	30615.00
chr1	11151549	11151654	105	105	100.00	127.00	117.00	119.00	12285.00
chr4	134076071	134076178	107	107	286.00	368.00	329.02	325.00	35205.00
chr15	91420364	91420441	77	77	147.00	184.00	166.77	165.00	12841.00
chr5	114961533	114961755	222	222	5.00	60.00	41.73	49.00	9264.00
chr16	1814047	1814211	164	164	2.00	568.00	276.12	441.50	45283.00
chr18	44250463	44252581	2118	2118	24.00	226.00	146.50	150.00	310295.00
chr6	158049380	158049518	138	138	64.00	103.00	85.43	86.00	11789.00
chr19	7675585	7675679	94	94	70.00	86.00	79.37	80.00	7461.00
chr13	99461604	99461719	115	115	7.00	294.00	202.41	192.00	23277.00
chr11	130010829	130011467	638	638	12.00	1796.00	214.31	23.00	136728.00
chr11	107526658	107526792	134	134	442.00	567.00	506.16	508.50	67826.00
chr16	1391294	1391490	196	196	187.00	323.00	240.39	237.50	47116.00
chr1	38182716	38184158	1442	1442	3.00	117.00	63.09	63.00	90971.00
chr5	179231023	179231323	300	300	7.00	25.00	16.95	17.00	5085.00
chr14	69814593	69814719	126	126	130.00	185.00	162.49	165.00	20474.00
chr14	69349174	69349309	135	135	271.00	350.00	306.92	305.00	41434.00
chr19	7614792	7614998	206	206	169.00	248.00	213.75	215.00	44032.00
chr1	228270375	228270466	91	91	6.00	1491.00	506.74	217.00	46113.00
chr1	38186022	38186315	293	293	8.00	60.00	36.31	44.00	10639.00
chr13	77641715	77641999	284	284	420.00	622.00	516.28	509.00	146624.00
chr14	100157417	100157498	81	81	163.00	292.00	211.49	191.00	17131.00
chr13	32978280	32979333	1053	1053	18.00	108.00	46.00	40.00	48436.00
chr12	7301567	7301794	227	227	726.00	1137.00	961.27	980.00	218208.00
chr9	123583116	123583257	141	141	49.00	75.00	59.27	59.00	8357.00
chr17	26883183	26883284	101	101	95.00	136.00	114.29	112.00	11543.00
chr12	6972993	6973137	144	144	272.00	391.00	334.87	346.00	48221.00
chr20	34322310	34322637	327	327	7.00	20.00	12.59	13.00	4117.00
chr19	7606407	7606570	163	163	124.00	211.00	162.48	169.00	26485.00
chr16	2333186	2333373	187	187	5.00	378.00	286.47	304.00	53569.00
chr12	113825548	113825711	163	163	105.00	262.00	181.16	190.00	29529.00
chr7	4802013	4807749	5736	5736	5.00	187.00	77.88	75.00	446741.00
chr1	43394880	43394985	105	105	123.00	167.00	147.86	152.00	15525.00
chr19	4554399	4554488	89	89	423.00	619.00	531.88	563.00	47337.00
chr16	31719139	31719372	233	233	12.00	20.00	15.91	16.00	3708.00
chr5	134060669	134061744	1075	1075	17.00	56.00	37.60	38.00	40419.00
chr1	202936318	202936371	53	53	8.00	161.00	90.47	130.00	4795.00
chr2	220087366	220087615	249	249	216.00	311.00	254.73	255.00	63427.00
chr2	36764494	36764689	195	195	114.00	169.00	141.52	137.00	27596.00
chr7	43519208	43519343	135	135	170.00	252.00	215.20	217.00	29052.00
chr10	51249585	51249993	408	408	3.00	25.00	14.21	15.00	5798.00
chr6	32123647	32123755	108	108	94.00	149.00	123.13	120.50	13298.00
chr3	118624442	118624692	250	250	10.00	49.00	27.01	16.00	6753.00
chr1	190129797	190130020	223	223	55.00	91.00	76.14	77.00	16979.00
chr9	131004491	131004624	133	133	8.00	4525.00	3647.30	4193.00	485091.00
chr22	33679187	33679334	147	147	261.00	324.00	289.69	288.00	42585.00
chr15	74709931	74710016	85	85	171.00	269.00	209.85	194.00	17837.00
chr7	6470110	6470238	128	128	36.00	65.00	54.07	56.00	6921.00
chr1	6640600	6641359	759	759	19.00	51.00	31.13	30.00	23628.00
chr16	31510622	31510728	106	106	162.00	196.00	180.69	182.50	19153.00
chr4	103710287	103711803	1516	1516	11.00	38.00	26.04	27.00	39482.00
chr19	2862339	2862746	407	407	7.00	22.00	13.46	13.00	5477.00
chr2	15467873	15467994	121	121	67.00	96.00	79.96	78.00	9675.00
chr2	36780721	36781492	771	771	5.00	19.00	13.45	14.00	10367.00
chr10	81070680	81070941	261	261	42.00	123.00	68.60	57.00	17905.00
chr2	217234866	217235986	1120	1120	34.00	109.00	67.71	67.00	75838.00
chr10	93786348	93786508	160	160	44.00	108.00	70.60	67.00	11296.00
chr17	20268785	20269076	291	291	9.00	19.00	14.18	14.00	4127.00
chr9	131002006	131002062	56	56	3.00	4633.00	4071.57	4384.50	228008.00
chr1	155208307	155208441	134	134	193.00	317.00	260.93	268.50	34964.00
chr2	162833877	162834373	496	496	3.00	791.00	73.84	15.00	36625.00
chr9	35799614	35799728	114	114	39.00	63.00	49.30	47.50	5620.00
chr20	62517856	62519234	1378	1378	14.00	170.00	51.68	50.00	71217.00
chr22	35942847	35943127	280	280	37.00	153.00	116.62	130.50	32654.00
chr13	26436438	26436546	108	108	99.00	124.00	110.43	110.00	11926.00
chr14	69371371	69371453	82	82	238.00	372.00	305.67	305.00	25065.00
chr7	44031274	44031581	307	307	2.00	17.00	8.81	9.00	2705.00
chr11	12274988	12275291	303	303	14.00	58.00	37.13	37.00	11251.00
chr5	1334403	1334498	95	95	134.00	172.00	153.99	154.00	14629.00
chr19	34868639	34868786	147	147	1778.00	2427.00	2060.76	2042.00	302931.00
chr16	1815960	1816143	183	183	353.00	626.00	437.13	401.00	79995.00
chr10	73578787	73578868	81	81	2827.00	3607.00	3157.43	3090.00	255752.00
chr17	37420427	37420640	213	213	43.00	64.00	52.77	52.00	11241.00
chr5	60835422	60835586	164	164	34.00	52.00	44.65	45.00	7323.00
chr15	79296143	79296517	374	374	358.00	479.00	423.48	424.00	158382.00
chr19	13039568	13039661	93	93	506.00	737.00	623.54	641.00	57989.00
chr12	49421585	49421713	128	128	98.00	136.00	117.41	116.00	15029.00
chr1	1661057	1662583	1526	1526	12.00	253.00	87.15	59.00	132995.00
chr2	207457340	207457460	120	120	466.00	593.00	520.73	517.00	62488.00
chr11	64542462	64543441	979	979	9.00	62.00	40.89	42.00	40035.00
chr20	61910250	61910347	97	97	128.00	204.00	167.61	167.00	16258.00
chr11	62394042	62394156	114	114	233.00	288.00	255.52	251.00	29129.00
chr5	37301538	37301652	114	114	24.00	42.00	34.50	35.00	3933.00
chr16	4733843	4733933	90	90	208.00	239.00	224.32	225.00	20189.00
chr15	43693913	43694048	135	135	67.00	95.00	83.90	85.00	11326.00
chr11	18764538	18764622	84	84	208.00	267.00	245.39	251.00	20613.00
chr17	57842331	57842499	168	168	156.00	232.00	194.58	194.00	32689.00
chr9	96076729	96078064	1335	1335	21.00	54.00	36.79	36.00	49118.00
chr11	12246219	12246367	148	148	428.00	588.00	509.09	517.00	75345.00
chr12	7030743	7031565	822	822	11.00	5074.00	1663.28	28.00	1367213.00
chr3	14523178	14523349	171	171	34.00	71.00	57.92	58.00	9905.00
chr5	758508	759483	975	975	21.00	78.00	38.12	35.00	37166.00
chr12	22635490	22635677	187	187	114.00	152.00	132.98	132.00	24868.00
chr5	14479369	14479459	90	90	231.00	328.00	255.38	251.50	22984.00
chr6	143655214	143656079	865	865	13.00	37.00	25.74	27.00	22263.00
chr7	75508360	75508578	218	218	132.00	1153.00	852.86	920.00	185924.00
chr11	60697981	60698131	150	150	212.00	267.00	244.29	244.50	36644.00
chr1	151400598	151400889	291	291	133.00	226.00	178.22	184.00	51862.00
chr5	172196431	172197309	878	878	10.00	263.00	96.40	47.00	84636.00
chr3	49152660	49152794	134	134	75.00	108.00	90.64	91.00	12146.00
chr7	5518281	5519950	1669	1669	28.00	123.00	75.97	76.00	126786.00
chr17	16691106	16691449	343	343	7.00	95.00	43.08	58.00	14778.00
chr2	220086993	220087172	179	179	175.00	238.00	202.82	204.00	36304.00
chr10	51746916	51748006	1090	1090	2.00	95.00	46.51	39.00	50699.00
chr12	7302118	7302289	171	171	928.00	1136.00	1041.36	1049.00	178073.00
chr11	59562844	59562955	111	111	32.00	79.00	59.68	66.00	6624.00
chr12	6100984	6101184	200	200	22.00	45.00	32.70	33.00	6539.00
chr19	5683274	5683627	353	353	15.00	52.00	33.76	33.00	11919.00
chr12	2786259	2786387	128	128	42.00	58.00	49.73	48.50	6365.00
chr15	26812727	26812880	153	153	426.00	598.00	504.41	499.00	77175.00
chr1	149007980	149008798	818	818	0.00	21.00	7.84	7.00	6414.00
chr19	54965608	54965861	253	253	94.00	221.00	149.55	141.00	37836.00
chr8	27293259	27293310	51	51	347.00	517.00	456.25	461.00	23269.00
chr15	23014437	23014528	91	91	155.00	190.00	169.67	168.00	15440.00
chr1	111717500	111717585	85	85	79.00	140.00	106.66	100.00	9066.00
chr6	150157220	150157433	213	213	300.00	412.00	344.50	339.00	73379.00
chr13	114566547	114566670	123	123	29.00	94.00	53.46	53.00	6576.00
chr16	58539291	58539605	314	314	11.00	71.00	46.18	47.50	14502.00
chr1	21936612	21936768	156	156	529.00	1186.00	792.55	806.50	123638.00
chr1	17322880	17322991	111	111	302.00	492.00	403.91	449.00	44834.00
chr11	60699455	60699599	144	144	335.00	497.00	406.58	403.00	58547.00
chr5	6749669	6749770	101	101	77.00	101.00	92.72	94.00	9365.00
chr16	2156805	2156949	144	144	230.00	286.00	261.23	263.00	37617.00
chr15	34690834	34690930	96	96	141.00	210.00	193.11	199.00	18539.00
chr3	11074933	11075425	492	492	3.00	458.00	86.22	15.00	42422.00
chr5	74655222	74655381	159	159	242.00	388.00	295.86	278.00	47042.00
chr20	20022968	20023160	192	192	61.00	124.00	97.49	103.00	18718.00
chr2	39055481	39055578	97	97	36.00	61.00	50.43	52.00	4892.00
chr19	16793231	16793528	297	297	10.00	309.00	89.16	19.00	26482.00
chr2	219205450	219205509	59	59	120.00	149.00	135.31	136.00	7983.00
chr17	74087429	74087729	300	300	18.00	52.00	36.97	36.00	11092.00
chr3	184058150	184060036	1886	1886	17.00	895.00	158.83	62.00	299560.00
chr6	90333128	90333263	135	135	82.00	118.00	99.33	98.00	13410.00
chr12	125267019	125267429	410	410	16.00	58.00	33.79	30.00	13852.00
chr1	207942580	207943104	524	524	11.00	83.00	57.62	61.00	30194.00
chr4	89356876	89357043	167	167	72.00	102.00	84.52	81.00	14115.00
chr7	101995498	101995736	238	238	16.00	50.00	27.45	22.50	6532.00
chr3	11067458	11067562	104	104	358.00	445.00	404.41	400.50	42059.00
chr5	95734582	95734740	158	158	310.00	398.00	358.09	359.00	56579.00
chr6	152529106	152529341	235	235	174.00	258.00	219.34	219.00	51544.00
chr5	102295578	102295763	185	185	219.00	324.00	267.88	263.00	49557.00
chr22	21072980	21073110	130	130	1039.00	1774.00	1373.18	1442.00	178514.00
chr12	121855306	121855714	408	408	110.00	201.00	144.92	142.00	59128.00
chr1	160326389	160326544	155	155	112.00	166.00	129.29	122.00	20040.00
chr11	60670930	60671007	77	77	414.00	485.00	447.03	447.00	34421.00
chr17	79804822	79804948	126	126	317.00	444.00	388.85	382.50	48995.00
chr16	18527204	18527332	128	128	514.00	751.00	647.80	651.00	82918.00
chr16	16372518	16372646	128	128	559.00	794.00	692.91	699.50	88692.00
chr2	32750530	32750695	165	165	46.00	66.00	54.65	54.00	9018.00
chr14	69369193	69369279	86	86	344.00	495.00	403.29	411.00	34683.00
chr7	66418212	66418356	144	144	185.00	263.00	230.33	238.00	33167.00
chr6	44107988	44108097	109	109	156.00	224.00	193.91	190.00	21136.00
chr7	70885893	70886091	198	198	442.00	904.00	631.16	581.50	124969.00
chr8	27295281	27295397	116	116	400.00	537.00	462.14	452.50	53608.00
chr7	73122918	73123018	100	100	1464.00	2102.00	1933.02	1934.50	193302.00
chr15	34698874	34699071	197	197	19.00	209.00	113.19	118.00	22299.00
chr8	22009343	22009513	170	170	293.00	564.00	398.21	396.50	67696.00
chr7	1526557	1526737	180	180	73.00	166.00	121.93	130.00	21947.00
chr5	178053946	178054065	119	119	13.00	172.00	96.42	100.00	11474.00
chr12	6103027	6103369	342	342	29.00	46.00	38.55	40.00	13185.00
chr2	3479491	3480482	991	991	9.00	35.00	19.55	18.00	19376.00
chr3	33883388	33883566	178	178	175.00	238.00	206.96	207.00	36839.00
chr19	11019778	11019883	105	105	168.00	211.00	188.54	187.00	19797.00
chr7	98446205	98446318	113	113	1556.00	2619.00	2048.95	1845.00	231531.00
chr8	106813274	106813932	658	658	23.00	67.00	39.74	38.00	26151.00
chr2	223795338	223795530	192	192	452.00	720.00	540.63	511.00	103801.00
chr7	75511146	75511554	408	408	713.00	1347.00	1021.88	1074.50	416927.00
chr21	40184926	40185038	112	112	176.00	342.00	285.88	322.50	32019.00
chr19	53383575	53385236	1661	1661	11.00	74.00	43.51	43.00	72263.00
chr19	14208130	14208295	165	165	4.00	633.00	433.82	565.00	71581.00
chr15	91461013	91461618	605	605	12.00	309.00	102.56	25.00	62051.00
chr8	145278010	145278133	123	123	79.00	102.00	89.69	89.00	11032.00
chr16	28132990	28133083	93	93	159.00	218.00	186.75	184.00	17368.00
chr11	125280091	125280221	130	130	109.00	140.00	127.02	127.00	16513.00
chr15	63128089	63128317	228	228	53.00	275.00	211.86	245.00	48305.00
chr9	131181435	131181557	122	122	5.00	368.00	300.91	310.00	36711.00
chr19	3281196	3281343	147	147	316.00	451.00	398.19	410.00	58534.00
chr11	6240200	6240280	80	80	62.00	88.00	75.09	74.00	6007.00
chr20	31019123	31019287	164	164	38.00	55.00	44.88	44.00	7360.00
chr6	46825865	46827260	1395	1395	33.00	82.00	52.18	53.00	72791.00
chr12	1672006	1672666	660	660	21.00	97.00	41.94	33.00	27680.00
chr12	9098824	9099001	177	177	216.00	305.00	262.89	264.00	46532.00
chr7	121738503	121738630	127	127	19.00	32.00	24.09	23.00	3060.00
chr19	40875814	40875935	121	121	1262.00	1590.00	1401.41	1388.00	169571.00
chr20	3581592	3581671	79	79	148.00	242.00	204.10	214.00	16124.00
chr17	7226965	7227042	77	77	67.00	85.00	74.86	76.00	5764.00
chr2	74331800	74332809	1009	1009	18.00	66.00	36.89	36.00	37227.00
chr1	209785136	209785610	474	474	11.00	252.00	188.80	208.50	89491.00
chr9	35546426	35548532	2106	2106	152.00	409.00	267.71	268.00	563803.00
chr17	80040198	80040290	92	92	287.00	355.00	316.90	311.50	29155.00
chr11	73074791	73075284	493	493	6.00	206.00	69.18	17.00	34104.00
chr20	44674976	44675075	99	99	490.00	611.00	559.77	560.00	55417.00
chr20	5892091	5892328	237	237	79.00	624.00	381.89	460.00	90509.00
chr17	20316581	20317594	1013	1013	9.00	40.00	20.04	20.00	20304.00
chr12	99478702	99478801	99	99	271.00	347.00	300.08	291.00	29708.00
chr17	40842756	40842960	204	204	516.00	714.00	624.89	620.50	127477.00
chr11	107501142	107501288	146	146	379.00	521.00	459.39	461.50	67071.00
chr11	85429236	85429532	296	296	10.00	50.00	24.60	25.00	7281.00
chr20	9449217	9449319	102	102	64.00	88.00	76.47	78.00	7800.00
chr14	23371395	23371591	196	196	108.00	164.00	142.87	145.00	28003.00
chr7	716865	716957	92	92	1863.00	2587.00	2278.92	2296.50	209661.00
chr10	48862360	48862682	322	322	0.00	270.00	155.43	194.00	50047.00
chr10	68686678	68688210	1532	1532	62.00	159.00	106.34	103.00	162908.00
chr5	179674854	179674926	72	72	433.00	537.00	483.06	485.50	34780.00
chr1	209773327	209773456	129	129	269.00	358.00	310.88	316.00	40104.00
chr17	45691034	45691091	57	57	432.00	529.00	480.02	484.00	27361.00
chr1	19669871	19670118	247	247	21.00	49.00	36.69	37.00	9063.00
chr17	45664025	45664710	685	685	18.00	526.00	132.03	86.00	90441.00
chr19	2337634	2338840	1206	1206	12.00	62.00	33.52	32.00	40423.00
chr8	22011480	22011552	72	72	386.00	519.00	461.76	480.50	33247.00
