#chrom	start	end	size	num_data	min	max	mean	median	sum
chr12	1940100	1940691	591	591	4.00	18.00	9.29	8.00	5492.00
chr1	27480473	27481381	908	908	2.00	21.00	10.78	10.00	9790.00
chr15	63112684	63112809	125	125	41.00	60.00	50.12	49.00	6265.00
chr5	149231737	149232254	517	517	0.00	10.00	2.79	2.00	1444.00
chr5	140865429	140867182	1753	1753	63.00	483.00	225.67	206.00	395594.00
chr1	32209793	32209958	165	165	81.00	166.00	127.02	123.00	20958.00
chr16	87873307	87873431	124	124	80.00	151.00	104.45	103.50	12952.00
chr17	34157438	34158175	737	737	10.00	38.00	26.18	26.00	19291.00
chr2	127815619	127816088	469	469	0.00	33.00	18.89	22.00	8859.00
chr1	208212965	208213112	147	147	50.00	95.00	73.03	69.00	10735.00
chr22	19703883	19704666	783	783	33.00	144.00	78.83	77.00	61723.00
chr16	87872319	87872423	104	104	100.00	121.00	110.47	110.00	11489.00
chr9	140055740	140055868	128	128	397.00	526.00	465.08	458.50	59530.00
chr22	21096515	21096643	128	128	73.00	97.00	83.84	84.00	10731.00
chr9	140056321	140056540	219	219	0.00	574.00	350.63	395.00	76788.00
chr11	78379981	78380253	272	272	19.00	52.00	30.64	29.00	8334.00
chr3	11070420	11070533	113	113	33.00	51.00	46.28	47.00	5230.00
chr1	109812554	109813222	668	668	7.00	219.00	93.11	106.00	62198.00
chr2	220161954	220162155	201	201	163.00	210.00	185.44	184.00	37273.00
chr15	74706887	74707086	199	199	83.00	117.00	103.41	105.00	20579.00
chr17	7318829	7319426	597	597	222.00	493.00	310.59	291.00	185421.00
chr1	21560050	21560154	104	104	10.00	15.00	11.81	12.00	1228.00
chr1	25573799	25573952	153	153	1.00	228.00	136.48	157.00	20882.00
chr14	93198993	93199160	167	167	53.00	86.00	68.28	70.00	11403.00
chr1	205554003	205554119	116	116	1.00	3.00	2.57	3.00	298.00
chr1	9795005	9795232	227	227	612.00	998.00	801.13	819.00	181857.00
chr17	42426525	42426670	145	145	53.00	91.00	71.47	70.00	10363.00
chr18	70205887	70206179	292	292	78.00	637.00	292.06	132.00	85281.00
chr1	205553082	205553251	169	169	1.00	8.00	4.27	4.00	721.00
chr9	140056623	140056766	143	143	2.00	511.00	300.29	342.00	42942.00
chr6	33412147	33412394	247	247	8.00	958.00	525.39	711.00	129771.00
chr12	89992366	89992547	181	181	0.00	67.00	48.61	58.00	8798.00
chr2	220088827	220089576	749	749	45.00	119.00	77.12	76.00	57763.00
chr14	100763073	100765222	2149	2149	23.00	150.00	54.56	50.00	117257.00
chr1	110740697	110742543	1846	1846	0.00	191.00	58.91	50.00	108746.00
chr1	149878201	149879758	1557	1557	19.00	667.00	171.39	57.00	266857.00
chr3	197264139	197265259	1120	1120	0.00	11.00	4.92	5.00	5505.00
chr8	56449623	56450530	907	907	27.00	80.00	44.39	41.00	40261.00
chr9	139354208	139354326	118	118	22.00	47.00	32.58	32.00	3845.00
chr1	32204908	32205236	328	328	246.00	395.00	321.63	322.00	105494.00
chr7	75608768	75608897	129	129	204.00	281.00	236.33	234.00	30486.00
chr19	45161029	45161178	149	149	23.00	38.00	30.52	30.00	4547.00
chr19	5243911	5244493	582	582	53.00	168.00	87.20	75.00	50749.00
chr6	32119585	32119717	132	132	8.00	203.00	110.30	111.50	14560.00
chr3	42670878	42672067	1189	1189	3.00	26.00	11.31	10.00	13445.00
chr11	45892392	45892485	93	93	90.00	111.00	100.32	101.00	9330.00
chr17	80040789	80040991	202	202	917.00	1377.00	1112.64	1112.50	224754.00
chr2	74902875	74903036	161	161	33.00	52.00	42.81	43.00	6893.00
chr17	38335969	38337946	1977	1977	1.00	77.00	11.58	8.00	22899.00
chr16	87870103	87870253	150	150	103.00	156.00	119.67	115.00	17951.00
chr1	32205947	32206142	195	195	255.00	322.00	284.05	283.00	55389.00
chr6	44117553	44117702	149	149	18.00	438.00	281.74	365.00	41980.00
chr1	159163659	159163830	171	171	923.00	1135.00	1045.82	1053.00	178836.00
chr3	445565	446023	458	458	7.00	23.00	13.87	14.00	6351.00
chr2	25048913	25048995	82	82	84.00	100.00	93.43	94.00	7661.00
chr10	99504485	99504672	187	187	93.00	155.00	118.90	121.00	22234.00
chr4	54364807	54365010	203	203	64.00	112.00	81.33	82.00	16509.00
chr17	1634367	1634552	185	185	18.00	39.00	27.80	28.00	5143.00
chr7	72416124	72416247	123	123	60.00	87.00	77.68	79.00	9555.00
chr1	208212169	208212329	160	160	68.00	100.00	85.84	87.00	13734.00
chr9	140952500	140952702	202	202	46.00	84.00	64.73	64.00	13075.00
chr6	44197325	44197528	203	203	38.00	77.00	49.21	44.00	9989.00
chr6	44197643	44198218	575	575	15.00	58.00	36.05	33.00	20728.00
chr11	118981972	118982084	112	112	96.00	131.00	115.29	115.50	12912.00
chr5	150503846	150503952	106	106	7.00	220.00	154.40	189.00	16366.00
chr11	118981761	118981878	117	117	92.00	138.00	115.79	114.00	13548.00
chr11	126314873	126315000	127	127	21.00	48.00	33.50	33.00	4255.00
chr1	159165808	159166244	436	436	76.00	1294.00	308.21	95.00	134378.00
chr7	134893542	134893750	208	208	16.00	33.00	25.44	26.00	5292.00
chr9	121976196	121976433	237	237	80.00	214.00	141.65	146.00	33571.00
chr19	54691042	54691169	127	127	95.00	171.00	124.62	114.00	15827.00
chr22	38621430	38621600	170	170	45.00	110.00	82.47	86.00	14020.00
chr13	42035681	42036205	524	524	0.00	4.00	0.76	0.00	400.00
chr20	1915360	1915413	53	53	0.00	51.00	35.34	44.00	1873.00
chr5	14496987	14497126	139	139	260.00	410.00	323.48	305.00	44964.00
chr12	56528125	56528212	87	87	15.00	30.00	22.92	24.00	1994.00
chr3	47466974	47467101	127	127	66.00	117.00	89.49	92.00	11365.00
chr17	7415476	7415663	187	187	83.00	153.00	114.39	112.00	21391.00
chr3	33588037	33589252	1215	1215	6.00	42.00	23.80	25.00	28920.00
chr7	887833	888615	782	782	17.00	85.00	40.51	35.00	31678.00
chr10	24813251	24813693	442	442	2.00	10.00	6.11	6.00	2700.00
chr1	109812045	109812213	168	168	98.00	173.00	128.42	128.50	21574.00
chr19	15276597	15276902	305	305	33.00	60.00	44.71	43.00	13637.00
chr16	2334779	2334999	220	220	132.00	300.00	207.78	191.00	45711.00
chr16	68404761	68405261	500	500	65.00	119.00	84.77	83.00	42383.00
chr4	110969111	110969871	760	760	47.00	154.00	85.02	76.00	64614.00
chr1	145693161	145693996	835	835	15.00	140.00	76.11	78.00	63549.00
chr7	44282848	44282932	84	84	314.00	396.00	353.08	350.50	29659.00
chr2	220164315	220164508	193	193	13.00	152.00	63.68	25.00	12290.00
chr12	50472203	50472360	157	157	171.00	210.00	193.89	194.00	30440.00
chr2	220163768	220163833	65	65	191.00	253.00	224.00	225.00	14560.00
chr2	222289928	222290862	934	934	20.00	91.00	55.15	55.00	51512.00
chr12	57599133	57599268	135	135	175.00	247.00	204.93	201.00	27666.00
chr7	157475416	157475629	213	213	105.00	178.00	142.48	133.00	30349.00
chr1	32203800	32203927	127	127	258.00	615.00	428.60	456.00	54432.00
chr1	109811731	109811912	181	181	65.00	191.00	123.99	133.00	22443.00
chr9	140052830	140052975	145	145	188.00	526.00	360.18	384.00	52226.00
chr2	220161706	220161854	148	148	173.00	302.00	233.84	232.00	34608.00
chr16	29896906	29897070	164	164	383.00	597.00	524.29	533.50	85983.00
chr16	47143393	47143622	229	229	221.00	316.00	267.37	267.00	61228.00
chr11	993753	993985	232	232	172.00	318.00	255.11	263.00	59185.00
chr9	124059698	124061137	1439	1439	0.00	1.00	0.14	0.00	200.00
chr9	140350140	140350634	494	494	10.00	95.00	60.28	64.00	29776.00
chr11	14504577	14504697	120	120	85.00	109.00	96.73	97.00	11608.00
chr3	49898612	49898733	121	121	756.00	1556.00	1240.25	1295.00	150070.00
chr9	131811659	131811777	118	118	31.00	49.00	38.40	38.00	4531.00
chr9	131810705	131810818	113	113	28.00	40.00	35.07	35.00	3963.00
chr1	223400935	223401080	145	145	13.00	24.00	19.17	20.00	2779.00
chr12	125612185	125612820	635	635	7.00	113.00	35.73	28.00	22686.00
chr2	220088590	220088744	154	154	91.00	135.00	112.67	113.00	17351.00
chr9	70888487	70888750	263	263	16.00	129.00	80.08	79.00	21062.00
chr14	69813756	69813898	142	142	18.00	47.00	29.08	26.00	4129.00
chr2	47399145	47399890	745	745	4.00	588.00	61.10	39.00	45520.00
chr11	62688689	62689041	352	352	10.00	93.00	43.18	40.00	15200.00
chr6	43745205	43745407	202	202	7.00	105.00	86.44	87.00	17461.00
chr3	11072492	11072997	505	505	1.00	82.00	26.68	17.00	13472.00
chr7	2696031	2696168	137	137	344.00	493.00	439.33	455.00	60188.00
chr16	14969196	14969279	83	83	159.00	277.00	223.69	239.00	18566.00
chr17	7377847	7378026	179	179	2.00	7.00	5.01	6.00	896.00
chr12	65639640	65639719	79	79	67.00	119.00	93.86	94.00	7415.00
chr12	50294912	50295108	196	196	210.00	515.00	299.08	270.50	58620.00
chr19	42485653	42485788	135	135	1054.00	1399.00	1223.93	1204.00	165231.00
chr10	99509230	99509343	113	113	131.00	209.00	166.12	164.00	18772.00
chr22	38883877	38888120	4243	4243	6.00	569.00	107.56	70.00	456393.00
chr12	49416372	49416658	286	286	65.00	93.00	75.53	75.00	21603.00
chr6	24843089	24843782	693	693	1.00	36.00	15.46	14.00	10714.00
chr5	176295561	176295665	104	104	65.00	83.00	74.32	75.00	7729.00
chr10	99510087	99510227	140	140	169.00	236.00	194.06	186.00	27169.00
chr1	159173658	159174770	1112	1112	33.00	343.00	115.18	86.00	128083.00
chr11	1780745	1780869	124	124	246.00	349.00	304.21	318.00	37722.00
chr19	42486059	42486258	199	199	800.00	1463.00	1128.56	1127.00	224584.00
chr3	47465422	47465535	113	113	110.00	138.00	125.15	124.00	14142.00
chr1	21573713	21573856	143	143	9.00	17.00	12.76	13.00	1824.00
chr11	65320330	65320453	123	123	29.00	49.00	36.71	35.00	4515.00
chr3	47462420	47462519	99	99	159.00	237.00	201.05	200.00	19904.00
chr2	219204751	219204864	113	113	14.00	35.00	26.73	27.00	3021.00
chr1	43906123	43906257	134	134	18.00	25.00	21.84	22.00	2927.00
chr7	38785158	38785840	682	682	26.00	236.00	64.49	49.00	43983.00
chr2	153499932	153500058	126	126	83.00	143.00	118.40	120.00	14918.00
chr1	32203011	32203132	121	121	11.00	555.00	411.54	464.00	49796.00
chr22	42290823	42290941	118	118	542.00	767.00	699.20	723.50	82506.00
chr19	47940718	47940818	100	100	107.00	281.00	197.28	194.00	19728.00
chr4	119539150	119539274	124	124	8.00	46.00	31.49	34.50	3905.00
chr17	44117067	44117250	183	183	73.00	125.00	98.49	104.00	18024.00
chr19	42485873	42485983	110	110	907.00	1088.00	1014.02	1036.50	111542.00
chr6	44114583	44114664	81	81	140.00	222.00	176.16	169.00	14269.00
chr19	47941105	47941292	187	187	3.00	299.00	164.81	215.00	30819.00
chr11	73074250	73074500	250	250	53.00	93.00	72.60	71.00	18150.00
chr3	33418764	33418825	61	61	185.00	208.00	196.54	197.00	11989.00
chr1	700258	700505	247	247	11.00	43.00	30.06	31.00	7425.00
chr9	74319510	74319719	209	209	10.00	30.00	17.38	16.00	3632.00
chr16	2336694	2336968	274	274	127.00	326.00	220.87	221.00	60519.00
chr20	3575125	3575219	94	94	58.00	86.00	74.89	77.00	7040.00
chr9	139231377	139231529	152	152	225.00	303.00	264.13	263.50	40148.00
chr5	140515951	140516498	547	547	10.00	35.00	24.73	27.00	13529.00
chr1	21938208	21938309	101	101	98.00	136.00	113.39	111.00	11452.00
chr3	155659188	155659936	748	748	8.00	139.00	92.45	103.00	69156.00
chr16	27483068	27483241	173	173	75.00	123.00	95.86	92.00	16584.00
chr11	994071	994245	174	174	88.00	178.00	141.30	152.50	24587.00
chr7	71175745	71175913	168	168	162.00	281.00	225.67	229.00	37912.00
chr12	121204065	121204175	110	110	139.00	212.00	187.50	198.00	20625.00
chr7	73118679	73118753	74	74	708.00	896.00	808.59	810.00	59836.00
chr9	140972565	140972710	145	145	72.00	111.00	92.59	92.00	13425.00
chr12	121683329	121684024	695	695	1.00	27.00	15.74	16.00	10941.00
chr16	74493579	74493687	108	108	98.00	115.00	106.70	107.00	11524.00
chr2	36771518	36771641	123	123	35.00	67.00	51.67	54.00	6355.00
chr7	94187181	94187996	815	815	19.00	93.00	46.21	44.00	37661.00
chr14	94156951	94157239	288	288	4.00	13.00	8.50	9.00	2448.00
chr7	121739000	121739524	524	524	0.00	5.00	1.44	1.00	755.00
chr1	19549117	19549328	211	211	32.00	64.00	44.44	43.00	9376.00
chr19	5214571	5214747	176	176	299.00	578.00	378.50	379.00	66616.00
chr19	42557753	42557861	108	108	311.00	376.00	346.78	347.00	37452.00
chr15	102510686	102510925	239	239	4.00	166.00	89.78	98.00	21457.00
chr5	167673761	167675376	1615	1615	18.00	136.00	55.10	51.00	88991.00
chr7	44282158	44282253	95	95	309.00	455.00	360.95	338.00	34290.00
chr2	160621061	160621717	656	656	10.00	262.00	37.68	21.00	24720.00
chr5	10426501	10426634	133	133	120.00	178.00	147.29	146.00	19590.00
chr16	1814301	1814460	159	159	196.00	268.00	226.92	224.00	36081.00
chr11	21581734	21581928	194	194	84.00	149.00	111.93	112.00	21714.00
chr3	126749085	126749255	170	170	110.00	173.00	142.93	143.00	24298.00
chr11	12237765	12237866	101	101	22.00	36.00	28.14	28.00	2842.00
chr6	31750872	31750963	91	91	191.00	290.00	243.64	238.00	22171.00
chr3	53124201	53124398	197	197	10.00	23.00	16.75	17.00	3300.00
chr2	220161470	220161544	74	74	222.00	293.00	268.92	277.50	19900.00
chr2	128951046	128951785	739	739	40.00	195.00	125.96	120.00	93086.00
chr5	24535811	24535931	120	120	59.00	79.00	69.37	69.00	8324.00
chr1	44083406	44083582	176	176	88.00	142.00	111.88	109.00	19691.00
chr1	32207653	32207818	165	165	139.00	230.00	175.01	172.00	28877.00
chr12	7293754	7294000	246	246	0.00	387.00	222.75	313.00	54797.00
chr3	131442289	131442469	180	180	21.00	36.00	25.57	25.00	4603.00
chr3	49898871	49899298	427	427	157.00	1537.00	674.55	724.00	288034.00
chr16	66432358	66432464	106	106	21.00	30.00	25.99	26.00	2755.00
chr1	20982593	20982680	87	87	395.00	490.00	429.84	422.00	37396.00
chr16	68398653	68398809	156	156	102.00	158.00	123.54	120.50	19273.00
chr17	16676818	16678279	1461	1461	5.00	27.00	14.46	14.00	21126.00
chr1	109814899	109815027	128	128	201.00	244.00	224.20	224.00	28698.00
chr1	21940478	21940582	104	104	131.00	160.00	141.90	140.00	14758.00
chr20	57468284	57468793	509	509	9.00	31.00	22.04	23.00	11217.00
chr3	127358087	127358366	279	279	798.00	1619.00	1261.36	1249.00	351919.00
chr3	126735359	126735527	168	168	31.00	64.00	47.59	48.00	7995.00
chr10	103869140	103869264	124	124	509.00	624.00	553.21	543.50	68598.00
chr20	44520554	44520666	112	112	26.00	39.00	30.94	30.00	3465.00
chr1	32203252	32203356	104	104	271.00	463.00	369.80	377.00	38459.00
chr21	40186196	40186316	120	120	3.00	8.00	5.74	6.00	689.00
chr5	111067153	111068349	1196	1196	10.00	109.00	69.98	71.00	83694.00
chr9	128002954	128003186	232	232	106.00	168.00	145.47	149.00	33749.00
chr1	43408896	43408992	96	96	55.00	80.00	65.00	63.00	6240.00
chr3	47463931	47464026	95	95	131.00	163.00	148.81	148.00	14137.00
chr2	220161160	220161238	78	78	229.00	272.00	252.26	252.00	19676.00
chr11	62472772	62473089	317	317	503.00	924.00	665.67	643.00	211017.00
chr9	130986341	130986906	565	565	6.00	192.00	56.15	23.00	31725.00
chr14	69358769	69359000	231	231	20.00	42.00	30.88	31.00	7133.00
chr11	64416205	64416379	174	174	307.00	381.00	340.67	338.00	59277.00
chr17	8398454	8398559	105	105	99.00	136.00	115.58	114.00	12136.00
chr12	53572943	53574193	1250	1250	18.00	162.00	83.43	67.00	104286.00
chr17	17696544	17701827	5283	5283	10.00	220.00	60.23	48.00	318195.00
chr8	11705187	11705331	144	144	276.00	358.00	322.47	329.00	46436.00
chr19	54963829	54963931	102	102	157.00	223.00	182.97	180.00	18663.00
chr2	70451682	70456295	4613	4613	3.00	329.00	56.64	40.00	261268.00
chr11	118873959	118874169	210	210	7.00	18.00	12.58	12.00	2641.00
chr10	75548427	75548581	154	154	21.00	70.00	46.90	51.00	7223.00
chr6	33414351	33414563	212	212	504.00	998.00	828.19	884.50	175576.00
chr17	80042910	80043032	122	122	317.00	426.00	373.89	387.50	45614.00
chr11	11470290	11470483	193	193	17.00	51.00	29.26	26.00	5648.00
chr8	23294446	23294771	325	325	18.00	56.00	39.74	41.00	12916.00
chr1	116932060	116932663	603	603	5.00	481.00	170.27	12.00	102673.00
chr15	83222627	83222741	114	114	0.00	1.00	0.22	0.00	25.00
chr3	9841562	9841751	189	189	30.00	43.00	35.48	35.00	6705.00
chr1	116937731	116937907	176	176	381.00	910.00	555.60	514.50	97785.00
chr16	87868019	87868197	178	178	72.00	115.00	96.88	99.00	17244.00
chr3	124209540	124209731	191	191	40.00	86.00	64.83	68.00	12383.00
chr7	71142195	71142291	96	96	232.00	333.00	262.82	257.00	25231.00
chr5	130497324	130497584	260	260	26.00	55.00	44.32	44.00	11522.00
chr13	100199238	100199358	120	120	224.00	295.00	256.25	254.00	30750.00
chr5	139943336	139943506	170	170	45.00	175.00	148.51	152.00	25246.00
chr17	74395529	74396002	473	473	35.00	76.00	50.37	47.00	23825.00
chr14	93179149	93179216	67	67	110.00	149.00	137.52	139.00	9214.00
chr4	160277004	160277310	306	306	10.00	103.00	50.72	57.00	15520.00
chr17	40666306	40666478	172	172	286.00	497.00	385.84	364.00	66365.00
chr15	34828065	34828207	142	142	10.00	80.00	58.14	63.00	8256.00
chr14	100165802	100165876	74	74	46.00	61.00	52.36	51.00	3875.00
chr22	20128089	20128231	142	142	18.00	87.00	51.06	59.00	7251.00
chr12	3392210	3394421	2211	2211	6.00	173.00	57.93	61.00	128077.00
chr17	16687866	16690667	2801	2801	0.00	121.00	22.82	17.00	63912.00
chr6	31664724	31664810	86	86	112.00	186.00	138.22	129.50	11887.00
chr6	30627512	30627611	99	99	42.00	68.00	53.19	53.00	5266.00
chr11	18752834	18755060	2226	2226	7.00	519.00	67.99	37.00	151345.00
chr12	109332602	109332731	129	129	117.00	196.00	159.12	172.00	20526.00
chr6	90072884	90073110	226	226	3.00	12.00	7.54	8.00	1704.00
chr16	2689371	2689711	340	340	0.00	2.00	0.59	0.00	200.00
chr1	20987373	20987484	111	111	357.00	470.00	425.38	430.00	47217.00
chr14	85985300	85986667	1367	1367	18.00	70.00	45.13	46.00	61691.00
chr13	32863769	32863880	111	111	78.00	102.00	89.77	89.00	9965.00
chr16	1510418	1510528	110	110	44.00	64.00	55.33	57.00	6086.00
chr19	54963269	54963444	175	175	207.00	264.00	230.33	229.00	40308.00
chr6	44224078	44224233	155	155	89.00	148.00	121.26	119.00	18795.00
chr20	3151172	3152285	1113	1113	3.00	30.00	11.64	10.00	12951.00
chr1	892273	892405	132	132	159.00	242.00	182.22	178.00	24053.00
chr16	90192167	90192724	557	557	2.00	24.00	13.95	13.00	7770.00
chr9	111663704	111663810	106	106	36.00	58.00	42.94	40.50	4552.00
chr6	44108764	44108835	71	71	160.00	233.00	198.99	197.00	14128.00
chr1	36028802	36029027	225	225	440.00	789.00	570.66	532.00	128398.00
chr11	66807259	66807674	415	415	0.00	5.00	1.67	2.00	691.00
chr1	178426817	178427679	862	862	12.00	35.00	22.14	22.00	19088.00
chr19	42482302	42482478	176	176	1123.00	1503.00	1304.17	1291.00	229534.00
chr1	44084718	44084873	155	155	66.00	232.00	139.96	136.00	21694.00
chr1	109812315	109812442	127	127	96.00	151.00	122.76	124.00	15591.00
chr3	180324268	180324391	123	123	54.00	85.00	71.05	71.00	8739.00
chr15	63933668	63933842	174	174	39.00	90.00	63.43	64.00	11036.00
chr20	44521363	44521519	156	156	55.00	80.00	66.63	66.00	10395.00
chr3	33416779	33416910	131	131	91.00	208.00	143.37	142.00	18781.00
chr1	21934624	21934843	219	219	2.00	260.00	102.95	129.00	22546.00
chr14	69799801	69799886	85	85	16.00	24.00	19.85	19.00	1687.00
chr1	116936134	116936345	211	211	3.00	598.00	493.88	535.00	104209.00
chr14	23634493	23634645	152	152	4.00	8.00	6.01	6.00	913.00
chr16	1402538	1402947	409	409	4.00	34.00	21.16	22.00	8653.00
chr9	20331	25000	4669	4669	0.00	224.00	50.01	41.00	233492.00
chr17	43545574	43545959	385	385	3.00	19.00	11.54	14.00	4443.00
chr13	100201418	100201476	58	58	246.00	284.00	262.69	261.50	15236.00
chr15	41865505	41865665	160	160	45.00	124.00	77.73	79.00	12437.00
chr19	19641688	19642196	508	508	16.00	68.00	37.63	37.00	19115.00
chr11	134147593	134148159	566	566	0.00	7.00	3.52	4.00	1992.00
chr2	71656420	71657290	870	870	8.00	28.00	18.17	18.00	15804.00
chr7	97834775	97835016	241	241	19.00	35.00	26.54	25.00	6397.00
chr19	13363804	13363915	111	111	57.00	79.00	67.01	68.00	7438.00
chr18	31328383	31329011	628	628	31.00	147.00	77.53	78.00	48691.00
chr16	66431884	66432009	125	125	11.00	26.00	19.02	17.00	2378.00
chr19	47935155	47935702	547	547	8.00	278.00	110.62	110.00	60507.00
chr12	50291769	50291873	104	104	151.00	269.00	194.36	198.00	20213.00
chr11	1780198	1780317	119	119	186.00	308.00	221.55	222.00	26365.00
chr15	65392626	65393167	541	541	1.00	14.00	7.70	8.00	4163.00
chr2	86397871	86397967	96	96	73.00	98.00	85.28	85.00	8187.00
chr7	97866087	97866233	146	146	60.00	102.00	80.92	83.00	11814.00
chr11	60687157	60687402	245	245	64.00	116.00	80.71	75.00	19774.00
chr21	43307700	43309453	1753	1753	1.00	30.00	11.40	10.00	19986.00
chr14	24619269	24619657	388	388	26.00	55.00	34.76	34.00	13485.00
chr11	65320634	65320727	93	93	29.00	42.00	35.72	35.00	3322.00
chr16	29891184	29891385	201	201	538.00	691.00	606.74	596.00	121955.00
chr1	32207224	32207326	102	102	307.00	398.00	356.36	361.00	36349.00
chr11	72300218	72300394	176	176	3.00	130.00	47.15	6.00	8298.00
chr17	7608878	7609038	160	160	52.00	232.00	166.04	191.00	26567.00
chr19	7607646	7607814	168	168	57.00	82.00	68.91	69.50	11577.00
chr19	54966129	54966271	142	142	112.00	255.00	207.20	221.50	29422.00
chr12	57995027	57995131	104	104	52.00	91.00	76.50	79.50	7956.00
chr1	27428875	27429049	174	174	28.00	40.00	32.98	33.00	5738.00
chr2	27688277	27688385	108	108	15.00	38.00	27.17	28.00	2934.00
chr16	2691449	2692254	805	805	0.00	18.00	3.68	2.00	2965.00
chr9	131503813	131503933	120	120	162.00	223.00	197.88	202.00	23746.00
chr16	2347766	2347922	156	156	105.00	149.00	132.53	136.50	20674.00
chr17	80039884	80040036	152	152	945.00	1238.00	1111.88	1120.50	169005.00
chr1	32204432	32204538	106	106	258.00	552.00	385.98	378.00	40914.00
chr12	9242951	9243078	127	127	40.00	57.00	47.83	47.00	6074.00
chr3	49702661	49702751	90	90	53.00	68.00	62.69	64.00	5642.00
chr19	35820359	35820837	478	478	0.00	0.00	0.00	0.00	0.00
chr1	201456762	201457615	853	853	0.00	6.00	0.94	0.00	800.00
chr16	2334279	2334438	159	159	146.00	280.00	208.09	202.00	33086.00
chr10	73578373	73578481	108	108	1457.00	2048.00	1714.45	1703.00	185161.00
chr16	18530550	18530756	206	206	12.00	197.00	81.95	92.50	16881.00
chr16	16369094	16369300	206	206	12.00	202.00	82.77	91.50	17050.00
chr13	113975636	113975785	149	149	24.00	321.00	151.95	36.00	22640.00
chr11	119293822	119294227	405	405	0.00	1047.00	80.77	0.00	32710.00
chr5	150505962	150506041	79	79	88.00	123.00	110.71	112.00	8746.00
chr22	44224939	44225078	139	139	199.00	283.00	242.02	237.00	33641.00
chr15	41865199	41865309	110	110	62.00	79.00	69.85	70.00	7683.00
chr17	25633807	25636298	2491	2491	24.00	956.00	308.54	319.00	768562.00
chr15	72495155	72495529	374	374	21.00	1303.00	518.48	33.00	193912.00
chr9	42540272	42542124	1852	1852	0.00	5.00	0.92	1.00	1698.00
chr11	119290760	119291704	944	944	4.00	1413.00	335.15	29.00	316384.00
chr19	5219949	5220165	216	216	190.00	311.00	246.36	246.00	53214.00
chr15	63910769	63911153	384	384	0.00	46.00	14.58	6.00	5598.00
chr17	74393879	74393969	90	90	76.00	102.00	89.46	90.50	8051.00
chr10	104129467	104129532	65	65	78.00	91.00	84.37	84.00	5484.00
chr3	142454224	142454620	396	396	1.00	11.00	4.81	4.00	1906.00
chr12	121205196	121205396	200	200	162.00	219.00	189.53	193.00	37907.00
chr3	31705570	31705724	154	154	13.00	28.00	18.49	17.00	2848.00
chr6	118635190	118636593	1403	1403	25.00	241.00	90.75	80.00	127320.00
chr8	10339867	10340829	962	962	9.00	70.00	37.66	37.00	36226.00
chr19	16952578	16952779	201	201	54.00	106.00	83.98	88.00	16880.00
chr8	110984486	110985016	530	530	12.00	48.00	32.68	35.00	17323.00
chr9	128001219	128001610	391	391	174.00	478.00	358.37	376.00	140122.00
chr11	73070878	73070997	119	119	44.00	73.00	62.59	67.00	7448.00
chr10	104130140	104130235	95	95	87.00	105.00	96.54	97.00	9171.00
chr5	95733039	95733173	134	134	0.00	2.00	0.90	1.00	120.00
chr19	59059400	59059547	147	147	892.00	1200.00	1050.65	1064.00	154446.00
chr5	139943169	139943255	86	86	30.00	118.00	101.65	110.00	8742.00
chr17	73487771	73487981	210	210	36.00	60.00	46.70	47.00	9807.00
chr1	154315588	154315777	189	189	18.00	35.00	26.21	26.00	4954.00
chr14	95652726	95653070	344	344	0.00	1.00	0.21	0.00	73.00
chr12	123639801	123640772	971	971	10.00	54.00	28.99	29.00	28152.00
chr22	47064870	47065171	301	301	5.00	22.00	12.84	12.00	3866.00
chr5	24535220	24535388	168	168	42.00	84.00	64.31	66.00	10804.00
chr12	6806452	6806958	506	506	72.00	298.00	193.23	213.00	97776.00
chr22	29881711	29881836	125	125	1.00	19.00	11.10	14.00	1388.00
chr7	75894681	75894786	105	105	67.00	130.00	100.40	105.00	10542.00
chr12	121089007	121095893	6886	6886	0.00	18.00	3.78	3.00	26042.00
chr1	207940357	207942365	2008	2008	17.00	102.00	49.48	47.00	99346.00
chr7	154681166	154681240	74	74	213.00	267.00	241.80	242.00	17893.00
chr5	131696513	131697529	1016	1016	5.00	39.00	20.35	20.00	20679.00
chr11	1776135	1776258	123	123	84.00	277.00	166.79	157.00	20515.00
chr8	11706554	11706673	119	119	226.00	283.00	260.52	260.00	31002.00
chr11	18759426	18759511	85	85	236.00	285.00	262.28	262.00	22294.00
chr16	61689373	61689625	252	252	29.00	64.00	42.60	41.00	10735.00
chr15	51750702	51750824	122	122	88.00	112.00	98.18	98.00	11978.00
chr9	35555056	35555698	642	642	201.00	400.00	304.89	315.00	195741.00
chr2	198356200	198356621	421	421	8.00	33.00	19.65	18.00	8272.00
chr9	131001723	131001794	71	71	416.00	618.00	504.76	496.00	35838.00
chr19	5214371	5214491	120	120	577.00	801.00	701.45	722.00	84174.00
chr22	35719488	35719623	135	135	36.00	56.00	47.13	49.00	6362.00
chr12	121678738	121679829	1091	1091	2.00	23.00	9.77	10.00	10654.00
chr14	23820960	23821064	104	104	602.00	911.00	797.21	838.50	82910.00
chr1	32205710	32205779	69	69	276.00	345.00	309.74	313.00	21372.00
chr3	33420176	33420326	150	150	7.00	183.00	65.63	11.00	9845.00
chr9	114820707	114820966	259	259	16.00	31.00	22.71	23.00	5881.00
chr15	41865876	41866023	147	147	4.00	121.00	92.29	97.00	13567.00
chr19	55554308	55554637	329	329	13.00	26.00	18.40	18.00	6052.00
chr1	116933403	116933513	110	110	547.00	626.00	591.00	592.00	65010.00
chr19	15374230	15374359	129	129	40.00	53.00	46.37	47.00	5982.00
chr12	56090682	56090852	170	170	11.00	27.00	17.42	15.00	2962.00
chr14	69445668	69445876	208	208	7.00	27.00	15.87	14.00	3301.00
chr12	57603474	57603651	177	177	328.00	520.00	415.42	416.00	73529.00
chr22	32897492	32898946	1454	1454	10.00	202.00	105.47	101.00	153352.00
chr16	16367702	16367764	62	62	3.00	122.00	62.24	74.50	3859.00
chr19	5245786	5246056	270	270	66.00	176.00	113.40	110.50	30618.00
chr16	74345440	74345829	389	389	9.00	20.00	12.77	12.00	4966.00
chr6	107096899	107097076	177	177	18.00	50.00	29.16	27.00	5162.00
chr1	29641883	29642019	136	136	67.00	87.00	76.91	77.00	10460.00
chr8	97342440	97342509	69	69	224.00	268.00	245.91	242.00	16968.00
chr8	68116914	68117054	140	140	89.00	160.00	124.29	130.50	17401.00
chr22	22037470	22037546	76	76	64.00	84.00	75.42	79.00	5732.00
chr22	50682147	50683420	1273	1273	7.00	75.00	46.96	49.00	59781.00
chr20	44048971	44049069	98	98	124.00	145.00	135.40	135.00	13269.00
chr1	36904356	36904511	155	155	13.00	26.00	19.34	19.00	2998.00
chr12	71054719	71054877	158	158	30.00	58.00	44.35	44.00	7008.00
chr15	50654364	50655515	1151	1151	59.00	145.00	94.70	93.00	108995.00
chr2	234198499	234198620	121	121	63.00	83.00	72.97	73.00	8829.00
chr9	128001699	128001812	113	113	197.00	248.00	220.46	220.00	24912.00
chr8	38272296	38272419	123	123	44.00	61.00	51.91	53.00	6385.00
chr11	73068069	73068179	110	110	31.00	45.00	36.62	36.00	4028.00
chr16	28123137	28123327	190	190	150.00	211.00	176.87	168.00	33605.00
chr12	49424062	49424222	160	160	9.00	17.00	12.92	13.00	2067.00
chr19	50302885	50303023	138	138	212.00	322.00	255.73	240.00	35291.00
chr19	42480567	42480718	151	151	1841.00	2524.00	2196.32	2248.00	331644.00
chr3	197904395	197905301	906	906	0.00	15.00	6.82	7.00	6176.00
chr13	100189992	100190117	125	125	128.00	173.00	153.78	157.00	19222.00
chr19	14268062	14268272	210	210	164.00	310.00	245.61	254.00	51578.00
chr10	93786886	93787057	171	171	87.00	108.00	95.87	96.00	16394.00
chr1	109808726	109808828	102	102	44.00	59.00	50.64	51.50	5165.00
chr4	134075461	134075520	59	59	289.00	442.00	359.88	364.00	21233.00
chr1	22052268	22053864	1596	1596	2.00	32.00	12.47	11.00	19910.00
chr9	140056855	140056968	113	113	363.00	553.00	472.93	499.00	53441.00
chr19	42482087	42482224	137	137	1557.00	2344.00	1897.91	1913.00	260014.00
chr19	4556962	4557025	63	63	249.00	303.00	276.38	276.00	17412.00
chr19	14266921	14267013	92	92	220.00	322.00	287.67	294.00	26466.00
chr22	42273851	42274127	276	276	12.00	597.00	300.51	377.50	82941.00
chr1	205549788	205550049	261	261	0.00	5.00	1.59	2.00	416.00
chr1	110765585	110766522	937	937	7.00	53.00	31.35	33.00	29377.00
chr19	55553595	55554158	563	563	19.00	59.00	34.34	33.00	19332.00
chr7	150929881	150931360	1479	1479	7.00	67.00	27.63	27.00	40871.00
chr3	124215157	124215260	103	103	42.00	90.00	65.23	65.00	6719.00
chr16	58220658	58220760	102	102	59.00	85.00	69.07	67.00	7045.00
chr3	10381925	10382033	108	108	71.00	94.00	86.49	86.00	9341.00
chr10	11356101	11356221	120	120	28.00	42.00	33.42	33.00	4010.00
chr22	42294652	42294785	133	133	573.00	860.00	719.56	714.00	95701.00
chr1	2005531	2005714	183	183	2.00	13.00	8.38	8.00	1533.00
chr12	113722522	113722576	54	54	3.00	7.00	4.46	4.00	241.00
chr9	131502198	131502398	200	200	7.00	252.00	204.94	224.00	40987.00
chr19	40873602	40873786	184	184	622.00	795.00	714.24	712.50	131421.00
chr2	220162606	220162825	219	219	70.00	189.00	122.02	111.00	26723.00
chr16	28270027	28270355	328	328	0.00	4.00	2.12	2.00	697.00
chr4	3225718	3225858	140	140	27.00	77.00	49.11	47.00	6875.00
chr17	44127898	44128070	172	172	45.00	74.00	57.67	56.00	9919.00
chr3	47462043	47462262	219	219	85.00	190.00	111.81	102.00	24486.00
chr6	99873090	99873182	92	92	8.00	144.00	60.04	56.00	5524.00
chr7	142561723	142562504	781	781	90.00	282.00	161.78	143.00	126350.00
chr1	159169540	159169666	126	126	1204.00	1493.00	1358.86	1371.00	171216.00
chr19	7606869	7606953	84	84	37.00	52.00	42.11	41.00	3537.00
chr16	2811561	2818298	6737	6737	10.00	857.00	230.46	165.00	1552632.00
chr3	47450652	47450807	155	155	63.00	81.00	71.08	70.00	11017.00
chr11	118403631	118403922	291	291	118.00	157.00	140.33	141.00	40835.00
chr1	205555161	205555335	174	174	1.00	6.00	3.84	4.00	668.00
chr12	125603186	125603311	125	125	72.00	88.00	79.17	79.00	9896.00
chr11	86658288	86659498	1210	1210	36.00	137.00	74.49	70.00	90129.00
chr22	37764946	37768745	3799	3799	10.00	1144.00	308.15	215.00	1170654.00
chr10	46345664	46346215	551	551	4.00	39.00	17.11	15.00	9426.00
chr22	33673045	33673241	196	196	108.00	272.00	158.60	139.00	31086.00
chr9	140042599	140042666	67	67	3.00	30.00	21.18	22.00	1419.00
chr3	48717233	48717320	87	87	43.00	63.00	55.60	57.00	4837.00
chr11	60681600	60681740	140	140	5.00	90.00	41.69	35.00	5836.00
chr10	93784512	93784724	212	212	52.00	86.00	71.03	72.00	15058.00
chr12	7289424	7290372	948	948	0.00	281.00	76.59	18.00	72611.00
chr3	132387062	132387526	464	464	11.00	26.00	17.74	18.00	8233.00
chr16	2335442	2335647	205	205	120.00	271.00	205.29	221.00	42084.00
chr16	1794782	1797276	2494	2494	1.00	136.00	31.95	25.00	79684.00
chr16	3786036	3786204	168	168	97.00	151.00	123.96	123.00	20826.00
chr9	141131209	141131766	557	557	0.00	11.00	3.59	4.00	2000.00
chr14	92965028	92966015	987	987	0.00	0.00	0.00	0.00	0.00
chr19	54692070	54692200	130	130	56.00	189.00	118.35	98.50	15386.00
chr15	43866006	43866230	224	224	14.00	34.00	21.33	21.00	4778.00
chr3	40231316	40231954	638	638	1.00	16.00	6.39	6.00	4078.00
chr3	50148937	50149455	518	518	19.00	97.00	57.63	64.00	29854.00
chr4	81117505	81117755	250	250	33.00	71.00	49.80	49.00	12450.00
chr10	46740404	46740638	234	234	3.00	46.00	31.06	37.00	7268.00
chr3	124210169	124210271	102	102	40.00	63.00	47.26	47.00	4821.00
chr11	107488830	107488932	102	102	98.00	171.00	131.18	132.00	13380.00
chr9	130591965	130592106	141	141	19.00	35.00	25.73	26.00	3628.00
chr1	20981932	20982027	95	95	412.00	514.00	458.75	458.00	43581.00
chr12	75875613	75875859	246	246	0.00	1.00	0.46	0.00	113.00
chr22	32046684	32046764	80	80	50.00	76.00	63.92	63.50	5114.00
chr11	70331418	70331658	240	240	9.00	25.00	16.53	18.00	3967.00
chr14	51079976	51080069	93	93	149.00	189.00	170.40	169.00	15847.00
chr17	80041077	80041301	224	224	561.00	1706.00	1116.43	1129.00	250081.00
chr7	158540884	158540971	87	87	43.00	61.00	52.47	52.00	4565.00
chr1	21553651	21553719	68	68	10.00	17.00	13.24	12.00	900.00
chr2	219206256	219206349	93	93	11.00	22.00	16.82	14.00	1564.00
chr17	18444211	18445242	1031	1031	6.00	28.00	16.89	17.00	17418.00
chr12	57599340	57599460	120	120	229.00	291.00	257.17	257.00	30860.00
chr11	64417919	64418110	191	191	321.00	492.00	424.53	443.00	81085.00
chr19	3274926	3275650	724	724	9.00	46.00	23.77	24.50	17212.00
chr16	18532086	18532305	219	219	86.00	226.00	151.02	145.00	33074.00
chr17	3776702	3776756	54	54	64.00	90.00	81.07	83.00	4378.00
chr1	116932670	116933033	363	363	7.00	596.00	292.90	464.00	106324.00
chr16	1505731	1505796	65	65	125.00	149.00	134.14	132.00	8719.00
chr1	9794029	9794200	171	171	768.00	979.00	853.32	840.00	145918.00
chr10	73579221	73579379	158	158	1233.00	1657.00	1405.77	1419.50	222112.00
chr11	6411684	6412146	462	462	13.00	67.00	40.12	40.00	18535.00
chr1	159163212	159163350	138	138	772.00	1101.00	896.94	893.50	123778.00
chr16	1816723	1816804	81	81	295.00	372.00	339.52	339.00	27501.00
chr7	91722399	91722630	231	231	16.00	101.00	75.04	74.00	17334.00
chr7	44281816	44281939	123	123	400.00	491.00	438.37	436.00	53919.00
chr2	220467189	220467297	108	108	27.00	46.00	36.27	36.00	3917.00
chr16	4494664	4494729	65	65	65.00	77.00	69.72	69.00	4532.00
chr15	34681844	34681986	142	142	9.00	128.00	83.88	87.00	11911.00
chr9	139995935	139996124	189	189	102.00	169.00	140.82	144.00	26615.00
chr3	180324040	180324160	120	120	44.00	87.00	72.78	72.50	8734.00
chr3	42678359	42681242	2883	2883	6.00	131.00	47.59	39.00	137215.00
chr7	131812776	131815333	2557	2557	5.00	186.00	69.31	73.00	177229.00
chr20	1585387	1585522	135	135	3.00	25.00	19.04	22.00	2571.00
chr3	126751229	126751442	213	213	157.00	213.00	182.46	180.00	38864.00
chr15	63920875	63921014	139	139	123.00	221.00	180.58	202.00	25100.00
chr16	2040128	2040202	74	74	8.00	34.00	20.47	22.00	1515.00
chr9	74324174	74324390	216	216	4.00	25.00	13.85	14.00	2991.00
chr20	44521858	44521950	92	92	76.00	102.00	90.33	92.50	8310.00
chr9	139911647	139911798	151	151	28.00	58.00	38.58	35.00	5825.00
chr9	140055507	140055649	142	142	339.00	554.00	446.20	408.50	63361.00
chr12	120148055	120148191	136	136	7.00	21.00	14.51	17.50	1974.00
chr12	50474280	50474372	92	92	270.00	365.00	313.82	314.00	28871.00
chr15	63125702	63125828	126	126	41.00	54.00	46.49	46.00	5858.00
chr9	20907148	20907241	93	93	29.00	41.00	35.00	35.00	3255.00
chr16	87874655	87874761	106	106	117.00	172.00	149.15	146.00	15810.00
chr2	162833269	162833460	191	191	2.00	196.00	104.87	161.00	20030.00
chr8	11704560	11704677	117	117	206.00	292.00	238.33	237.00	27885.00
chr15	63926931	63927087	156	156	107.00	190.00	157.13	168.50	24513.00
chr6	31668718	31668805	87	87	153.00	183.00	169.14	169.00	14715.00
chr7	148910792	148910906	114	114	33.00	126.00	89.09	101.50	10156.00
chr14	42355808	42357213	1405	1405	25.00	264.00	87.47	77.00	122893.00
chr10	88678928	88679226	298	298	12.00	33.00	24.35	26.00	7255.00
chr3	140998219	140998346	127	127	32.00	103.00	73.75	82.00	9366.00
chr1	144859758	144859998	240	240	89.00	138.00	116.44	119.00	27946.00
chr9	96054772	96055455	683	683	44.00	218.00	123.59	129.00	84414.00
chr19	7604803	7604944	141	141	28.00	58.00	45.55	47.00	6423.00
chr12	30906277	30907432	1155	1155	4.00	38.00	16.19	14.00	18704.00
chr9	131112762	131112854	92	92	64.00	110.00	87.58	88.00	8057.00
chr20	61981328	61982379	1051	1051	16.00	115.00	60.03	57.00	63088.00
chr7	38431348	38431618	270	270	140.00	208.00	172.27	169.00	46512.00
chr20	44521036	44521123	87	87	44.00	62.00	54.20	55.00	4715.00
chr11	64418726	64419108	382	382	248.00	500.00	359.98	360.00	137514.00
chr12	120148344	120150270	1926	1926	0.00	19.00	2.82	2.00	5440.00
chr12	6930971	6931066	95	95	6.00	527.00	264.49	256.00	25127.00
chr16	2339434	2339621	187	187	83.00	155.00	120.58	121.00	22548.00
chr2	27700083	27700187	104	104	11.00	17.00	14.85	15.00	1544.00
chr14	69805367	69805494	127	127	22.00	56.00	41.88	40.00	5319.00
chr12	9242497	9242619	122	122	46.00	61.00	54.46	54.00	6644.00
chr3	58256658	58256791	133	133	21.00	45.00	32.14	31.00	4275.00
chr10	79744927	79745098	171	171	49.00	102.00	71.97	69.00	12307.00
chr1	159161725	159161866	141	141	411.00	679.00	567.13	588.00	79966.00
chr16	31085202	31085519	317	317	8.00	47.00	29.70	30.00	9416.00
chr1	171755018	171755218	200	200	36.00	66.00	54.16	55.00	10831.00
chr9	130988124	130989280	1156	1156	9.00	123.00	42.31	34.00	48915.00
chr15	63127935	63127998	63	63	45.00	69.00	58.32	56.00	3674.00
chr19	1917676	1917821	145	145	16.00	163.00	122.25	136.00	17726.00
chr22	25315792	25315960	168	168	45.00	81.00	63.04	63.00	10590.00
chr2	207943790	207945085	1295	1295	34.00	181.00	108.33	103.00	140284.00
chr11	47330706	47330952	246	246	1.00	399.00	172.91	6.00	42537.00
chr3	142743978	142746095	2117	2117	0.00	96.00	12.73	8.00	26939.00
chr7	44839492	44839694	202	202	37.00	67.00	53.68	52.00	10843.00
chr22	31688260	31688471	211	211	6.00	58.00	40.14	44.00	8469.00
chr11	66333492	66333638	146	146	377.00	439.00	408.51	410.00	59642.00
chr9	131114916	131115026	110	110	108.00	158.00	130.31	130.00	14334.00
chr1	20206	21013	807	807	5.00	201.00	124.78	146.00	100700.00
chr11	108216469	108216635	166	166	20.00	33.00	25.94	26.00	4306.00
chr1	209778880	209779019	139	139	19.00	34.00	26.94	26.00	3745.00
chr1	202935876	202936026	150	150	78.00	114.00	91.37	88.00	13706.00
chr12	57600255	57600524	269	269	252.00	343.00	299.22	302.00	80490.00
chr19	15233503	15233615	112	112	102.00	150.00	121.00	116.00	13552.00
chr8	68115317	68115486	169	169	144.00	207.00	173.64	175.00	29345.00
chr19	13419229	13419342	113	113	21.00	35.00	27.46	28.00	3103.00
chr6	33266815	33267130	315	315	9.00	150.00	68.98	56.00	21730.00
chr16	89780611	89781646	1035	1035	4.00	29.00	15.46	15.00	16000.00
chr12	109964162	109964221	59	59	43.00	51.00	46.95	47.00	2770.00
chr22	24491893	24492045	152	152	42.00	109.00	67.78	66.50	10303.00
chr2	242592926	242593025	99	99	227.00	288.00	249.13	247.00	24664.00
chr1	21937944	21938074	130	130	114.00	224.00	166.49	180.00	21644.00
chr2	223789173	223789313	140	140	106.00	141.00	124.03	123.00	17364.00
chr20	3772318	3772535	217	217	1.00	5.00	3.64	3.00	790.00
chr16	18531918	18532001	83	83	173.00	258.00	217.25	224.00	18032.00
chr1	43396296	43396537	241	241	72.00	113.00	92.66	94.00	22332.00
chr2	100037960	100038115	155	155	58.00	86.00	69.70	69.00	10804.00
chr16	1500497	1500770	273	273	6.00	104.00	60.00	82.00	16380.00
chr19	40876016	40876144	128	128	752.00	948.00	845.14	835.50	108178.00
chr5	168112691	168112932	241	241	1.00	8.00	4.21	5.00	1014.00
chr2	127825738	127825831	93	93	358.00	435.00	397.99	398.00	37013.00
chr1	19232015	19234990	2975	2975	3.00	172.00	27.30	20.00	81226.00
chr16	1391129	1391196	67	67	10.00	17.00	14.01	14.00	939.00
chr6	33410665	33411689	1024	1024	12.00	668.00	288.59	254.00	295513.00
chr9	95872033	95872266	233	233	6.00	17.00	13.76	14.00	3207.00
chr1	53378627	53378839	212	212	3.00	8.00	5.24	5.00	1111.00
chr2	80531276	80531693	417	417	20.00	78.00	47.77	45.00	19922.00
chr7	44286718	44286791	73	73	290.00	366.00	313.60	311.00	22893.00
chr7	157369304	157369471	167	167	216.00	300.00	259.19	255.00	43284.00
chr11	18755079	18755191	112	112	8.00	287.00	172.74	222.50	19347.00
chr6	86237979	86238080	101	101	202.00	251.00	225.68	224.00	22794.00
chr8	145000951	145001050	99	99	15.00	28.00	22.18	24.00	2196.00
chr19	45167680	45167966	286	286	14.00	34.00	21.99	20.00	6290.00
chr10	48930165	48930400	235	235	3.00	46.00	30.33	37.00	7128.00
chr16	87871450	87871547	97	97	89.00	153.00	131.66	141.00	12771.00
chr1	109815454	109815649	195	195	164.00	240.00	191.77	187.00	37396.00
chr1	208215442	208215711	269	269	37.00	68.00	52.50	52.00	14122.00
chr2	260866	261451	585	585	12.00	39.00	23.11	24.00	13521.00
chr5	180481266	180481724	458	458	0.00	7.00	1.59	0.00	726.00
chr7	73119479	73119631	152	152	2.00	1007.00	453.24	5.00	68892.00
chr15	34677248	34677358	110	110	118.00	168.00	136.03	129.00	14963.00
chr16	57687114	57687247	133	133	90.00	123.00	108.53	111.00	14434.00
chr15	50649406	50649592	186	186	81.00	173.00	133.60	133.00	24849.00
chr22	21071995	21072066	71	71	438.00	520.00	481.14	485.00	34161.00
chr5	179200882	179201561	679	679	21.00	86.00	51.77	50.00	35149.00
chr10	98763824	98763979	155	155	266.00	401.00	334.06	341.00	51780.00
chr14	102963315	102963457	142	142	24.00	45.00	33.11	32.00	4702.00
chr1	21932558	21933138	580	580	4.00	303.00	63.14	11.00	36623.00
chr16	28118842	28118998	156	156	183.00	283.00	230.77	225.50	36000.00
chr1	241767561	241767881	320	320	1.00	18.00	9.00	10.00	2880.00
chr11	66812063	66812184	121	121	4.00	6.00	5.06	5.00	612.00
chr11	12248571	12248678	107	107	24.00	37.00	29.32	29.00	3137.00
chr9	130588788	130588951	163	163	15.00	44.00	32.33	34.00	5270.00
chr22	21068915	21068988	73	73	395.00	510.00	458.04	459.00	33437.00
chr1	43424304	43424531	227	227	6.00	84.00	56.66	66.00	12861.00
chr14	105852021	105853670	1649	1649	5.00	35.00	17.67	17.00	29144.00
chr15	34823469	34823579	110	110	117.00	150.00	131.37	129.00	14451.00
chr11	171365	172282	917	917	0.00	15.00	7.64	8.00	7007.00
chr22	24493976	24494155	179	179	29.00	125.00	76.88	94.00	13761.00
chr15	79291060	79291167	107	107	6.00	23.00	12.28	12.00	1314.00
chr16	2145904	2146194	290	290	19.00	37.00	24.87	24.00	7211.00
chr9	131503050	131503166	116	116	182.00	249.00	214.09	208.00	24834.00
chr11	61301983	61302579	596	596	2.00	8.00	4.93	5.00	2941.00
chr22	25308609	25308719	110	110	45.00	57.00	51.84	52.00	5702.00
chr12	63977826	63979986	2160	2160	0.00	120.00	42.48	35.00	91757.00
chr19	46928844	46930933	2089	2089	0.00	175.00	78.03	78.00	163012.00
chr16	56969146	56969224	78	78	56.00	96.00	73.38	72.00	5724.00
chr17	40665787	40665996	209	209	14.00	605.00	263.62	378.00	55097.00
chr9	131669435	131671600	2165	2165	23.00	108.00	52.57	52.00	113813.00
chr2	220164026	220164271	245	245	16.00	238.00	84.34	21.00	20664.00
chr19	7589846	7590052	206	206	30.00	121.00	54.98	48.50	11325.00
chr6	91260186	91260268	82	82	17.00	32.00	25.55	26.00	2095.00
chr9	124543742	124543830	88	88	154.00	198.00	178.98	183.00	15750.00
chr12	54071005	54071170	165	165	7.00	63.00	39.73	40.00	6556.00
chr2	40443	41212	769	769	1.00	26.00	10.48	7.00	8060.00
chr11	67852159	67852747	588	588	2.00	18.00	10.09	10.00	5935.00
chr8	8233762	8234810	1048	1048	1.00	37.00	13.79	12.00	14456.00
chr2	175671113	175672148	1035	1035	0.00	2.00	0.37	0.00	382.00
chr7	138984922	138985438	516	516	1.00	8.00	4.61	5.00	2379.00
chr22	40816850	40817104	254	254	65.00	154.00	110.58	99.50	28087.00
chr19	14263120	14263249	129	129	289.00	409.00	346.78	344.00	44734.00
chr19	16962222	16962345	123	123	54.00	151.00	105.01	105.00	12916.00
chr1	109813838	109813918	80	80	103.00	149.00	120.30	116.00	9624.00
chr3	49898148	49898562	414	414	18.00	1543.00	760.13	1018.00	314693.00
chr17	17131202	17131510	308	308	2.00	53.00	34.27	38.00	10555.00
chr1	21936067	21936139	72	72	68.00	115.00	89.04	89.50	6411.00
chr3	130424404	130424615	211	211	17.00	52.00	33.87	34.00	7146.00
chr12	56532710	56532797	87	87	35.00	53.00	42.83	42.00	3726.00
chr16	29888591	29888788	197	197	422.00	690.00	532.20	505.00	104844.00
chr2	114394588	114396196	1608	1608	1.00	99.00	38.42	38.50	61774.00
chr3	124180736	124180803	67	67	22.00	34.00	26.39	25.00	1768.00
chr9	111798485	111798660	175	175	14.00	22.00	17.57	17.00	3074.00
chr10	73847897	73848372	475	475	3.00	126.00	38.45	29.00	18264.00
chr22	21075585	21075706	121	121	219.00	360.00	315.41	331.00	38165.00
chr22	20920753	20921104	351	351	41.00	114.00	66.04	62.00	23181.00
chr9	140953020	140953185	165	165	42.00	63.00	51.75	51.00	8539.00
chr22	41620970	41621075	105	105	78.00	101.00	88.29	89.00	9270.00
chr11	6243671	6243839	168	168	62.00	85.00	70.60	70.00	11860.00
chr15	74704225	74704353	128	128	106.00	155.00	135.43	143.00	17335.00
chr3	48719780	48719985	205	205	15.00	38.00	27.70	28.00	5679.00
chr1	222833247	222833348	101	101	76.00	175.00	125.02	127.00	12627.00
chr1	6583675	6584824	1149	1149	15.00	135.00	87.69	86.00	100756.00
chr11	126135857	126135976	119	119	63.00	84.00	76.61	79.00	9116.00
chr8	75156763	75157410	647	647	6.00	33.00	15.51	15.00	10032.00
chr15	83345212	83345389	177	177	252.00	329.00	285.28	284.00	50495.00
chr14	68031638	68032561	923	923	1.00	13.00	5.85	6.00	5401.00
chr19	42479780	42479949	169	169	1739.00	2701.00	2131.78	2001.00	360270.00
chr16	31503329	31503407	78	78	258.00	332.00	289.96	289.00	22617.00
chr17	1564564	1564700	136	136	156.00	226.00	185.51	180.00	25229.00
chr16	58717858	58718082	224	224	20.00	66.00	42.21	45.50	9456.00
chr14	71575320	71575763	443	443	38.00	102.00	62.42	58.00	27650.00
chr1	202934498	202934628	130	130	84.00	152.00	119.07	119.00	15479.00
chr7	73118477	73118586	109	109	555.00	802.00	671.59	691.00	73203.00
chr19	13365908	13366073	165	165	38.00	70.00	53.90	54.00	8893.00
chr10	102265117	102265958	841	841	9.00	35.00	24.30	25.00	20440.00
chr9	139983320	139983457	137	137	100.00	138.00	121.32	124.00	16621.00
chr18	29206245	29206347	102	102	2.00	8.00	5.03	4.00	513.00
chr12	120578662	120578827	165	165	93.00	157.00	122.16	121.00	20156.00
chr5	757516	758226	710	710	0.00	6.00	1.19	1.00	842.00
chr8	21632483	21632567	84	84	45.00	61.00	50.65	51.00	4255.00
chr4	54011499	54011749	250	250	29.00	85.00	46.91	37.00	11727.00
chr8	141680613	141681365	752	752	0.00	8.00	3.65	4.00	2745.00
chr11	57367351	57367850	499	499	17.00	53.00	29.76	28.00	14849.00
chr12	63980009	63980784	775	775	11.00	44.00	25.47	25.00	19740.00
chr9	140057042	140057203	161	161	21.00	571.00	481.73	516.00	77558.00
chr2	7055953	7056098	145	145	3.00	9.00	6.63	6.00	962.00
chr12	52387768	52389043	1275	1275	16.00	800.00	200.54	144.00	255692.00
chr19	50104931	50105175	244	244	18.00	180.00	55.99	29.00	13661.00
chr19	5218430	5218543	113	113	339.00	467.00	429.37	446.00	48519.00
chr16	29898969	29899138	169	169	281.00	402.00	338.06	346.00	57132.00
chr7	99030900	99031041	141	141	9.00	21.00	14.01	13.00	1975.00
chr17	36692926	36693212	286	286	7.00	30.00	20.16	20.00	5766.00
chr15	73857770	73859335	1565	1565	11.00	98.00	47.60	44.00	74494.00
chr6	44104085	44104176	91	91	141.00	232.00	192.26	199.00	17496.00
chr1	21938518	21938602	84	84	129.00	159.00	145.43	146.50	12216.00
chr19	13423482	13423595	113	113	11.00	28.00	18.59	18.00	2101.00
chr16	70292882	70293089	207	207	251.00	376.00	312.13	319.00	64610.00
chr18	61060641	61060782	141	141	25.00	45.00	38.82	40.00	5473.00
chr16	22269814	22270016	202	202	6.00	24.00	15.91	18.00	3213.00
chr1	21554423	21554534	111	111	9.00	15.00	11.42	11.00	1268.00
chr9	140057255	140057455	200	200	10.00	796.00	500.19	629.00	100039.00
chr7	1488255	1488397	142	142	9.00	23.00	15.61	16.00	2216.00
chr14	100166351	100166438	87	87	31.00	48.00	42.01	43.00	3655.00
chr9	101065522	101065705	183	183	95.00	152.00	117.04	114.00	21418.00
chr5	68411752	68412041	289	289	19.00	48.00	33.91	35.00	9799.00
chr1	2452539	2452754	215	215	41.00	74.00	53.16	53.00	11430.00
chr1	21564626	21564737	111	111	14.00	24.00	19.98	20.00	2218.00
chr13	42037713	42039066	1353	1353	1.00	17.00	4.80	4.00	6496.00
chr2	114350236	114350443	207	207	12.00	96.00	55.19	57.00	11424.00
chr1	21939668	21939722	54	54	110.00	138.00	125.74	126.00	6790.00
chr9	139353895	139354007	112	112	22.00	31.00	25.44	25.00	2849.00
chr7	102176367	102176618	251	251	22.00	70.00	48.98	50.00	12293.00
chr3	51411753	51412018	265	265	1.00	100.00	33.74	5.00	8940.00
chr17	73888091	73888266	175	175	16.00	33.00	23.21	22.00	4062.00
chr13	103297258	103297435	177	177	8.00	41.00	25.46	34.00	4506.00
chr15	63922664	63922834	170	170	135.00	224.00	167.85	165.00	28534.00
chr3	33400774	33400849	75	75	92.00	126.00	110.21	109.00	8266.00
chr22	50671744	50671955	211	211	45.00	79.00	64.23	64.00	13553.00
chr1	21190968	21191205	237	237	63.00	149.00	109.81	114.00	26026.00
chr5	14481649	14481727	78	78	266.00	315.00	287.56	286.00	22430.00
chr15	101605556	101606410	854	854	0.00	6.00	0.87	0.00	744.00
chr17	80040402	80040554	152	152	906.00	1226.00	1096.24	1084.50	166628.00
chr2	132269293	132270897	1604	1604	5.00	66.00	31.91	32.00	51178.00
chr11	1778553	1778786	233	233	210.00	373.00	290.42	297.00	67667.00
chr11	1469616	1469808	192	192	13.00	31.00	21.83	23.00	4192.00
chr12	120138549	120138630	81	81	7.00	21.00	15.35	16.00	1243.00
chr7	901016	901101	85	85	162.00	246.00	209.32	215.00	17792.00
chr19	13372263	13372424	161	161	39.00	74.00	53.40	50.00	8598.00
chr17	40843154	40843311	157	157	11.00	22.00	15.73	15.00	2469.00
chr17	80039476	80039719	243	243	960.00	1644.00	1275.63	1276.00	309979.00
chr17	16681109	16687365	6256	6256	0.00	227.00	34.90	23.00	218329.00
chr1	116935475	116935610	135	135	586.00	789.00	682.59	686.00	92150.00
chr6	128294808	128294972	164	164	111.00	214.00	173.78	180.50	28500.00
chr5	109189927	109190617	690	690	0.00	6.00	2.35	2.00	1619.00
chr15	40757533	40757634	101	101	41.00	94.00	77.49	79.00	7826.00
chr2	220164706	220164981	275	275	102.00	208.00	154.39	151.00	42457.00
chr3	164905164	164908639	3475	3475	1.00	121.00	28.48	20.00	98960.00
chr11	60699157	60699356	199	199	143.00	619.00	489.55	497.00	97420.00
chr2	96680301	96680717	416	416	3.00	15.00	7.58	7.00	3155.00
chr17	40845314	40845554	240	240	19.00	32.00	25.39	25.00	6094.00
chr12	125264513	125265391	878	878	14.00	59.00	29.33	27.00	25748.00
chr1	156623704	156624158	454	454	2.00	15.00	6.94	6.00	3153.00
chr6	108370456	108370622	166	166	38.00	70.00	49.98	49.00	8297.00
chr11	19180486	19180587	101	101	48.00	73.00	57.81	59.00	5839.00
chr19	42489069	42489338	269	269	278.00	892.00	685.84	782.00	184491.00
chr2	198274493	198274731	238	238	62.00	102.00	82.32	81.00	19591.00
chr6	47220991	47221257	266	266	107.00	142.00	125.76	126.00	33453.00
chr19	40872679	40872822	143	143	662.00	1034.00	872.62	905.00	124785.00
chr19	54693278	54693627	349	349	0.00	22.00	9.56	9.00	3336.00
chr12	81929	82174	245	245	5.00	60.00	35.38	38.00	8669.00
chr21	45513943	45514114	171	171	16.00	28.00	21.13	21.00	3613.00
chr3	124201630	124201747	117	117	1.00	50.00	35.31	43.00	4131.00
chr17	79805118	79805223	105	105	234.00	370.00	303.79	308.00	31898.00
chr20	46307419	46307548	129	129	64.00	108.00	73.45	72.00	9475.00
chr17	38187790	38187873	83	83	191.00	226.00	208.01	208.00	17265.00
chr2	207452814	207452878	64	64	68.00	93.00	79.86	80.50	5111.00
chr17	45695715	45695823	108	108	411.00	493.00	455.07	459.00	49148.00
chr7	44283023	44283126	103	103	308.00	360.00	338.55	341.00	34871.00
chr20	62274975	62275284	309	309	7.00	2001.00	940.51	1251.00	290617.00
chr11	108202605	108202764	159	159	9.00	15.00	12.47	13.00	1983.00
chr9	140051314	140051489	175	175	115.00	199.00	149.77	141.00	26210.00
chr22	45574118	45574781	663	663	16.00	67.00	34.48	33.00	22857.00
chr15	79312382	79312446	64	64	0.00	2.00	1.12	2.00	72.00
chr1	21940120	21940199	79	79	122.00	147.00	132.85	133.00	10495.00
chr17	3775847	3775921	74	74	65.00	96.00	82.93	84.00	6137.00
chr7	73133931	73134019	88	88	3.00	1065.00	327.16	224.00	28790.00
chr11	72292920	72292991	71	71	200.00	228.00	215.49	215.00	15300.00
chr7	43547616	43547730	114	114	58.00	106.00	86.88	93.00	9904.00
chr16	58713760	58714145	385	385	15.00	31.00	21.36	22.00	8224.00
chr22	21083600	21083794	194	194	157.00	274.00	217.75	222.50	42244.00
chr11	66457275	66457414	139	139	361.00	604.00	452.96	426.00	62961.00
chr15	91561034	91561115	81	81	38.00	66.00	49.68	48.00	4024.00
chr11	2968525	2969001	476	476	13.00	52.00	37.52	39.00	17860.00
chr19	34869838	34869910	72	72	545.00	672.00	608.15	608.00	43787.00
chr9	121970996	121971219	223	223	107.00	167.00	129.22	129.00	28817.00
chr3	47449772	47449980	208	208	10.00	106.00	69.88	91.00	14534.00
chr12	57601820	57601999	179	179	305.00	601.00	431.55	404.00	77247.00
chr16	2345590	2345741	151	151	128.00	190.00	170.83	174.00	25795.00
chr12	50471782	50471910	128	128	154.00	231.00	201.70	211.00	25817.00
chr1	109814221	109814344	123	123	146.00	265.00	221.76	232.00	27276.00
chr19	16942304	16942458	154	154	45.00	87.00	68.27	70.00	10513.00
chr11	66333301	66333398	97	97	339.00	454.00	384.91	382.00	37336.00
chr5	74026084	74026223	139	139	56.00	90.00	73.33	72.00	10193.00
chr5	68417520	68417722	202	202	28.00	75.00	54.16	52.00	10941.00
chr19	15272262	15272525	263	263	9.00	40.00	23.30	19.00	6128.00
chr3	45872404	45872482	78	78	20.00	31.00	25.31	26.00	1974.00
chr7	73123374	73123452	78	78	1072.00	1474.00	1330.51	1385.50	103780.00
chr5	14498197	14498360	163	163	334.00	412.00	369.96	370.00	60304.00
chr14	93180167	93180230	63	63	95.00	115.00	104.79	105.00	6602.00
chr9	130984739	130984875	136	136	219.00	284.00	256.43	262.00	34875.00
chr13	31216764	31216894	130	130	23.00	51.00	37.85	38.00	4921.00
chr12	112614399	112614506	107	107	63.00	125.00	114.22	116.00	12222.00
chr12	57602865	57602982	117	117	444.00	650.00	530.03	517.00	62013.00
chr14	72976861	72976987	126	126	11.00	21.00	14.56	13.00	1835.00
chr1	155209406	155209553	147	147	26.00	47.00	37.99	39.00	5585.00
chr10	49633930	49634113	183	183	187.00	296.00	248.74	254.00	45520.00
chr16	84100093	84100218	125	125	146.00	201.00	173.83	175.00	21729.00
chr1	155207924	155208097	173	173	46.00	65.00	52.08	51.00	9009.00
chr12	2786898	2787033	135	135	15.00	38.00	25.88	23.00	3494.00
chr2	233755457	233756197	740	740	2.00	194.00	37.19	11.00	27519.00
chr14	60631894	60632099	205	205	43.00	112.00	86.04	95.00	17639.00
chr1	11151549	11151654	105	105	87.00	128.00	107.71	107.00	11310.00
chr4	134076071	134076178	107	107	353.00	464.00	427.76	432.00	45770.00
chr15	91420364	91420441	77	77	93.00	115.00	103.95	104.00	8004.00
chr5	114961533	114961755	222	222	0.00	11.00	6.57	9.00	1459.00
chr16	1814047	1814211	164	164	8.00	257.00	110.96	145.00	18197.00
chr18	44250463	44252581	2118	2118	4.00	64.00	26.19	22.00	55474.00
chr6	158049380	158049518	138	138	22.00	50.00	35.91	37.00	4955.00
chr19	7675585	7675679	94	94	234.00	297.00	262.97	263.00	24719.00
chr13	99461604	99461719	115	115	5.00	237.00	164.93	167.00	18967.00
chr11	130010829	130011467	638	638	12.00	475.00	89.71	41.50	57234.00
chr11	107526658	107526792	134	134	413.00	545.00	495.31	504.50	66371.00
chr16	1391294	1391490	196	196	8.00	14.00	10.63	10.00	2083.00
chr1	38182716	38184158	1442	1442	7.00	207.00	77.33	71.00	111515.00
chr5	179231023	179231323	300	300	12.00	31.00	22.80	22.00	6841.00
chr14	69814593	69814719	126	126	42.00	58.00	49.16	49.00	6194.00
chr14	69349174	69349309	135	135	34.00	54.00	44.98	45.00	6072.00
chr19	7614792	7614998	206	206	88.00	135.00	111.27	108.50	22922.00
chr1	228270375	228270466	91	91	1.00	1439.00	418.26	195.00	38062.00
chr1	38186022	38186315	293	293	12.00	38.00	26.75	26.00	7838.00
chr13	77641715	77641999	284	284	111.00	171.00	140.59	140.00	39928.00
chr14	100157417	100157498	81	81	9.00	25.00	17.36	18.00	1406.00
chr13	32978280	32979333	1053	1053	0.00	18.00	6.63	7.00	6982.00
chr12	7301567	7301794	227	227	290.00	463.00	398.98	402.00	90569.00
chr9	123583116	123583257	141	141	30.00	40.00	35.69	36.00	5032.00
chr17	26883183	26883284	101	101	88.00	137.00	109.19	106.00	11028.00
chr12	6972993	6973137	144	144	231.00	302.00	274.41	275.50	39515.00
chr20	34322310	34322637	327	327	1.00	14.00	4.78	3.00	1563.00
chr19	7606407	7606570	163	163	40.00	61.00	51.53	53.00	8400.00
chr16	2333186	2333373	187	187	10.00	394.00	279.14	321.00	52199.00
chr12	113825548	113825711	163	163	32.00	71.00	45.69	41.00	7447.00
chr7	4802013	4807749	5736	5736	0.00	152.00	25.35	17.50	145420.00
chr1	43394880	43394985	105	105	96.00	133.00	116.48	120.00	12230.00
chr19	4554399	4554488	89	89	237.00	307.00	271.10	268.00	24128.00
chr16	31719139	31719372	233	233	4.00	17.00	10.82	11.00	2521.00
chr5	134060669	134061744	1075	1075	12.00	62.00	27.39	23.00	29448.00
chr1	202936318	202936371	53	53	12.00	88.00	49.08	59.00	2601.00
chr2	220087366	220087615	249	249	130.00	192.00	159.49	161.00	39712.00
chr2	36764494	36764689	195	195	16.00	38.00	26.45	26.00	5157.00
chr7	43519208	43519343	135	135	42.00	67.00	57.68	59.00	7787.00
chr10	51249585	51249993	408	408	2.00	24.00	11.40	12.00	4652.00
chr6	32123647	32123755	108	108	97.00	132.00	114.96	115.00	12416.00
chr3	118624442	118624692	250	250	1.00	7.00	3.33	4.00	833.00
chr1	190129797	190130020	223	223	64.00	96.00	81.77	83.00	18234.00
chr9	131004491	131004624	133	133	1.00	621.00	493.75	575.00	65669.00
chr22	33679187	33679334	147	147	115.00	161.00	135.03	136.00	19849.00
chr15	74709931	74710016	85	85	104.00	166.00	132.14	128.00	11232.00
chr7	6470110	6470238	128	128	30.00	55.00	46.34	49.00	5931.00
chr1	6640600	6641359	759	759	20.00	57.00	42.05	44.00	31913.00
chr16	31510622	31510728	106	106	171.00	220.00	191.65	191.00	20315.00
chr4	103710287	103711803	1516	1516	6.00	34.00	17.23	17.00	26126.00
chr19	2862339	2862746	407	407	21.00	73.00	51.14	57.00	20816.00
chr2	15467873	15467994	121	121	22.00	39.00	32.80	34.00	3969.00
chr2	36780721	36781492	771	771	27.00	83.00	50.67	46.00	39070.00
chr10	81070680	81070941	261	261	69.00	109.00	83.60	83.00	21820.00
chr2	217234866	217235986	1120	1120	108.00	339.00	199.97	191.00	223972.00
chr10	93786348	93786508	160	160	50.00	104.00	74.10	73.00	11856.00
chr17	20268785	20269076	291	291	0.00	9.00	4.29	5.00	1247.00
chr9	131002006	131002062	56	56	2.00	630.00	551.82	595.00	30902.00
chr1	155208307	155208441	134	134	54.00	82.00	66.85	66.00	8958.00
chr2	162833877	162834373	496	496	8.00	220.00	31.21	14.00	15479.00
chr9	35799614	35799728	114	114	27.00	48.00	35.46	33.00	4042.00
chr20	62517856	62519234	1378	1378	4.00	100.00	24.26	22.00	33437.00
chr22	35942847	35943127	280	280	8.00	23.00	16.24	17.00	4548.00
chr13	26436438	26436546	108	108	20.00	32.00	27.00	28.00	2916.00
chr14	69371371	69371453	82	82	19.00	28.00	22.34	21.00	1832.00
chr7	44031274	44031581	307	307	0.00	25.00	14.19	17.00	4355.00
chr11	12274988	12275291	303	303	1.00	10.00	5.09	5.00	1542.00
chr5	1334403	1334498	95	95	120.00	160.00	139.83	139.00	13284.00
chr19	34868639	34868786	147	147	566.00	764.00	685.54	688.00	100775.00
chr16	1815960	1816143	183	183	187.00	282.00	241.68	241.00	44227.00
chr10	73578787	73578868	81	81	1409.00	1762.00	1599.30	1611.00	129543.00
chr17	37420427	37420640	213	213	30.00	57.00	42.76	43.00	9108.00
chr5	60835422	60835586	164	164	26.00	37.00	31.59	32.00	5180.00
chr15	79296143	79296517	374	374	7.00	19.00	11.45	10.00	4282.00
chr19	13039568	13039661	93	93	442.00	633.00	540.89	535.00	50303.00
chr12	49421585	49421713	128	128	32.00	44.00	36.08	35.00	4618.00
chr1	1661057	1662583	1526	1526	23.00	308.00	124.40	115.00	189838.00
chr2	207457340	207457460	120	120	91.00	129.00	111.39	112.50	13367.00
chr11	64542462	64543441	979	979	4.00	24.00	10.53	9.00	10305.00
chr20	61910250	61910347	97	97	132.00	159.00	147.06	148.00	14265.00
chr11	62394042	62394156	114	114	226.00	381.00	280.63	268.00	31992.00
chr5	37301538	37301652	114	114	29.00	52.00	40.75	43.50	4646.00
chr16	4733843	4733933	90	90	183.00	212.00	198.73	199.50	17886.00
chr15	43693913	43694048	135	135	20.00	37.00	27.21	26.00	3673.00
chr11	18764538	18764622	84	84	116.00	154.00	133.38	131.00	11204.00
chr17	57842331	57842499	168	168	98.00	148.00	127.60	130.00	21437.00
chr9	96076729	96078064	1335	1335	21.00	61.00	36.80	36.00	49132.00
chr11	12246219	12246367	148	148	17.00	33.00	25.53	26.00	3779.00
chr12	7030743	7031565	822	822	21.00	2328.00	803.82	38.00	660741.00
chr3	14523178	14523349	171	171	10.00	25.00	16.73	15.00	2860.00
chr5	758508	759483	975	975	0.00	6.00	2.15	2.00	2099.00
chr12	22635490	22635677	187	187	26.00	45.00	35.44	37.00	6628.00
chr5	14479369	14479459	90	90	296.00	326.00	307.99	308.00	27719.00
chr6	143655214	143656079	865	865	2.00	18.00	9.04	9.00	7819.00
chr7	75508360	75508578	218	218	3.00	289.00	184.39	228.50	40198.00
chr11	60697981	60698131	150	150	248.00	385.00	318.39	314.50	47758.00
chr1	151400598	151400889	291	291	23.00	48.00	38.88	39.00	11314.00
chr5	172196431	172197309	878	878	2.00	301.00	81.32	17.00	71402.00
chr3	49152660	49152794	134	134	66.00	126.00	92.84	95.00	12441.00
chr7	5518281	5519950	1669	1669	10.00	72.00	28.51	25.00	47579.00
chr17	16691106	16691449	343	343	10.00	101.00	45.73	47.00	15685.00
chr2	220086993	220087172	179	179	107.00	172.00	145.93	149.00	26122.00
chr10	51746916	51748006	1090	1090	2.00	111.00	30.11	22.00	32818.00
chr12	7302118	7302289	171	171	442.00	572.00	507.98	511.00	86864.00
chr11	59562844	59562955	111	111	22.00	68.00	51.04	59.00	5665.00
chr12	6100984	6101184	200	200	14.00	25.00	17.52	17.00	3504.00
chr19	5683274	5683627	353	353	34.00	108.00	78.05	87.00	27550.00
chr12	2786259	2786387	128	128	14.00	30.00	22.78	24.00	2916.00
chr15	26812727	26812880	153	153	39.00	68.00	51.44	51.00	7871.00
chr1	149007980	149008798	818	818	0.00	1.00	0.12	0.00	100.00
chr19	54965608	54965861	253	253	54.00	168.00	108.11	100.00	27351.00
chr8	27293259	27293310	51	51	36.00	52.00	44.90	44.00	2290.00
chr15	23014437	23014528	91	91	61.00	104.00	80.60	77.00	7335.00
chr1	111717500	111717585	85	85	63.00	74.00	69.38	70.00	5897.00
chr6	150157220	150157433	213	213	44.00	75.00	56.78	58.00	12095.00
chr13	114566547	114566670	123	123	10.00	90.00	41.35	28.00	5086.00
chr16	58539291	58539605	314	314	12.00	75.00	47.63	51.50	14955.00
chr1	21936612	21936768	156	156	69.00	231.00	145.39	145.00	22681.00
chr1	17322880	17322991	111	111	164.00	254.00	200.86	198.00	22295.00
chr11	60699455	60699599	144	144	399.00	564.00	493.88	506.00	71118.00
chr5	6749669	6749770	101	101	21.00	29.00	24.40	24.00	2464.00
chr16	2156805	2156949	144	144	77.00	156.00	117.92	113.50	16981.00
chr15	34690834	34690930	96	96	52.00	100.00	86.04	87.50	8260.00
chr3	11074933	11075425	492	492	3.00	68.00	20.56	15.50	10116.00
chr5	74655222	74655381	159	159	367.00	585.00	453.63	455.00	72127.00
chr20	20022968	20023160	192	192	50.00	97.00	70.55	68.50	13546.00
chr2	39055481	39055578	97	97	75.00	103.00	87.47	87.00	8485.00
chr19	16793231	16793528	297	297	3.00	36.00	16.83	13.00	4998.00
chr2	219205450	219205509	59	59	14.00	18.00	16.47	17.00	972.00
chr17	74087429	74087729	300	300	13.00	45.00	31.88	33.00	9565.00
chr3	184058150	184060036	1886	1886	12.00	199.00	49.37	31.50	93121.00
chr6	90333128	90333263	135	135	20.00	38.00	29.93	33.00	4041.00
chr12	125267019	125267429	410	410	4.00	43.00	19.75	21.00	8097.00
chr1	207942580	207943104	524	524	25.00	114.00	83.76	89.00	43889.00
chr4	89356876	89357043	167	167	4.00	9.00	6.87	7.00	1148.00
chr7	101995498	101995736	238	238	30.00	95.00	53.00	48.00	12614.00
chr3	11067458	11067562	104	104	28.00	68.00	50.42	50.50	5244.00
chr5	95734582	95734740	158	158	0.00	2.00	0.87	0.00	137.00
chr6	152529106	152529341	235	235	20.00	42.00	29.54	27.00	6941.00
chr5	102295578	102295763	185	185	9.00	23.00	15.10	14.00	2794.00
chr22	21072980	21073110	130	130	271.00	496.00	370.58	363.50	48175.00
chr12	121855306	121855714	408	408	81.00	213.00	124.29	115.00	50709.00
chr1	160326389	160326544	155	155	110.00	149.00	128.30	128.00	19887.00
chr11	60670930	60671007	77	77	189.00	233.00	211.97	216.00	16322.00
chr17	79804822	79804948	126	126	354.00	523.00	456.32	464.00	57496.00
chr16	18527204	18527332	128	128	162.00	339.00	255.17	255.50	32662.00
chr16	16372518	16372646	128	128	185.00	353.00	275.34	276.00	35244.00
chr2	32750530	32750695	165	165	11.00	21.00	15.90	16.00	2624.00
chr14	69369193	69369279	86	86	20.00	45.00	35.15	38.00	3023.00
chr7	66418212	66418356	144	144	56.00	90.00	74.16	73.00	10679.00
chr6	44107988	44108097	109	109	172.00	227.00	201.12	201.00	21922.00
chr7	70885893	70886091	198	198	131.00	302.00	197.72	173.50	39148.00
chr8	27295281	27295397	116	116	82.00	110.00	94.33	93.00	10942.00
chr7	73122918	73123018	100	100	953.00	1273.00	1074.28	1054.00	107428.00
chr15	34698874	34699071	197	197	81.00	120.00	98.88	98.00	19480.00
chr8	22009343	22009513	170	170	6.00	11.00	8.61	9.00	1463.00
chr7	1526557	1526737	180	180	38.00	89.00	61.99	65.00	11159.00
chr5	178053946	178054065	119	119	2.00	63.00	27.64	27.00	3289.00
chr12	6103027	6103369	342	342	13.00	31.00	21.38	20.00	7312.00
chr2	3479491	3480482	991	991	2.00	24.00	11.86	12.00	11755.00
chr3	33883388	33883566	178	178	38.00	88.00	68.99	75.00	12281.00
chr19	11019778	11019883	105	105	134.00	198.00	169.56	177.00	17804.00
chr7	98446205	98446318	113	113	277.00	478.00	381.83	385.00	43147.00
chr8	106813274	106813932	658	658	3.00	18.00	9.55	9.00	6284.00
chr2	223795338	223795530	192	192	148.00	264.00	208.71	212.00	40073.00
chr7	75511146	75511554	408	408	186.00	403.00	309.24	331.00	126171.00
chr21	40184926	40185038	112	112	2.00	8.00	5.71	7.00	639.00
chr19	53383575	53385236	1661	1661	34.00	112.00	65.31	63.00	108478.00
chr19	14208130	14208295	165	165	5.00	353.00	216.19	273.00	35671.00
chr15	91461013	91461618	605	605	15.00	187.00	70.19	34.00	42467.00
chr8	145278010	145278133	123	123	23.00	39.00	31.59	33.00	3885.00
chr16	28132990	28133083	93	93	130.00	171.00	151.47	152.00	14087.00
chr11	125280091	125280221	130	130	41.00	77.00	58.29	58.00	7578.00
chr15	63128089	63128317	228	228	0.00	92.00	57.45	68.00	13099.00
chr9	131181435	131181557	122	122	1.00	8.00	5.22	5.00	637.00
chr19	3281196	3281343	147	147	217.00	337.00	279.84	292.00	41136.00
chr11	6240200	6240280	80	80	68.00	92.00	79.56	79.00	6365.00
chr20	31019123	31019287	164	164	23.00	35.00	28.79	29.00	4722.00
chr6	46825865	46827260	1395	1395	0.00	9.00	4.18	4.00	5830.00
chr12	1672006	1672666	660	660	0.00	5.00	2.20	2.00	1449.00
chr12	9098824	9099001	177	177	65.00	86.00	78.59	80.00	13911.00
chr7	121738503	121738630	127	127	3.00	13.00	9.79	12.00	1243.00
chr19	40875814	40875935	121	121	624.00	775.00	707.13	707.00	85563.00
chr20	3581592	3581671	79	79	67.00	97.00	84.00	86.00	6636.00
chr17	7226965	7227042	77	77	73.00	108.00	95.56	102.00	7358.00
chr2	74331800	74332809	1009	1009	34.00	99.00	66.43	69.00	67030.00
chr1	209785136	209785610	474	474	10.00	46.00	27.66	29.00	13113.00
chr9	35546426	35548532	2106	2106	53.00	273.00	166.58	158.00	350820.00
chr17	80040198	80040290	92	92	897.00	1120.00	985.91	968.50	90704.00
chr11	73074791	73075284	493	493	12.00	92.00	39.11	30.00	19281.00
chr20	44674976	44675075	99	99	15.00	23.00	18.38	18.00	1820.00
chr20	5892091	5892328	237	237	12.00	150.00	82.85	96.00	19635.00
chr17	20316581	20317594	1013	1013	2.00	39.00	12.50	10.00	12665.00
chr12	99478702	99478801	99	99	49.00	66.00	57.24	56.00	5667.00
chr17	40842756	40842960	204	204	9.00	24.00	15.92	15.50	3248.00
chr11	107501142	107501288	146	146	176.00	251.00	219.94	223.00	32111.00
chr11	85429236	85429532	296	296	0.00	1.00	0.34	0.00	100.00
chr20	9449217	9449319	102	102	19.00	28.00	22.89	23.00	2335.00
chr14	23371395	23371591	196	196	127.00	194.00	161.91	162.00	31734.00
chr7	716865	716957	92	92	626.00	1007.00	883.95	910.00	81323.00
chr10	48862360	48862682	322	322	0.00	11.00	4.80	5.00	1544.00
chr10	68686678	68688210	1532	1532	4.00	50.00	21.77	21.00	33354.00
chr5	179674854	179674926	72	72	38.00	59.00	47.44	49.00	3416.00
chr1	209773327	209773456	129	129	21.00	32.00	25.11	24.00	3239.00
chr17	45691034	45691091	57	57	346.00	425.00	391.89	395.00	22338.00
chr1	19669871	19670118	247	247	5.00	21.00	12.97	11.00	3204.00
chr17	45664025	45664710	685	685	17.00	277.00	118.56	114.00	81214.00
chr19	2337634	2338840	1206	1206	10.00	91.00	27.98	21.50	33742.00
chr8	22011480	22011552	72	72	10.00	19.00	13.69	13.00	986.00
