#chrom	start	end	size	num_data	min	max	mean	median	sum
chr12	1940100	1940691	591	591	58.00	116.00	80.03	76.00	47299.00
chr1	27480473	27481381	908	908	48.00	100.00	69.29	67.00	62915.00
chr15	63112684	63112809	125	125	239.00	345.00	308.22	318.00	38527.00
chr5	149231737	149232254	517	517	16.00	49.00	25.22	21.00	13039.00
chr5	140865429	140867182	1753	1753	16.00	75.00	40.93	42.00	71743.00
chr1	32209793	32209958	165	165	347.00	628.00	479.78	464.00	79163.00
chr16	87873307	87873431	124	124	262.00	410.00	333.20	337.00	41317.00
chr17	34157438	34158175	737	737	8.00	35.00	23.25	24.00	17133.00
chr2	127815619	127816088	469	469	11.00	145.00	78.44	85.00	36788.00
chr1	208212965	208213112	147	147	116.00	175.00	141.31	134.00	20773.00
chr22	19703883	19704666	783	783	19.00	69.00	44.38	44.00	34750.00
chr16	87872319	87872423	104	104	296.00	388.00	344.56	340.00	35834.00
chr9	140055740	140055868	128	128	1640.00	2163.00	1962.73	1994.50	251229.00
chr22	21096515	21096643	128	128	685.00	856.00	721.70	711.00	92378.00
chr9	140056321	140056540	219	219	5.00	2705.00	1693.38	1991.00	370850.00
chr11	78379981	78380253	272	272	24.00	40.00	33.15	34.00	9018.00
chr3	11070420	11070533	113	113	498.00	610.00	567.78	581.00	64159.00
chr1	109812554	109813222	668	668	13.00	715.00	284.14	309.00	189803.00
chr2	220161954	220162155	201	201	573.00	890.00	758.63	767.00	152484.00
chr15	74706887	74707086	199	199	123.00	254.00	168.70	170.00	33571.00
chr17	7318829	7319426	597	597	252.00	622.00	414.41	431.00	247402.00
chr1	21560050	21560154	104	104	74.00	98.00	86.73	86.00	9020.00
chr1	25573799	25573952	153	153	13.00	788.00	485.67	537.00	74308.00
chr14	93198993	93199160	167	167	137.00	197.00	165.76	163.00	27682.00
chr1	205554003	205554119	116	116	239.00	394.00	305.35	286.00	35421.00
chr1	9795005	9795232	227	227	2089.00	3238.00	2694.24	2754.00	611592.00
chr17	42426525	42426670	145	145	114.00	231.00	176.76	181.00	25630.00
chr18	70205887	70206179	292	292	13.00	486.00	202.64	30.00	59170.00
chr1	205553082	205553251	169	169	367.00	471.00	417.05	415.00	70482.00
chr9	140056623	140056766	143	143	18.00	2248.00	1390.82	1571.00	198887.00
chr6	33412147	33412394	247	247	28.00	723.00	429.71	560.00	106139.00
chr12	89992366	89992547	181	181	9.00	1084.00	764.41	841.00	138359.00
chr2	220088827	220089576	749	749	145.00	309.00	217.17	217.00	162659.00
chr14	100763073	100765222	2149	2149	29.00	135.00	76.49	77.00	164383.00
chr1	110740697	110742543	1846	1846	4.00	1062.00	640.23	646.00	1181866.00
chr1	149878201	149879758	1557	1557	24.00	1819.00	407.12	49.00	633883.00
chr3	197264139	197265259	1120	1120	12.00	61.00	30.30	29.00	33931.00
chr8	56449623	56450530	907	907	8.00	57.00	32.79	33.00	29737.00
chr9	139354208	139354326	118	118	105.00	141.00	118.71	118.00	14008.00
chr1	32204908	32205236	328	328	541.00	862.00	684.28	673.00	224445.00
chr7	75608768	75608897	129	129	120.00	178.00	149.11	149.00	19235.00
chr19	45161029	45161178	149	149	67.00	102.00	82.76	83.00	12331.00
chr19	5243911	5244493	582	582	118.00	312.00	210.44	200.50	122477.00
chr6	32119585	32119717	132	132	12.00	855.00	446.99	486.00	59003.00
chr3	42670878	42672067	1189	1189	8.00	59.00	25.98	22.00	30892.00
chr11	45892392	45892485	93	93	195.00	267.00	219.69	214.00	20431.00
chr17	80040789	80040991	202	202	466.00	694.00	548.00	546.50	110695.00
chr2	74902875	74903036	161	161	64.00	103.00	79.91	79.00	12865.00
chr17	38335969	38337946	1977	1977	9.00	270.00	49.48	42.00	97814.00
chr16	87870103	87870253	150	150	268.00	426.00	333.27	320.00	49991.00
chr1	32205947	32206142	195	195	592.00	820.00	714.72	724.00	139371.00
chr6	44117553	44117702	149	149	23.00	361.00	231.31	295.00	34465.00
chr1	159163659	159163830	171	171	1332.00	1677.00	1515.25	1520.00	259108.00
chr3	445565	446023	458	458	11.00	33.00	20.51	20.00	9392.00
chr2	25048913	25048995	82	82	152.00	194.00	174.50	175.00	14309.00
chr10	99504485	99504672	187	187	100.00	134.00	117.42	117.00	21958.00
chr4	54364807	54365010	203	203	128.00	190.00	155.62	152.00	31590.00
chr17	1634367	1634552	185	185	37.00	56.00	46.40	46.00	8584.00
chr7	72416124	72416247	123	123	114.00	214.00	155.11	137.00	19078.00
chr1	208212169	208212329	160	160	129.00	176.00	158.41	164.00	25345.00
chr9	140952500	140952702	202	202	81.00	134.00	105.56	106.00	21323.00
chr6	44197325	44197528	203	203	148.00	239.00	179.72	175.00	36483.00
chr6	44197643	44198218	575	575	60.00	170.00	102.96	93.00	59201.00
chr11	118981972	118982084	112	112	218.00	321.00	275.97	285.50	30909.00
chr5	150503846	150503952	106	106	3.00	2216.00	1593.45	2010.50	168906.00
chr11	118981761	118981878	117	117	316.00	387.00	350.42	348.00	40999.00
chr11	126314873	126315000	127	127	63.00	92.00	79.81	82.00	10136.00
chr1	159165808	159166244	436	436	12.00	1450.00	279.14	22.00	121705.00
chr7	134893542	134893750	208	208	36.00	55.00	43.68	44.00	9085.00
chr9	121976196	121976433	237	237	230.00	448.00	328.18	342.00	77779.00
chr19	54691042	54691169	127	127	304.00	608.00	444.98	435.00	56513.00
chr22	38621430	38621600	170	170	270.00	578.00	443.74	487.00	75435.00
chr13	42035681	42036205	524	524	9.00	32.00	22.42	23.00	11749.00
chr20	1915360	1915413	53	53	22.00	1965.00	1320.83	1624.00	70004.00
chr5	14496987	14497126	139	139	218.00	372.00	283.62	260.00	39423.00
chr12	56528125	56528212	87	87	121.00	155.00	139.38	142.00	12126.00
chr3	47466974	47467101	127	127	115.00	145.00	125.24	124.00	15905.00
chr17	7415476	7415663	187	187	186.00	264.00	223.44	223.00	41783.00
chr3	33588037	33589252	1215	1215	7.00	46.00	28.98	28.00	35205.00
chr7	887833	888615	782	782	9.00	111.00	51.77	46.00	40487.00
chr10	24813251	24813693	442	442	31.00	134.00	75.69	84.50	33454.00
chr1	109812045	109812213	168	168	313.00	602.00	421.04	372.50	70735.00
chr19	15276597	15276902	305	305	105.00	178.00	128.32	127.00	39137.00
chr16	2334779	2334999	220	220	225.00	346.00	285.42	279.00	62793.00
chr16	68404761	68405261	500	500	29.00	83.00	54.02	52.00	27012.00
chr4	110969111	110969871	760	760	31.00	97.00	55.12	51.00	41895.00
chr1	145693161	145693996	835	835	11.00	115.00	49.47	44.00	41305.00
chr7	44282848	44282932	84	84	764.00	924.00	851.19	852.50	71500.00
chr2	220164315	220164508	193	193	26.00	584.00	255.20	43.00	49254.00
chr12	50472203	50472360	157	157	107.00	137.00	124.48	126.00	19543.00
chr2	220163768	220163833	65	65	691.00	915.00	816.52	820.00	53074.00
chr2	222289928	222290862	934	934	202.00	402.00	293.40	296.00	274033.00
chr12	57599133	57599268	135	135	315.00	554.00	397.99	401.00	53728.00
chr7	157475416	157475629	213	213	372.00	523.00	441.41	437.00	94021.00
chr1	32203800	32203927	127	127	471.00	1200.00	809.35	818.00	102787.00
chr1	109811731	109811912	181	181	342.00	658.00	516.18	539.00	93428.00
chr9	140052830	140052975	145	145	1208.00	3524.00	2446.46	2725.00	354737.00
chr2	220161706	220161854	148	148	622.00	1189.00	888.19	873.50	131452.00
chr16	29896906	29897070	164	164	477.00	737.00	648.79	672.00	106402.00
chr16	47143393	47143622	229	229	63.00	124.00	95.33	98.00	21830.00
chr11	993753	993985	232	232	256.00	494.00	398.45	408.50	92441.00
chr9	124059698	124061137	1439	1439	3.00	61.00	31.48	32.00	45294.00
chr9	140350140	140350634	494	494	11.00	97.00	57.11	58.00	28210.00
chr11	14504577	14504697	120	120	80.00	116.00	98.83	100.00	11859.00
chr3	49898612	49898733	121	121	663.00	1068.00	872.31	875.00	105550.00
chr9	131811659	131811777	118	118	92.00	124.00	109.08	111.00	12871.00
chr9	131810705	131810818	113	113	98.00	136.00	115.40	114.00	13040.00
chr1	223400935	223401080	145	145	171.00	238.00	203.70	199.00	29536.00
chr12	125612185	125612820	635	635	12.00	202.00	46.37	19.00	29448.00
chr2	220088590	220088744	154	154	187.00	242.00	224.90	227.50	34634.00
chr9	70888487	70888750	263	263	12.00	55.00	33.46	32.00	8799.00
chr14	69813756	69813898	142	142	159.00	242.00	184.58	180.00	26210.00
chr2	47399145	47399890	745	745	11.00	432.00	63.28	54.00	47143.00
chr11	62688689	62689041	352	352	16.00	291.00	89.01	33.00	31331.00
chr6	43745205	43745407	202	202	14.00	248.00	214.58	220.00	43345.00
chr3	11072492	11072997	505	505	12.00	863.00	182.27	48.00	92048.00
chr7	2696031	2696168	137	137	293.00	435.00	375.85	389.00	51491.00
chr16	14969196	14969279	83	83	664.00	1068.00	884.30	926.00	73397.00
chr17	7377847	7378026	179	179	18.00	31.00	25.20	26.00	4511.00
chr12	65639640	65639719	79	79	74.00	164.00	117.13	115.00	9253.00
chr12	50294912	50295108	196	196	1852.00	4217.00	2430.71	2093.00	476420.00
chr19	42485653	42485788	135	135	2002.00	3228.00	2644.90	2655.00	357062.00
chr10	99509230	99509343	113	113	127.00	222.00	168.70	170.00	19063.00
chr22	38883877	38888120	4243	4243	77.00	1428.00	436.44	398.00	1851831.00
chr12	49416372	49416658	286	286	99.00	177.00	137.31	133.00	39271.00
chr6	24843089	24843782	693	693	39.00	84.00	57.64	57.00	39944.00
chr5	176295561	176295665	104	104	345.00	423.00	373.69	366.50	38864.00
chr10	99510087	99510227	140	140	159.00	228.00	199.25	199.00	27895.00
chr1	159173658	159174770	1112	1112	16.00	159.00	57.78	48.00	64250.00
chr11	1780745	1780869	124	124	1382.00	1967.00	1691.18	1740.50	209706.00
chr19	42486059	42486258	199	199	1664.00	3035.00	2349.81	2379.00	467613.00
chr3	47465422	47465535	113	113	150.00	217.00	174.19	174.00	19684.00
chr1	21573713	21573856	143	143	68.00	97.00	81.63	81.00	11673.00
chr11	65320330	65320453	123	123	144.00	288.00	222.94	226.00	27422.00
chr3	47462420	47462519	99	99	193.00	318.00	266.33	270.00	26367.00
chr2	219204751	219204864	113	113	185.00	251.00	227.83	231.00	25745.00
chr1	43906123	43906257	134	134	27.00	39.00	34.05	34.00	4563.00
chr7	38785158	38785840	682	682	6.00	355.00	46.79	24.00	31913.00
chr2	153499932	153500058	126	126	135.00	206.00	174.24	181.00	21954.00
chr1	32203011	32203132	121	121	14.00	762.00	571.78	654.00	69185.00
chr22	42290823	42290941	118	118	417.00	808.00	662.67	665.50	78195.00
chr19	47940718	47940818	100	100	393.00	829.00	634.65	638.00	63465.00
chr4	119539150	119539274	124	124	14.00	32.00	24.74	27.00	3068.00
chr17	44117067	44117250	183	183	105.00	158.00	133.04	134.00	24347.00
chr19	42485873	42485983	110	110	1762.00	2189.00	1982.53	1988.50	218078.00
chr6	44114583	44114664	81	81	116.00	166.00	139.53	145.00	11302.00
chr19	47941105	47941292	187	187	16.00	865.00	475.04	629.00	88832.00
chr11	73074250	73074500	250	250	207.00	275.00	233.99	228.00	58498.00
chr3	33418764	33418825	61	61	276.00	389.00	315.66	315.00	19255.00
chr1	700258	700505	247	247	23.00	72.00	45.73	41.00	11296.00
chr9	74319510	74319719	209	209	44.00	101.00	67.40	68.00	14087.00
chr16	2336694	2336968	274	274	192.00	569.00	367.66	363.00	100739.00
chr20	3575125	3575219	94	94	152.00	231.00	172.13	163.50	16180.00
chr9	139231377	139231529	152	152	97.00	139.00	115.14	113.00	17501.00
chr5	140515951	140516498	547	547	6.00	47.00	24.99	24.00	13671.00
chr1	21938208	21938309	101	101	613.00	769.00	673.91	665.00	68065.00
chr3	155659188	155659936	748	748	19.00	154.00	100.23	115.00	74975.00
chr16	27483068	27483241	173	173	130.00	220.00	172.65	172.00	29869.00
chr11	994071	994245	174	174	112.00	342.00	262.84	282.00	45734.00
chr7	71175745	71175913	168	168	449.00	715.00	593.29	610.00	99673.00
chr12	121204065	121204175	110	110	180.00	268.00	237.40	246.00	26114.00
chr7	73118679	73118753	74	74	992.00	1356.00	1165.42	1159.50	86241.00
chr9	140972565	140972710	145	145	93.00	146.00	119.73	113.00	17361.00
chr12	121683329	121684024	695	695	4.00	57.00	31.16	28.00	21656.00
chr16	74493579	74493687	108	108	187.00	263.00	233.92	227.00	25263.00
chr2	36771518	36771641	123	123	180.00	235.00	203.68	204.00	25053.00
chr7	94187181	94187996	815	815	9.00	42.00	21.94	21.00	17879.00
chr14	94156951	94157239	288	288	11.00	24.00	17.85	18.00	5141.00
chr7	121739000	121739524	524	524	9.00	34.00	20.74	20.00	10868.00
chr1	19549117	19549328	211	211	110.00	210.00	150.83	142.00	31825.00
chr19	5214571	5214747	176	176	313.00	604.00	395.68	384.50	69639.00
chr19	42557753	42557861	108	108	156.00	238.00	211.00	214.00	22788.00
chr15	102510686	102510925	239	239	2.00	106.00	64.69	74.00	15461.00
chr5	167673761	167675376	1615	1615	30.00	136.00	74.07	74.00	119630.00
chr7	44282158	44282253	95	95	778.00	1111.00	917.68	879.00	87180.00
chr2	160621061	160621717	656	656	15.00	177.00	39.46	28.00	25887.00
chr5	10426501	10426634	133	133	288.00	391.00	345.61	358.00	45966.00
chr16	1814301	1814460	159	159	661.00	882.00	767.71	764.00	122066.00
chr11	21581734	21581928	194	194	91.00	157.00	113.34	109.00	21988.00
chr3	126749085	126749255	170	170	152.00	275.00	207.06	206.50	35201.00
chr11	12237765	12237866	101	101	423.00	509.00	464.95	466.00	46960.00
chr6	31750872	31750963	91	91	169.00	236.00	209.11	211.00	19029.00
chr3	53124201	53124398	197	197	16.00	32.00	23.37	22.00	4604.00
chr2	220161470	220161544	74	74	978.00	1149.00	1086.12	1096.50	80373.00
chr2	128951046	128951785	739	739	13.00	101.00	58.76	59.00	43425.00
chr5	24535811	24535931	120	120	99.00	137.00	115.97	115.00	13916.00
chr1	44083406	44083582	176	176	305.00	460.00	376.50	374.50	66264.00
chr1	32207653	32207818	165	165	336.00	698.00	449.07	392.00	74097.00
chr12	7293754	7294000	246	246	17.00	985.00	581.29	818.00	142998.00
chr3	131442289	131442469	180	180	106.00	150.00	119.34	117.00	21481.00
chr3	49898871	49899298	427	427	47.00	1233.00	503.27	633.00	214898.00
chr16	66432358	66432464	106	106	73.00	119.00	99.39	96.00	10535.00
chr1	20982593	20982680	87	87	324.00	408.00	358.28	352.00	31170.00
chr16	68398653	68398809	156	156	51.00	66.00	56.96	56.00	8885.00
chr17	16676818	16678279	1461	1461	3.00	43.00	20.54	21.00	30002.00
chr1	109814899	109815027	128	128	374.00	547.00	449.62	445.50	57551.00
chr1	21940478	21940582	104	104	749.00	900.00	834.29	842.50	86766.00
chr20	57468284	57468793	509	509	13.00	48.00	25.84	24.00	13154.00
chr3	127358087	127358366	279	279	218.00	505.00	388.56	390.00	108409.00
chr3	126735359	126735527	168	168	107.00	154.00	132.62	133.00	22280.00
chr10	103869140	103869264	124	124	421.00	517.00	458.31	456.00	56830.00
chr20	44520554	44520666	112	112	198.00	271.00	236.24	230.50	26459.00
chr1	32203252	32203356	104	104	455.00	681.00	577.00	612.00	60008.00
chr21	40186196	40186316	120	120	322.00	414.00	386.45	392.00	46374.00
chr5	111067153	111068349	1196	1196	11.00	69.00	38.37	36.00	45893.00
chr9	128002954	128003186	232	232	435.00	798.00	595.35	584.50	138122.00
chr1	43408896	43408992	96	96	417.00	504.00	457.76	452.00	43945.00
chr3	47463931	47464026	95	95	198.00	231.00	213.64	212.00	20296.00
chr2	220161160	220161238	78	78	938.00	1076.00	1001.83	997.50	78143.00
chr11	62472772	62473089	317	317	1123.00	2284.00	1648.50	1681.00	522575.00
chr9	130986341	130986906	565	565	12.00	574.00	146.17	27.00	82584.00
chr14	69358769	69359000	231	231	291.00	387.00	338.06	337.00	78092.00
chr11	64416205	64416379	174	174	184.00	306.00	250.83	256.00	43645.00
chr17	8398454	8398559	105	105	428.00	604.00	541.26	551.00	56832.00
chr12	53572943	53574193	1250	1250	16.00	96.00	49.08	50.00	61348.00
chr17	17696544	17701827	5283	5283	39.00	268.00	108.14	99.00	571322.00
chr8	11705187	11705331	144	144	1211.00	1603.00	1483.25	1509.50	213588.00
chr19	54963829	54963931	102	102	404.00	510.00	445.68	434.50	45459.00
chr2	70451682	70456295	4613	4613	6.00	175.00	41.65	36.00	192139.00
chr11	118873959	118874169	210	210	23.00	46.00	33.85	32.00	7108.00
chr10	75548427	75548581	154	154	85.00	169.00	130.13	137.50	20040.00
chr6	33414351	33414563	212	212	423.00	801.00	672.20	716.00	142506.00
chr17	80042910	80043032	122	122	211.00	252.00	236.63	239.00	28869.00
chr11	11470290	11470483	193	193	60.00	93.00	77.62	76.00	14981.00
chr8	23294446	23294771	325	325	105.00	174.00	144.15	149.00	46850.00
chr1	116932060	116932663	603	603	11.00	2998.00	965.80	30.00	582375.00
chr15	83222627	83222741	114	114	99.00	134.00	114.68	113.50	13074.00
chr3	9841562	9841751	189	189	20.00	38.00	28.65	30.00	5414.00
chr1	116937731	116937907	176	176	1907.00	3802.00	2366.06	2129.00	416427.00
chr16	87868019	87868197	178	178	221.00	296.00	255.86	253.50	45543.00
chr3	124209540	124209731	191	191	620.00	832.00	717.90	706.00	137119.00
chr7	71142195	71142291	96	96	528.00	711.00	612.39	611.00	58789.00
chr5	130497324	130497584	260	260	12.00	28.00	20.87	20.00	5426.00
chr13	100199238	100199358	120	120	328.00	519.00	406.82	386.00	48819.00
chr5	139943336	139943506	170	170	29.00	345.00	282.55	283.50	48033.00
chr17	74395529	74396002	473	473	91.00	233.00	181.73	189.00	85956.00
chr14	93179149	93179216	67	67	193.00	228.00	211.30	212.00	14157.00
chr4	160277004	160277310	306	306	45.00	476.00	240.65	234.00	73638.00
chr17	40666306	40666478	172	172	916.00	1414.00	1168.32	1147.50	200951.00
chr15	34828065	34828207	142	142	27.00	413.00	259.43	263.50	36839.00
chr14	100165802	100165876	74	74	517.00	642.00	590.66	607.00	43709.00
chr22	20128089	20128231	142	142	13.00	182.00	104.49	139.00	14838.00
chr12	3392210	3394421	2211	2211	16.00	164.00	71.12	71.00	157242.00
chr17	16687866	16690667	2801	2801	9.00	158.00	37.02	32.00	103698.00
chr6	31664724	31664810	86	86	137.00	192.00	162.29	161.00	13957.00
chr6	30627512	30627611	99	99	53.00	82.00	67.91	71.00	6723.00
chr11	18752834	18755060	2226	2226	12.00	975.00	121.50	64.00	270451.00
chr12	109332602	109332731	129	129	377.00	552.00	460.69	475.00	59429.00
chr6	90072884	90073110	226	226	13.00	37.00	26.30	28.00	5944.00
chr16	2689371	2689711	340	340	0.00	1.00	0.32	0.00	109.00
chr1	20987373	20987484	111	111	319.00	420.00	372.11	369.00	41304.00
chr14	85985300	85986667	1367	1367	3.00	26.00	13.12	13.00	17937.00
chr13	32863769	32863880	111	111	150.00	187.00	164.31	164.00	18238.00
chr16	1510418	1510528	110	110	113.00	149.00	125.44	123.00	13798.00
chr19	54963269	54963444	175	175	470.00	767.00	556.02	527.00	97304.00
chr6	44224078	44224233	155	155	61.00	93.00	80.41	81.00	12463.00
chr20	3151172	3152285	1113	1113	24.00	103.00	62.10	64.00	69118.00
chr1	892273	892405	132	132	191.00	311.00	237.17	225.00	31306.00
chr16	90192167	90192724	557	557	2.00	73.00	38.89	35.00	21664.00
chr9	111663704	111663810	106	106	88.00	113.00	98.63	96.00	10455.00
chr6	44108764	44108835	71	71	160.00	216.00	191.65	200.00	13607.00
chr1	36028802	36029027	225	225	1848.00	3323.00	2413.20	2202.00	542970.00
chr11	66807259	66807674	415	415	20.00	223.00	172.96	177.00	71780.00
chr1	178426817	178427679	862	862	36.00	110.00	67.50	65.50	58181.00
chr19	42482302	42482478	176	176	2205.00	3483.00	2549.07	2459.00	448636.00
chr1	44084718	44084873	155	155	179.00	591.00	348.21	326.00	53973.00
chr1	109812315	109812442	127	127	317.00	445.00	372.44	367.00	47300.00
chr3	180324268	180324391	123	123	115.00	188.00	162.92	166.00	20039.00
chr15	63933668	63933842	174	174	162.00	264.00	208.61	195.00	36298.00
chr20	44521363	44521519	156	156	274.00	363.00	318.79	317.00	49731.00
chr3	33416779	33416910	131	131	159.00	276.00	203.34	201.00	26637.00
chr1	21934624	21934843	219	219	13.00	1073.00	475.45	616.00	104123.00
chr14	69799801	69799886	85	85	123.00	156.00	144.52	149.00	12284.00
chr1	116936134	116936345	211	211	9.00	2718.00	2183.27	2413.00	460671.00
chr14	23634493	23634645	152	152	73.00	115.00	98.18	99.50	14923.00
chr16	1402538	1402947	409	409	15.00	57.00	38.13	38.00	15596.00
chr9	20331	25000	4669	4669	0.00	192.00	66.01	63.00	308199.00
chr17	43545574	43545959	385	385	28.00	52.00	35.40	35.00	13630.00
chr13	100201418	100201476	58	58	378.00	431.00	404.26	404.50	23447.00
chr15	41865505	41865665	160	160	440.00	835.00	600.92	585.00	96148.00
chr19	19641688	19642196	508	508	11.00	38.00	27.29	29.00	13864.00
chr11	134147593	134148159	566	566	9.00	45.00	22.53	20.00	12752.00
chr2	71656420	71657290	870	870	1.00	44.00	28.07	28.00	24423.00
chr7	97834775	97835016	241	241	173.00	309.00	238.74	238.00	57537.00
chr19	13363804	13363915	111	111	136.00	177.00	156.36	155.00	17356.00
chr18	31328383	31329011	628	628	9.00	37.00	23.26	24.00	14607.00
chr16	66431884	66432009	125	125	42.00	91.00	63.11	53.00	7889.00
chr19	47935155	47935702	547	547	12.00	1088.00	383.22	394.00	209621.00
chr12	50291769	50291873	104	104	1302.00	1948.00	1564.77	1581.00	162736.00
chr11	1780198	1780317	119	119	834.00	1626.00	1073.97	1037.00	127802.00
chr15	65392626	65393167	541	541	18.00	45.00	30.28	29.00	16380.00
chr2	86397871	86397967	96	96	128.00	205.00	187.31	190.00	17982.00
chr7	97866087	97866233	146	146	106.00	181.00	141.47	149.50	20655.00
chr11	60687157	60687402	245	245	195.00	272.00	233.57	233.00	57224.00
chr21	43307700	43309453	1753	1753	10.00	129.00	60.06	55.00	105290.00
chr14	24619269	24619657	388	388	33.00	98.00	52.24	47.00	20269.00
chr11	65320634	65320727	93	93	139.00	172.00	153.76	152.00	14300.00
chr16	29891184	29891385	201	201	615.00	821.00	720.04	718.00	144728.00
chr1	32207224	32207326	102	102	784.00	1110.00	968.74	1002.00	98811.00
chr11	72300218	72300394	176	176	11.00	617.00	208.81	17.00	36751.00
chr17	7608878	7609038	160	160	28.00	164.00	91.51	84.50	14642.00
chr19	7607646	7607814	168	168	154.00	228.00	195.67	208.00	32873.00
chr19	54966129	54966271	142	142	254.00	479.00	406.04	432.50	57657.00
chr12	57995027	57995131	104	104	224.00	280.00	256.12	258.50	26636.00
chr1	27428875	27429049	174	174	80.00	158.00	118.35	129.00	20593.00
chr2	27688277	27688385	108	108	50.00	118.00	85.32	89.00	9215.00
chr16	2691449	2692254	805	805	0.00	35.00	3.80	2.00	3059.00
chr9	131503813	131503933	120	120	494.00	581.00	529.38	529.00	63525.00
chr16	2347766	2347922	156	156	218.00	356.00	289.87	286.50	45219.00
chr17	80039884	80040036	152	152	368.00	487.00	415.29	413.00	63124.00
chr1	32204432	32204538	106	106	554.00	1204.00	850.67	853.50	90171.00
chr12	9242951	9243078	127	127	321.00	397.00	356.99	353.00	45338.00
chr3	49702661	49702751	90	90	259.00	311.00	291.49	295.00	26234.00
chr19	35820359	35820837	478	478	6.00	50.00	29.40	29.50	14053.00
chr1	201456762	201457615	853	853	16.00	54.00	35.46	37.00	30245.00
chr16	2334279	2334438	159	159	223.00	324.00	278.21	279.00	44235.00
chr10	73578373	73578481	108	108	4504.00	5738.00	5115.97	5101.50	552525.00
chr16	18530550	18530756	206	206	4.00	800.00	369.83	516.00	76185.00
chr16	16369094	16369300	206	206	4.00	813.00	375.75	528.00	77405.00
chr13	113975636	113975785	149	149	18.00	816.00	362.63	39.00	54032.00
chr11	119293822	119294227	405	405	16.00	7644.00	684.84	67.00	277360.00
chr5	150505962	150506041	79	79	1264.00	1970.00	1584.39	1544.00	125167.00
chr22	44224939	44225078	139	139	1029.00	1393.00	1187.84	1173.00	165110.00
chr15	41865199	41865309	110	110	426.00	581.00	501.64	485.50	55180.00
chr17	25633807	25636298	2491	2491	39.00	879.00	293.95	270.00	732222.00
chr15	72495155	72495529	374	374	25.00	4187.00	1669.22	48.00	624288.00
chr9	42540272	42542124	1852	1852	5.00	39.00	18.23	17.00	33757.00
chr11	119290760	119291704	944	944	11.00	10312.00	2359.08	31.00	2226975.00
chr19	5219949	5220165	216	216	218.00	411.00	305.24	287.50	65932.00
chr15	63910769	63911153	384	384	7.00	58.00	30.20	26.00	11598.00
chr17	74393879	74393969	90	90	213.00	283.00	248.76	244.00	22388.00
chr10	104129467	104129532	65	65	111.00	145.00	131.05	134.00	8518.00
chr3	142454224	142454620	396	396	9.00	37.00	18.90	15.00	7486.00
chr12	121205196	121205396	200	200	221.00	291.00	254.67	255.00	50934.00
chr3	31705570	31705724	154	154	26.00	42.00	32.04	32.00	4934.00
chr6	118635190	118636593	1403	1403	25.00	230.00	147.61	141.00	207097.00
chr8	10339867	10340829	962	962	16.00	58.00	39.00	39.50	37516.00
chr19	16952578	16952779	201	201	153.00	276.00	228.13	231.00	45854.00
chr8	110984486	110985016	530	530	127.00	232.00	175.53	174.00	93031.00
chr9	128001219	128001610	391	391	531.00	1511.00	1005.04	1065.00	392972.00
chr11	73070878	73070997	119	119	194.00	249.00	224.30	228.00	26692.00
chr10	104130140	104130235	95	95	98.00	163.00	134.85	134.00	12811.00
chr5	95733039	95733173	134	134	160.00	281.00	202.47	184.00	27131.00
chr19	59059400	59059547	147	147	341.00	460.00	406.54	403.00	59761.00
chr5	139943169	139943255	86	86	46.00	247.00	179.45	190.00	15433.00
chr17	73487771	73487981	210	210	144.00	286.00	184.20	172.00	38683.00
chr1	154315588	154315777	189	189	55.00	78.00	66.70	67.00	12607.00
chr14	95652726	95653070	344	344	13.00	29.00	21.25	21.00	7311.00
chr12	123639801	123640772	971	971	10.00	84.00	46.99	46.00	45626.00
chr22	47064870	47065171	301	301	13.00	21.00	17.04	17.00	5129.00
chr5	24535220	24535388	168	168	87.00	125.00	103.36	102.00	17365.00
chr12	6806452	6806958	506	506	178.00	566.00	336.20	342.50	170119.00
chr22	29881711	29881836	125	125	441.00	594.00	495.84	496.00	61980.00
chr7	75894681	75894786	105	105	93.00	160.00	121.14	126.00	12720.00
chr12	121089007	121095893	6886	6886	27.00	298.00	96.89	85.00	667187.00
chr1	207940357	207942365	2008	2008	10.00	212.00	50.73	39.00	101874.00
chr7	154681166	154681240	74	74	530.00	620.00	581.22	582.00	43010.00
chr5	131696513	131697529	1016	1016	13.00	49.00	28.87	27.00	29336.00
chr11	1776135	1776258	123	123	556.00	1405.00	878.94	783.00	108110.00
chr8	11706554	11706673	119	119	975.00	1367.00	1170.23	1147.00	139257.00
chr11	18759426	18759511	85	85	436.00	517.00	468.38	463.00	39812.00
chr16	61689373	61689625	252	252	66.00	98.00	83.64	85.00	21077.00
chr15	51750702	51750824	122	122	243.00	303.00	276.31	278.00	33710.00
chr9	35555056	35555698	642	642	259.00	596.00	404.94	399.00	259974.00
chr2	198356200	198356621	421	421	13.00	42.00	27.95	27.00	11769.00
chr9	131001723	131001794	71	71	3442.00	4411.00	3953.93	3963.00	280729.00
chr19	5214371	5214491	120	120	566.00	753.00	634.88	629.00	76186.00
chr22	35719488	35719623	135	135	161.00	239.00	208.15	209.00	28100.00
chr12	121678738	121679829	1091	1091	15.00	76.00	42.33	40.00	46180.00
chr14	23820960	23821064	104	104	1611.00	1976.00	1850.79	1899.50	192482.00
chr1	32205710	32205779	69	69	614.00	829.00	731.26	732.00	50457.00
chr3	33420176	33420326	150	150	17.00	381.00	135.85	24.00	20378.00
chr9	114820707	114820966	259	259	39.00	60.00	47.64	47.00	12339.00
chr15	41865876	41866023	147	147	30.00	906.00	744.39	780.00	109425.00
chr19	55554308	55554637	329	329	20.00	36.00	26.75	26.00	8800.00
chr1	116933403	116933513	110	110	2130.00	2765.00	2474.28	2449.00	272171.00
chr19	15374230	15374359	129	129	86.00	185.00	143.27	159.00	18482.00
chr12	56090682	56090852	170	170	86.00	118.00	104.68	105.00	17796.00
chr14	69445668	69445876	208	208	84.00	318.00	237.06	268.50	49309.00
chr12	57603474	57603651	177	177	390.00	651.00	470.27	460.00	83237.00
chr22	32897492	32898946	1454	1454	15.00	263.00	91.76	78.00	133414.00
chr16	16367702	16367764	62	62	19.00	457.00	234.90	248.00	14564.00
chr19	5245786	5246056	270	270	137.00	382.00	239.60	235.50	64691.00
chr16	74345440	74345829	389	389	15.00	34.00	23.52	23.00	9149.00
chr6	107096899	107097076	177	177	45.00	60.00	53.12	53.00	9403.00
chr1	29641883	29642019	136	136	64.00	104.00	79.58	78.00	10823.00
chr8	97342440	97342509	69	69	209.00	260.00	229.09	224.00	15807.00
chr8	68116914	68117054	140	140	111.00	147.00	130.49	129.50	18269.00
chr22	22037470	22037546	76	76	81.00	102.00	93.04	94.00	7071.00
chr22	50682147	50683420	1273	1273	17.00	179.00	113.44	117.00	144403.00
chr20	44048971	44049069	98	98	240.00	279.00	255.02	252.00	24992.00
chr1	36904356	36904511	155	155	54.00	97.00	73.05	72.00	11322.00
chr12	71054719	71054877	158	158	86.00	146.00	104.15	99.00	16455.00
chr15	50654364	50655515	1151	1151	17.00	59.00	34.06	33.00	39203.00
chr2	234198499	234198620	121	121	88.00	157.00	129.69	138.00	15693.00
chr9	128001699	128001812	113	113	561.00	697.00	615.90	604.00	69597.00
chr8	38272296	38272419	123	123	119.00	173.00	150.79	154.00	18547.00
chr11	73068069	73068179	110	110	183.00	253.00	214.68	216.00	23615.00
chr16	28123137	28123327	190	190	189.00	324.00	255.10	258.50	48469.00
chr12	49424062	49424222	160	160	33.00	83.00	51.65	46.50	8264.00
chr19	50302885	50303023	138	138	409.00	704.00	532.45	491.00	73478.00
chr19	42480567	42480718	151	151	3702.00	5494.00	4619.30	4676.00	697514.00
chr3	197904395	197905301	906	906	0.00	63.00	26.53	32.50	24032.00
chr13	100189992	100190117	125	125	240.00	303.00	269.94	270.00	33743.00
chr19	14268062	14268272	210	210	385.00	575.00	478.84	485.50	100557.00
chr10	93786886	93787057	171	171	110.00	157.00	134.64	134.00	23023.00
chr1	109808726	109808828	102	102	200.00	293.00	241.21	242.00	24603.00
chr4	134075461	134075520	59	59	334.00	440.00	375.68	375.00	22165.00
chr1	22052268	22053864	1596	1596	18.00	57.00	32.63	31.00	52081.00
chr9	140056855	140056968	113	113	1531.00	2208.00	1934.07	1984.00	218550.00
chr19	42482087	42482224	137	137	3654.00	5053.00	4297.47	4375.00	588754.00
chr19	4556962	4557025	63	63	634.00	715.00	671.56	670.00	42308.00
chr19	14266921	14267013	92	92	322.00	473.00	418.50	428.00	38502.00
chr22	42273851	42274127	276	276	6.00	963.00	466.09	514.00	128641.00
chr1	205549788	205550049	261	261	236.00	400.00	287.22	269.00	74965.00
chr1	110765585	110766522	937	937	70.00	219.00	140.51	135.00	131655.00
chr19	55553595	55554158	563	563	15.00	57.00	31.86	31.00	17936.00
chr7	150929881	150931360	1479	1479	30.00	141.00	57.71	52.00	85358.00
chr3	124215157	124215260	103	103	559.00	864.00	731.93	766.00	75389.00
chr16	58220658	58220760	102	102	112.00	141.00	126.51	126.00	12904.00
chr3	10381925	10382033	108	108	715.00	923.00	845.85	857.50	91352.00
chr10	11356101	11356221	120	120	113.00	138.00	120.45	119.00	14454.00
chr22	42294652	42294785	133	133	455.00	830.00	684.25	705.00	91005.00
chr1	2005531	2005714	183	183	18.00	74.00	56.47	62.00	10334.00
chr12	113722522	113722576	54	54	118.00	135.00	127.67	128.00	6894.00
chr9	131502198	131502398	200	200	21.00	685.00	578.10	608.00	115620.00
chr19	40873602	40873786	184	184	1399.00	1893.00	1579.34	1566.50	290598.00
chr2	220162606	220162825	219	219	288.00	668.00	473.35	462.00	103663.00
chr16	28270027	28270355	328	328	7.00	85.00	49.82	50.00	16342.00
chr4	3225718	3225858	140	140	184.00	266.00	218.96	216.00	30655.00
chr17	44127898	44128070	172	172	96.00	155.00	120.08	121.00	20654.00
chr3	47462043	47462262	219	219	102.00	263.00	146.99	136.00	32191.00
chr6	99873090	99873182	92	92	14.00	763.00	298.32	232.50	27445.00
chr7	142561723	142562504	781	781	338.00	932.00	559.89	527.00	437273.00
chr1	159169540	159169666	126	126	1320.00	1896.00	1622.06	1670.50	204380.00
chr19	7606869	7606953	84	84	96.00	128.00	110.31	109.00	9266.00
chr16	2811561	2818298	6737	6737	10.00	770.00	441.00	429.00	2971020.00
chr3	47450652	47450807	155	155	85.00	131.00	105.93	105.00	16419.00
chr11	118403631	118403922	291	291	173.00	270.00	203.15	200.00	59118.00
chr1	205555161	205555335	174	174	279.00	373.00	322.22	320.00	56067.00
chr12	125603186	125603311	125	125	112.00	153.00	125.64	121.00	15705.00
chr11	86658288	86659498	1210	1210	20.00	77.00	42.44	40.00	51357.00
chr22	37764946	37768745	3799	3799	19.00	634.00	233.22	210.00	885992.00
chr10	46345664	46346215	551	551	8.00	38.00	21.12	19.00	11637.00
chr22	33673045	33673241	196	196	212.00	623.00	348.86	298.00	68377.00
chr9	140042599	140042666	67	67	37.00	443.00	385.48	410.00	25827.00
chr3	48717233	48717320	87	87	265.00	306.00	282.28	281.00	24558.00
chr11	60681600	60681740	140	140	16.00	233.00	105.79	75.00	14810.00
chr10	93784512	93784724	212	212	58.00	99.00	80.55	84.00	17077.00
chr12	7289424	7290372	948	948	10.00	895.00	236.36	29.00	224073.00
chr3	132387062	132387526	464	464	13.00	35.00	23.05	22.00	10696.00
chr16	2335442	2335647	205	205	226.00	412.00	333.24	333.00	68314.00
chr16	1794782	1797276	2494	2494	6.00	734.00	106.20	60.00	264861.00
chr16	3786036	3786204	168	168	127.00	205.00	166.58	162.50	27985.00
chr9	141131209	141131766	557	557	0.00	30.00	11.38	9.00	6339.00
chr14	92965028	92966015	987	987	16.00	75.00	40.58	40.00	40055.00
chr19	54692070	54692200	130	130	209.00	642.00	391.92	315.50	50949.00
chr15	43866006	43866230	224	224	117.00	206.00	148.85	144.50	33343.00
chr3	40231316	40231954	638	638	40.00	123.00	72.82	73.00	46457.00
chr3	50148937	50149455	518	518	19.00	61.00	40.43	40.00	20944.00
chr4	81117505	81117755	250	250	68.00	141.00	105.41	107.00	26353.00
chr10	46740404	46740638	234	234	0.00	20.00	12.11	14.00	2833.00
chr3	124210169	124210271	102	102	493.00	643.00	581.29	584.00	59292.00
chr11	107488830	107488932	102	102	298.00	341.00	316.97	316.50	32331.00
chr9	130591965	130592106	141	141	160.00	229.00	191.23	189.00	26963.00
chr1	20981932	20982027	95	95	331.00	402.00	364.68	365.00	34645.00
chr12	75875613	75875859	246	246	68.00	96.00	82.20	82.00	20222.00
chr22	32046684	32046764	80	80	97.00	138.00	123.54	125.50	9883.00
chr11	70331418	70331658	240	240	39.00	210.00	114.45	121.00	27469.00
chr14	51079976	51080069	93	93	387.00	497.00	442.14	445.00	41119.00
chr17	80041077	80041301	224	224	259.00	838.00	529.71	489.00	118655.00
chr7	158540884	158540971	87	87	226.00	334.00	274.23	278.00	23858.00
chr1	21553651	21553719	68	68	118.00	143.00	129.49	126.00	8805.00
chr2	219206256	219206349	93	93	135.00	194.00	160.58	154.00	14934.00
chr17	18444211	18445242	1031	1031	5.00	35.00	18.85	18.00	19431.00
chr12	57599340	57599460	120	120	357.00	500.00	411.97	385.50	49436.00
chr11	64417919	64418110	191	191	295.00	480.00	394.23	411.00	75297.00
chr19	3274926	3275650	724	724	16.00	46.00	29.35	28.00	21252.00
chr16	18532086	18532305	219	219	636.00	1114.00	865.70	869.00	189589.00
chr17	3776702	3776756	54	54	792.00	1019.00	959.93	970.00	51836.00
chr1	116932670	116933033	363	363	12.00	3399.00	1555.88	2355.00	564786.00
chr16	1505731	1505796	65	65	220.00	324.00	289.12	292.00	18793.00
chr1	9794029	9794200	171	171	2782.00	3270.00	3030.49	3043.00	518213.00
chr10	73579221	73579379	158	158	3532.00	5482.00	4369.28	4491.00	690346.00
chr11	6411684	6412146	462	462	37.00	185.00	118.28	127.00	54645.00
chr1	159163212	159163350	138	138	1094.00	1526.00	1206.02	1186.50	166431.00
chr16	1816723	1816804	81	81	719.00	887.00	801.38	819.00	64912.00
chr7	91722399	91722630	231	231	12.00	123.00	100.02	104.00	23104.00
chr7	44281816	44281939	123	123	961.00	1122.00	1030.93	1027.00	126805.00
chr2	220467189	220467297	108	108	31.00	40.00	35.99	36.00	3887.00
chr16	4494664	4494729	65	65	216.00	267.00	250.34	252.00	16272.00
chr15	34681844	34681986	142	142	25.00	502.00	349.11	370.50	49574.00
chr9	139995935	139996124	189	189	80.00	185.00	123.21	114.00	23287.00
chr3	180324040	180324160	120	120	153.00	173.00	161.30	161.00	19356.00
chr3	42678359	42681242	2883	2883	68.00	233.00	131.29	122.00	378511.00
chr7	131812776	131815333	2557	2557	25.00	154.00	70.40	72.00	180007.00
chr20	1585387	1585522	135	135	32.00	716.00	335.58	299.00	45303.00
chr3	126751229	126751442	213	213	196.00	267.00	230.09	228.00	49010.00
chr15	63920875	63921014	139	139	206.00	340.00	254.05	247.00	35313.00
chr16	2040128	2040202	74	74	45.00	164.00	105.97	102.50	7842.00
chr9	74324174	74324390	216	216	57.00	100.00	79.85	81.00	17248.00
chr20	44521858	44521950	92	92	307.00	366.00	342.21	343.00	31483.00
chr9	139911647	139911798	151	151	424.00	648.00	525.26	506.00	79314.00
chr9	140055507	140055649	142	142	1683.00	3650.00	2706.10	2499.50	384266.00
chr12	120148055	120148191	136	136	215.00	348.00	287.71	298.50	39128.00
chr12	50474280	50474372	92	92	161.00	209.00	184.62	183.50	16985.00
chr15	63125702	63125828	126	126	176.00	299.00	232.13	231.00	29249.00
chr9	20907148	20907241	93	93	118.00	136.00	125.44	125.00	11666.00
chr16	87874655	87874761	106	106	311.00	420.00	365.79	359.00	38774.00
chr2	162833269	162833460	191	191	15.00	833.00	476.37	725.00	90986.00
chr8	11704560	11704677	117	117	998.00	1217.00	1103.52	1101.00	129112.00
chr15	63926931	63927087	156	156	227.00	362.00	312.76	331.00	48791.00
chr6	31668718	31668805	87	87	164.00	201.00	181.24	182.00	15768.00
chr7	148910792	148910906	114	114	26.00	77.00	57.32	64.00	6534.00
chr14	42355808	42357213	1405	1405	46.00	207.00	96.73	89.00	135909.00
chr10	88678928	88679226	298	298	36.00	76.00	52.53	53.00	15653.00
chr3	140998219	140998346	127	127	69.00	136.00	104.43	115.00	13262.00
chr1	144859758	144859998	240	240	149.00	257.00	182.30	180.00	43753.00
chr9	96054772	96055455	683	683	44.00	318.00	173.61	183.00	118578.00
chr19	7604803	7604944	141	141	132.00	231.00	158.72	147.00	22379.00
chr12	30906277	30907432	1155	1155	15.00	131.00	71.01	68.00	82016.00
chr9	131112762	131112854	92	92	145.00	275.00	221.28	228.50	20358.00
chr20	61981328	61982379	1051	1051	39.00	116.00	77.65	77.00	81605.00
chr7	38431348	38431618	270	270	391.00	790.00	546.41	529.50	147531.00
chr20	44521036	44521123	87	87	256.00	309.00	277.86	273.00	24174.00
chr11	64418726	64419108	382	382	208.00	439.00	319.12	321.50	121905.00
chr12	120148344	120150270	1926	1926	23.00	465.00	80.60	45.00	155239.00
chr12	6930971	6931066	95	95	10.00	651.00	324.91	294.00	30866.00
chr16	2339434	2339621	187	187	185.00	292.00	226.54	208.00	42363.00
chr2	27700083	27700187	104	104	71.00	118.00	98.10	100.50	10202.00
chr14	69805367	69805494	127	127	135.00	219.00	173.94	161.00	22091.00
chr12	9242497	9242619	122	122	364.00	454.00	417.75	422.50	50966.00
chr3	58256658	58256791	133	133	90.00	144.00	117.50	118.00	15627.00
chr10	79744927	79745098	171	171	77.00	139.00	105.90	104.00	18109.00
chr1	159161725	159161866	141	141	589.00	1029.00	888.62	970.00	125295.00
chr16	31085202	31085519	317	317	17.00	46.00	34.59	35.00	10965.00
chr1	171755018	171755218	200	200	56.00	104.00	86.70	91.00	17340.00
chr9	130988124	130989280	1156	1156	5.00	2465.00	309.72	59.00	358042.00
chr15	63127935	63127998	63	63	190.00	227.00	206.90	204.00	13035.00
chr19	1917676	1917821	145	145	3.00	265.00	214.25	246.00	31066.00
chr22	25315792	25315960	168	168	114.00	139.00	126.00	126.50	21168.00
chr2	207943790	207945085	1295	1295	17.00	81.00	53.72	53.00	69565.00
chr11	47330706	47330952	246	246	18.00	797.00	356.27	30.00	87643.00
chr3	142743978	142746095	2117	2117	2.00	208.00	29.31	21.00	62041.00
chr7	44839492	44839694	202	202	23.00	49.00	38.39	40.00	7754.00
chr22	31688260	31688471	211	211	11.00	250.00	158.97	195.00	33543.00
chr11	66333492	66333638	146	146	588.00	783.00	712.08	723.00	103963.00
chr9	131114916	131115026	110	110	247.00	307.00	272.16	270.00	29938.00
chr1	20206	21013	807	807	21.00	207.00	120.24	132.00	97033.00
chr11	108216469	108216635	166	166	52.00	113.00	90.41	94.00	15008.00
chr1	209778880	209779019	139	139	221.00	431.00	328.42	337.00	45651.00
chr1	202935876	202936026	150	150	192.00	333.00	252.64	253.00	37896.00
chr12	57600255	57600524	269	269	382.00	536.00	471.39	478.00	126804.00
chr19	15233503	15233615	112	112	60.00	143.00	90.85	77.00	10175.00
chr8	68115317	68115486	169	169	134.00	221.00	182.57	182.00	30854.00
chr19	13419229	13419342	113	113	67.00	136.00	102.78	100.00	11614.00
chr6	33266815	33267130	315	315	7.00	80.00	38.00	36.00	11969.00
chr16	89780611	89781646	1035	1035	10.00	90.00	42.12	40.00	43595.00
chr12	109964162	109964221	59	59	110.00	129.00	121.31	122.00	7157.00
chr22	24491893	24492045	152	152	55.00	109.00	77.83	79.00	11830.00
chr2	242592926	242593025	99	99	221.00	366.00	277.71	264.00	27493.00
chr1	21937944	21938074	130	130	636.00	1432.00	1081.65	1181.00	140614.00
chr2	223789173	223789313	140	140	343.00	421.00	376.60	372.00	52724.00
chr20	3772318	3772535	217	217	14.00	53.00	33.75	32.00	7324.00
chr16	18531918	18532001	83	83	827.00	1198.00	1016.20	1039.00	84345.00
chr1	43396296	43396537	241	241	295.00	431.00	362.70	361.00	87411.00
chr2	100037960	100038115	155	155	61.00	79.00	70.25	70.00	10889.00
chr16	1500497	1500770	273	273	10.00	260.00	141.35	198.00	38588.00
chr19	40876016	40876144	128	128	1568.00	2021.00	1788.32	1800.00	228905.00
chr5	168112691	168112932	241	241	29.00	50.00	37.48	37.00	9033.00
chr2	127825738	127825831	93	93	443.00	555.00	496.42	494.00	46167.00
chr1	19232015	19234990	2975	2975	6.00	177.00	61.91	56.00	184177.00
chr16	1391129	1391196	67	67	337.00	420.00	371.06	367.00	24861.00
chr6	33410665	33411689	1024	1024	5.00	586.00	271.34	249.00	277853.00
chr9	95872033	95872266	233	233	7.00	15.00	11.64	12.00	2712.00
chr1	53378627	53378839	212	212	23.00	42.00	31.83	31.50	6747.00
chr2	80531276	80531693	417	417	24.00	76.00	61.03	64.00	25451.00
chr7	44286718	44286791	73	73	941.00	1087.00	1001.82	999.00	73133.00
chr7	157369304	157369471	167	167	519.00	667.00	599.65	606.00	100142.00
chr11	18755079	18755191	112	112	12.00	514.00	324.28	425.00	36319.00
chr6	86237979	86238080	101	101	175.00	231.00	199.22	197.00	20121.00
chr8	145000951	145001050	99	99	134.00	228.00	177.65	169.00	17587.00
chr19	45167680	45167966	286	286	10.00	42.00	26.29	28.00	7519.00
chr10	48930165	48930400	235	235	0.00	19.00	12.04	14.00	2830.00
chr16	87871450	87871547	97	97	329.00	424.00	391.33	403.00	37959.00
chr1	109815454	109815649	195	195	396.00	553.00	458.52	458.00	89412.00
chr1	208215442	208215711	269	269	127.00	206.00	159.86	156.00	43002.00
chr2	260866	261451	585	585	11.00	35.00	24.30	25.00	14217.00
chr5	180481266	180481724	458	458	9.00	52.00	34.19	35.00	15657.00
chr7	73119479	73119631	152	152	10.00	1743.00	740.84	20.00	112607.00
chr15	34677248	34677358	110	110	495.00	761.00	625.24	608.50	68776.00
chr16	57687114	57687247	133	133	145.00	253.00	202.63	210.00	26950.00
chr15	50649406	50649592	186	186	16.00	37.00	27.34	29.00	5086.00
chr22	21071995	21072066	71	71	1769.00	2007.00	1902.00	1920.00	135042.00
chr5	179200882	179201561	679	679	11.00	62.00	45.55	46.00	30929.00
chr10	98763824	98763979	155	155	216.00	289.00	252.14	249.00	39082.00
chr14	102963315	102963457	142	142	136.00	212.00	167.87	164.00	23838.00
chr1	21932558	21933138	580	580	11.00	1200.00	243.31	43.00	141120.00
chr16	28118842	28118998	156	156	245.00	311.00	281.60	284.00	43930.00
chr1	241767561	241767881	320	320	91.00	171.00	131.11	126.00	41955.00
chr11	66812063	66812184	121	121	198.00	285.00	232.12	236.00	28087.00
chr11	12248571	12248678	107	107	448.00	620.00	548.30	567.00	58668.00
chr9	130588788	130588951	163	163	103.00	172.00	142.78	145.00	23273.00
chr22	21068915	21068988	73	73	1603.00	2095.00	1902.53	1935.00	138885.00
chr1	43424304	43424531	227	227	28.00	545.00	396.07	476.00	89909.00
chr14	105852021	105853670	1649	1649	31.00	213.00	58.91	54.00	97139.00
chr15	34823469	34823579	110	110	211.00	467.00	370.60	396.50	40766.00
chr11	171365	172282	917	917	0.00	64.00	27.97	32.00	25652.00
chr22	24493976	24494155	179	179	90.00	136.00	111.99	111.00	20047.00
chr15	79291060	79291167	107	107	531.00	654.00	598.19	602.00	64006.00
chr16	2145904	2146194	290	290	27.00	57.00	45.04	46.00	13061.00
chr9	131503050	131503166	116	116	425.00	631.00	520.23	503.50	60347.00
chr11	61301983	61302579	596	596	27.00	54.00	38.28	36.00	22815.00
chr22	25308609	25308719	110	110	107.00	132.00	122.16	123.00	13438.00
chr12	63977826	63979986	2160	2160	1.00	76.00	25.30	21.00	54658.00
chr19	46928844	46930933	2089	2089	17.00	605.00	250.80	253.00	523918.00
chr16	56969146	56969224	78	78	169.00	224.00	194.05	195.00	15136.00
chr17	40665787	40665996	209	209	13.00	2052.00	846.21	1191.00	176857.00
chr9	131669435	131671600	2165	2165	172.00	509.00	296.40	277.00	641699.00
chr2	220164026	220164271	245	245	22.00	863.00	278.69	38.00	68278.00
chr19	7589846	7590052	206	206	53.00	166.00	92.67	90.00	19091.00
chr6	91260186	91260268	82	82	100.00	139.00	119.98	118.00	9838.00
chr9	124543742	124543830	88	88	339.00	440.00	388.16	381.50	34158.00
chr12	54071005	54071170	165	165	8.00	25.00	17.32	18.00	2857.00
chr2	40443	41212	769	769	14.00	35.00	25.10	25.00	19301.00
chr11	67852159	67852747	588	588	9.00	72.00	42.11	40.00	24759.00
chr8	8233762	8234810	1048	1048	1.00	112.00	62.68	62.00	65685.00
chr2	175671113	175672148	1035	1035	11.00	38.00	23.50	23.00	24320.00
chr7	138984922	138985438	516	516	7.00	28.00	18.69	19.00	9646.00
chr22	40816850	40817104	254	254	74.00	190.00	157.81	167.50	40083.00
chr19	14263120	14263249	129	129	359.00	494.00	414.29	408.00	53444.00
chr19	16962222	16962345	123	123	108.00	358.00	248.79	253.00	30601.00
chr1	109813838	109813918	80	80	273.00	352.00	306.60	301.50	24528.00
chr3	49898148	49898562	414	414	5.00	960.00	453.86	723.00	187898.00
chr17	17131202	17131510	308	308	36.00	171.00	132.70	143.00	40872.00
chr1	21936067	21936139	72	72	417.00	542.00	489.11	503.50	35216.00
chr3	130424404	130424615	211	211	55.00	76.00	66.33	66.00	13996.00
chr12	56532710	56532797	87	87	118.00	139.00	126.84	126.00	11035.00
chr16	29888591	29888788	197	197	519.00	879.00	685.47	653.00	135037.00
chr2	114394588	114396196	1608	1608	6.00	57.00	28.77	32.00	46258.00
chr3	124180736	124180803	67	67	378.00	418.00	397.10	397.00	26606.00
chr9	111798485	111798660	175	175	108.00	146.00	127.46	130.00	22305.00
chr10	73847897	73848372	475	475	35.00	1989.00	700.41	628.00	332696.00
chr22	21075585	21075706	121	121	990.00	1927.00	1600.26	1699.00	193632.00
chr22	20920753	20921104	351	351	80.00	192.00	124.52	122.00	43706.00
chr9	140953020	140953185	165	165	87.00	148.00	114.75	108.00	18933.00
chr22	41620970	41621075	105	105	126.00	172.00	150.77	150.00	15831.00
chr11	6243671	6243839	168	168	91.00	141.00	118.14	120.00	19848.00
chr15	74704225	74704353	128	128	114.00	326.00	214.58	225.50	27466.00
chr3	48719780	48719985	205	205	206.00	285.00	247.37	245.00	50711.00
chr1	222833247	222833348	101	101	111.00	165.00	136.27	133.00	13763.00
chr1	6583675	6584824	1149	1149	12.00	96.00	53.08	53.00	60989.00
chr11	126135857	126135976	119	119	310.00	388.00	354.20	356.00	42150.00
chr8	75156763	75157410	647	647	35.00	95.00	76.25	77.00	49333.00
chr15	83345212	83345389	177	177	235.00	323.00	280.24	281.00	49603.00
chr14	68031638	68032561	923	923	22.00	68.00	43.81	45.00	40434.00
chr19	42479780	42479949	169	169	3219.00	5002.00	4115.20	4010.00	695469.00
chr16	31503329	31503407	78	78	323.00	420.00	367.35	365.00	28653.00
chr17	1564564	1564700	136	136	341.00	481.00	398.99	380.00	54263.00
chr16	58717858	58718082	224	224	34.00	72.00	58.22	60.00	13042.00
chr14	71575320	71575763	443	443	44.00	109.00	79.83	82.00	35363.00
chr1	202934498	202934628	130	130	133.00	255.00	175.79	158.00	22853.00
chr7	73118477	73118586	109	109	868.00	1114.00	979.94	972.00	106813.00
chr19	13365908	13366073	165	165	117.00	169.00	138.46	135.00	22846.00
chr10	102265117	102265958	841	841	10.00	83.00	40.11	36.00	33736.00
chr9	139983320	139983457	137	137	133.00	174.00	157.56	160.00	21586.00
chr18	29206245	29206347	102	102	193.00	293.00	237.10	226.00	24184.00
chr12	120578662	120578827	165	165	70.00	119.00	90.18	86.00	14879.00
chr5	757516	758226	710	710	6.00	35.00	23.08	23.00	16387.00
chr8	21632483	21632567	84	84	74.00	109.00	89.83	90.50	7546.00
chr4	54011499	54011749	250	250	46.00	80.00	61.97	62.00	15493.00
chr8	141680613	141681365	752	752	9.00	55.00	36.26	37.00	27267.00
chr11	57367351	57367850	499	499	52.00	148.00	99.67	94.00	49733.00
chr12	63980009	63980784	775	775	8.00	27.00	16.63	16.00	12888.00
chr9	140057042	140057203	161	161	20.00	2314.00	1983.20	2122.00	319296.00
chr2	7055953	7056098	145	145	49.00	65.00	58.61	59.00	8498.00
chr12	52387768	52389043	1275	1275	25.00	674.00	241.97	200.00	308513.00
chr19	50104931	50105175	244	244	37.00	177.00	70.80	44.50	17276.00
chr19	5218430	5218543	113	113	386.00	533.00	480.42	489.00	54288.00
chr16	29898969	29899138	169	169	365.00	553.00	444.66	433.00	75148.00
chr7	99030900	99031041	141	141	22.00	35.00	28.33	29.00	3995.00
chr17	36692926	36693212	286	286	16.00	44.00	34.08	35.00	9746.00
chr15	73857770	73859335	1565	1565	18.00	136.00	70.25	71.00	109938.00
chr6	44104085	44104176	91	91	163.00	254.00	212.68	213.00	19354.00
chr1	21938518	21938602	84	84	730.00	974.00	874.51	902.00	73459.00
chr19	13423482	13423595	113	113	64.00	84.00	75.55	75.00	8537.00
chr16	70292882	70293089	207	207	868.00	1204.00	1053.46	1077.00	218067.00
chr18	61060641	61060782	141	141	125.00	163.00	144.72	144.00	20405.00
chr16	22269814	22270016	202	202	25.00	41.00	32.19	32.00	6503.00
chr1	21554423	21554534	111	111	80.00	127.00	105.27	107.00	11685.00
chr9	140057255	140057455	200	200	11.00	2838.00	1811.42	2194.50	362284.00
chr7	1488255	1488397	142	142	35.00	90.00	64.13	65.50	9107.00
chr14	100166351	100166438	87	87	469.00	568.00	516.52	516.00	44937.00
chr9	101065522	101065705	183	183	437.00	755.00	608.29	611.00	111317.00
chr5	68411752	68412041	289	289	52.00	115.00	82.62	83.00	23878.00
chr1	2452539	2452754	215	215	80.00	249.00	143.17	129.00	30781.00
chr1	21564626	21564737	111	111	108.00	139.00	124.38	126.00	13806.00
chr13	42037713	42039066	1353	1353	6.00	63.00	31.44	30.00	42533.00
chr2	114350236	114350443	207	207	13.00	105.00	59.37	60.00	12289.00
chr1	21939668	21939722	54	54	762.00	917.00	857.28	866.00	46293.00
chr9	139353895	139354007	112	112	91.00	121.00	100.46	100.00	11252.00
chr7	102176367	102176618	251	251	17.00	64.00	49.12	49.00	12329.00
chr3	51411753	51412018	265	265	14.00	410.00	156.65	19.00	41513.00
chr17	73888091	73888266	175	175	21.00	50.00	34.76	34.00	6083.00
chr13	103297258	103297435	177	177	11.00	103.00	56.65	79.00	10027.00
chr15	63922664	63922834	170	170	232.00	365.00	303.02	304.00	51513.00
chr3	33400774	33400849	75	75	159.00	239.00	196.81	179.00	14761.00
chr22	50671744	50671955	211	211	99.00	118.00	108.74	109.00	22945.00
chr1	21190968	21191205	237	237	262.00	416.00	334.72	332.00	79328.00
chr5	14481649	14481727	78	78	178.00	234.00	203.83	196.50	15899.00
chr15	101605556	101606410	854	854	27.00	84.00	54.30	53.00	46375.00
chr17	80040402	80040554	152	152	385.00	575.00	473.62	428.00	71990.00
chr2	132269293	132270897	1604	1604	18.00	123.00	77.15	78.00	123750.00
chr11	1778553	1778786	233	233	1008.00	1876.00	1484.67	1556.00	345927.00
chr11	1469616	1469808	192	192	12.00	38.00	26.22	29.00	5035.00
chr12	120138549	120138630	81	81	372.00	496.00	440.73	441.00	35699.00
chr7	901016	901101	85	85	235.00	339.00	292.35	306.00	24850.00
chr19	13372263	13372424	161	161	133.00	204.00	167.12	170.00	26907.00
chr17	40843154	40843311	157	157	416.00	542.00	483.90	488.00	75973.00
chr17	80039476	80039719	243	243	333.00	632.00	469.10	465.00	113991.00
chr17	16681109	16687365	6256	6256	6.00	156.00	58.44	56.00	365577.00
chr1	116935475	116935610	135	135	2229.00	3027.00	2662.02	2633.00	359373.00
chr6	128294808	128294972	164	164	149.00	307.00	249.51	258.50	40920.00
chr5	109189927	109190617	690	690	7.00	34.00	18.68	18.00	12887.00
chr15	40757533	40757634	101	101	42.00	161.00	133.45	140.00	13478.00
chr2	220164706	220164981	275	275	513.00	1152.00	816.35	792.00	224495.00
chr3	164905164	164908639	3475	3475	11.00	157.00	66.11	63.00	229718.00
chr11	60699157	60699356	199	199	149.00	658.00	493.42	482.00	98190.00
chr2	96680301	96680717	416	416	9.00	28.00	18.44	18.00	7671.00
chr17	40845314	40845554	240	240	392.00	681.00	504.96	473.00	121190.00
chr12	125264513	125265391	878	878	17.00	76.00	43.78	41.00	38438.00
chr1	156623704	156624158	454	454	21.00	56.00	35.47	33.50	16102.00
chr6	108370456	108370622	166	166	103.00	157.00	125.03	124.00	20755.00
chr11	19180486	19180587	101	101	28.00	46.00	34.50	33.00	3484.00
chr19	42489069	42489338	269	269	773.00	2030.00	1524.92	1621.00	410203.00
chr2	198274493	198274731	238	238	221.00	378.00	299.24	297.00	71218.00
chr6	47220991	47221257	266	266	177.00	306.00	248.64	247.00	66138.00
chr19	40872679	40872822	143	143	1932.00	3131.00	2596.87	2636.00	371352.00
chr19	54693278	54693627	349	349	18.00	177.00	88.97	83.00	31049.00
chr12	81929	82174	245	245	37.00	100.00	77.73	82.00	19045.00
chr21	45513943	45514114	171	171	97.00	159.00	123.94	127.00	21193.00
chr3	124201630	124201747	117	117	6.00	710.00	486.21	587.00	56887.00
chr17	79805118	79805223	105	105	399.00	546.00	462.65	446.00	48578.00
chr20	46307419	46307548	129	129	94.00	135.00	106.61	105.00	13753.00
chr17	38187790	38187873	83	83	127.00	166.00	146.94	145.00	12196.00
chr2	207452814	207452878	64	64	452.00	534.00	479.03	471.00	30658.00
chr17	45695715	45695823	108	108	534.00	605.00	571.59	572.00	61732.00
chr7	44283023	44283126	103	103	873.00	1044.00	948.78	941.00	97724.00
chr20	62274975	62275284	309	309	2.00	2917.00	1382.63	1868.00	427234.00
chr11	108202605	108202764	159	159	45.00	68.00	55.84	56.00	8878.00
chr9	140051314	140051489	175	175	854.00	1437.00	1096.02	1037.00	191803.00
chr22	45574118	45574781	663	663	74.00	196.00	119.51	119.00	79236.00
chr15	79312382	79312446	64	64	299.00	356.00	321.03	317.00	20546.00
chr1	21940120	21940199	79	79	737.00	841.00	790.92	794.00	62483.00
chr17	3775847	3775921	74	74	678.00	1003.00	871.65	902.50	64502.00
chr7	73133931	73134019	88	88	15.00	1662.00	568.19	415.00	50001.00
chr11	72292920	72292991	71	71	612.00	727.00	665.18	670.00	47228.00
chr7	43547616	43547730	114	114	123.00	185.00	152.82	154.00	17421.00
chr16	58713760	58714145	385	385	34.00	69.00	52.22	54.00	20104.00
chr22	21083600	21083794	194	194	1024.00	1566.00	1310.38	1340.50	254213.00
chr11	66457275	66457414	139	139	591.00	880.00	722.29	727.00	100398.00
chr15	91561034	91561115	81	81	56.00	76.00	70.14	72.00	5681.00
chr11	2968525	2969001	476	476	16.00	35.00	25.40	25.00	12089.00
chr19	34869838	34869910	72	72	2084.00	2580.00	2289.69	2269.00	164858.00
chr9	121970996	121971219	223	223	306.00	448.00	376.33	387.00	83921.00
chr3	47449772	47449980	208	208	20.00	128.00	88.07	107.00	18319.00
chr12	57601820	57601999	179	179	413.00	1014.00	708.76	662.00	126868.00
chr16	2345590	2345741	151	151	263.00	338.00	299.32	297.00	45198.00
chr12	50471782	50471910	128	128	109.00	176.00	137.85	129.00	17645.00
chr1	109814221	109814344	123	123	381.00	610.00	531.06	545.00	65320.00
chr19	16942304	16942458	154	154	106.00	162.00	132.25	133.50	20366.00
chr11	66333301	66333398	97	97	561.00	719.00	625.74	612.00	60697.00
chr5	74026084	74026223	139	139	131.00	196.00	165.80	172.00	23046.00
chr5	68417520	68417722	202	202	67.00	101.00	88.36	89.50	17848.00
chr19	15272262	15272525	263	263	43.00	108.00	74.41	75.00	19570.00
chr3	45872404	45872482	78	78	173.00	203.00	189.56	189.50	14786.00
chr7	73123374	73123452	78	78	1690.00	2248.00	2068.19	2144.50	161319.00
chr5	14498197	14498360	163	163	236.00	367.00	299.45	293.00	48810.00
chr14	93180167	93180230	63	63	171.00	219.00	192.37	193.00	12119.00
chr9	130984739	130984875	136	136	2719.00	4530.00	3537.07	3251.50	481042.00
chr13	31216764	31216894	130	130	49.00	69.00	61.05	61.50	7937.00
chr12	112614399	112614506	107	107	123.00	279.00	257.88	263.00	27593.00
chr12	57602865	57602982	117	117	609.00	894.00	716.15	688.00	83790.00
chr14	72976861	72976987	126	126	111.00	170.00	139.48	135.00	17574.00
chr1	155209406	155209553	147	147	147.00	218.00	175.59	165.00	25812.00
chr10	49633930	49634113	183	183	134.00	246.00	197.08	204.00	36065.00
chr16	84100093	84100218	125	125	226.00	304.00	260.02	259.00	32503.00
chr1	155207924	155208097	173	173	183.00	266.00	219.31	212.00	37940.00
chr12	2786898	2787033	135	135	39.00	80.00	58.26	57.00	7865.00
chr2	233755457	233756197	740	740	13.00	1364.00	243.58	64.00	180248.00
chr14	60631894	60632099	205	205	89.00	309.00	228.07	252.00	46754.00
chr1	11151549	11151654	105	105	94.00	135.00	114.74	114.00	12048.00
chr4	134076071	134076178	107	107	290.00	466.00	407.15	413.00	43565.00
chr15	91420364	91420441	77	77	254.00	297.00	280.10	279.00	21568.00
chr5	114961533	114961755	222	222	15.00	117.00	77.81	81.00	17273.00
chr16	1814047	1814211	164	164	11.00	823.00	359.53	489.50	58963.00
chr18	44250463	44252581	2118	2118	21.00	225.00	113.32	109.00	240003.00
chr6	158049380	158049518	138	138	59.00	84.00	73.43	74.00	10133.00
chr19	7675585	7675679	94	94	83.00	103.00	96.27	96.00	9049.00
chr13	99461604	99461719	115	115	10.00	308.00	256.29	250.00	29473.00
chr11	130010829	130011467	638	638	13.00	2515.00	285.43	35.00	182104.00
chr11	107526658	107526792	134	134	457.00	560.00	514.13	517.50	68894.00
chr16	1391294	1391490	196	196	225.00	376.00	284.50	279.00	55762.00
chr1	38182716	38184158	1442	1442	13.00	150.00	93.67	94.00	135073.00
chr5	179231023	179231323	300	300	12.00	36.00	22.95	22.00	6885.00
chr14	69814593	69814719	126	126	169.00	250.00	216.01	219.50	27217.00
chr14	69349174	69349309	135	135	309.00	498.00	422.41	434.00	57026.00
chr19	7614792	7614998	206	206	218.00	326.00	277.32	282.50	57128.00
chr1	228270375	228270466	91	91	10.00	2214.00	693.32	290.00	63092.00
chr1	38186022	38186315	293	293	14.00	86.00	54.31	66.00	15913.00
chr13	77641715	77641999	284	284	386.00	584.00	486.47	500.50	138158.00
chr14	100157417	100157498	81	81	177.00	390.00	263.73	251.00	21362.00
chr13	32978280	32979333	1053	1053	17.00	127.00	50.20	43.00	52862.00
chr12	7301567	7301794	227	227	701.00	1160.00	975.43	981.00	221423.00
chr9	123583116	123583257	141	141	67.00	95.00	78.61	78.00	11084.00
chr17	26883183	26883284	101	101	102.00	221.00	145.52	131.00	14698.00
chr12	6972993	6973137	144	144	322.00	438.00	383.86	387.50	55276.00
chr20	34322310	34322637	327	327	12.00	28.00	18.81	20.00	6152.00
chr19	7606407	7606570	163	163	124.00	228.00	161.00	158.00	26243.00
chr16	2333186	2333373	187	187	5.00	487.00	342.43	379.00	64035.00
chr12	113825548	113825711	163	163	148.00	338.00	229.52	211.00	37412.00
chr7	4802013	4807749	5736	5736	8.00	218.00	85.75	78.00	491864.00
chr1	43394880	43394985	105	105	392.00	558.00	478.76	492.00	50270.00
chr19	4554399	4554488	89	89	462.00	627.00	568.64	593.00	50609.00
chr16	31719139	31719372	233	233	10.00	26.00	19.49	20.00	4541.00
chr5	134060669	134061744	1075	1075	17.00	54.00	37.64	38.00	40467.00
chr1	202936318	202936371	53	53	15.00	196.00	111.49	149.00	5909.00
chr2	220087366	220087615	249	249	231.00	330.00	279.97	286.00	69712.00
chr2	36764494	36764689	195	195	133.00	219.00	186.60	190.00	36387.00
chr7	43519208	43519343	135	135	134.00	251.00	208.24	222.00	28113.00
chr10	51249585	51249993	408	408	12.00	24.00	17.86	18.00	7288.00
chr6	32123647	32123755	108	108	184.00	275.00	213.19	210.00	23025.00
chr3	118624442	118624692	250	250	10.00	86.00	43.78	20.00	10946.00
chr1	190129797	190130020	223	223	46.00	64.00	52.65	52.00	11741.00
chr9	131004491	131004624	133	133	11.00	4000.00	3253.27	3822.00	432685.00
chr22	33679187	33679334	147	147	248.00	317.00	280.22	281.00	41193.00
chr15	74709931	74710016	85	85	178.00	381.00	239.42	192.00	20351.00
chr7	6470110	6470238	128	128	49.00	79.00	65.68	68.00	8407.00
chr1	6640600	6641359	759	759	20.00	71.00	45.52	47.00	34549.00
chr16	31510622	31510728	106	106	279.00	356.00	314.92	317.50	33382.00
chr4	103710287	103711803	1516	1516	12.00	49.00	29.26	28.00	44365.00
chr19	2862339	2862746	407	407	8.00	51.00	23.01	21.00	9366.00
chr2	15467873	15467994	121	121	81.00	110.00	96.70	96.00	11701.00
chr2	36780721	36781492	771	771	15.00	37.00	24.25	23.00	18700.00
chr10	81070680	81070941	261	261	42.00	128.00	71.51	57.00	18663.00
chr2	217234866	217235986	1120	1120	27.00	114.00	58.71	56.00	65753.00
chr10	93786348	93786508	160	160	66.00	155.00	100.49	105.00	16079.00
chr17	20268785	20269076	291	291	5.00	19.00	10.92	9.00	3178.00
chr9	131002006	131002062	56	56	7.00	4423.00	3890.64	4178.00	217876.00
chr1	155208307	155208441	134	134	217.00	302.00	258.11	256.50	34587.00
chr2	162833877	162834373	496	496	9.00	776.00	70.20	15.00	34817.00
chr9	35799614	35799728	114	114	50.00	79.00	62.80	64.00	7159.00
chr20	62517856	62519234	1378	1378	11.00	258.00	77.50	70.00	106800.00
chr22	35942847	35943127	280	280	72.00	309.00	210.79	226.00	59021.00
chr13	26436438	26436546	108	108	75.00	95.00	82.51	81.00	8911.00
chr14	69371371	69371453	82	82	240.00	440.00	334.68	335.50	27444.00
chr7	44031274	44031581	307	307	6.00	69.00	35.49	35.00	10895.00
chr11	12274988	12275291	303	303	9.00	68.00	38.04	40.00	11525.00
chr5	1334403	1334498	95	95	173.00	226.00	199.29	203.00	18933.00
chr19	34868639	34868786	147	147	2403.00	3446.00	2815.91	2748.00	413939.00
chr16	1815960	1816143	183	183	487.00	746.00	603.86	602.00	110506.00
chr10	73578787	73578868	81	81	3938.00	5315.00	4581.54	4525.00	371105.00
chr17	37420427	37420640	213	213	35.00	55.00	44.74	44.00	9529.00
chr5	60835422	60835586	164	164	57.00	81.00	67.32	66.00	11041.00
chr15	79296143	79296517	374	374	397.00	632.00	490.30	481.50	183372.00
chr19	13039568	13039661	93	93	626.00	983.00	827.08	864.00	76918.00
chr12	49421585	49421713	128	128	137.00	237.00	191.42	191.00	24502.00
chr1	1661057	1662583	1526	1526	13.00	350.00	105.24	81.00	160601.00
chr2	207457340	207457460	120	120	502.00	649.00	575.85	581.00	69102.00
chr11	64542462	64543441	979	979	20.00	73.00	48.39	48.00	47369.00
chr20	61910250	61910347	97	97	182.00	229.00	204.71	204.00	19857.00
chr11	62394042	62394156	114	114	306.00	432.00	344.54	335.00	39277.00
chr5	37301538	37301652	114	114	27.00	36.00	32.27	32.00	3679.00
chr16	4733843	4733933	90	90	201.00	240.00	218.01	217.00	19621.00
chr15	43693913	43694048	135	135	51.00	92.00	66.65	62.00	8998.00
chr11	18764538	18764622	84	84	258.00	338.00	302.86	311.00	25440.00
chr17	57842331	57842499	168	168	174.00	216.00	196.29	197.00	32977.00
chr9	96076729	96078064	1335	1335	16.00	71.00	40.17	39.00	53624.00
chr11	12246219	12246367	148	148	385.00	550.00	433.26	436.00	64123.00
chr12	7030743	7031565	822	822	17.00	5465.00	1872.59	47.00	1539267.00
chr3	14523178	14523349	171	171	43.00	74.00	61.22	62.00	10468.00
chr5	758508	759483	975	975	9.00	44.00	21.38	19.00	20842.00
chr12	22635490	22635677	187	187	118.00	167.00	140.97	141.00	26361.00
chr5	14479369	14479459	90	90	211.00	248.00	226.09	226.00	20348.00
chr6	143655214	143656079	865	865	10.00	31.00	17.57	17.00	15200.00
chr7	75508360	75508578	218	218	19.00	1204.00	808.89	1008.50	176337.00
chr11	60697981	60698131	150	150	241.00	451.00	331.93	316.00	49790.00
chr1	151400598	151400889	291	291	140.00	331.00	240.02	263.00	69847.00
chr5	172196431	172197309	878	878	49.00	691.00	230.91	99.00	202735.00
chr3	49152660	49152794	134	134	108.00	143.00	126.55	129.00	16958.00
chr7	5518281	5519950	1669	1669	26.00	174.00	96.29	97.00	160703.00
chr17	16691106	16691449	343	343	17.00	179.00	80.85	95.00	27732.00
chr2	220086993	220087172	179	179	209.00	347.00	287.11	303.00	51392.00
chr10	51746916	51748006	1090	1090	12.00	126.00	55.76	48.00	60779.00
chr12	7302118	7302289	171	171	1089.00	1333.00	1214.58	1223.00	207694.00
chr11	59562844	59562955	111	111	48.00	89.00	69.05	73.00	7665.00
chr12	6100984	6101184	200	200	112.00	189.00	138.71	129.00	27742.00
chr19	5683274	5683627	353	353	16.00	59.00	37.04	37.00	13075.00
chr12	2786259	2786387	128	128	45.00	64.00	52.28	52.00	6692.00
chr15	26812727	26812880	153	153	330.00	581.00	407.02	393.00	62274.00
chr1	149007980	149008798	818	818	2.00	57.00	15.50	7.00	12680.00
chr19	54965608	54965861	253	253	98.00	366.00	233.51	223.00	59079.00
chr8	27293259	27293310	51	51	465.00	633.00	534.39	533.00	27254.00
chr15	23014437	23014528	91	91	147.00	234.00	194.00	191.00	17654.00
chr1	111717500	111717585	85	85	99.00	153.00	130.45	134.00	11088.00
chr6	150157220	150157433	213	213	327.00	445.00	389.01	389.00	82859.00
chr13	114566547	114566670	123	123	49.00	200.00	109.04	96.00	13412.00
chr16	58539291	58539605	314	314	5.00	69.00	44.03	47.00	13826.00
chr1	21936612	21936768	156	156	425.00	1490.00	859.01	872.50	134005.00
chr1	17322880	17322991	111	111	400.00	624.00	519.05	554.00	57614.00
chr11	60699455	60699599	144	144	458.00	670.00	545.89	523.00	78608.00
chr5	6749669	6749770	101	101	86.00	108.00	96.23	95.00	9719.00
chr16	2156805	2156949	144	144	256.00	361.00	297.06	280.00	42777.00
chr15	34690834	34690930	96	96	170.00	375.00	309.39	313.50	29701.00
chr3	11074933	11075425	492	492	12.00	903.00	175.10	30.00	86150.00
chr5	74655222	74655381	159	159	168.00	253.00	207.99	218.00	33070.00
chr20	20022968	20023160	192	192	67.00	157.00	101.48	87.00	19484.00
chr2	39055481	39055578	97	97	29.00	41.00	32.77	34.00	3179.00
chr19	16793231	16793528	297	297	13.00	321.00	100.10	28.00	29730.00
chr2	219205450	219205509	59	59	156.00	195.00	176.59	180.00	10419.00
chr17	74087429	74087729	300	300	17.00	52.00	38.27	38.00	11480.00
chr3	184058150	184060036	1886	1886	18.00	931.00	168.19	68.00	317206.00
chr6	90333128	90333263	135	135	70.00	121.00	103.44	111.00	13965.00
chr12	125267019	125267429	410	410	31.00	106.00	60.99	50.00	25004.00
chr1	207942580	207943104	524	524	11.00	108.00	63.82	63.00	33442.00
chr4	89356876	89357043	167	167	51.00	80.00	69.44	71.00	11597.00
chr7	101995498	101995736	238	238	18.00	92.00	44.95	31.00	10697.00
chr3	11067458	11067562	104	104	694.00	906.00	807.44	811.50	83974.00
chr5	95734582	95734740	158	158	155.00	188.00	172.11	172.00	27194.00
chr6	152529106	152529341	235	235	162.00	293.00	227.11	226.00	53371.00
chr5	102295578	102295763	185	185	174.00	328.00	249.12	250.00	46088.00
chr22	21072980	21073110	130	130	1316.00	1919.00	1583.22	1630.50	205819.00
chr12	121855306	121855714	408	408	124.00	265.00	164.65	160.00	67178.00
chr1	160326389	160326544	155	155	162.00	241.00	187.50	177.00	29063.00
chr11	60670930	60671007	77	77	477.00	578.00	531.17	538.00	40900.00
chr17	79804822	79804948	126	126	515.00	726.00	629.81	636.50	79356.00
chr16	18527204	18527332	128	128	800.00	1149.00	972.78	978.50	124516.00
chr16	16372518	16372646	128	128	824.00	1188.00	1007.35	1014.50	128941.00
chr2	32750530	32750695	165	165	78.00	118.00	98.11	102.00	16188.00
chr14	69369193	69369279	86	86	399.00	542.00	458.57	462.00	39437.00
chr7	66418212	66418356	144	144	215.00	366.00	300.12	299.50	43217.00
chr6	44107988	44108097	109	109	183.00	250.00	222.72	227.00	24276.00
chr7	70885893	70886091	198	198	424.00	938.00	614.30	507.50	121631.00
chr8	27295281	27295397	116	116	587.00	711.00	647.42	652.00	75101.00
chr7	73122918	73123018	100	100	1627.00	1943.00	1746.84	1735.00	174684.00
chr15	34698874	34699071	197	197	408.00	507.00	452.15	453.00	89074.00
chr8	22009343	22009513	170	170	359.00	675.00	482.92	466.00	82096.00
chr7	1526557	1526737	180	180	54.00	200.00	144.27	172.00	25969.00
chr5	178053946	178054065	119	119	8.00	241.00	111.34	96.00	13249.00
chr12	6103027	6103369	342	342	106.00	199.00	153.55	162.00	52514.00
chr2	3479491	3480482	991	991	11.00	57.00	28.75	28.00	28488.00
chr3	33883388	33883566	178	178	165.00	231.00	190.61	188.00	33928.00
chr19	11019778	11019883	105	105	230.00	319.00	279.21	290.00	29317.00
chr7	98446205	98446318	113	113	1722.00	3429.00	2628.51	2556.00	297022.00
chr8	106813274	106813932	658	658	20.00	69.00	44.83	45.00	29498.00
chr2	223795338	223795530	192	192	501.00	770.00	595.39	563.50	114315.00
chr7	75511146	75511554	408	408	724.00	1587.00	1175.54	1229.00	479621.00
chr21	40184926	40185038	112	112	242.00	425.00	350.36	382.00	39240.00
chr19	53383575	53385236	1661	1661	10.00	49.00	30.76	32.00	51100.00
chr19	14208130	14208295	165	165	11.00	757.00	482.82	609.00	79666.00
chr15	91461013	91461618	605	605	22.00	472.00	160.86	40.00	97319.00
chr8	145278010	145278133	123	123	60.00	92.00	77.02	76.00	9474.00
chr16	28132990	28133083	93	93	209.00	309.00	250.89	251.00	23333.00
chr11	125280091	125280221	130	130	146.00	231.00	179.95	175.50	23393.00
chr15	63128089	63128317	228	228	60.00	315.00	221.55	247.00	50513.00
chr9	131181435	131181557	122	122	13.00	840.00	673.41	708.00	82156.00
chr19	3281196	3281343	147	147	298.00	440.00	379.95	393.00	55853.00
chr11	6240200	6240280	80	80	95.00	117.00	106.64	107.50	8531.00
chr20	31019123	31019287	164	164	48.00	68.00	59.10	59.00	9692.00
chr6	46825865	46827260	1395	1395	63.00	171.00	98.32	94.00	137162.00
chr12	1672006	1672666	660	660	16.00	90.00	39.06	31.00	25782.00
chr12	9098824	9099001	177	177	242.00	318.00	280.59	280.00	49665.00
chr7	121738503	121738630	127	127	27.00	46.00	33.09	32.00	4202.00
chr19	40875814	40875935	121	121	1236.00	1593.00	1430.22	1430.00	173057.00
chr20	3581592	3581671	79	79	115.00	173.00	148.42	154.00	11725.00
chr17	7226965	7227042	77	77	103.00	134.00	116.27	113.00	8953.00
chr2	74331800	74332809	1009	1009	23.00	80.00	40.63	36.00	40996.00
chr1	209785136	209785610	474	474	15.00	357.00	259.75	288.00	123122.00
chr9	35546426	35548532	2106	2106	162.00	478.00	286.75	285.00	603902.00
chr17	80040198	80040290	92	92	417.00	512.00	466.57	461.50	42924.00
chr11	73074791	73075284	493	493	17.00	291.00	102.30	34.00	50435.00
chr20	44674976	44675075	99	99	499.00	644.00	595.97	603.00	59001.00
chr20	5892091	5892328	237	237	72.00	607.00	357.22	386.00	84660.00
chr17	20316581	20317594	1013	1013	6.00	35.00	17.96	17.00	18195.00
chr12	99478702	99478801	99	99	255.00	316.00	287.11	287.00	28424.00
chr17	40842756	40842960	204	204	529.00	777.00	639.54	629.50	130466.00
chr11	107501142	107501288	146	146	289.00	416.00	347.08	352.00	50673.00
chr11	85429236	85429532	296	296	9.00	42.00	19.39	14.00	5739.00
chr20	9449217	9449319	102	102	72.00	92.00	79.95	79.00	8155.00
chr14	23371395	23371591	196	196	145.00	203.00	176.47	178.00	34589.00
chr7	716865	716957	92	92	2166.00	3000.00	2741.10	2760.50	252181.00
chr10	48862360	48862682	322	322	14.00	283.00	169.27	200.00	54506.00
chr10	68686678	68688210	1532	1532	46.00	179.00	92.06	81.50	141030.00
chr5	179674854	179674926	72	72	330.00	427.00	378.42	387.00	27246.00
chr1	209773327	209773456	129	129	264.00	343.00	300.84	300.00	38809.00
chr17	45691034	45691091	57	57	469.00	560.00	510.96	512.00	29125.00
chr1	19669871	19670118	247	247	26.00	55.00	42.42	43.00	10478.00
chr17	45664025	45664710	685	685	14.00	455.00	118.42	79.00	81120.00
chr19	2337634	2338840	1206	1206	18.00	100.00	43.75	37.00	52757.00
chr8	22011480	22011552	72	72	567.00	691.00	630.35	636.00	45385.00
