#chrom	start	end	size	num_data	min	max	mean	median	sum
chr12	1940100	1940691	591	591	28.00	69.00	44.38	43.00	26227.00
chr1	27480473	27481381	908	908	21.00	59.00	35.44	34.00	32176.00
chr15	63112684	63112809	125	125	167.00	221.00	193.54	190.00	24192.00
chr5	149231737	149232254	517	517	5.00	21.00	13.61	13.00	7038.00
chr5	140865429	140867182	1753	1753	2.00	30.00	14.10	14.00	24718.00
chr1	32209793	32209958	165	165	126.00	246.00	184.62	184.00	30462.00
chr16	87873307	87873431	124	124	78.00	116.00	99.35	98.00	12319.00
chr17	34157438	34158175	737	737	3.00	15.00	8.11	8.00	5979.00
chr2	127815619	127816088	469	469	0.00	25.00	14.13	15.00	6628.00
chr1	208212965	208213112	147	147	54.00	82.00	68.02	66.00	9999.00
chr22	19703883	19704666	783	783	4.00	38.00	20.66	20.00	16177.00
chr16	87872319	87872423	104	104	88.00	118.00	102.30	102.00	10639.00
chr9	140055740	140055868	128	128	1160.00	1328.00	1237.59	1239.50	158411.00
chr22	21096515	21096643	128	128	323.00	454.00	366.23	359.00	46878.00
chr9	140056321	140056540	219	219	5.00	1991.00	1237.11	1508.00	270926.00
chr11	78379981	78380253	272	272	6.00	30.00	12.92	11.00	3515.00
chr3	11070420	11070533	113	113	186.00	286.00	242.56	248.00	27409.00
chr1	109812554	109813222	668	668	3.00	391.00	171.70	207.50	114693.00
chr2	220161954	220162155	201	201	389.00	746.00	617.00	641.00	124018.00
chr15	74706887	74707086	199	199	89.00	113.00	104.43	106.00	20781.00
chr17	7318829	7319426	597	597	109.00	329.00	201.03	193.00	120016.00
chr1	21560050	21560154	104	104	41.00	60.00	48.12	48.00	5005.00
chr1	25573799	25573952	153	153	8.00	277.00	181.65	205.00	27792.00
chr14	93198993	93199160	167	167	94.00	126.00	108.56	108.00	18130.00
chr1	205554003	205554119	116	116	110.00	190.00	148.42	143.00	17217.00
chr1	9795005	9795232	227	227	1218.00	1784.00	1505.37	1523.00	341719.00
chr17	42426525	42426670	145	145	71.00	120.00	91.71	91.00	13298.00
chr18	70205887	70206179	292	292	5.00	361.00	149.21	29.50	43569.00
chr1	205553082	205553251	169	169	197.00	273.00	227.19	226.00	38395.00
chr9	140056623	140056766	143	143	11.00	1585.00	1011.49	1169.00	144643.00
chr6	33412147	33412394	247	247	15.00	419.00	246.37	328.00	60854.00
chr12	89992366	89992547	181	181	7.00	672.00	481.45	539.00	87143.00
chr2	220088827	220089576	749	749	62.00	149.00	101.47	99.00	76001.00
chr14	100763073	100765222	2149	2149	4.00	55.00	27.87	27.00	59888.00
chr1	110740697	110742543	1846	1846	4.00	491.00	318.39	315.00	587743.00
chr1	149878201	149879758	1557	1557	10.00	846.00	199.59	30.00	310766.00
chr3	197264139	197265259	1120	1120	5.00	37.00	16.95	16.00	18989.00
chr8	56449623	56450530	907	907	2.00	28.00	12.00	12.00	10885.00
chr9	139354208	139354326	118	118	45.00	66.00	54.46	54.00	6426.00
chr1	32204908	32205236	328	328	346.00	497.00	407.91	406.00	133794.00
chr7	75608768	75608897	129	129	108.00	159.00	134.50	138.00	17351.00
chr19	45161029	45161178	149	149	22.00	54.00	38.91	39.00	5798.00
chr19	5243911	5244493	582	582	43.00	120.00	80.13	78.00	46635.00
chr6	32119585	32119717	132	132	14.00	472.00	262.30	284.00	34624.00
chr3	42670878	42672067	1189	1189	2.00	24.00	13.12	13.00	15605.00
chr11	45892392	45892485	93	93	110.00	158.00	129.84	130.00	12075.00
chr17	80040789	80040991	202	202	285.00	422.00	344.90	340.00	69669.00
chr2	74902875	74903036	161	161	62.00	102.00	72.24	70.00	11630.00
chr17	38335969	38337946	1977	1977	3.00	162.00	19.97	13.00	39487.00
chr16	87870103	87870253	150	150	66.00	123.00	91.08	88.00	13662.00
chr1	32205947	32206142	195	195	324.00	486.00	392.83	385.00	76602.00
chr6	44117553	44117702	149	149	20.00	269.00	155.84	183.00	23220.00
chr1	159163659	159163830	171	171	763.00	967.00	865.75	865.00	148044.00
chr3	445565	446023	458	458	1.00	22.00	10.55	10.00	4831.00
chr2	25048913	25048995	82	82	132.00	168.00	149.59	143.50	12266.00
chr10	99504485	99504672	187	187	44.00	79.00	56.44	56.00	10554.00
chr4	54364807	54365010	203	203	55.00	162.00	93.10	78.00	18899.00
chr17	1634367	1634552	185	185	26.00	53.00	40.39	40.00	7472.00
chr7	72416124	72416247	123	123	68.00	105.00	83.60	78.00	10283.00
chr1	208212169	208212329	160	160	55.00	94.00	70.78	73.00	11324.00
chr9	140952500	140952702	202	202	38.00	62.00	48.22	47.00	9740.00
chr6	44197325	44197528	203	203	41.00	93.00	69.57	71.00	14122.00
chr6	44197643	44198218	575	575	24.00	61.00	42.86	38.00	24642.00
chr11	118981972	118982084	112	112	135.00	234.00	182.25	182.50	20412.00
chr5	150503846	150503952	106	106	4.00	1680.00	1216.73	1547.50	128973.00
chr11	118981761	118981878	117	117	195.00	256.00	222.64	220.00	26049.00
chr11	126314873	126315000	127	127	50.00	78.00	63.24	62.00	8031.00
chr1	159165808	159166244	436	436	3.00	839.00	164.77	12.00	71841.00
chr7	134893542	134893750	208	208	22.00	44.00	32.01	32.00	6658.00
chr9	121976196	121976433	237	237	115.00	275.00	196.04	207.00	46461.00
chr19	54691042	54691169	127	127	216.00	383.00	292.71	286.00	37174.00
chr22	38621430	38621600	170	170	163.00	294.00	233.44	246.00	39684.00
chr13	42035681	42036205	524	524	1.00	7.00	2.65	3.00	1391.00
chr20	1915360	1915413	53	53	8.00	1055.00	726.53	899.00	38506.00
chr5	14496987	14497126	139	139	96.00	190.00	132.84	122.00	18465.00
chr12	56528125	56528212	87	87	108.00	133.00	122.83	124.00	10686.00
chr3	47466974	47467101	127	127	65.00	79.00	72.87	73.00	9254.00
chr17	7415476	7415663	187	187	99.00	170.00	133.88	132.00	25035.00
chr3	33588037	33589252	1215	1215	1.00	22.00	10.31	10.00	12522.00
chr7	887833	888615	782	782	3.00	65.00	20.43	16.00	15980.00
chr10	24813251	24813693	442	442	21.00	60.00	36.88	36.00	16300.00
chr1	109812045	109812213	168	168	186.00	289.00	243.45	245.50	40899.00
chr19	15276597	15276902	305	305	71.00	132.00	93.01	89.00	28368.00
chr16	2334779	2334999	220	220	165.00	194.00	179.00	179.00	39379.00
chr16	68404761	68405261	500	500	9.00	31.00	23.76	24.00	11881.00
chr4	110969111	110969871	760	760	14.00	55.00	30.92	30.00	23502.00
chr1	145693161	145693996	835	835	8.00	59.00	28.92	27.00	24150.00
chr7	44282848	44282932	84	84	533.00	626.00	579.30	585.00	48661.00
chr2	220164315	220164508	193	193	23.00	349.00	161.73	34.00	31213.00
chr12	50472203	50472360	157	157	52.00	83.00	68.67	67.00	10781.00
chr2	220163768	220163833	65	65	341.00	497.00	427.69	440.00	27800.00
chr2	222289928	222290862	934	934	98.00	227.00	163.13	164.00	152362.00
chr12	57599133	57599268	135	135	249.00	337.00	277.26	273.00	37430.00
chr7	157475416	157475629	213	213	246.00	354.00	305.96	316.00	65170.00
chr1	32203800	32203927	127	127	349.00	622.00	500.93	538.00	63618.00
chr1	109811731	109811912	181	181	214.00	367.00	290.83	295.00	52640.00
chr9	140052830	140052975	145	145	747.00	1929.00	1413.63	1529.00	204977.00
chr2	220161706	220161854	148	148	546.00	948.00	750.13	779.50	111019.00
chr16	29896906	29897070	164	164	317.00	544.00	467.94	497.00	76742.00
chr16	47143393	47143622	229	229	30.00	55.00	39.02	38.00	8935.00
chr11	993753	993985	232	232	162.00	331.00	239.21	209.00	55497.00
chr9	124059698	124061137	1439	1439	0.00	20.00	5.89	5.00	8473.00
chr9	140350140	140350634	494	494	7.00	36.00	22.67	22.00	11200.00
chr11	14504577	14504697	120	120	52.00	89.00	71.45	72.00	8574.00
chr3	49898612	49898733	121	121	379.00	558.00	477.77	486.00	57810.00
chr9	131811659	131811777	118	118	52.00	77.00	64.73	64.50	7638.00
chr9	131810705	131810818	113	113	55.00	79.00	70.95	72.00	8017.00
chr1	223400935	223401080	145	145	91.00	166.00	131.30	129.00	19039.00
chr12	125612185	125612820	635	635	3.00	108.00	25.90	12.00	16449.00
chr2	220088590	220088744	154	154	90.00	158.00	131.45	133.00	20243.00
chr9	70888487	70888750	263	263	3.00	26.00	15.27	15.00	4016.00
chr14	69813756	69813898	142	142	121.00	231.00	161.54	146.50	22939.00
chr2	47399145	47399890	745	745	10.00	330.00	38.89	32.00	28974.00
chr11	62688689	62689041	352	352	6.00	144.00	42.36	14.50	14909.00
chr6	43745205	43745407	202	202	5.00	74.00	61.46	62.00	12414.00
chr3	11072492	11072997	505	505	7.00	331.00	66.39	15.00	33528.00
chr7	2696031	2696168	137	137	167.00	221.00	201.30	204.00	27578.00
chr16	14969196	14969279	83	83	426.00	675.00	555.84	582.00	46135.00
chr17	7377847	7378026	179	179	7.00	15.00	11.13	11.00	1993.00
chr12	65639640	65639719	79	79	43.00	73.00	53.47	49.00	4224.00
chr12	50294912	50295108	196	196	1066.00	1783.00	1280.69	1253.50	251015.00
chr19	42485653	42485788	135	135	1306.00	2045.00	1677.91	1663.00	226518.00
chr10	99509230	99509343	113	113	53.00	134.00	91.21	95.00	10307.00
chr22	38883877	38888120	4243	4243	30.00	634.00	180.73	161.00	766842.00
chr12	49416372	49416658	286	286	56.00	115.00	84.99	82.00	24308.00
chr6	24843089	24843782	693	693	23.00	48.00	35.37	35.00	24509.00
chr5	176295561	176295665	104	104	172.00	294.00	202.52	184.00	21062.00
chr10	99510087	99510227	140	140	93.00	152.00	116.09	113.00	16252.00
chr1	159173658	159174770	1112	1112	6.00	82.00	28.60	22.00	31808.00
chr11	1780745	1780869	124	124	671.00	981.00	843.80	870.00	104631.00
chr19	42486059	42486258	199	199	1077.00	1554.00	1315.28	1345.00	261740.00
chr3	47465422	47465535	113	113	64.00	108.00	82.82	84.00	9359.00
chr1	21573713	21573856	143	143	48.00	70.00	59.29	60.00	8478.00
chr11	65320330	65320453	123	123	110.00	146.00	124.28	123.00	15286.00
chr3	47462420	47462519	99	99	118.00	166.00	142.08	141.00	14066.00
chr2	219204751	219204864	113	113	114.00	147.00	136.22	138.00	15393.00
chr1	43906123	43906257	134	134	16.00	27.00	20.22	20.00	2709.00
chr7	38785158	38785840	682	682	8.00	190.00	30.70	17.00	20934.00
chr2	153499932	153500058	126	126	82.00	123.00	103.76	107.00	13074.00
chr1	32203011	32203132	121	121	4.00	473.00	360.09	417.00	43571.00
chr22	42290823	42290941	118	118	309.00	607.00	486.72	490.00	57433.00
chr19	47940718	47940818	100	100	292.00	459.00	369.31	357.00	36931.00
chr4	119539150	119539274	124	124	8.00	32.00	23.20	26.00	2877.00
chr17	44117067	44117250	183	183	43.00	75.00	59.39	61.00	10868.00
chr19	42485873	42485983	110	110	1023.00	1304.00	1194.05	1190.50	131346.00
chr6	44114583	44114664	81	81	63.00	91.00	80.88	84.00	6551.00
chr19	47941105	47941292	187	187	8.00	488.00	255.89	333.00	47852.00
chr11	73074250	73074500	250	250	152.00	237.00	192.18	188.00	48045.00
chr3	33418764	33418825	61	61	173.00	240.00	203.03	202.00	12385.00
chr1	700258	700505	247	247	12.00	63.00	33.47	31.00	8267.00
chr9	74319510	74319719	209	209	14.00	31.00	23.03	24.00	4814.00
chr16	2336694	2336968	274	274	147.00	372.00	252.19	250.50	69100.00
chr20	3575125	3575219	94	94	63.00	100.00	76.95	76.00	7233.00
chr9	139231377	139231529	152	152	60.00	83.00	73.75	75.00	11210.00
chr5	140515951	140516498	547	547	6.00	29.00	15.66	16.00	8566.00
chr1	21938208	21938309	101	101	320.00	423.00	384.27	393.00	38811.00
chr3	155659188	155659936	748	748	7.00	76.00	48.75	58.00	36467.00
chr16	27483068	27483241	173	173	80.00	119.00	102.78	105.00	17781.00
chr11	994071	994245	174	174	95.00	185.00	143.80	148.00	25021.00
chr7	71175745	71175913	168	168	261.00	418.00	345.96	359.50	58122.00
chr12	121204065	121204175	110	110	96.00	138.00	117.91	119.50	12970.00
chr7	73118679	73118753	74	74	510.00	732.00	612.84	593.00	45350.00
chr9	140972565	140972710	145	145	54.00	77.00	65.07	64.00	9435.00
chr12	121683329	121684024	695	695	4.00	20.00	12.79	13.00	8886.00
chr16	74493579	74493687	108	108	102.00	121.00	109.49	109.00	11825.00
chr2	36771518	36771641	123	123	118.00	219.00	166.57	167.00	20488.00
chr7	94187181	94187996	815	815	0.00	21.00	7.98	8.00	6505.00
chr14	94156951	94157239	288	288	7.00	15.00	10.51	10.00	3026.00
chr7	121739000	121739524	524	524	1.00	13.00	8.16	9.00	4278.00
chr1	19549117	19549328	211	211	45.00	82.00	64.06	63.00	13517.00
chr19	5214571	5214747	176	176	167.00	291.00	204.41	198.00	35976.00
chr19	42557753	42557861	108	108	119.00	152.00	135.93	135.00	14680.00
chr15	102510686	102510925	239	239	2.00	18.00	11.84	12.00	2829.00
chr5	167673761	167675376	1615	1615	13.00	90.00	41.48	37.00	66983.00
chr7	44282158	44282253	95	95	543.00	675.00	585.60	565.00	55632.00
chr2	160621061	160621717	656	656	6.00	122.00	27.19	17.00	17836.00
chr5	10426501	10426634	133	133	138.00	196.00	169.01	171.00	22478.00
chr16	1814301	1814460	159	159	514.00	653.00	598.22	613.00	95117.00
chr11	21581734	21581928	194	194	75.00	114.00	96.89	97.00	18797.00
chr3	126749085	126749255	170	170	107.00	142.00	124.02	124.00	21084.00
chr11	12237765	12237866	101	101	240.00	303.00	270.39	271.00	27309.00
chr6	31750872	31750963	91	91	68.00	109.00	88.15	90.00	8022.00
chr3	53124201	53124398	197	197	7.00	14.00	10.46	10.00	2061.00
chr2	220161470	220161544	74	74	714.00	880.00	815.14	828.00	60320.00
chr2	128951046	128951785	739	739	2.00	62.00	29.44	29.00	21756.00
chr5	24535811	24535931	120	120	52.00	88.00	72.97	75.00	8757.00
chr1	44083406	44083582	176	176	166.00	301.00	216.91	207.00	38176.00
chr1	32207653	32207818	165	165	240.00	324.00	285.58	287.00	47120.00
chr12	7293754	7294000	246	246	7.00	562.00	310.26	422.00	76325.00
chr3	131442289	131442469	180	180	34.00	77.00	60.46	63.00	10882.00
chr3	49898871	49899298	427	427	20.00	641.00	255.15	315.00	108947.00
chr16	66432358	66432464	106	106	30.00	42.00	35.21	34.50	3732.00
chr1	20982593	20982680	87	87	163.00	243.00	197.43	193.00	17176.00
chr16	68398653	68398809	156	156	22.00	40.00	30.07	28.00	4691.00
chr17	16676818	16678279	1461	1461	0.00	28.00	10.39	10.00	15177.00
chr1	109814899	109815027	128	128	318.00	377.00	347.41	350.50	44468.00
chr1	21940478	21940582	104	104	462.00	573.00	511.81	505.50	53228.00
chr20	57468284	57468793	509	509	2.00	32.00	11.29	9.00	5746.00
chr3	127358087	127358366	279	279	141.00	299.00	222.31	217.00	62025.00
chr3	126735359	126735527	168	168	57.00	95.00	69.75	64.00	11718.00
chr10	103869140	103869264	124	124	189.00	302.00	247.69	255.50	30714.00
chr20	44520554	44520666	112	112	120.00	149.00	133.38	131.00	14938.00
chr1	32203252	32203356	104	104	316.00	467.00	396.38	413.00	41224.00
chr21	40186196	40186316	120	120	185.00	236.00	209.79	210.00	25175.00
chr5	111067153	111068349	1196	1196	3.00	43.00	16.09	14.00	19246.00
chr9	128002954	128003186	232	232	316.00	534.00	421.92	410.00	97886.00
chr1	43408896	43408992	96	96	246.00	325.00	280.47	276.50	26925.00
chr3	47463931	47464026	95	95	100.00	120.00	113.22	113.00	10756.00
chr2	220161160	220161238	78	78	650.00	784.00	725.22	735.00	56567.00
chr11	62472772	62473089	317	317	812.00	1347.00	1106.66	1168.00	350812.00
chr9	130986341	130986906	565	565	0.00	379.00	89.04	8.00	50310.00
chr14	69358769	69359000	231	231	204.00	328.00	270.52	278.00	62491.00
chr11	64416205	64416379	174	174	72.00	147.00	110.72	114.50	19265.00
chr17	8398454	8398559	105	105	220.00	296.00	259.90	255.00	27290.00
chr12	53572943	53574193	1250	1250	2.00	36.00	15.47	16.00	19335.00
chr17	17696544	17701827	5283	5283	10.00	177.00	49.12	48.00	259512.00
chr8	11705187	11705331	144	144	589.00	969.00	849.69	870.50	122355.00
chr19	54963829	54963931	102	102	195.00	294.00	243.58	242.00	24845.00
chr2	70451682	70456295	4613	4613	1.00	106.00	22.09	18.00	101911.00
chr11	118873959	118874169	210	210	0.00	3.00	1.61	2.00	339.00
chr10	75548427	75548581	154	154	42.00	70.00	56.36	55.00	8680.00
chr6	33414351	33414563	212	212	309.00	611.00	477.69	480.50	101271.00
chr17	80042910	80043032	122	122	138.00	185.00	167.36	171.00	20418.00
chr11	11470290	11470483	193	193	59.00	89.00	70.19	70.00	13547.00
chr8	23294446	23294771	325	325	59.00	100.00	79.34	79.00	25785.00
chr1	116932060	116932663	603	603	12.00	1978.00	663.89	25.00	400325.00
chr15	83222627	83222741	114	114	54.00	79.00	67.79	69.00	7728.00
chr3	9841562	9841751	189	189	9.00	18.00	14.11	14.00	2667.00
chr1	116937731	116937907	176	176	1395.00	2547.00	1661.25	1520.50	292380.00
chr16	87868019	87868197	178	178	76.00	105.00	92.39	92.00	16445.00
chr3	124209540	124209731	191	191	334.00	519.00	416.65	412.00	79580.00
chr7	71142195	71142291	96	96	288.00	381.00	331.11	332.00	31787.00
chr5	130497324	130497584	260	260	3.00	15.00	7.36	7.00	1914.00
chr13	100199238	100199358	120	120	168.00	262.00	213.79	215.00	25655.00
chr5	139943336	139943506	170	170	14.00	141.00	118.23	121.00	20099.00
chr17	74395529	74396002	473	473	61.00	163.00	95.99	91.00	45404.00
chr14	93179149	93179216	67	67	100.00	136.00	118.45	120.00	7936.00
chr4	160277004	160277310	306	306	47.00	227.00	142.89	146.00	43723.00
chr17	40666306	40666478	172	172	456.00	788.00	619.82	635.00	106609.00
chr15	34828065	34828207	142	142	12.00	195.00	134.25	137.00	19064.00
chr14	100165802	100165876	74	74	333.00	411.00	378.72	386.50	28025.00
chr22	20128089	20128231	142	142	11.00	104.00	65.30	91.00	9273.00
chr12	3392210	3394421	2211	2211	10.00	126.00	44.86	42.00	99180.00
chr17	16687866	16690667	2801	2801	0.00	88.00	10.02	7.00	28077.00
chr6	31664724	31664810	86	86	58.00	109.00	82.19	80.00	7068.00
chr6	30627512	30627611	99	99	26.00	41.00	31.65	32.00	3133.00
chr11	18752834	18755060	2226	2226	4.00	631.00	81.57	44.00	181575.00
chr12	109332602	109332731	129	129	193.00	268.00	222.08	220.00	28648.00
chr6	90072884	90073110	226	226	6.00	19.00	12.96	14.00	2930.00
chr16	2689371	2689711	340	340	0.00	1.00	0.05	0.00	17.00
chr1	20987373	20987484	111	111	158.00	225.00	190.95	184.00	21195.00
chr14	85985300	85986667	1367	1367	1.00	21.00	10.94	10.00	14950.00
chr13	32863769	32863880	111	111	109.00	147.00	123.30	122.00	13686.00
chr16	1510418	1510528	110	110	66.00	95.00	83.25	85.00	9157.00
chr19	54963269	54963444	175	175	239.00	313.00	273.05	272.00	47783.00
chr6	44224078	44224233	155	155	32.00	46.00	38.52	38.00	5970.00
chr20	3151172	3152285	1113	1113	9.00	36.00	21.36	22.00	23778.00
chr1	892273	892405	132	132	79.00	208.00	123.95	102.00	16361.00
chr16	90192167	90192724	557	557	3.00	31.00	16.58	16.00	9233.00
chr9	111663704	111663810	106	106	72.00	101.00	86.85	87.00	9206.00
chr6	44108764	44108835	71	71	80.00	102.00	88.06	88.00	6252.00
chr1	36028802	36029027	225	225	1705.00	2793.00	2130.07	2024.00	479266.00
chr11	66807259	66807674	415	415	9.00	85.00	64.00	66.00	26561.00
chr1	178426817	178427679	862	862	10.00	66.00	35.84	37.00	30897.00
chr19	42482302	42482478	176	176	1484.00	2534.00	1759.37	1680.00	309649.00
chr1	44084718	44084873	155	155	146.00	418.00	259.94	255.00	40291.00
chr1	109812315	109812442	127	127	211.00	307.00	247.09	241.00	31381.00
chr3	180324268	180324391	123	123	69.00	131.00	107.95	110.00	13278.00
chr15	63933668	63933842	174	174	74.00	131.00	99.63	89.50	17336.00
chr20	44521363	44521519	156	156	169.00	232.00	197.46	195.00	30803.00
chr3	33416779	33416910	131	131	97.00	194.00	143.67	140.00	18821.00
chr1	21934624	21934843	219	219	4.00	545.00	257.46	349.00	56383.00
chr14	69799801	69799886	85	85	62.00	92.00	76.96	78.00	6542.00
chr1	116936134	116936345	211	211	6.00	1996.00	1565.11	1712.00	330238.00
chr14	23634493	23634645	152	152	15.00	52.00	31.49	35.50	4787.00
chr16	1402538	1402947	409	409	1.00	13.00	6.91	7.00	2828.00
chr9	20331	25000	4669	4669	0.00	130.00	31.77	30.00	148333.00
chr17	43545574	43545959	385	385	14.00	34.00	24.77	24.00	9535.00
chr13	100201418	100201476	58	58	181.00	222.00	197.19	196.50	11437.00
chr15	41865505	41865665	160	160	229.00	480.00	314.56	305.00	50329.00
chr19	19641688	19642196	508	508	7.00	21.00	13.73	13.00	6976.00
chr11	134147593	134148159	566	566	11.00	31.00	20.94	22.00	11853.00
chr2	71656420	71657290	870	870	6.00	22.00	12.92	12.00	11240.00
chr7	97834775	97835016	241	241	107.00	153.00	126.88	126.00	30579.00
chr19	13363804	13363915	111	111	95.00	131.00	116.55	120.00	12937.00
chr18	31328383	31329011	628	628	8.00	32.00	17.96	17.50	11282.00
chr16	66431884	66432009	125	125	23.00	38.00	28.22	28.00	3528.00
chr19	47935155	47935702	547	547	4.00	705.00	258.78	287.00	141552.00
chr12	50291769	50291873	104	104	796.00	1193.00	987.61	997.00	102711.00
chr11	1780198	1780317	119	119	450.00	842.00	586.66	572.00	69813.00
chr15	65392626	65393167	541	541	5.00	28.00	13.63	14.00	7376.00
chr2	86397871	86397967	96	96	61.00	104.00	81.61	83.50	7835.00
chr7	97866087	97866233	146	146	52.00	111.00	85.86	95.00	12536.00
chr11	60687157	60687402	245	245	76.00	142.00	104.96	108.00	25715.00
chr21	43307700	43309453	1753	1753	26.00	78.00	48.25	46.00	84579.00
chr14	24619269	24619657	388	388	12.00	40.00	23.70	23.00	9196.00
chr11	65320634	65320727	93	93	76.00	118.00	94.35	90.00	8775.00
chr16	29891184	29891385	201	201	345.00	534.00	439.23	429.00	88286.00
chr1	32207224	32207326	102	102	464.00	612.00	526.86	526.00	53740.00
chr11	72300218	72300394	176	176	8.00	362.00	123.70	12.00	21771.00
chr17	7608878	7609038	160	160	15.00	102.00	62.44	74.00	9990.00
chr19	7607646	7607814	168	168	88.00	179.00	141.88	164.00	23835.00
chr19	54966129	54966271	142	142	108.00	205.00	170.76	178.00	24248.00
chr12	57995027	57995131	104	104	137.00	173.00	158.08	160.00	16440.00
chr1	27428875	27429049	174	174	59.00	84.00	71.26	73.00	12400.00
chr2	27688277	27688385	108	108	25.00	66.00	49.94	52.00	5394.00
chr16	2691449	2692254	805	805	0.00	27.00	2.36	1.00	1899.00
chr9	131503813	131503933	120	120	320.00	394.00	357.86	358.50	42943.00
chr16	2347766	2347922	156	156	110.00	178.00	148.11	146.00	23105.00
chr17	80039884	80040036	152	152	238.00	392.00	299.34	287.00	45500.00
chr1	32204432	32204538	106	106	363.00	599.00	477.29	484.50	50593.00
chr12	9242951	9243078	127	127	147.00	196.00	173.69	174.00	22058.00
chr3	49702661	49702751	90	90	157.00	210.00	193.72	198.00	17435.00
chr19	35820359	35820837	478	478	0.00	4.00	1.34	1.00	642.00
chr1	201456762	201457615	853	853	13.00	51.00	24.98	23.00	21311.00
chr16	2334279	2334438	159	159	154.00	196.00	176.06	177.00	27994.00
chr10	73578373	73578481	108	108	2215.00	2779.00	2459.38	2441.00	265613.00
chr16	18530550	18530756	206	206	1.00	533.00	265.00	390.50	54590.00
chr16	16369094	16369300	206	206	1.00	541.00	268.78	390.50	55368.00
chr13	113975636	113975785	149	149	10.00	343.00	152.11	31.00	22665.00
chr11	119293822	119294227	405	405	8.00	3985.00	368.73	20.00	149335.00
chr5	150505962	150506041	79	79	1003.00	1513.00	1233.87	1223.00	97476.00
chr22	44224939	44225078	139	139	606.00	749.00	673.80	669.00	93658.00
chr15	41865199	41865309	110	110	190.00	292.00	233.65	226.00	25702.00
chr17	25633807	25636298	2491	2491	11.00	350.00	153.10	183.00	381374.00
chr15	72495155	72495529	374	374	8.00	2899.00	1161.21	27.00	434291.00
chr9	42540272	42542124	1852	1852	0.00	23.00	8.14	8.00	15079.00
chr11	119290760	119291704	944	944	5.00	5257.00	1436.09	21.00	1355672.00
chr19	5219949	5220165	216	216	115.00	175.00	145.65	147.00	31460.00
chr15	63910769	63911153	384	384	5.00	37.00	20.56	23.00	7896.00
chr17	74393879	74393969	90	90	119.00	160.00	133.80	130.00	12042.00
chr10	104129467	104129532	65	65	75.00	94.00	86.48	87.00	5621.00
chr3	142454224	142454620	396	396	3.00	13.00	6.75	6.00	2674.00
chr12	121205196	121205396	200	200	83.00	131.00	102.30	100.50	20460.00
chr3	31705570	31705724	154	154	11.00	25.00	16.01	15.00	2465.00
chr6	118635190	118636593	1403	1403	8.00	93.00	52.08	50.00	73065.00
chr8	10339867	10340829	962	962	4.00	37.00	19.25	19.00	18515.00
chr19	16952578	16952779	201	201	76.00	122.00	94.94	94.00	19082.00
chr8	110984486	110985016	530	530	72.00	147.00	115.00	117.00	60948.00
chr9	128001219	128001610	391	391	432.00	828.00	664.09	695.00	259661.00
chr11	73070878	73070997	119	119	130.00	184.00	158.59	161.00	18872.00
chr10	104130140	104130235	95	95	60.00	79.00	72.15	74.00	6854.00
chr5	95733039	95733173	134	134	96.00	146.00	118.48	112.00	15876.00
chr19	59059400	59059547	147	147	161.00	217.00	182.56	184.00	26836.00
chr5	139943169	139943255	86	86	7.00	109.00	73.41	78.00	6313.00
chr17	73487771	73487981	210	210	79.00	153.00	113.39	107.00	23811.00
chr1	154315588	154315777	189	189	23.00	41.00	28.32	28.00	5353.00
chr14	95652726	95653070	344	344	1.00	11.00	6.05	7.00	2082.00
chr12	123639801	123640772	971	971	3.00	47.00	21.34	21.00	20724.00
chr22	47064870	47065171	301	301	4.00	13.00	7.56	7.00	2277.00
chr5	24535220	24535388	168	168	46.00	73.00	60.70	63.00	10198.00
chr12	6806452	6806958	506	506	189.00	353.00	263.92	272.00	133541.00
chr22	29881711	29881836	125	125	507.00	647.00	562.85	557.00	70356.00
chr7	75894681	75894786	105	105	63.00	86.00	75.56	77.00	7934.00
chr12	121089007	121095893	6886	6886	5.00	203.00	56.17	50.00	386799.00
chr1	207940357	207942365	2008	2008	1.00	167.00	18.87	8.00	37896.00
chr7	154681166	154681240	74	74	325.00	420.00	368.59	362.50	27276.00
chr5	131696513	131697529	1016	1016	2.00	25.00	11.68	12.00	11870.00
chr11	1776135	1776258	123	123	270.00	674.00	436.21	414.00	53654.00
chr8	11706554	11706673	119	119	606.00	797.00	700.32	700.00	83338.00
chr11	18759426	18759511	85	85	261.00	339.00	296.74	294.00	25223.00
chr16	61689373	61689625	252	252	49.00	81.00	61.06	59.50	15387.00
chr15	51750702	51750824	122	122	139.00	174.00	156.25	158.00	19063.00
chr9	35555056	35555698	642	642	182.00	411.00	284.34	283.50	182547.00
chr2	198356200	198356621	421	421	1.00	10.00	6.25	6.00	2632.00
chr9	131001723	131001794	71	71	2499.00	3193.00	2928.39	2984.00	207916.00
chr19	5214371	5214491	120	120	223.00	324.00	273.37	260.00	32804.00
chr22	35719488	35719623	135	135	123.00	183.00	160.06	161.00	21608.00
chr12	121678738	121679829	1091	1091	9.00	51.00	21.73	20.00	23704.00
chr14	23820960	23821064	104	104	1057.00	1443.00	1300.34	1338.00	135235.00
chr1	32205710	32205779	69	69	410.00	533.00	473.45	468.00	32668.00
chr3	33420176	33420326	150	150	10.00	255.00	96.95	21.00	14542.00
chr9	114820707	114820966	259	259	33.00	83.00	58.36	58.00	15115.00
chr15	41865876	41866023	147	147	12.00	688.00	545.24	594.00	80150.00
chr19	55554308	55554637	329	329	3.00	13.00	6.13	6.00	2017.00
chr1	116933403	116933513	110	110	1438.00	1816.00	1664.86	1661.50	183135.00
chr19	15374230	15374359	129	129	52.00	131.00	94.05	101.00	12132.00
chr12	56090682	56090852	170	170	71.00	129.00	105.92	107.00	18007.00
chr14	69445668	69445876	208	208	106.00	252.00	197.54	216.00	41088.00
chr12	57603474	57603651	177	177	179.00	332.00	273.94	287.00	48488.00
chr22	32897492	32898946	1454	1454	5.00	151.00	83.98	82.00	122101.00
chr16	16367702	16367764	62	62	12.00	297.00	159.77	179.00	9906.00
chr19	5245786	5246056	270	270	60.00	136.00	93.94	97.00	25365.00
chr16	74345440	74345829	389	389	2.00	16.00	7.85	8.00	3053.00
chr6	107096899	107097076	177	177	20.00	37.00	27.67	27.00	4898.00
chr1	29641883	29642019	136	136	28.00	40.00	34.51	34.00	4693.00
chr8	97342440	97342509	69	69	136.00	168.00	152.10	152.00	10495.00
chr8	68116914	68117054	140	140	57.00	94.00	78.55	80.00	10997.00
chr22	22037470	22037546	76	76	31.00	45.00	38.45	40.00	2922.00
chr22	50682147	50683420	1273	1273	11.00	97.00	52.59	54.00	66945.00
chr20	44048971	44049069	98	98	118.00	162.00	143.44	149.00	14057.00
chr1	36904356	36904511	155	155	31.00	52.00	40.27	40.00	6242.00
chr12	71054719	71054877	158	158	33.00	92.00	54.82	47.00	8661.00
chr15	50654364	50655515	1151	1151	2.00	30.00	10.05	9.00	11566.00
chr2	234198499	234198620	121	121	49.00	68.00	59.78	60.00	7233.00
chr9	128001699	128001812	113	113	423.00	512.00	472.42	476.00	53384.00
chr8	38272296	38272419	123	123	47.00	83.00	71.22	73.00	8760.00
chr11	73068069	73068179	110	110	97.00	197.00	159.77	179.50	17575.00
chr16	28123137	28123327	190	190	80.00	206.00	151.87	149.00	28855.00
chr12	49424062	49424222	160	160	31.00	49.00	38.49	38.00	6159.00
chr19	50302885	50303023	138	138	320.00	476.00	397.15	385.00	54807.00
chr19	42480567	42480718	151	151	2471.00	3941.00	3186.86	3200.00	481216.00
chr3	197904395	197905301	906	906	0.00	22.00	10.36	12.00	9386.00
chr13	100189992	100190117	125	125	150.00	192.00	170.46	168.00	21308.00
chr19	14268062	14268272	210	210	189.00	303.00	250.88	254.50	52685.00
chr10	93786886	93787057	171	171	49.00	64.00	56.54	56.00	9669.00
chr1	109808726	109808828	102	102	124.00	175.00	149.53	150.50	15252.00
chr4	134075461	134075520	59	59	136.00	167.00	149.08	149.00	8796.00
chr1	22052268	22053864	1596	1596	1.00	17.00	6.59	7.00	10518.00
chr9	140056855	140056968	113	113	1116.00	1682.00	1385.50	1417.00	156562.00
chr19	42482087	42482224	137	137	2608.00	3436.00	3099.58	3152.00	424643.00
chr19	4556962	4557025	63	63	435.00	519.00	469.10	460.00	29553.00
chr19	14266921	14267013	92	92	233.00	326.00	276.21	270.00	25411.00
chr22	42273851	42274127	276	276	3.00	722.00	359.01	411.00	99087.00
chr1	205549788	205550049	261	261	156.00	225.00	176.72	172.00	46123.00
chr1	110765585	110766522	937	937	62.00	138.00	97.00	95.00	90889.00
chr19	55553595	55554158	563	563	5.00	25.00	12.18	11.00	6855.00
chr7	150929881	150931360	1479	1479	11.00	105.00	35.29	32.00	52187.00
chr3	124215157	124215260	103	103	340.00	604.00	479.42	512.00	49380.00
chr16	58220658	58220760	102	102	59.00	123.00	91.19	85.50	9301.00
chr3	10381925	10382033	108	108	350.00	415.00	385.86	387.50	41673.00
chr10	11356101	11356221	120	120	77.00	93.00	83.78	84.00	10054.00
chr22	42294652	42294785	133	133	385.00	656.00	552.47	567.00	73479.00
chr1	2005531	2005714	183	183	19.00	42.00	34.09	35.00	6239.00
chr12	113722522	113722576	54	54	61.00	70.00	66.31	67.00	3581.00
chr9	131502198	131502398	200	200	4.00	479.00	362.47	371.00	72494.00
chr19	40873602	40873786	184	184	819.00	1342.00	1124.87	1154.50	206976.00
chr2	220162606	220162825	219	219	211.00	406.00	299.16	288.00	65516.00
chr16	28270027	28270355	328	328	7.00	34.00	24.28	25.00	7965.00
chr4	3225718	3225858	140	140	119.00	156.00	134.81	134.00	18873.00
chr17	44127898	44128070	172	172	43.00	68.00	54.66	53.00	9402.00
chr3	47462043	47462262	219	219	74.00	122.00	89.35	86.00	19568.00
chr6	99873090	99873182	92	92	2.00	268.00	114.66	90.50	10549.00
chr7	142561723	142562504	781	781	132.00	468.00	347.82	359.00	271649.00
chr1	159169540	159169666	126	126	822.00	1153.00	1005.79	1034.00	126729.00
chr19	7606869	7606953	84	84	79.00	102.00	90.42	89.50	7595.00
chr16	2811561	2818298	6737	6737	12.00	464.00	245.00	241.00	1650563.00
chr3	47450652	47450807	155	155	41.00	78.00	64.01	68.00	9921.00
chr11	118403631	118403922	291	291	107.00	148.00	128.58	129.00	37418.00
chr1	205555161	205555335	174	174	128.00	210.00	172.43	175.00	30003.00
chr12	125603186	125603311	125	125	84.00	106.00	95.26	96.00	11907.00
chr11	86658288	86659498	1210	1210	8.00	44.00	20.68	20.00	25024.00
chr22	37764946	37768745	3799	3799	5.00	346.00	106.98	87.00	406411.00
chr10	46345664	46346215	551	551	1.00	27.00	10.72	11.00	5905.00
chr22	33673045	33673241	196	196	128.00	245.00	178.86	165.00	35056.00
chr9	140042599	140042666	67	67	13.00	254.00	209.24	219.00	14019.00
chr3	48717233	48717320	87	87	197.00	247.00	222.29	219.00	19339.00
chr11	60681600	60681740	140	140	8.00	115.00	58.04	51.00	8125.00
chr10	93784512	93784724	212	212	20.00	59.00	37.22	38.00	7890.00
chr12	7289424	7290372	948	948	7.00	473.00	130.30	19.00	123523.00
chr3	132387062	132387526	464	464	7.00	38.00	18.21	16.00	8450.00
chr16	2335442	2335647	205	205	168.00	221.00	193.70	194.00	39708.00
chr16	1794782	1797276	2494	2494	4.00	454.00	58.19	29.00	145117.00
chr16	3786036	3786204	168	168	49.00	99.00	68.15	66.00	11449.00
chr9	141131209	141131766	557	557	0.00	12.00	5.30	5.00	2954.00
chr14	92965028	92966015	987	987	10.00	48.00	26.45	26.00	26110.00
chr19	54692070	54692200	130	130	176.00	403.00	282.49	252.50	36724.00
chr15	43866006	43866230	224	224	97.00	146.00	118.75	118.00	26600.00
chr3	40231316	40231954	638	638	37.00	86.00	59.57	60.00	38006.00
chr3	50148937	50149455	518	518	10.00	40.00	21.62	20.00	11199.00
chr4	81117505	81117755	250	250	35.00	63.00	49.46	49.00	12366.00
chr10	46740404	46740638	234	234	1.00	10.00	5.51	6.00	1289.00
chr3	124210169	124210271	102	102	278.00	460.00	362.15	358.00	36939.00
chr11	107488830	107488932	102	102	205.00	265.00	233.49	232.50	23816.00
chr9	130591965	130592106	141	141	48.00	77.00	60.89	60.00	8586.00
chr1	20981932	20982027	95	95	191.00	273.00	224.98	224.00	21373.00
chr12	75875613	75875859	246	246	44.00	68.00	55.93	56.00	13760.00
chr22	32046684	32046764	80	80	50.00	64.00	57.27	58.00	4582.00
chr11	70331418	70331658	240	240	24.00	118.00	72.02	82.00	17285.00
chr14	51079976	51080069	93	93	303.00	400.00	337.08	338.00	31348.00
chr17	80041077	80041301	224	224	244.00	487.00	358.78	343.00	80366.00
chr7	158540884	158540971	87	87	91.00	151.00	120.03	119.00	10443.00
chr1	21553651	21553719	68	68	61.00	98.00	77.97	73.50	5302.00
chr2	219206256	219206349	93	93	106.00	154.00	128.81	126.00	11979.00
chr17	18444211	18445242	1031	1031	2.00	32.00	13.00	12.00	13402.00
chr12	57599340	57599460	120	120	190.00	275.00	222.55	214.00	26706.00
chr11	64417919	64418110	191	191	115.00	198.00	156.81	161.00	29951.00
chr19	3274926	3275650	724	724	8.00	24.00	16.06	16.00	11626.00
chr16	18532086	18532305	219	219	421.00	667.00	541.67	534.00	118626.00
chr17	3776702	3776756	54	54	517.00	705.00	642.61	641.50	34701.00
chr1	116932670	116933033	363	363	20.00	2418.00	1096.56	1583.00	398053.00
chr16	1505731	1505796	65	65	113.00	176.00	152.49	155.00	9912.00
chr1	9794029	9794200	171	171	1511.00	1871.00	1693.73	1679.00	289627.00
chr10	73579221	73579379	158	158	1650.00	2668.00	2072.00	2095.00	327376.00
chr11	6411684	6412146	462	462	6.00	59.00	36.08	35.00	16667.00
chr1	159163212	159163350	138	138	606.00	876.00	693.05	690.00	95641.00
chr16	1816723	1816804	81	81	443.00	608.00	528.09	534.00	42775.00
chr7	91722399	91722630	231	231	13.00	71.00	56.61	58.00	13077.00
chr7	44281816	44281939	123	123	603.00	711.00	639.85	634.00	78702.00
chr2	220467189	220467297	108	108	22.00	35.00	30.03	31.00	3243.00
chr16	4494664	4494729	65	65	139.00	173.00	157.00	155.00	10205.00
chr15	34681844	34681986	142	142	10.00	255.00	190.99	212.00	27121.00
chr9	139995935	139996124	189	189	50.00	107.00	76.42	74.00	14443.00
chr3	180324040	180324160	120	120	66.00	117.00	83.45	80.00	10014.00
chr3	42678359	42681242	2883	2883	30.00	103.00	60.67	59.00	174921.00
chr7	131812776	131815333	2557	2557	13.00	91.00	41.99	39.00	107356.00
chr20	1585387	1585522	135	135	20.00	391.00	211.47	224.00	28549.00
chr3	126751229	126751442	213	213	107.00	146.00	124.23	124.00	26460.00
chr15	63920875	63921014	139	139	98.00	175.00	127.73	126.00	17754.00
chr16	2040128	2040202	74	74	106.00	136.00	122.97	126.50	9100.00
chr9	74324174	74324390	216	216	17.00	54.00	37.27	39.00	8050.00
chr20	44521858	44521950	92	92	201.00	254.00	230.77	232.00	21231.00
chr9	139911647	139911798	151	151	115.00	178.00	139.37	131.00	21045.00
chr9	140055507	140055649	142	142	1286.00	1856.00	1562.55	1499.00	221882.00
chr12	120148055	120148191	136	136	198.00	342.00	280.43	285.00	38138.00
chr12	50474280	50474372	92	92	54.00	70.00	61.22	61.00	5632.00
chr15	63125702	63125828	126	126	105.00	183.00	135.99	134.00	17135.00
chr9	20907148	20907241	93	93	64.00	85.00	74.37	76.00	6916.00
chr16	87874655	87874761	106	106	67.00	85.00	74.59	72.50	7907.00
chr2	162833269	162833460	191	191	7.00	546.00	303.39	444.00	57947.00
chr8	11704560	11704677	117	117	447.00	648.00	542.56	529.00	63479.00
chr15	63926931	63927087	156	156	125.00	193.00	154.91	155.00	24166.00
chr6	31668718	31668805	87	87	83.00	109.00	95.56	96.00	8314.00
chr7	148910792	148910906	114	114	11.00	20.00	15.66	15.00	1785.00
chr14	42355808	42357213	1405	1405	33.00	162.00	67.81	64.00	95278.00
chr10	88678928	88679226	298	298	23.00	48.00	35.84	35.00	10679.00
chr3	140998219	140998346	127	127	36.00	61.00	47.43	47.00	6023.00
chr1	144859758	144859998	240	240	88.00	178.00	127.23	136.50	30536.00
chr9	96054772	96055455	683	683	67.00	231.00	138.15	135.00	94355.00
chr19	7604803	7604944	141	141	58.00	100.00	77.41	73.00	10915.00
chr12	30906277	30907432	1155	1155	10.00	96.00	40.06	40.00	46270.00
chr9	131112762	131112854	92	92	60.00	137.00	103.16	102.00	9491.00
chr20	61981328	61982379	1051	1051	26.00	63.00	44.32	43.00	46582.00
chr7	38431348	38431618	270	270	229.00	536.00	348.29	354.50	94038.00
chr20	44521036	44521123	87	87	145.00	193.00	169.46	171.00	14743.00
chr11	64418726	64419108	382	382	75.00	189.00	129.91	127.00	49626.00
chr12	120148344	120150270	1926	1926	7.00	379.00	65.43	38.00	126025.00
chr12	6930971	6931066	95	95	14.00	537.00	288.49	302.00	27407.00
chr16	2339434	2339621	187	187	110.00	202.00	146.08	135.00	27317.00
chr2	27700083	27700187	104	104	32.00	56.00	44.39	44.00	4617.00
chr14	69805367	69805494	127	127	94.00	185.00	145.62	139.00	18494.00
chr12	9242497	9242619	122	122	126.00	182.00	162.72	171.00	19852.00
chr3	58256658	58256791	133	133	42.00	137.00	81.08	61.00	10783.00
chr10	79744927	79745098	171	171	45.00	92.00	62.81	57.00	10741.00
chr1	159161725	159161866	141	141	439.00	586.00	531.94	541.00	75004.00
chr16	31085202	31085519	317	317	9.00	27.00	18.72	19.00	5934.00
chr1	171755018	171755218	200	200	28.00	49.00	40.10	40.00	8020.00
chr9	130988124	130989280	1156	1156	0.00	1538.00	184.73	24.00	213550.00
chr15	63127935	63127998	63	63	101.00	123.00	108.81	108.00	6855.00
chr19	1917676	1917821	145	145	5.00	117.00	81.17	81.00	11770.00
chr22	25315792	25315960	168	168	61.00	100.00	79.79	80.00	13405.00
chr2	207943790	207945085	1295	1295	10.00	45.00	21.93	21.00	28398.00
chr11	47330706	47330952	246	246	18.00	470.00	217.33	30.00	53464.00
chr3	142743978	142746095	2117	2117	2.00	123.00	18.56	15.00	39283.00
chr7	44839492	44839694	202	202	6.00	25.00	18.83	19.00	3803.00
chr22	31688260	31688471	211	211	6.00	85.00	52.60	65.00	11098.00
chr11	66333492	66333638	146	146	358.00	472.00	420.37	427.50	61374.00
chr9	131114916	131115026	110	110	137.00	191.00	163.15	162.50	17946.00
chr1	20206	21013	807	807	12.00	136.00	65.31	50.00	52702.00
chr11	108216469	108216635	166	166	20.00	55.00	38.17	39.00	6336.00
chr1	209778880	209779019	139	139	189.00	262.00	220.68	217.00	30675.00
chr1	202935876	202936026	150	150	69.00	130.00	98.09	94.00	14713.00
chr12	57600255	57600524	269	269	204.00	300.00	252.58	254.00	67944.00
chr19	15233503	15233615	112	112	39.00	61.00	48.11	47.00	5388.00
chr8	68115317	68115486	169	169	67.00	91.00	81.34	83.00	13746.00
chr19	13419229	13419342	113	113	46.00	76.00	64.00	66.00	7232.00
chr6	33266815	33267130	315	315	3.00	23.00	12.68	12.00	3994.00
chr16	89780611	89781646	1035	1035	5.00	53.00	29.16	28.00	30181.00
chr12	109964162	109964221	59	59	72.00	94.00	84.34	83.00	4976.00
chr22	24491893	24492045	152	152	43.00	101.00	64.22	61.50	9761.00
chr2	242592926	242593025	99	99	131.00	193.00	158.25	159.00	15667.00
chr1	21937944	21938074	130	130	398.00	703.00	591.85	638.00	76941.00
chr2	223789173	223789313	140	140	170.00	224.00	202.06	204.00	28288.00
chr20	3772318	3772535	217	217	0.00	12.00	4.90	3.00	1064.00
chr16	18531918	18532001	83	83	584.00	755.00	658.35	679.00	54643.00
chr1	43396296	43396537	241	241	180.00	268.00	223.40	223.00	53840.00
chr2	100037960	100038115	155	155	32.00	57.00	40.76	39.00	6318.00
chr16	1500497	1500770	273	273	3.00	146.00	77.51	106.00	21159.00
chr19	40876016	40876144	128	128	918.00	1421.00	1173.70	1172.00	150233.00
chr5	168112691	168112932	241	241	39.00	68.00	49.93	48.00	12032.00
chr2	127825738	127825831	93	93	282.00	347.00	307.37	304.00	28585.00
chr1	19232015	19234990	2975	2975	2.00	94.00	24.32	21.00	72357.00
chr16	1391129	1391196	67	67	220.00	295.00	254.09	252.00	17024.00
chr6	33410665	33411689	1024	1024	9.00	259.00	139.47	136.00	142820.00
chr9	95872033	95872266	233	233	7.00	16.00	10.97	12.00	2555.00
chr1	53378627	53378839	212	212	6.00	18.00	11.18	11.00	2370.00
chr2	80531276	80531693	417	417	21.00	48.00	37.62	38.00	15687.00
chr7	44286718	44286791	73	73	504.00	636.00	571.88	573.00	41747.00
chr7	157369304	157369471	167	167	402.00	548.00	469.72	470.00	78443.00
chr11	18755079	18755191	112	112	2.00	332.00	205.46	262.00	23011.00
chr6	86237979	86238080	101	101	108.00	136.00	125.43	128.00	12668.00
chr8	145000951	145001050	99	99	64.00	117.00	93.08	90.00	9215.00
chr19	45167680	45167966	286	286	6.00	28.00	15.70	13.00	4491.00
chr10	48930165	48930400	235	235	1.00	11.00	5.61	6.00	1318.00
chr16	87871450	87871547	97	97	96.00	126.00	111.91	113.00	10855.00
chr1	109815454	109815649	195	195	195.00	345.00	250.20	238.00	48789.00
chr1	208215442	208215711	269	269	61.00	116.00	93.38	98.00	25120.00
chr2	260866	261451	585	585	4.00	29.00	15.71	15.00	9193.00
chr5	180481266	180481724	458	458	2.00	23.00	11.16	11.00	5113.00
chr7	73119479	73119631	152	152	6.00	899.00	384.64	9.00	58465.00
chr15	34677248	34677358	110	110	224.00	392.00	312.55	296.50	34380.00
chr16	57687114	57687247	133	133	72.00	119.00	100.95	102.00	13427.00
chr15	50649406	50649592	186	186	2.00	14.00	8.44	9.00	1570.00
chr22	21071995	21072066	71	71	1003.00	1108.00	1048.92	1052.00	74473.00
chr5	179200882	179201561	679	679	10.00	38.00	25.03	26.00	16995.00
chr10	98763824	98763979	155	155	103.00	187.00	145.70	141.00	22583.00
chr14	102963315	102963457	142	142	60.00	126.00	86.82	82.00	12328.00
chr1	21932558	21933138	580	580	1.00	651.00	135.52	22.00	78603.00
chr16	28118842	28118998	156	156	123.00	197.00	153.28	153.00	23912.00
chr1	241767561	241767881	320	320	58.00	129.00	93.58	93.00	29945.00
chr11	66812063	66812184	121	121	57.00	97.00	73.75	71.00	8924.00
chr11	12248571	12248678	107	107	271.00	382.00	332.12	335.00	35537.00
chr9	130588788	130588951	163	163	37.00	72.00	53.37	50.00	8699.00
chr22	21068915	21068988	73	73	864.00	1222.00	1060.85	1090.00	77442.00
chr1	43424304	43424531	227	227	10.00	372.00	257.55	270.00	58463.00
chr14	105852021	105853670	1649	1649	8.00	162.00	25.37	22.00	41840.00
chr15	34823469	34823579	110	110	235.00	394.00	321.19	307.00	35331.00
chr11	171365	172282	917	917	0.00	22.00	10.45	13.00	9586.00
chr22	24493976	24494155	179	179	32.00	110.00	71.95	67.00	12879.00
chr15	79291060	79291167	107	107	352.00	457.00	412.95	415.00	44186.00
chr16	2145904	2146194	290	290	14.00	24.00	17.69	17.00	5130.00
chr9	131503050	131503166	116	116	341.00	427.00	379.34	378.00	44004.00
chr11	61301983	61302579	596	596	11.00	44.00	27.95	28.00	16656.00
chr22	25308609	25308719	110	110	64.00	88.00	71.29	70.00	7842.00
chr12	63977826	63979986	2160	2160	0.00	31.00	10.77	9.00	23263.00
chr19	46928844	46930933	2089	2089	3.00	223.00	114.95	114.00	240133.00
chr16	56969146	56969224	78	78	117.00	156.00	136.62	135.50	10656.00
chr17	40665787	40665996	209	209	7.00	1042.00	441.76	545.00	92328.00
chr9	131669435	131671600	2165	2165	104.00	408.00	200.45	190.00	433983.00
chr2	220164026	220164271	245	245	16.00	501.00	168.63	27.00	41314.00
chr19	7589846	7590052	206	206	45.00	93.00	67.20	64.00	13844.00
chr6	91260186	91260268	82	82	53.00	66.00	58.85	58.00	4826.00
chr9	124543742	124543830	88	88	203.00	258.00	226.82	223.00	19960.00
chr12	54071005	54071170	165	165	3.00	14.00	9.25	10.00	1527.00
chr2	40443	41212	769	769	8.00	33.00	21.78	22.00	16745.00
chr11	67852159	67852747	588	588	8.00	22.00	13.84	13.00	8140.00
chr8	8233762	8234810	1048	1048	18.00	52.00	34.06	34.00	35700.00
chr2	175671113	175672148	1035	1035	5.00	25.00	11.63	11.00	12034.00
chr7	138984922	138985438	516	516	1.00	16.00	6.22	6.00	3211.00
chr22	40816850	40817104	254	254	85.00	157.00	122.03	124.00	30996.00
chr19	14263120	14263249	129	129	209.00	331.00	275.88	272.00	35588.00
chr19	16962222	16962345	123	123	72.00	153.00	118.33	117.00	14554.00
chr1	109813838	109813918	80	80	178.00	250.00	205.64	198.50	16451.00
chr3	49898148	49898562	414	414	1.00	603.00	284.82	412.00	117917.00
chr17	17131202	17131510	308	308	11.00	60.00	43.36	48.00	13355.00
chr1	21936067	21936139	72	72	273.00	439.00	345.12	329.00	24849.00
chr3	130424404	130424615	211	211	38.00	61.00	49.58	49.00	10461.00
chr12	56532710	56532797	87	87	98.00	131.00	112.94	113.00	9826.00
chr16	29888591	29888788	197	197	319.00	485.00	402.47	408.00	79287.00
chr2	114394588	114396196	1608	1608	2.00	39.00	17.05	18.00	27423.00
chr3	124180736	124180803	67	67	269.00	315.00	296.54	297.00	19868.00
chr9	111798485	111798660	175	175	57.00	89.00	72.83	72.00	12745.00
chr10	73847897	73848372	475	475	30.00	870.00	360.37	373.00	171175.00
chr22	21075585	21075706	121	121	482.00	1030.00	826.28	872.00	99980.00
chr22	20920753	20921104	351	351	27.00	131.00	83.21	96.00	29206.00
chr9	140953020	140953185	165	165	41.00	62.00	51.41	51.00	8483.00
chr22	41620970	41621075	105	105	68.00	87.00	78.49	78.00	8241.00
chr11	6243671	6243839	168	168	28.00	43.00	35.12	35.00	5901.00
chr15	74704225	74704353	128	128	102.00	161.00	136.43	143.00	17463.00
chr3	48719780	48719985	205	205	194.00	257.00	225.99	229.00	46327.00
chr1	222833247	222833348	101	101	79.00	123.00	95.75	93.00	9671.00
chr1	6583675	6584824	1149	1149	6.00	36.00	21.48	22.00	24683.00
chr11	126135857	126135976	119	119	162.00	205.00	181.45	180.00	21592.00
chr8	75156763	75157410	647	647	17.00	59.00	35.81	38.00	23168.00
chr15	83345212	83345389	177	177	187.00	233.00	212.07	211.00	37537.00
chr14	68031638	68032561	923	923	0.00	10.00	4.40	5.00	4058.00
chr19	42479780	42479949	169	169	2425.00	3661.00	2973.43	2910.00	502510.00
chr16	31503329	31503407	78	78	195.00	263.00	227.95	224.50	17780.00
chr17	1564564	1564700	136	136	149.00	233.00	181.45	174.00	24677.00
chr16	58717858	58718082	224	224	12.00	30.00	24.13	25.00	5406.00
chr14	71575320	71575763	443	443	33.00	79.00	50.84	47.00	22520.00
chr1	202934498	202934628	130	130	59.00	131.00	86.46	77.00	11240.00
chr7	73118477	73118586	109	109	394.00	548.00	481.75	478.00	52511.00
chr19	13365908	13366073	165	165	97.00	134.00	118.11	119.00	19488.00
chr10	102265117	102265958	841	841	7.00	38.00	21.08	21.00	17731.00
chr9	139983320	139983457	137	137	62.00	117.00	88.23	81.00	12088.00
chr18	29206245	29206347	102	102	101.00	130.00	115.63	116.00	11794.00
chr12	120578662	120578827	165	165	44.00	81.00	59.01	57.00	9736.00
chr5	757516	758226	710	710	4.00	28.00	16.65	17.00	11820.00
chr8	21632483	21632567	84	84	60.00	84.00	72.82	75.00	6117.00
chr4	54011499	54011749	250	250	37.00	56.00	47.21	47.00	11803.00
chr8	141680613	141681365	752	752	0.00	15.00	4.27	4.00	3208.00
chr11	57367351	57367850	499	499	46.00	149.00	89.05	94.00	44437.00
chr12	63980009	63980784	775	775	1.00	14.00	7.43	8.00	5757.00
chr9	140057042	140057203	161	161	13.00	1848.00	1539.61	1664.00	247878.00
chr2	7055953	7056098	145	145	29.00	59.00	43.08	41.00	6246.00
chr12	52387768	52389043	1275	1275	6.00	238.00	116.67	103.00	148756.00
chr19	50104931	50105175	244	244	31.00	93.00	53.73	49.50	13110.00
chr19	5218430	5218543	113	113	166.00	276.00	230.94	229.00	26096.00
chr16	29898969	29899138	169	169	219.00	313.00	262.60	269.00	44379.00
chr7	99030900	99031041	141	141	19.00	32.00	25.00	26.00	3525.00
chr17	36692926	36693212	286	286	2.00	11.00	7.53	8.00	2153.00
chr15	73857770	73859335	1565	1565	5.00	90.00	38.48	37.00	60216.00
chr6	44104085	44104176	91	91	115.00	152.00	130.45	128.00	11871.00
chr1	21938518	21938602	84	84	385.00	494.00	444.74	446.50	37358.00
chr19	13423482	13423595	113	113	39.00	56.00	46.08	45.00	5207.00
chr16	70292882	70293089	207	207	537.00	744.00	658.44	665.00	136298.00
chr18	61060641	61060782	141	141	48.00	88.00	66.89	66.00	9432.00
chr16	22269814	22270016	202	202	10.00	29.00	19.64	19.00	3968.00
chr1	21554423	21554534	111	111	62.00	88.00	76.55	77.00	8497.00
chr9	140057255	140057455	200	200	19.00	2056.00	1293.54	1576.50	258707.00
chr7	1488255	1488397	142	142	18.00	49.00	36.67	40.00	5207.00
chr14	100166351	100166438	87	87	359.00	460.00	403.69	395.00	35121.00
chr9	101065522	101065705	183	183	274.00	404.00	344.58	353.00	63058.00
chr5	68411752	68412041	289	289	18.00	53.00	40.22	42.00	11623.00
chr1	2452539	2452754	215	215	52.00	150.00	81.87	60.00	17603.00
chr1	21564626	21564737	111	111	42.00	87.00	64.93	60.00	7207.00
chr13	42037713	42039066	1353	1353	0.00	22.00	6.40	5.00	8658.00
chr2	114350236	114350443	207	207	3.00	58.00	32.65	33.00	6758.00
chr1	21939668	21939722	54	54	391.00	452.00	422.65	426.50	22823.00
chr9	139353895	139354007	112	112	46.00	69.00	60.04	62.00	6725.00
chr7	102176367	102176618	251	251	6.00	21.00	12.85	12.00	3226.00
chr3	51411753	51412018	265	265	3.00	232.00	77.53	10.00	20545.00
chr17	73888091	73888266	175	175	12.00	30.00	20.99	22.00	3673.00
chr13	103297258	103297435	177	177	11.00	95.00	52.14	72.00	9229.00
chr15	63922664	63922834	170	170	141.00	212.00	173.47	166.00	29490.00
chr3	33400774	33400849	75	75	94.00	127.00	111.95	110.00	8396.00
chr22	50671744	50671955	211	211	44.00	66.00	53.97	54.00	11388.00
chr1	21190968	21191205	237	237	131.00	270.00	210.82	219.00	49965.00
chr5	14481649	14481727	78	78	117.00	169.00	132.36	128.50	10324.00
chr15	101605556	101606410	854	854	11.00	47.00	33.35	35.00	28477.00
chr17	80040402	80040554	152	152	227.00	375.00	291.26	275.00	44272.00
chr2	132269293	132270897	1604	1604	4.00	62.00	25.37	24.00	40688.00
chr11	1778553	1778786	233	233	604.00	914.00	780.66	780.00	181893.00
chr11	1469616	1469808	192	192	7.00	29.00	18.07	18.00	3469.00
chr12	120138549	120138630	81	81	315.00	398.00	357.30	353.00	28941.00
chr7	901016	901101	85	85	132.00	190.00	159.98	162.00	13598.00
chr19	13372263	13372424	161	161	84.00	148.00	114.91	114.00	18500.00
chr17	40843154	40843311	157	157	247.00	393.00	320.73	315.00	50354.00
chr17	80039476	80039719	243	243	292.00	460.00	369.97	365.00	89903.00
chr17	16681109	16687365	6256	6256	0.00	55.00	15.54	15.00	97189.00
chr1	116935475	116935610	135	135	1589.00	2223.00	1893.91	1845.00	255678.00
chr6	128294808	128294972	164	164	132.00	241.00	190.05	205.00	31168.00
chr5	109189927	109190617	690	690	1.00	18.00	7.64	7.00	5270.00
chr15	40757533	40757634	101	101	18.00	94.00	65.62	67.00	6628.00
chr2	220164706	220164981	275	275	288.00	584.00	425.19	415.00	116927.00
chr3	164905164	164908639	3475	3475	6.00	81.00	32.83	28.00	114090.00
chr11	60699157	60699356	199	199	61.00	364.00	270.35	263.00	53800.00
chr2	96680301	96680717	416	416	0.00	13.00	2.60	1.00	1082.00
chr17	40845314	40845554	240	240	264.00	455.00	361.55	357.00	86773.00
chr12	125264513	125265391	878	878	5.00	29.00	12.93	12.00	11349.00
chr1	156623704	156624158	454	454	3.00	18.00	12.56	13.00	5702.00
chr6	108370456	108370622	166	166	55.00	84.00	70.25	70.00	11661.00
chr11	19180486	19180587	101	101	12.00	29.00	18.79	20.00	1898.00
chr19	42489069	42489338	269	269	550.00	1092.00	875.80	950.00	235590.00
chr2	198274493	198274731	238	238	127.00	233.00	176.34	180.50	41970.00
chr6	47220991	47221257	266	266	123.00	265.00	192.38	194.00	51172.00
chr19	40872679	40872822	143	143	1194.00	1759.00	1526.75	1586.00	218325.00
chr19	54693278	54693627	349	349	6.00	177.00	78.42	56.00	27370.00
chr12	81929	82174	245	245	5.00	41.00	25.53	25.00	6256.00
chr21	45513943	45514114	171	171	39.00	105.00	73.73	73.00	12607.00
chr3	124201630	124201747	117	117	7.00	397.00	281.85	343.00	32976.00
chr17	79805118	79805223	105	105	250.00	287.00	265.47	267.00	27874.00
chr20	46307419	46307548	129	129	57.00	88.00	69.63	69.00	8982.00
chr17	38187790	38187873	83	83	88.00	119.00	101.65	101.00	8437.00
chr2	207452814	207452878	64	64	238.00	330.00	287.47	283.50	18398.00
chr17	45695715	45695823	108	108	312.00	377.00	349.32	350.50	37727.00
chr7	44283023	44283126	103	103	498.00	584.00	538.55	529.00	55471.00
chr20	62274975	62275284	309	309	4.00	2138.00	1004.43	1321.00	310370.00
chr11	108202605	108202764	159	159	13.00	27.00	19.94	20.00	3170.00
chr9	140051314	140051489	175	175	605.00	877.00	710.35	683.00	124311.00
chr22	45574118	45574781	663	663	38.00	76.00	60.32	61.00	39994.00
chr15	79312382	79312446	64	64	172.00	214.00	186.08	182.50	11909.00
chr1	21940120	21940199	79	79	398.00	493.00	439.99	430.00	34759.00
chr17	3775847	3775921	74	74	467.00	734.00	625.82	643.50	46311.00
chr7	73133931	73134019	88	88	5.00	630.00	216.95	149.50	19092.00
chr11	72292920	72292991	71	71	513.00	596.00	557.27	561.00	39566.00
chr7	43547616	43547730	114	114	64.00	101.00	79.31	77.00	9041.00
chr16	58713760	58714145	385	385	12.00	27.00	18.67	18.00	7189.00
chr22	21083600	21083794	194	194	593.00	1026.00	797.65	799.50	154745.00
chr11	66457275	66457414	139	139	435.00	646.00	525.37	520.00	73027.00
chr15	91561034	91561115	81	81	30.00	46.00	37.47	35.00	3035.00
chr11	2968525	2969001	476	476	3.00	45.00	17.49	15.00	8327.00
chr19	34869838	34869910	72	72	1431.00	1813.00	1617.14	1610.50	116434.00
chr9	121970996	121971219	223	223	173.00	272.00	225.93	218.00	50382.00
chr3	47449772	47449980	208	208	3.00	89.00	50.25	61.00	10452.00
chr12	57601820	57601999	179	179	193.00	410.00	302.94	298.00	54227.00
chr16	2345590	2345741	151	151	136.00	196.00	166.11	163.00	25082.00
chr12	50471782	50471910	128	128	58.00	87.00	72.55	73.50	9287.00
chr1	109814221	109814344	123	123	202.00	392.00	327.41	343.00	40271.00
chr19	16942304	16942458	154	154	61.00	108.00	88.46	96.00	13623.00
chr11	66333301	66333398	97	97	334.00	479.00	378.67	361.00	36731.00
chr5	74026084	74026223	139	139	75.00	120.00	101.81	106.00	14151.00
chr5	68417520	68417722	202	202	42.00	67.00	53.13	52.00	10732.00
chr19	15272262	15272525	263	263	41.00	62.00	51.70	52.00	13597.00
chr3	45872404	45872482	78	78	154.00	187.00	173.13	174.50	13504.00
chr7	73123374	73123452	78	78	638.00	840.00	762.78	784.00	59497.00
chr5	14498197	14498360	163	163	133.00	183.00	162.07	162.00	26418.00
chr14	93180167	93180230	63	63	94.00	144.00	116.13	109.00	7316.00
chr9	130984739	130984875	136	136	1798.00	2623.00	2190.91	2132.50	297964.00
chr13	31216764	31216894	130	130	16.00	31.00	23.40	25.00	3042.00
chr12	112614399	112614506	107	107	83.00	195.00	154.99	156.00	16584.00
chr12	57602865	57602982	117	117	298.00	475.00	374.21	366.00	43783.00
chr14	72976861	72976987	126	126	62.00	89.00	73.49	70.00	9260.00
chr1	155209406	155209553	147	147	53.00	111.00	76.35	70.00	11223.00
chr10	49633930	49634113	183	183	102.00	140.00	120.04	122.00	21967.00
chr16	84100093	84100218	125	125	138.00	178.00	161.20	163.00	20150.00
chr1	155207924	155208097	173	173	74.00	137.00	100.35	91.00	17360.00
chr12	2786898	2787033	135	135	22.00	78.00	45.44	43.00	6134.00
chr2	233755457	233756197	740	740	15.00	694.00	132.44	28.00	98002.00
chr14	60631894	60632099	205	205	53.00	190.00	136.52	157.00	27987.00
chr1	11151549	11151654	105	105	62.00	97.00	79.82	81.00	8381.00
chr4	134076071	134076178	107	107	134.00	170.00	156.07	158.00	16700.00
chr15	91420364	91420441	77	77	107.00	129.00	118.22	119.00	9103.00
chr5	114961533	114961755	222	222	5.00	62.00	37.77	42.00	8386.00
chr16	1814047	1814211	164	164	6.00	625.00	269.79	379.50	44245.00
chr18	44250463	44252581	2118	2118	11.00	149.00	68.00	64.00	144018.00
chr6	158049380	158049518	138	138	23.00	39.00	32.20	33.00	4444.00
chr19	7675585	7675679	94	94	31.00	59.00	46.54	47.50	4375.00
chr13	99461604	99461719	115	115	4.00	233.00	147.23	138.00	16932.00
chr11	130010829	130011467	638	638	4.00	1318.00	153.37	13.00	97849.00
chr11	107526658	107526792	134	134	255.00	329.00	294.80	296.50	39503.00
chr16	1391294	1391490	196	196	127.00	255.00	183.10	182.00	35887.00
chr1	38182716	38184158	1442	1442	8.00	86.00	47.85	47.00	68995.00
chr5	179231023	179231323	300	300	4.00	23.00	15.08	16.00	4524.00
chr14	69814593	69814719	126	126	150.00	242.00	206.36	212.50	26001.00
chr14	69349174	69349309	135	135	293.00	390.00	339.10	336.00	45778.00
chr19	7614792	7614998	206	206	141.00	210.00	173.05	169.00	35648.00
chr1	228270375	228270466	91	91	7.00	1101.00	379.20	195.00	34507.00
chr1	38186022	38186315	293	293	1.00	38.00	21.15	26.00	6198.00
chr13	77641715	77641999	284	284	235.00	341.00	286.49	280.00	81363.00
chr14	100157417	100157498	81	81	157.00	290.00	213.90	201.00	17326.00
chr13	32978280	32979333	1053	1053	8.00	83.00	28.76	24.00	30284.00
chr12	7301567	7301794	227	227	459.00	660.00	572.05	575.00	129856.00
chr9	123583116	123583257	141	141	26.00	42.00	35.55	36.00	5012.00
chr17	26883183	26883284	101	101	66.00	134.00	94.41	90.00	9535.00
chr12	6972993	6973137	144	144	204.00	313.00	267.40	275.50	38505.00
chr20	34322310	34322637	327	327	2.00	14.00	8.16	8.00	2667.00
chr19	7606407	7606570	163	163	92.00	163.00	113.51	106.00	18502.00
chr16	2333186	2333373	187	187	4.00	235.00	188.48	202.00	35245.00
chr12	113825548	113825711	163	163	75.00	136.00	103.49	101.00	16869.00
chr7	4802013	4807749	5736	5736	3.00	77.00	31.80	29.00	182422.00
chr1	43394880	43394985	105	105	270.00	347.00	304.91	303.00	32016.00
chr19	4554399	4554488	89	89	318.00	464.00	406.75	420.00	36201.00
chr16	31719139	31719372	233	233	9.00	19.00	13.76	14.00	3205.00
chr5	134060669	134061744	1075	1075	4.00	44.00	19.66	19.00	21134.00
chr1	202936318	202936371	53	53	8.00	94.00	53.96	70.00	2860.00
chr2	220087366	220087615	249	249	153.00	215.00	181.61	182.00	45220.00
chr2	36764494	36764689	195	195	74.00	174.00	123.52	121.00	24086.00
chr7	43519208	43519343	135	135	82.00	155.00	127.24	129.00	17177.00
chr10	51249585	51249993	408	408	1.00	9.00	4.70	4.00	1918.00
chr6	32123647	32123755	108	108	75.00	129.00	103.19	101.00	11144.00
chr3	118624442	118624692	250	250	2.00	37.00	17.48	6.00	4369.00
chr1	190129797	190130020	223	223	21.00	43.00	32.96	33.00	7350.00
chr9	131004491	131004624	133	133	5.00	3211.00	2474.65	2782.00	329128.00
chr22	33679187	33679334	147	147	127.00	175.00	147.69	145.00	21710.00
chr15	74709931	74710016	85	85	90.00	160.00	119.20	112.00	10132.00
chr7	6470110	6470238	128	128	32.00	48.00	38.83	38.00	4970.00
chr1	6640600	6641359	759	759	11.00	37.00	22.84	23.00	17336.00
chr16	31510622	31510728	106	106	111.00	152.00	133.20	134.00	14119.00
chr4	103710287	103711803	1516	1516	5.00	27.00	15.00	15.00	22738.00
chr19	2862339	2862746	407	407	0.00	13.00	5.96	6.00	2425.00
chr2	15467873	15467994	121	121	42.00	69.00	56.57	55.00	6845.00
chr2	36780721	36781492	771	771	5.00	23.00	14.38	15.00	11084.00
chr10	81070680	81070941	261	261	18.00	70.00	38.01	31.00	9921.00
chr2	217234866	217235986	1120	1120	11.00	48.00	26.21	25.00	29351.00
chr10	93786348	93786508	160	160	19.00	65.00	39.49	43.00	6318.00
chr17	20268785	20269076	291	291	2.00	8.00	5.36	6.00	1559.00
chr9	131002006	131002062	56	56	13.00	3167.00	2787.75	3023.00	156114.00
chr1	155208307	155208441	134	134	106.00	147.00	127.91	128.00	17140.00
chr2	162833877	162834373	496	496	3.00	470.00	48.36	15.00	23988.00
chr9	35799614	35799728	114	114	22.00	46.00	31.64	32.00	3607.00
chr20	62517856	62519234	1378	1378	5.00	242.00	34.56	30.00	47626.00
chr22	35942847	35943127	280	280	57.00	163.00	117.19	126.50	32814.00
chr13	26436438	26436546	108	108	30.00	49.00	39.95	40.00	4315.00
chr14	69371371	69371453	82	82	189.00	306.00	252.59	241.00	20712.00
chr7	44031274	44031581	307	307	8.00	40.00	21.47	19.00	6590.00
chr11	12274988	12275291	303	303	8.00	33.00	20.23	20.00	6129.00
chr5	1334403	1334498	95	95	101.00	141.00	120.57	120.00	11454.00
chr19	34868639	34868786	147	147	1676.00	2238.00	1909.03	1891.00	280627.00
chr16	1815960	1816143	183	183	365.00	611.00	453.57	425.00	83004.00
chr10	73578787	73578868	81	81	1996.00	2705.00	2305.40	2307.00	186737.00
chr17	37420427	37420640	213	213	16.00	30.00	22.41	22.00	4773.00
chr5	60835422	60835586	164	164	14.00	32.00	24.63	23.00	4039.00
chr15	79296143	79296517	374	374	250.00	527.00	355.43	348.00	132929.00
chr19	13039568	13039661	93	93	323.00	485.00	414.57	431.00	38555.00
chr12	49421585	49421713	128	128	89.00	134.00	112.88	111.00	14449.00
chr1	1661057	1662583	1526	1526	5.00	186.00	57.00	30.00	86988.00
chr2	207457340	207457460	120	120	388.00	481.00	431.38	435.00	51765.00
chr11	64542462	64543441	979	979	2.00	18.00	10.38	11.00	10163.00
chr20	61910250	61910347	97	97	90.00	120.00	103.89	104.00	10077.00
chr11	62394042	62394156	114	114	193.00	233.00	213.32	212.00	24318.00
chr5	37301538	37301652	114	114	10.00	23.00	18.11	18.00	2064.00
chr16	4733843	4733933	90	90	128.00	183.00	163.93	165.00	14754.00
chr15	43693913	43694048	135	135	65.00	99.00	82.44	87.00	11129.00
chr11	18764538	18764622	84	84	225.00	269.00	252.05	256.50	21172.00
chr17	57842331	57842499	168	168	49.00	94.00	74.26	77.00	12475.00
chr9	96076729	96078064	1335	1335	4.00	45.00	21.43	22.00	28613.00
chr11	12246219	12246367	148	148	266.00	419.00	354.18	357.00	52419.00
chr12	7030743	7031565	822	822	11.00	3422.00	1200.36	33.00	986698.00
chr3	14523178	14523349	171	171	17.00	39.00	29.22	30.00	4996.00
chr5	758508	759483	975	975	4.00	27.00	13.66	13.00	13322.00
chr12	22635490	22635677	187	187	53.00	95.00	67.04	65.00	12536.00
chr5	14479369	14479459	90	90	165.00	211.00	186.46	184.00	16781.00
chr6	143655214	143656079	865	865	5.00	23.00	11.50	10.00	9949.00
chr7	75508360	75508578	218	218	110.00	810.00	644.11	732.50	140415.00
chr11	60697981	60698131	150	150	177.00	248.00	217.39	215.00	32608.00
chr1	151400598	151400889	291	291	83.00	197.00	131.07	128.00	38141.00
chr5	172196431	172197309	878	878	4.00	372.00	101.36	17.00	88997.00
chr3	49152660	49152794	134	134	49.00	67.00	55.32	55.00	7413.00
chr7	5518281	5519950	1669	1669	31.00	98.00	61.05	60.00	101886.00
chr17	16691106	16691449	343	343	3.00	64.00	21.57	20.00	7400.00
chr2	220086993	220087172	179	179	142.00	205.00	177.12	177.00	31704.00
chr10	51746916	51748006	1090	1090	3.00	94.00	39.51	35.00	43069.00
chr12	7302118	7302289	171	171	573.00	744.00	664.37	668.00	113607.00
chr11	59562844	59562955	111	111	20.00	37.00	28.73	30.00	3189.00
chr12	6100984	6101184	200	200	86.00	152.00	113.09	108.00	22618.00
chr19	5683274	5683627	353	353	9.00	28.00	18.15	17.00	6407.00
chr12	2786259	2786387	128	128	24.00	53.00	36.73	37.50	4702.00
chr15	26812727	26812880	153	153	134.00	257.00	187.90	188.00	28748.00
chr1	149007980	149008798	818	818	1.00	33.00	9.85	7.00	8057.00
chr19	54965608	54965861	253	253	82.00	174.00	122.01	115.00	30868.00
chr8	27293259	27293310	51	51	421.00	524.00	490.12	505.00	24996.00
chr15	23014437	23014528	91	91	87.00	117.00	102.31	102.00	9310.00
chr1	111717500	111717585	85	85	37.00	87.00	60.86	58.00	5173.00
chr6	150157220	150157433	213	213	195.00	254.00	227.81	229.00	48523.00
chr13	114566547	114566670	123	123	23.00	125.00	56.05	42.00	6894.00
chr16	58539291	58539605	314	314	4.00	32.00	19.54	21.00	6136.00
chr1	21936612	21936768	156	156	403.00	722.00	554.02	578.00	86427.00
chr1	17322880	17322991	111	111	277.00	447.00	365.77	400.00	40601.00
chr11	60699455	60699599	144	144	235.00	382.00	301.74	295.00	43450.00
chr5	6749669	6749770	101	101	39.00	82.00	60.33	56.00	6093.00
chr16	2156805	2156949	144	144	85.00	192.00	128.26	122.00	18470.00
chr15	34690834	34690930	96	96	75.00	160.00	130.50	130.00	12528.00
chr3	11074933	11075425	492	492	4.00	335.00	65.21	14.00	32083.00
chr5	74655222	74655381	159	159	105.00	201.00	139.16	132.00	22127.00
chr20	20022968	20023160	192	192	52.00	90.00	68.48	68.00	13148.00
chr2	39055481	39055578	97	97	20.00	33.00	28.25	30.00	2740.00
chr19	16793231	16793528	297	297	5.00	188.00	55.81	9.00	16576.00
chr2	219205450	219205509	59	59	109.00	126.00	117.39	118.00	6926.00
chr17	74087429	74087729	300	300	2.00	17.00	11.87	12.00	3562.00
chr3	184058150	184060036	1886	1886	9.00	657.00	103.24	27.00	194704.00
chr6	90333128	90333263	135	135	34.00	54.00	44.64	44.00	6026.00
chr12	125267019	125267429	410	410	5.00	62.00	23.01	18.00	9434.00
chr1	207942580	207943104	524	524	0.00	23.00	11.64	13.00	6098.00
chr4	89356876	89357043	167	167	20.00	42.00	31.98	32.00	5341.00
chr7	101995498	101995736	238	238	10.00	19.00	13.20	12.00	3141.00
chr3	11067458	11067562	104	104	255.00	363.00	319.90	327.00	33270.00
chr5	95734582	95734740	158	158	73.00	121.00	94.69	89.00	14961.00
chr6	152529106	152529341	235	235	153.00	195.00	172.79	172.00	40605.00
chr5	102295578	102295763	185	185	147.00	206.00	178.61	177.00	33042.00
chr22	21072980	21073110	130	130	721.00	1072.00	882.26	922.50	114694.00
chr12	121855306	121855714	408	408	63.00	170.00	100.94	95.00	41182.00
chr1	160326389	160326544	155	155	77.00	130.00	105.54	100.00	16358.00
chr11	60670930	60671007	77	77	277.00	337.00	307.65	309.00	23689.00
chr17	79804822	79804948	126	126	257.00	415.00	337.07	346.00	42471.00
chr16	18527204	18527332	128	128	586.00	842.00	702.90	708.50	89971.00
chr16	16372518	16372646	128	128	627.00	876.00	742.70	755.00	95065.00
chr2	32750530	32750695	165	165	19.00	40.00	29.10	29.00	4801.00
chr14	69369193	69369279	86	86	294.00	421.00	343.90	348.00	29575.00
chr7	66418212	66418356	144	144	91.00	129.00	104.58	106.00	15060.00
chr6	44107988	44108097	109	109	72.00	109.00	89.10	88.00	9712.00
chr7	70885893	70886091	198	198	225.00	495.00	323.76	282.00	64104.00
chr8	27295281	27295397	116	116	522.00	620.00	580.39	579.00	67325.00
chr7	73122918	73123018	100	100	676.00	897.00	840.14	847.00	84014.00
chr15	34698874	34699071	197	197	145.00	190.00	165.77	165.00	32657.00
chr8	22009343	22009513	170	170	207.00	401.00	283.05	285.50	48118.00
chr7	1526557	1526737	180	180	34.00	120.00	78.72	84.50	14169.00
chr5	178053946	178054065	119	119	4.00	151.00	70.11	63.00	8343.00
chr12	6103027	6103369	342	342	89.00	165.00	114.30	113.00	39092.00
chr2	3479491	3480482	991	991	6.00	21.00	12.32	12.00	12210.00
chr3	33883388	33883566	178	178	80.00	148.00	109.10	106.00	19420.00
chr19	11019778	11019883	105	105	180.00	285.00	236.31	245.00	24813.00
chr7	98446205	98446318	113	113	1090.00	2149.00	1657.98	1556.00	187352.00
chr8	106813274	106813932	658	658	10.00	45.00	23.79	19.00	15656.00
chr2	223795338	223795530	192	192	298.00	518.00	355.78	326.00	68310.00
chr7	75511146	75511554	408	408	586.00	1080.00	766.40	745.50	312693.00
chr21	40184926	40185038	112	112	160.00	237.00	204.52	218.00	22906.00
chr19	53383575	53385236	1661	1661	7.00	34.00	17.58	17.00	29204.00
chr19	14208130	14208295	165	165	4.00	533.00	346.85	433.00	57231.00
chr15	91461013	91461618	605	605	1.00	230.00	68.41	9.00	41387.00
chr8	145278010	145278133	123	123	42.00	63.00	53.20	53.00	6543.00
chr16	28132990	28133083	93	93	99.00	166.00	137.06	140.00	12747.00
chr11	125280091	125280221	130	130	68.00	99.00	83.62	84.00	10870.00
chr15	63128089	63128317	228	228	35.00	175.00	130.67	147.00	29793.00
chr9	131181435	131181557	122	122	0.00	50.00	33.48	35.00	4084.00
chr19	3281196	3281343	147	147	206.00	308.00	261.41	266.00	38428.00
chr11	6240200	6240280	80	80	29.00	41.00	35.73	35.50	2858.00
chr20	31019123	31019287	164	164	16.00	34.00	26.39	27.00	4328.00
chr6	46825865	46827260	1395	1395	35.00	115.00	62.43	61.00	87095.00
chr12	1672006	1672666	660	660	2.00	29.00	9.85	7.00	6500.00
chr12	9098824	9099001	177	177	115.00	217.00	172.32	173.00	30500.00
chr7	121738503	121738630	127	127	6.00	14.00	9.38	9.00	1191.00
chr19	40875814	40875935	121	121	800.00	992.00	925.74	935.00	112015.00
chr20	3581592	3581671	79	79	60.00	85.00	72.54	73.00	5731.00
chr17	7226965	7227042	77	77	42.00	56.00	48.12	49.00	3705.00
chr2	74331800	74332809	1009	1009	7.00	34.00	19.28	19.00	19451.00
chr1	209785136	209785610	474	474	4.00	277.00	191.76	207.50	90892.00
chr9	35546426	35548532	2106	2106	85.00	260.00	158.35	157.00	333486.00
chr17	80040198	80040290	92	92	233.00	300.00	259.63	253.00	23886.00
chr11	73074791	73075284	493	493	8.00	194.00	70.43	25.00	34721.00
chr20	44674976	44675075	99	99	286.00	363.00	339.72	344.00	33632.00
chr20	5892091	5892328	237	237	46.00	374.00	227.79	265.00	53987.00
chr17	20316581	20317594	1013	1013	1.00	23.00	10.57	11.00	10709.00
chr12	99478702	99478801	99	99	202.00	233.00	217.38	218.00	21521.00
chr17	40842756	40842960	204	204	273.00	411.00	340.29	329.00	69419.00
chr11	107501142	107501288	146	146	203.00	295.00	254.81	257.00	37202.00
chr11	85429236	85429532	296	296	2.00	25.00	11.07	11.50	3276.00
chr20	9449217	9449319	102	102	44.00	62.00	50.17	49.00	5117.00
chr14	23371395	23371591	196	196	62.00	127.00	96.42	98.00	18898.00
chr7	716865	716957	92	92	1381.00	1728.00	1586.88	1582.00	145993.00
chr10	48862360	48862682	322	322	0.00	130.00	73.41	99.00	23638.00
chr10	68686678	68688210	1532	1532	21.00	119.00	45.77	39.00	70119.00
chr5	179674854	179674926	72	72	210.00	274.00	236.67	235.00	17040.00
chr1	209773327	209773456	129	129	206.00	267.00	233.39	230.00	30107.00
chr17	45691034	45691091	57	57	290.00	347.00	315.11	312.00	17961.00
chr1	19669871	19670118	247	247	3.00	18.00	9.86	10.00	2435.00
chr17	45664025	45664710	685	685	9.00	282.00	68.80	46.00	47128.00
chr19	2337634	2338840	1206	1206	6.00	51.00	20.40	17.00	24608.00
chr8	22011480	22011552	72	72	263.00	368.00	320.04	317.00	23043.00
