#chrom	start	end	size	num_data	min	max	mean	median	sum
chr12	1940100	1940691	591	591	37.00	108.00	67.12	63.00	39666.00
chr1	27480473	27481381	908	908	40.00	96.00	63.12	62.00	57310.00
chr15	63112684	63112809	125	125	353.00	432.00	386.94	375.00	48368.00
chr5	149231737	149232254	517	517	7.00	26.00	15.03	15.00	7770.00
chr5	140865429	140867182	1753	1753	10.00	51.00	28.45	27.00	49867.00
chr1	32209793	32209958	165	165	267.00	544.00	392.97	386.00	64840.00
chr16	87873307	87873431	124	124	126.00	234.00	176.06	178.50	21832.00
chr17	34157438	34158175	737	737	8.00	32.00	19.83	20.00	14614.00
chr2	127815619	127816088	469	469	7.00	48.00	25.05	24.00	11749.00
chr1	208212965	208213112	147	147	103.00	143.00	125.76	127.00	18487.00
chr22	19703883	19704666	783	783	9.00	40.00	25.04	26.00	19605.00
chr16	87872319	87872423	104	104	138.00	210.00	167.64	159.50	17435.00
chr9	140055740	140055868	128	128	1937.00	2195.00	2075.27	2073.50	265634.00
chr22	21096515	21096643	128	128	765.00	999.00	835.78	819.00	106980.00
chr9	140056321	140056540	219	219	0.00	2995.00	1890.29	2341.00	413974.00
chr11	78379981	78380253	272	272	18.00	39.00	30.30	33.00	8242.00
chr3	11070420	11070533	113	113	252.00	312.00	283.06	279.00	31986.00
chr1	109812554	109813222	668	668	5.00	719.00	249.44	255.50	166627.00
chr2	220161954	220162155	201	201	856.00	1318.00	1119.15	1131.00	224949.00
chr15	74706887	74707086	199	199	121.00	177.00	149.22	151.00	29694.00
chr17	7318829	7319426	597	597	205.00	482.00	352.32	361.00	210337.00
chr1	21560050	21560154	104	104	52.00	69.00	61.62	62.00	6409.00
chr1	25573799	25573952	153	153	15.00	388.00	261.18	277.00	39960.00
chr14	93198993	93199160	167	167	97.00	171.00	138.56	139.00	23139.00
chr1	205554003	205554119	116	116	297.00	603.00	422.88	398.00	49054.00
chr1	9795005	9795232	227	227	2118.00	3221.00	2691.97	2703.00	611078.00
chr17	42426525	42426670	145	145	90.00	176.00	137.67	138.00	19962.00
chr18	70205887	70206179	292	292	5.00	389.00	145.27	14.00	42419.00
chr1	205553082	205553251	169	169	511.00	722.00	616.87	601.00	104251.00
chr9	140056623	140056766	143	143	13.00	2326.00	1379.83	1556.00	197315.00
chr6	33412147	33412394	247	247	14.00	625.00	294.96	363.00	72854.00
chr12	89992366	89992547	181	181	7.00	1105.00	833.03	972.00	150779.00
chr2	220088827	220089576	749	749	142.00	278.00	212.27	209.00	158988.00
chr14	100763073	100765222	2149	2149	11.00	102.00	45.97	44.00	98779.00
chr1	110740697	110742543	1846	1846	3.00	875.00	571.59	593.00	1055153.00
chr1	149878201	149879758	1557	1557	10.00	1683.00	370.76	29.00	577269.00
chr3	197264139	197265259	1120	1120	9.00	50.00	24.78	25.00	27755.00
chr8	56449623	56450530	907	907	10.00	54.00	32.16	34.00	29168.00
chr9	139354208	139354326	118	118	77.00	106.00	88.80	89.00	10478.00
chr1	32204908	32205236	328	328	623.00	955.00	758.28	753.00	248715.00
chr7	75608768	75608897	129	129	121.00	150.00	135.10	133.00	17428.00
chr19	45161029	45161178	149	149	45.00	85.00	66.26	67.00	9873.00
chr19	5243911	5244493	582	582	111.00	365.00	215.00	199.50	125131.00
chr6	32119585	32119717	132	132	6.00	940.00	455.09	437.00	60072.00
chr3	42670878	42672067	1189	1189	1.00	39.00	9.89	10.00	11762.00
chr11	45892392	45892485	93	93	136.00	189.00	154.57	153.00	14375.00
chr17	80040789	80040991	202	202	425.00	588.00	495.45	470.50	100080.00
chr2	74902875	74903036	161	161	51.00	79.00	63.35	60.00	10199.00
chr17	38335969	38337946	1977	1977	8.00	219.00	34.06	23.00	67341.00
chr16	87870103	87870253	150	150	131.00	168.00	151.77	152.00	22766.00
chr1	32205947	32206142	195	195	545.00	702.00	637.53	629.00	124319.00
chr6	44117553	44117702	149	149	24.00	278.00	169.09	194.00	25195.00
chr1	159163659	159163830	171	171	1331.00	1632.00	1482.89	1492.00	253574.00
chr3	445565	446023	458	458	9.00	20.00	14.67	15.00	6718.00
chr2	25048913	25048995	82	82	132.00	159.00	146.06	144.50	11977.00
chr10	99504485	99504672	187	187	87.00	131.00	113.34	115.00	21194.00
chr4	54364807	54365010	203	203	125.00	214.00	167.58	163.00	34018.00
chr17	1634367	1634552	185	185	25.00	58.00	42.01	41.00	7772.00
chr7	72416124	72416247	123	123	110.00	148.00	124.31	121.00	15290.00
chr1	208212169	208212329	160	160	88.00	127.00	103.42	101.00	16547.00
chr9	140952500	140952702	202	202	115.00	189.00	136.63	125.00	27600.00
chr6	44197325	44197528	203	203	83.00	158.00	123.34	126.00	25039.00
chr6	44197643	44198218	575	575	27.00	102.00	58.41	42.00	33584.00
chr11	118981972	118982084	112	112	179.00	310.00	236.52	231.50	26490.00
chr5	150503846	150503952	106	106	6.00	2506.00	1819.97	2323.50	192917.00
chr11	118981761	118981878	117	117	300.00	404.00	357.85	364.00	41868.00
chr11	126314873	126315000	127	127	84.00	108.00	99.85	101.00	12681.00
chr1	159165808	159166244	436	436	4.00	1610.00	289.82	13.50	126363.00
chr7	134893542	134893750	208	208	14.00	41.00	24.66	21.00	5130.00
chr9	121976196	121976433	237	237	227.00	466.00	342.14	345.00	81087.00
chr19	54691042	54691169	127	127	242.00	578.00	388.86	362.00	49385.00
chr22	38621430	38621600	170	170	181.00	411.00	299.54	325.00	50922.00
chr13	42035681	42036205	524	524	5.00	25.00	12.29	11.00	6440.00
chr20	1915360	1915413	53	53	13.00	1964.00	1339.08	1693.00	70971.00
chr5	14496987	14497126	139	139	178.00	268.00	214.88	225.00	29868.00
chr12	56528125	56528212	87	87	102.00	128.00	118.29	120.00	10291.00
chr3	47466974	47467101	127	127	74.00	108.00	96.52	100.00	12258.00
chr17	7415476	7415663	187	187	115.00	184.00	144.32	141.00	26988.00
chr3	33588037	33589252	1215	1215	7.00	31.00	17.59	18.00	21376.00
chr7	887833	888615	782	782	4.00	85.00	28.69	18.00	22435.00
chr10	24813251	24813693	442	442	43.00	126.00	81.75	82.00	36133.00
chr1	109812045	109812213	168	168	314.00	537.00	411.50	406.50	69132.00
chr19	15276597	15276902	305	305	49.00	86.00	66.05	67.00	20145.00
chr16	2334779	2334999	220	220	231.00	333.00	274.15	261.00	60314.00
chr16	68404761	68405261	500	500	35.00	75.00	53.63	52.00	26817.00
chr4	110969111	110969871	760	760	23.00	62.00	44.13	44.00	33539.00
chr1	145693161	145693996	835	835	6.00	94.00	37.27	33.00	31117.00
chr7	44282848	44282932	84	84	453.00	640.00	528.50	523.50	44394.00
chr2	220164315	220164508	193	193	21.00	757.00	338.30	39.00	65292.00
chr12	50472203	50472360	157	157	84.00	115.00	101.06	100.00	15867.00
chr2	220163768	220163833	65	65	811.00	1011.00	900.31	888.00	58520.00
chr2	222289928	222290862	934	934	180.00	413.00	303.18	299.00	283172.00
chr12	57599133	57599268	135	135	269.00	421.00	342.60	346.00	46251.00
chr7	157475416	157475629	213	213	406.00	701.00	548.79	499.00	116892.00
chr1	32203800	32203927	127	127	426.00	898.00	685.09	734.00	87006.00
chr1	109811731	109811912	181	181	329.00	654.00	517.92	548.00	93744.00
chr9	140052830	140052975	145	145	1515.00	3337.00	2567.70	2680.00	372316.00
chr2	220161706	220161854	148	148	1002.00	1825.00	1396.15	1428.00	206630.00
chr16	29896906	29897070	164	164	729.00	1103.00	944.35	989.00	154873.00
chr16	47143393	47143622	229	229	83.00	127.00	110.89	112.00	25394.00
chr11	993753	993985	232	232	205.00	450.00	332.82	336.00	77214.00
chr9	124059698	124061137	1439	1439	4.00	45.00	22.34	22.00	32153.00
chr9	140350140	140350634	494	494	4.00	33.00	19.84	19.00	9799.00
chr11	14504577	14504697	120	120	65.00	97.00	80.56	79.00	9667.00
chr3	49898612	49898733	121	121	673.00	974.00	822.72	803.00	99549.00
chr9	131811659	131811777	118	118	83.00	120.00	95.81	94.00	11305.00
chr9	131810705	131810818	113	113	100.00	129.00	114.39	114.00	12926.00
chr1	223400935	223401080	145	145	138.00	187.00	161.12	158.00	23362.00
chr12	125612185	125612820	635	635	6.00	235.00	44.83	12.00	28470.00
chr2	220088590	220088744	154	154	212.00	290.00	249.92	247.00	38487.00
chr9	70888487	70888750	263	263	2.00	22.00	12.85	13.00	3379.00
chr14	69813756	69813898	142	142	109.00	158.00	126.71	123.00	17993.00
chr2	47399145	47399890	745	745	3.00	491.00	39.60	33.00	29500.00
chr11	62688689	62689041	352	352	12.00	256.00	67.97	22.00	23926.00
chr6	43745205	43745407	202	202	3.00	71.00	52.43	49.00	10590.00
chr3	11072492	11072997	505	505	4.00	415.00	87.68	20.00	44280.00
chr7	2696031	2696168	137	137	264.00	381.00	331.46	343.00	45410.00
chr16	14969196	14969279	83	83	704.00	1065.00	911.10	969.00	75621.00
chr17	7377847	7378026	179	179	11.00	19.00	14.50	14.00	2596.00
chr12	65639640	65639719	79	79	70.00	133.00	100.89	98.00	7970.00
chr12	50294912	50295108	196	196	1497.00	2817.00	1941.92	1884.50	380616.00
chr19	42485653	42485788	135	135	2701.00	4298.00	3677.76	3663.00	496498.00
chr10	99509230	99509343	113	113	126.00	211.00	166.42	167.00	18805.00
chr22	38883877	38888120	4243	4243	53.00	1011.00	276.29	255.00	1172298.00
chr12	49416372	49416658	286	286	100.00	146.00	115.54	113.00	33045.00
chr6	24843089	24843782	693	693	35.00	79.00	56.76	57.00	39332.00
chr5	176295561	176295665	104	104	268.00	349.00	294.62	288.50	30640.00
chr10	99510087	99510227	140	140	176.00	238.00	199.83	195.00	27976.00
chr1	159173658	159174770	1112	1112	22.00	160.00	59.16	50.00	65784.00
chr11	1780745	1780869	124	124	1234.00	1621.00	1414.84	1431.00	175440.00
chr19	42486059	42486258	199	199	2003.00	3175.00	2565.36	2602.00	510506.00
chr3	47465422	47465535	113	113	108.00	189.00	133.69	127.00	15107.00
chr1	21573713	21573856	143	143	38.00	64.00	51.57	51.00	7375.00
chr11	65320330	65320453	123	123	105.00	142.00	129.05	128.00	15873.00
chr3	47462420	47462519	99	99	169.00	210.00	192.21	193.00	19029.00
chr2	219204751	219204864	113	113	139.00	196.00	173.16	176.00	19567.00
chr1	43906123	43906257	134	134	26.00	37.00	30.22	30.00	4049.00
chr7	38785158	38785840	682	682	9.00	329.00	42.68	21.00	29107.00
chr2	153499932	153500058	126	126	101.00	170.00	129.14	127.00	16272.00
chr1	32203011	32203132	121	121	8.00	648.00	503.00	586.00	60863.00
chr22	42290823	42290941	118	118	420.00	662.00	542.19	544.00	63979.00
chr19	47940718	47940818	100	100	599.00	939.00	741.31	730.00	74131.00
chr4	119539150	119539274	124	124	6.00	45.00	21.03	23.00	2608.00
chr17	44117067	44117250	183	183	48.00	93.00	70.49	71.00	12900.00
chr19	42485873	42485983	110	110	2008.00	2681.00	2303.09	2243.50	253340.00
chr6	44114583	44114664	81	81	154.00	187.00	170.93	170.00	13845.00
chr19	47941105	47941292	187	187	10.00	1008.00	570.75	748.00	106730.00
chr11	73074250	73074500	250	250	140.00	180.00	164.06	166.00	41015.00
chr3	33418764	33418825	61	61	303.00	411.00	342.16	336.00	20872.00
chr1	700258	700505	247	247	3.00	43.00	18.19	14.00	4492.00
chr9	74319510	74319719	209	209	18.00	47.00	27.87	26.00	5824.00
chr16	2336694	2336968	274	274	220.00	737.00	463.19	478.00	126913.00
chr20	3575125	3575219	94	94	121.00	228.00	148.62	143.00	13970.00
chr9	139231377	139231529	152	152	86.00	151.00	119.93	120.50	18229.00
chr5	140515951	140516498	547	547	10.00	45.00	28.04	27.00	15337.00
chr1	21938208	21938309	101	101	603.00	795.00	717.91	732.00	72509.00
chr3	155659188	155659936	748	748	17.00	105.00	72.38	81.00	54137.00
chr16	27483068	27483241	173	173	113.00	172.00	147.22	148.00	25469.00
chr11	994071	994245	174	174	178.00	286.00	237.58	232.50	41339.00
chr7	71175745	71175913	168	168	427.00	667.00	542.71	525.50	91176.00
chr12	121204065	121204175	110	110	113.00	186.00	157.21	162.00	17293.00
chr7	73118679	73118753	74	74	1298.00	1766.00	1453.16	1417.00	107534.00
chr9	140972565	140972710	145	145	86.00	121.00	101.29	102.00	14687.00
chr12	121683329	121684024	695	695	4.00	21.00	12.42	13.00	8632.00
chr16	74493579	74493687	108	108	160.00	239.00	195.28	190.00	21090.00
chr2	36771518	36771641	123	123	136.00	215.00	172.28	172.00	21191.00
chr7	94187181	94187996	815	815	10.00	26.00	17.67	18.00	14405.00
chr14	94156951	94157239	288	288	9.00	20.00	14.90	15.00	4291.00
chr7	121739000	121739524	524	524	4.00	15.00	9.39	10.00	4918.00
chr1	19549117	19549328	211	211	96.00	163.00	120.19	114.00	25360.00
chr19	5214571	5214747	176	176	226.00	550.00	308.35	299.00	54269.00
chr19	42557753	42557861	108	108	200.00	264.00	230.70	231.00	24916.00
chr15	102510686	102510925	239	239	4.00	69.00	38.11	35.00	9108.00
chr5	167673761	167675376	1615	1615	27.00	143.00	83.02	86.00	134081.00
chr7	44282158	44282253	95	95	661.00	1215.00	958.91	958.00	91096.00
chr2	160621061	160621717	656	656	3.00	140.00	17.21	8.00	11291.00
chr5	10426501	10426634	133	133	252.00	435.00	352.33	360.00	46860.00
chr16	1814301	1814460	159	159	655.00	825.00	742.62	748.00	118076.00
chr11	21581734	21581928	194	194	128.00	198.00	155.32	148.00	30133.00
chr3	126749085	126749255	170	170	180.00	263.00	219.11	223.50	37249.00
chr11	12237765	12237866	101	101	507.00	724.00	620.25	623.00	62645.00
chr6	31750872	31750963	91	91	100.00	128.00	112.81	111.00	10266.00
chr3	53124201	53124398	197	197	14.00	24.00	19.06	18.00	3755.00
chr2	220161470	220161544	74	74	1313.00	1625.00	1542.72	1560.00	114161.00
chr2	128951046	128951785	739	739	14.00	86.00	44.62	44.00	32977.00
chr5	24535811	24535931	120	120	115.00	188.00	158.96	169.50	19075.00
chr1	44083406	44083582	176	176	228.00	465.00	326.44	298.00	57454.00
chr1	32207653	32207818	165	165	310.00	585.00	408.62	366.00	67423.00
chr12	7293754	7294000	246	246	14.00	1606.00	889.97	1181.00	218933.00
chr3	131442289	131442469	180	180	145.00	197.00	172.44	172.00	31040.00
chr3	49898871	49899298	427	427	27.00	1120.00	468.37	667.00	199995.00
chr16	66432358	66432464	106	106	18.00	36.00	26.43	23.00	2802.00
chr1	20982593	20982680	87	87	268.00	368.00	325.23	324.00	28295.00
chr16	68398653	68398809	156	156	40.00	71.00	52.12	52.00	8130.00
chr17	16676818	16678279	1461	1461	3.00	31.00	13.80	13.00	20159.00
chr1	109814899	109815027	128	128	350.00	487.00	420.55	420.00	53830.00
chr1	21940478	21940582	104	104	815.00	1037.00	948.35	941.50	98628.00
chr20	57468284	57468793	509	509	7.00	27.00	16.35	15.00	8324.00
chr3	127358087	127358366	279	279	148.00	451.00	296.87	292.00	82826.00
chr3	126735359	126735527	168	168	116.00	172.00	140.20	142.00	23554.00
chr10	103869140	103869264	124	124	260.00	356.00	314.45	326.50	38992.00
chr20	44520554	44520666	112	112	138.00	194.00	161.60	154.00	18099.00
chr1	32203252	32203356	104	104	390.00	631.00	515.79	532.50	53642.00
chr21	40186196	40186316	120	120	257.00	363.00	302.01	307.50	36241.00
chr5	111067153	111068349	1196	1196	4.00	72.00	29.62	30.00	35422.00
chr9	128002954	128003186	232	232	341.00	586.00	473.07	485.00	109752.00
chr1	43408896	43408992	96	96	165.00	252.00	208.27	205.50	19994.00
chr3	47463931	47464026	95	95	180.00	241.00	208.43	209.00	19801.00
chr2	220161160	220161238	78	78	1142.00	1346.00	1231.79	1228.50	96080.00
chr11	62472772	62473089	317	317	1106.00	2004.00	1543.62	1549.00	489326.00
chr9	130986341	130986906	565	565	12.00	696.00	168.01	24.00	94927.00
chr14	69358769	69359000	231	231	271.00	399.00	334.75	338.00	77328.00
chr11	64416205	64416379	174	174	150.00	277.00	221.10	216.50	38472.00
chr17	8398454	8398559	105	105	388.00	640.00	525.61	505.00	55189.00
chr12	53572943	53574193	1250	1250	9.00	95.00	40.42	40.00	50521.00
chr17	17696544	17701827	5283	5283	18.00	200.00	81.87	79.00	432523.00
chr8	11705187	11705331	144	144	1021.00	1757.00	1554.21	1603.50	223806.00
chr19	54963829	54963931	102	102	267.00	358.00	309.19	306.50	31537.00
chr2	70451682	70456295	4613	4613	3.00	147.00	26.05	23.00	120179.00
chr11	118873959	118874169	210	210	10.00	24.00	16.70	15.50	3508.00
chr10	75548427	75548581	154	154	48.00	79.00	61.62	59.00	9490.00
chr6	33414351	33414563	212	212	448.00	760.00	629.17	618.00	133384.00
chr17	80042910	80043032	122	122	219.00	263.00	242.87	243.50	29630.00
chr11	11470290	11470483	193	193	43.00	98.00	59.60	55.00	11503.00
chr8	23294446	23294771	325	325	109.00	214.00	160.67	159.00	52219.00
chr1	116932060	116932663	603	603	6.00	2872.00	996.19	28.00	600701.00
chr15	83222627	83222741	114	114	67.00	82.00	74.53	74.00	8496.00
chr3	9841562	9841751	189	189	17.00	32.00	25.05	25.00	4734.00
chr1	116937731	116937907	176	176	1813.00	3777.00	2314.48	2020.00	407349.00
chr16	87868019	87868197	178	178	138.00	192.00	158.61	154.50	28233.00
chr3	124209540	124209731	191	191	631.00	871.00	757.26	743.00	144637.00
chr7	71142195	71142291	96	96	552.00	766.00	631.85	620.00	60658.00
chr5	130497324	130497584	260	260	13.00	26.00	19.90	19.00	5174.00
chr13	100199238	100199358	120	120	221.00	378.00	283.93	277.50	34072.00
chr5	139943336	139943506	170	170	16.00	238.00	192.88	195.50	32790.00
chr17	74395529	74396002	473	473	100.00	218.00	169.66	174.00	80250.00
chr14	93179149	93179216	67	67	182.00	258.00	236.60	243.00	15852.00
chr4	160277004	160277310	306	306	47.00	338.00	209.23	218.00	64023.00
chr17	40666306	40666478	172	172	778.00	1271.00	1039.52	1089.50	178797.00
chr15	34828065	34828207	142	142	11.00	169.00	120.22	132.00	17071.00
chr14	100165802	100165876	74	74	570.00	657.00	612.38	612.50	45316.00
chr22	20128089	20128231	142	142	7.00	162.00	93.84	127.50	13325.00
chr12	3392210	3394421	2211	2211	4.00	77.00	35.01	35.00	77401.00
chr17	16687866	16690667	2801	2801	0.00	67.00	12.50	9.00	35026.00
chr6	31664724	31664810	86	86	120.00	206.00	160.83	162.00	13831.00
chr6	30627512	30627611	99	99	34.00	53.00	43.67	44.00	4323.00
chr11	18752834	18755060	2226	2226	6.00	727.00	90.17	38.00	200708.00
chr12	109332602	109332731	129	129	506.00	644.00	554.95	544.00	71589.00
chr6	90072884	90073110	226	226	16.00	39.00	26.96	28.00	6093.00
chr16	2689371	2689711	340	340	0.00	2.00	0.13	0.00	45.00
chr1	20987373	20987484	111	111	239.00	308.00	265.05	264.00	29420.00
chr14	85985300	85986667	1367	1367	3.00	27.00	13.43	13.00	18364.00
chr13	32863769	32863880	111	111	161.00	212.00	179.79	177.00	19957.00
chr16	1510418	1510528	110	110	101.00	139.00	117.84	116.00	12962.00
chr19	54963269	54963444	175	175	324.00	399.00	363.69	365.00	63646.00
chr6	44224078	44224233	155	155	38.00	56.00	46.88	46.00	7266.00
chr20	3151172	3152285	1113	1113	7.00	52.00	29.78	32.00	33149.00
chr1	892273	892405	132	132	95.00	240.00	163.23	155.00	21546.00
chr16	90192167	90192724	557	557	2.00	44.00	23.07	23.00	12850.00
chr9	111663704	111663810	106	106	81.00	112.00	95.36	93.50	10108.00
chr6	44108764	44108835	71	71	159.00	188.00	173.49	172.00	12318.00
chr1	36028802	36029027	225	225	1562.00	3302.00	2412.92	2395.00	542908.00
chr11	66807259	66807674	415	415	15.00	306.00	216.01	218.00	89646.00
chr1	178426817	178427679	862	862	24.00	84.00	51.25	50.00	44180.00
chr19	42482302	42482478	176	176	2149.00	3722.00	2578.48	2444.00	453813.00
chr1	44084718	44084873	155	155	182.00	481.00	317.01	323.00	49137.00
chr1	109812315	109812442	127	127	386.00	567.00	457.01	459.00	58040.00
chr3	180324268	180324391	123	123	107.00	148.00	128.28	128.00	15778.00
chr15	63933668	63933842	174	174	195.00	265.00	225.48	215.00	39233.00
chr20	44521363	44521519	156	156	183.00	240.00	211.00	212.00	32916.00
chr3	33416779	33416910	131	131	190.00	328.00	242.00	229.00	31702.00
chr1	21934624	21934843	219	219	4.00	929.00	398.05	497.00	87172.00
chr14	69799801	69799886	85	85	99.00	130.00	121.01	123.00	10286.00
chr1	116936134	116936345	211	211	2.00	2685.00	2128.88	2354.00	449193.00
chr14	23634493	23634645	152	152	48.00	74.00	62.98	66.00	9573.00
chr16	1402538	1402947	409	409	8.00	34.00	18.27	16.00	7471.00
chr9	20331	25000	4669	4669	0.00	114.00	35.83	35.00	167302.00
chr17	43545574	43545959	385	385	10.00	39.00	20.92	17.00	8055.00
chr13	100201418	100201476	58	58	293.00	420.00	362.02	366.00	20997.00
chr15	41865505	41865665	160	160	354.00	708.00	490.99	507.50	78558.00
chr19	19641688	19642196	508	508	10.00	28.00	18.83	18.00	9564.00
chr11	134147593	134148159	566	566	10.00	35.00	22.10	21.00	12506.00
chr2	71656420	71657290	870	870	9.00	39.00	20.81	20.00	18107.00
chr7	97834775	97835016	241	241	150.00	242.00	195.20	197.00	47044.00
chr19	13363804	13363915	111	111	171.00	219.00	190.92	187.00	21192.00
chr18	31328383	31329011	628	628	10.00	35.00	23.39	23.00	14691.00
chr16	66431884	66432009	125	125	18.00	36.00	26.83	26.00	3354.00
chr19	47935155	47935702	547	547	6.00	1351.00	450.83	466.00	246602.00
chr12	50291769	50291873	104	104	1082.00	1471.00	1248.96	1249.00	129892.00
chr11	1780198	1780317	119	119	618.00	1239.00	856.68	837.00	101945.00
chr15	65392626	65393167	541	541	9.00	39.00	20.55	18.00	11115.00
chr2	86397871	86397967	96	96	117.00	191.00	161.96	168.50	15548.00
chr7	97866087	97866233	146	146	129.00	176.00	155.99	160.00	22775.00
chr11	60687157	60687402	245	245	71.00	174.00	124.08	132.00	30399.00
chr21	43307700	43309453	1753	1753	10.00	60.00	39.25	39.00	68810.00
chr14	24619269	24619657	388	388	17.00	62.00	32.03	29.00	12428.00
chr11	65320634	65320727	93	93	96.00	110.00	104.75	105.00	9742.00
chr16	29891184	29891385	201	201	645.00	865.00	763.08	757.00	153380.00
chr1	32207224	32207326	102	102	837.00	1150.00	994.96	1012.00	101486.00
chr11	72300218	72300394	176	176	8.00	625.00	215.88	16.00	37995.00
chr17	7608878	7609038	160	160	27.00	179.00	97.82	105.00	15651.00
chr19	7607646	7607814	168	168	122.00	205.00	164.89	170.50	27701.00
chr19	54966129	54966271	142	142	163.00	255.00	216.08	225.50	30684.00
chr12	57995027	57995131	104	104	212.00	265.00	241.66	244.00	25133.00
chr1	27428875	27429049	174	174	84.00	151.00	118.86	122.00	20682.00
chr2	27688277	27688385	108	108	33.00	68.00	50.06	50.00	5406.00
chr16	2691449	2692254	805	805	0.00	17.00	3.63	3.00	2925.00
chr9	131503813	131503933	120	120	400.00	475.00	427.68	425.00	51322.00
chr16	2347766	2347922	156	156	230.00	333.00	273.03	260.00	42593.00
chr17	80039884	80040036	152	152	360.00	467.00	409.47	414.50	62239.00
chr1	32204432	32204538	106	106	585.00	920.00	723.12	738.00	76651.00
chr12	9242951	9243078	127	127	163.00	226.00	193.09	191.00	24522.00
chr3	49702661	49702751	90	90	276.00	389.00	343.83	343.00	30945.00
chr19	35820359	35820837	478	478	9.00	55.00	28.58	25.00	13663.00
chr1	201456762	201457615	853	853	3.00	17.00	10.77	11.00	9185.00
chr16	2334279	2334438	159	159	232.00	299.00	271.78	272.00	43213.00
chr10	73578373	73578481	108	108	2847.00	3922.00	3432.67	3488.00	370728.00
chr16	18530550	18530756	206	206	1.00	789.00	389.22	586.50	80180.00
chr16	16369094	16369300	206	206	1.00	801.00	396.15	596.00	81607.00
chr13	113975636	113975785	149	149	6.00	499.00	213.99	14.00	31884.00
chr11	119293822	119294227	405	405	14.00	8051.00	758.68	44.00	307266.00
chr5	150505962	150506041	79	79	1583.00	2441.00	1908.81	1882.00	150796.00
chr22	44224939	44225078	139	139	1019.00	1390.00	1134.68	1100.00	157720.00
chr15	41865199	41865309	110	110	264.00	382.00	321.28	313.00	35341.00
chr17	25633807	25636298	2491	2491	10.00	566.00	199.11	184.00	495991.00
chr15	72495155	72495529	374	374	13.00	4687.00	1651.90	30.00	617810.00
chr9	42540272	42542124	1852	1852	2.00	41.00	14.12	11.00	26159.00
chr11	119290760	119291704	944	944	6.00	10010.00	2352.52	25.00	2220783.00
chr19	5219949	5220165	216	216	235.00	420.00	306.48	275.00	66200.00
chr15	63910769	63911153	384	384	5.00	33.00	15.26	12.00	5858.00
chr17	74393879	74393969	90	90	168.00	219.00	187.23	185.50	16851.00
chr10	104129467	104129532	65	65	123.00	150.00	131.98	131.00	8579.00
chr3	142454224	142454620	396	396	2.00	28.00	13.81	14.00	5468.00
chr12	121205196	121205396	200	200	163.00	251.00	199.61	190.00	39922.00
chr3	31705570	31705724	154	154	33.00	63.00	48.80	49.00	7515.00
chr6	118635190	118636593	1403	1403	22.00	185.00	124.04	122.00	174033.00
chr8	10339867	10340829	962	962	6.00	41.00	26.96	28.00	25933.00
chr19	16952578	16952779	201	201	134.00	262.00	203.55	212.00	40913.00
chr8	110984486	110985016	530	530	139.00	259.00	202.00	202.00	107058.00
chr9	128001219	128001610	391	391	449.00	1115.00	816.28	842.00	319164.00
chr11	73070878	73070997	119	119	160.00	212.00	187.86	191.00	22355.00
chr10	104130140	104130235	95	95	127.00	167.00	145.53	142.00	13825.00
chr5	95733039	95733173	134	134	307.00	426.00	368.23	369.50	49343.00
chr19	59059400	59059547	147	147	239.00	327.00	287.05	285.00	42197.00
chr5	139943169	139943255	86	86	20.00	183.00	139.50	149.00	11997.00
chr17	73487771	73487981	210	210	92.00	183.00	132.32	121.00	27787.00
chr1	154315588	154315777	189	189	38.00	76.00	54.71	51.00	10340.00
chr14	95652726	95653070	344	344	8.00	20.00	12.41	12.00	4268.00
chr12	123639801	123640772	971	971	8.00	45.00	23.25	24.00	22577.00
chr22	47064870	47065171	301	301	3.00	15.00	7.85	6.00	2363.00
chr5	24535220	24535388	168	168	127.00	208.00	165.83	166.00	27859.00
chr12	6806452	6806958	506	506	242.00	656.00	384.99	346.00	194806.00
chr22	29881711	29881836	125	125	303.00	401.00	348.44	344.00	43555.00
chr7	75894681	75894786	105	105	79.00	160.00	120.77	125.00	12681.00
chr12	121089007	121095893	6886	6886	7.00	192.00	57.19	53.00	393776.00
chr1	207940357	207942365	2008	2008	3.00	213.00	41.01	30.00	82358.00
chr7	154681166	154681240	74	74	531.00	620.00	572.61	572.50	42373.00
chr5	131696513	131697529	1016	1016	3.00	30.00	12.15	11.00	12347.00
chr11	1776135	1776258	123	123	372.00	1016.00	648.81	621.00	79804.00
chr8	11706554	11706673	119	119	1125.00	1427.00	1290.73	1308.00	153597.00
chr11	18759426	18759511	85	85	383.00	461.00	425.07	423.00	36131.00
chr16	61689373	61689625	252	252	87.00	127.00	108.63	110.00	27376.00
chr15	51750702	51750824	122	122	216.00	291.00	252.73	258.00	30833.00
chr9	35555056	35555698	642	642	180.00	613.00	379.43	385.50	243597.00
chr2	198356200	198356621	421	421	0.00	11.00	3.80	3.00	1600.00
chr9	131001723	131001794	71	71	3347.00	4127.00	3818.80	3842.00	271135.00
chr19	5214371	5214491	120	120	375.00	588.00	525.27	540.00	63032.00
chr22	35719488	35719623	135	135	140.00	200.00	180.84	188.00	24414.00
chr12	121678738	121679829	1091	1091	7.00	31.00	16.65	16.00	18170.00
chr14	23820960	23821064	104	104	1580.00	1872.00	1779.54	1803.50	185072.00
chr1	32205710	32205779	69	69	605.00	728.00	665.00	667.00	45885.00
chr3	33420176	33420326	150	150	9.00	370.00	122.06	14.00	18309.00
chr9	114820707	114820966	259	259	29.00	42.00	34.66	35.00	8976.00
chr15	41865876	41866023	147	147	15.00	723.00	596.02	635.00	87615.00
chr19	55554308	55554637	329	329	4.00	21.00	11.68	11.00	3842.00
chr1	116933403	116933513	110	110	2265.00	3133.00	2776.23	2818.00	305385.00
chr19	15374230	15374359	129	129	87.00	139.00	118.66	120.00	15307.00
chr12	56090682	56090852	170	170	27.00	42.00	32.68	32.00	5555.00
chr14	69445668	69445876	208	208	107.00	387.00	278.00	311.00	57824.00
chr12	57603474	57603651	177	177	219.00	390.00	288.26	285.00	51022.00
chr22	32897492	32898946	1454	1454	9.00	147.00	57.94	50.00	84243.00
chr16	16367702	16367764	62	62	4.00	534.00	261.42	291.00	16208.00
chr19	5245786	5246056	270	270	170.00	397.00	265.80	264.50	71766.00
chr16	74345440	74345829	389	389	6.00	27.00	18.42	20.00	7167.00
chr6	107096899	107097076	177	177	27.00	51.00	39.31	39.00	6958.00
chr1	29641883	29642019	136	136	35.00	63.00	46.72	46.00	6354.00
chr8	97342440	97342509	69	69	220.00	260.00	234.65	232.00	16191.00
chr8	68116914	68117054	140	140	88.00	129.00	113.52	118.00	15893.00
chr22	22037470	22037546	76	76	73.00	101.00	89.55	93.50	6806.00
chr22	50682147	50683420	1273	1273	7.00	150.00	84.08	80.00	107028.00
chr20	44048971	44049069	98	98	162.00	214.00	192.96	193.50	18910.00
chr1	36904356	36904511	155	155	45.00	77.00	60.46	60.00	9371.00
chr12	71054719	71054877	158	158	68.00	164.00	104.66	101.00	16536.00
chr15	50654364	50655515	1151	1151	18.00	74.00	42.60	43.00	49029.00
chr2	234198499	234198620	121	121	64.00	86.00	76.94	77.00	9310.00
chr9	128001699	128001812	113	113	536.00	641.00	582.48	578.00	65820.00
chr8	38272296	38272419	123	123	71.00	103.00	90.97	92.00	11189.00
chr11	73068069	73068179	110	110	134.00	197.00	171.27	171.50	18840.00
chr16	28123137	28123327	190	190	149.00	240.00	201.66	204.00	38315.00
chr12	49424062	49424222	160	160	39.00	79.00	51.27	48.00	8204.00
chr19	50302885	50303023	138	138	362.00	622.00	508.41	503.50	70160.00
chr19	42480567	42480718	151	151	3849.00	5576.00	4555.58	4619.00	687892.00
chr3	197904395	197905301	906	906	0.00	45.00	19.25	19.00	17440.00
chr13	100189992	100190117	125	125	287.00	348.00	322.84	321.00	40355.00
chr19	14268062	14268272	210	210	317.00	486.00	401.76	388.00	84369.00
chr10	93786886	93787057	171	171	73.00	107.00	91.12	90.00	15581.00
chr1	109808726	109808828	102	102	221.00	293.00	249.11	243.50	25409.00
chr4	134075461	134075520	59	59	231.00	302.00	254.95	256.00	15042.00
chr1	22052268	22053864	1596	1596	7.00	45.00	20.76	21.00	33128.00
chr9	140056855	140056968	113	113	1601.00	2305.00	2000.76	2050.00	226086.00
chr19	42482087	42482224	137	137	3751.00	5523.00	4880.12	5037.00	668576.00
chr19	4556962	4557025	63	63	668.00	876.00	719.48	702.00	45327.00
chr19	14266921	14267013	92	92	304.00	454.00	382.32	379.00	35173.00
chr22	42273851	42274127	276	276	4.00	955.00	505.28	576.00	139456.00
chr1	205549788	205550049	261	261	316.00	549.00	414.98	404.00	108311.00
chr1	110765585	110766522	937	937	73.00	194.00	123.84	120.00	116042.00
chr19	55553595	55554158	563	563	8.00	32.00	18.81	18.00	10588.00
chr7	150929881	150931360	1479	1479	27.00	133.00	53.24	48.00	78744.00
chr3	124215157	124215260	103	103	538.00	815.00	708.41	734.00	72966.00
chr16	58220658	58220760	102	102	113.00	201.00	146.24	135.00	14916.00
chr3	10381925	10382033	108	108	894.00	1173.00	1074.72	1101.00	116070.00
chr10	11356101	11356221	120	120	122.00	174.00	144.16	140.50	17299.00
chr22	42294652	42294785	133	133	425.00	686.00	571.24	560.00	75975.00
chr1	2005531	2005714	183	183	16.00	65.00	47.74	53.00	8736.00
chr12	113722522	113722576	54	54	49.00	65.00	57.43	56.50	3101.00
chr9	131502198	131502398	200	200	8.00	557.00	437.70	473.50	87541.00
chr19	40873602	40873786	184	184	1292.00	2271.00	1910.04	2003.00	351448.00
chr2	220162606	220162825	219	219	394.00	853.00	642.06	646.00	140612.00
chr16	28270027	28270355	328	328	27.00	84.00	46.93	43.50	15394.00
chr4	3225718	3225858	140	140	161.00	222.00	204.74	206.50	28663.00
chr17	44127898	44128070	172	172	53.00	78.00	63.58	62.50	10935.00
chr3	47462043	47462262	219	219	93.00	177.00	120.90	116.00	26477.00
chr6	99873090	99873182	92	92	15.00	409.00	176.18	143.00	16209.00
chr7	142561723	142562504	781	781	262.00	821.00	535.64	537.00	418333.00
chr1	159169540	159169666	126	126	1397.00	1677.00	1535.74	1532.00	193503.00
chr19	7606869	7606953	84	84	81.00	110.00	94.33	91.00	7924.00
chr16	2811561	2818298	6737	6737	7.00	709.00	325.94	325.00	2195866.00
chr3	47450652	47450807	155	155	53.00	80.00	66.37	66.00	10288.00
chr11	118403631	118403922	291	291	152.00	238.00	185.29	183.00	53918.00
chr1	205555161	205555335	174	174	290.00	415.00	334.52	329.00	58206.00
chr12	125603186	125603311	125	125	132.00	197.00	155.16	151.00	19395.00
chr11	86658288	86659498	1210	1210	4.00	38.00	14.84	12.00	17962.00
chr22	37764946	37768745	3799	3799	6.00	329.00	134.88	121.00	512403.00
chr10	46345664	46346215	551	551	3.00	29.00	20.23	20.00	11149.00
chr22	33673045	33673241	196	196	255.00	707.00	408.35	330.50	80036.00
chr9	140042599	140042666	67	67	14.00	371.00	322.84	340.00	21630.00
chr3	48717233	48717320	87	87	182.00	237.00	199.16	195.00	17327.00
chr11	60681600	60681740	140	140	23.00	149.00	72.19	57.00	10107.00
chr10	93784512	93784724	212	212	35.00	64.00	50.61	53.00	10730.00
chr12	7289424	7290372	948	948	5.00	1115.00	289.55	18.00	274498.00
chr3	132387062	132387526	464	464	9.00	22.00	14.33	14.00	6650.00
chr16	2335442	2335647	205	205	234.00	393.00	317.14	314.00	65013.00
chr16	1794782	1797276	2494	2494	4.00	732.00	87.39	33.00	217946.00
chr16	3786036	3786204	168	168	104.00	194.00	139.40	130.00	23420.00
chr9	141131209	141131766	557	557	0.00	41.00	13.58	14.00	7565.00
chr14	92965028	92966015	987	987	3.00	33.00	18.30	19.00	18060.00
chr19	54692070	54692200	130	130	258.00	571.00	397.58	349.00	51685.00
chr15	43866006	43866230	224	224	123.00	170.00	142.06	141.00	31821.00
chr3	40231316	40231954	638	638	55.00	125.00	85.96	82.00	54844.00
chr3	50148937	50149455	518	518	7.00	27.00	16.73	16.00	8665.00
chr4	81117505	81117755	250	250	63.00	106.00	84.88	84.00	21221.00
chr10	46740404	46740638	234	234	4.00	11.00	7.41	7.00	1735.00
chr3	124210169	124210271	102	102	482.00	639.00	586.88	598.50	59862.00
chr11	107488830	107488932	102	102	302.00	506.00	395.31	388.50	40322.00
chr9	130591965	130592106	141	141	85.00	134.00	109.79	106.00	15480.00
chr1	20981932	20982027	95	95	315.00	400.00	354.51	359.00	33678.00
chr12	75875613	75875859	246	246	46.00	89.00	64.83	62.00	15949.00
chr22	32046684	32046764	80	80	70.00	102.00	88.10	90.00	7048.00
chr11	70331418	70331658	240	240	37.00	207.00	112.88	115.50	27090.00
chr14	51079976	51080069	93	93	495.00	610.00	551.08	552.00	51250.00
chr17	80041077	80041301	224	224	314.00	728.00	522.08	485.50	116947.00
chr7	158540884	158540971	87	87	139.00	203.00	170.03	169.00	14793.00
chr1	21553651	21553719	68	68	50.00	60.00	53.65	53.00	3648.00
chr2	219206256	219206349	93	93	105.00	138.00	120.92	121.00	11246.00
chr17	18444211	18445242	1031	1031	6.00	34.00	16.62	15.00	17136.00
chr12	57599340	57599460	120	120	285.00	424.00	347.04	335.50	41645.00
chr11	64417919	64418110	191	191	266.00	487.00	402.51	412.00	76880.00
chr19	3274926	3275650	724	724	13.00	38.00	23.69	24.00	17148.00
chr16	18532086	18532305	219	219	605.00	1054.00	777.27	759.00	170222.00
chr17	3776702	3776756	54	54	501.00	645.00	601.65	628.00	32489.00
chr1	116932670	116933033	363	363	4.00	3594.00	1644.88	2608.00	597093.00
chr16	1505731	1505796	65	65	186.00	230.00	210.46	213.00	13680.00
chr1	9794029	9794200	171	171	3118.00	3662.00	3371.15	3362.00	576466.00
chr10	73579221	73579379	158	158	2741.00	4238.00	3282.19	3228.50	518586.00
chr11	6411684	6412146	462	462	26.00	115.00	74.31	73.00	34332.00
chr1	159163212	159163350	138	138	1197.00	1596.00	1350.65	1318.00	186390.00
chr16	1816723	1816804	81	81	551.00	718.00	625.12	620.00	50635.00
chr7	91722399	91722630	231	231	6.00	108.00	81.16	82.00	18747.00
chr7	44281816	44281939	123	123	987.00	1195.00	1098.51	1101.00	135117.00
chr2	220467189	220467297	108	108	20.00	29.00	24.97	26.00	2697.00
chr16	4494664	4494729	65	65	159.00	208.00	188.09	189.00	12226.00
chr15	34681844	34681986	142	142	9.00	328.00	187.60	193.00	26639.00
chr9	139995935	139996124	189	189	92.00	168.00	120.02	108.00	22684.00
chr3	180324040	180324160	120	120	101.00	130.00	118.03	119.00	14163.00
chr3	42678359	42681242	2883	2883	44.00	141.00	86.26	84.00	248681.00
chr7	131812776	131815333	2557	2557	1.00	127.00	67.73	69.00	173182.00
chr20	1585387	1585522	135	135	17.00	558.00	293.70	301.00	39650.00
chr3	126751229	126751442	213	213	214.00	278.00	247.88	248.00	52798.00
chr15	63920875	63921014	139	139	174.00	266.00	207.09	207.00	28785.00
chr16	2040128	2040202	74	74	280.00	369.00	327.99	331.50	24271.00
chr9	74324174	74324390	216	216	18.00	45.00	33.16	33.00	7163.00
chr20	44521858	44521950	92	92	183.00	235.00	204.79	202.00	18841.00
chr9	139911647	139911798	151	151	317.00	512.00	416.26	411.00	62855.00
chr9	140055507	140055649	142	142	2076.00	3378.00	2715.80	2522.50	385644.00
chr12	120148055	120148191	136	136	180.00	286.00	231.61	227.50	31499.00
chr12	50474280	50474372	92	92	89.00	105.00	98.07	99.00	9022.00
chr15	63125702	63125828	126	126	220.00	377.00	292.96	294.00	36913.00
chr9	20907148	20907241	93	93	105.00	137.00	123.32	125.00	11469.00
chr16	87874655	87874761	106	106	140.00	217.00	174.34	160.00	18480.00
chr2	162833269	162833460	191	191	4.00	797.00	453.99	683.00	86713.00
chr8	11704560	11704677	117	117	733.00	1081.00	853.58	857.00	99869.00
chr15	63926931	63927087	156	156	203.00	270.00	244.76	248.00	38183.00
chr6	31668718	31668805	87	87	172.00	215.00	191.69	189.00	16677.00
chr7	148910792	148910906	114	114	34.00	64.00	53.31	55.50	6077.00
chr14	42355808	42357213	1405	1405	62.00	186.00	101.59	98.00	142731.00
chr10	88678928	88679226	298	298	15.00	38.00	23.35	23.00	6958.00
chr3	140998219	140998346	127	127	47.00	64.00	57.18	58.00	7262.00
chr1	144859758	144859998	240	240	94.00	182.00	142.53	154.00	34207.00
chr9	96054772	96055455	683	683	43.00	251.00	155.89	161.00	106475.00
chr19	7604803	7604944	141	141	101.00	223.00	152.65	153.00	21524.00
chr12	30906277	30907432	1155	1155	8.00	108.00	54.53	52.00	62982.00
chr9	131112762	131112854	92	92	147.00	279.00	232.95	243.50	21431.00
chr20	61981328	61982379	1051	1051	43.00	108.00	71.98	69.00	75654.00
chr7	38431348	38431618	270	270	299.00	595.00	418.68	417.00	113043.00
chr20	44521036	44521123	87	87	167.00	203.00	188.06	187.00	16361.00
chr11	64418726	64419108	382	382	193.00	435.00	315.10	317.50	120370.00
chr12	120148344	120150270	1926	1926	9.00	493.00	61.08	28.00	117631.00
chr12	6930971	6931066	95	95	39.00	603.00	359.35	392.00	34138.00
chr16	2339434	2339621	187	187	186.00	266.00	213.48	201.00	39920.00
chr2	27700083	27700187	104	104	46.00	73.00	58.01	57.00	6033.00
chr14	69805367	69805494	127	127	106.00	211.00	167.27	164.00	21243.00
chr12	9242497	9242619	122	122	226.00	317.00	273.69	278.00	33390.00
chr3	58256658	58256791	133	133	58.00	141.00	91.38	81.00	12153.00
chr10	79744927	79745098	171	171	89.00	157.00	114.46	110.00	19572.00
chr1	159161725	159161866	141	141	728.00	1281.00	1105.39	1186.00	155860.00
chr16	31085202	31085519	317	317	10.00	31.00	21.46	21.00	6804.00
chr1	171755018	171755218	200	200	42.00	97.00	77.02	79.00	15404.00
chr9	130988124	130989280	1156	1156	6.00	2738.00	328.43	41.00	379663.00
chr15	63127935	63127998	63	63	205.00	235.00	222.19	224.00	13998.00
chr19	1917676	1917821	145	145	5.00	176.00	125.37	133.00	18178.00
chr22	25315792	25315960	168	168	96.00	116.00	107.45	108.00	18052.00
chr2	207943790	207945085	1295	1295	17.00	77.00	45.29	45.00	58657.00
chr11	47330706	47330952	246	246	9.00	769.00	361.04	23.00	88817.00
chr3	142743978	142746095	2117	2117	1.00	134.00	20.48	16.00	43364.00
chr7	44839492	44839694	202	202	3.00	9.00	5.60	7.00	1131.00
chr22	31688260	31688471	211	211	4.00	119.00	80.01	96.00	16883.00
chr11	66333492	66333638	146	146	550.00	701.00	621.57	623.50	90749.00
chr9	131114916	131115026	110	110	266.00	371.00	323.60	323.00	35596.00
chr1	20206	21013	807	807	8.00	92.00	55.62	56.00	44882.00
chr11	108216469	108216635	166	166	47.00	73.00	60.90	61.50	10109.00
chr1	209778880	209779019	139	139	252.00	355.00	301.24	295.00	41873.00
chr1	202935876	202936026	150	150	113.00	188.00	150.65	150.50	22598.00
chr12	57600255	57600524	269	269	212.00	458.00	358.06	373.00	96318.00
chr19	15233503	15233615	112	112	41.00	57.00	47.76	48.00	5349.00
chr8	68115317	68115486	169	169	98.00	139.00	118.60	119.00	20044.00
chr19	13419229	13419342	113	113	98.00	139.00	118.40	115.00	13379.00
chr6	33266815	33267130	315	315	4.00	34.00	17.12	14.00	5392.00
chr16	89780611	89781646	1035	1035	8.00	62.00	29.59	28.00	30621.00
chr12	109964162	109964221	59	59	81.00	102.00	93.19	96.00	5498.00
chr22	24491893	24492045	152	152	30.00	129.00	79.55	86.00	12092.00
chr2	242592926	242593025	99	99	144.00	169.00	157.87	157.00	15629.00
chr1	21937944	21938074	130	130	727.00	1157.00	1003.22	1058.00	130418.00
chr2	223789173	223789313	140	140	271.00	376.00	324.64	328.00	45449.00
chr20	3772318	3772535	217	217	5.00	29.00	17.57	19.00	3812.00
chr16	18531918	18532001	83	83	809.00	1173.00	1027.06	1093.00	85246.00
chr1	43396296	43396537	241	241	109.00	210.00	150.85	141.00	36356.00
chr2	100037960	100038115	155	155	43.00	56.00	49.63	50.00	7692.00
chr16	1500497	1500770	273	273	13.00	183.00	104.33	145.00	28481.00
chr19	40876016	40876144	128	128	1661.00	2194.00	1941.73	1961.00	248541.00
chr5	168112691	168112932	241	241	31.00	71.00	48.42	49.00	11670.00
chr2	127825738	127825831	93	93	443.00	539.00	486.20	487.00	45217.00
chr1	19232015	19234990	2975	2975	4.00	82.00	32.41	30.00	96415.00
chr16	1391129	1391196	67	67	348.00	416.00	373.88	368.00	25050.00
chr6	33410665	33411689	1024	1024	12.00	340.00	210.94	248.00	216004.00
chr9	95872033	95872266	233	233	1.00	9.00	4.50	4.00	1048.00
chr1	53378627	53378839	212	212	6.00	30.00	17.04	17.00	3613.00
chr2	80531276	80531693	417	417	35.00	110.00	85.42	88.00	35619.00
chr7	44286718	44286791	73	73	849.00	1046.00	942.74	950.00	68820.00
chr7	157369304	157369471	167	167	625.00	920.00	744.92	726.00	124401.00
chr11	18755079	18755191	112	112	4.00	451.00	283.87	366.00	31793.00
chr6	86237979	86238080	101	101	146.00	210.00	177.91	174.00	17969.00
chr8	145000951	145001050	99	99	63.00	105.00	82.90	83.00	8207.00
chr19	45167680	45167966	286	286	4.00	28.00	14.02	15.00	4011.00
chr10	48930165	48930400	235	235	4.00	18.00	8.89	9.00	2090.00
chr16	87871450	87871547	97	97	159.00	208.00	182.29	184.00	17682.00
chr1	109815454	109815649	195	195	285.00	407.00	346.54	334.00	67576.00
chr1	208215442	208215711	269	269	108.00	215.00	160.21	153.00	43097.00
chr2	260866	261451	585	585	9.00	39.00	19.90	20.00	11640.00
chr5	180481266	180481724	458	458	3.00	29.00	16.83	17.00	7707.00
chr7	73119479	73119631	152	152	5.00	2112.00	899.17	12.00	136674.00
chr15	34677248	34677358	110	110	255.00	382.00	296.58	280.00	32624.00
chr16	57687114	57687247	133	133	41.00	85.00	58.59	60.00	7793.00
chr15	50649406	50649592	186	186	17.00	44.00	31.39	30.00	5838.00
chr22	21071995	21072066	71	71	1536.00	1748.00	1640.54	1639.00	116478.00
chr5	179200882	179201561	679	679	14.00	33.00	22.44	22.00	15240.00
chr10	98763824	98763979	155	155	183.00	290.00	229.06	217.00	35505.00
chr14	102963315	102963457	142	142	104.00	149.00	119.08	116.00	16910.00
chr1	21932558	21933138	580	580	5.00	1123.00	210.00	16.00	121798.00
chr16	28118842	28118998	156	156	132.00	192.00	166.66	171.00	25999.00
chr1	241767561	241767881	320	320	69.00	145.00	107.51	114.00	34402.00
chr11	66812063	66812184	121	121	176.00	275.00	211.69	200.00	25615.00
chr11	12248571	12248678	107	107	529.00	680.00	587.17	580.00	62827.00
chr9	130588788	130588951	163	163	36.00	91.00	57.67	56.00	9400.00
chr22	21068915	21068988	73	73	1313.00	1696.00	1543.15	1586.00	112650.00
chr1	43424304	43424531	227	227	21.00	223.00	166.93	189.00	37894.00
chr14	105852021	105853670	1649	1649	13.00	154.00	37.02	33.00	61046.00
chr15	34823469	34823579	110	110	253.00	341.00	292.28	282.00	32151.00
chr11	171365	172282	917	917	0.00	45.00	18.50	20.00	16960.00
chr22	24493976	24494155	179	179	54.00	132.00	90.68	84.00	16231.00
chr15	79291060	79291167	107	107	433.00	533.00	485.64	487.00	51964.00
chr16	2145904	2146194	290	290	17.00	37.00	26.93	26.00	7809.00
chr9	131503050	131503166	116	116	407.00	556.00	493.84	519.50	57286.00
chr11	61301983	61302579	596	596	20.00	70.00	42.76	41.00	25486.00
chr22	25308609	25308719	110	110	92.00	140.00	114.82	118.00	12630.00
chr12	63977826	63979986	2160	2160	0.00	46.00	17.49	17.00	37774.00
chr19	46928844	46930933	2089	2089	5.00	411.00	166.13	167.00	347041.00
chr16	56969146	56969224	78	78	130.00	180.00	152.91	156.50	11927.00
chr17	40665787	40665996	209	209	1.00	1864.00	734.66	898.00	153544.00
chr9	131669435	131671600	2165	2165	80.00	218.00	137.06	133.00	296744.00
chr2	220164026	220164271	245	245	19.00	994.00	332.65	39.00	81499.00
chr19	7589846	7590052	206	206	55.00	143.00	88.63	88.00	18258.00
chr6	91260186	91260268	82	82	86.00	113.00	101.57	102.00	8329.00
chr9	124543742	124543830	88	88	342.00	424.00	386.43	387.50	34006.00
chr12	54071005	54071170	165	165	2.00	11.00	7.60	8.00	1254.00
chr2	40443	41212	769	769	9.00	38.00	24.07	24.00	18512.00
chr11	67852159	67852747	588	588	9.00	33.00	19.26	18.00	11323.00
chr8	8233762	8234810	1048	1048	31.00	116.00	76.37	77.00	80033.00
chr2	175671113	175672148	1035	1035	6.00	31.00	19.65	20.00	20333.00
chr7	138984922	138985438	516	516	4.00	20.00	10.53	10.00	5432.00
chr22	40816850	40817104	254	254	84.00	214.00	156.52	152.00	39757.00
chr19	14263120	14263249	129	129	301.00	461.00	374.25	383.00	48278.00
chr19	16962222	16962345	123	123	129.00	350.00	258.94	271.00	31850.00
chr1	109813838	109813918	80	80	289.00	434.00	332.11	317.00	26569.00
chr3	49898148	49898562	414	414	1.00	1069.00	503.11	793.50	208286.00
chr17	17131202	17131510	308	308	17.00	135.00	105.61	114.50	32529.00
chr1	21936067	21936139	72	72	292.00	436.00	366.47	384.00	26386.00
chr3	130424404	130424615	211	211	47.00	89.00	70.91	70.00	14961.00
chr12	56532710	56532797	87	87	58.00	94.00	79.70	82.00	6934.00
chr16	29888591	29888788	197	197	443.00	945.00	662.76	627.00	130563.00
chr2	114394588	114396196	1608	1608	1.00	30.00	13.50	14.00	21705.00
chr3	124180736	124180803	67	67	407.00	439.00	430.13	431.00	28819.00
chr9	111798485	111798660	175	175	107.00	147.00	130.34	133.00	22810.00
chr10	73847897	73848372	475	475	13.00	1602.00	512.27	454.00	243328.00
chr22	21075585	21075706	121	121	853.00	1786.00	1381.64	1433.00	167179.00
chr22	20920753	20921104	351	351	85.00	130.00	110.21	109.00	38682.00
chr9	140953020	140953185	165	165	88.00	218.00	152.39	145.00	25144.00
chr22	41620970	41621075	105	105	110.00	130.00	120.75	121.00	12679.00
chr11	6243671	6243839	168	168	61.00	92.00	78.72	82.00	13225.00
chr15	74704225	74704353	128	128	150.00	270.00	220.06	228.50	28168.00
chr3	48719780	48719985	205	205	151.00	253.00	198.60	189.00	40714.00
chr1	222833247	222833348	101	101	92.00	151.00	123.29	121.00	12452.00
chr1	6583675	6584824	1149	1149	13.00	91.00	45.63	43.00	52432.00
chr11	126135857	126135976	119	119	172.00	292.00	224.43	215.00	26707.00
chr8	75156763	75157410	647	647	34.00	72.00	51.87	51.00	33558.00
chr15	83345212	83345389	177	177	240.00	302.00	274.58	277.00	48600.00
chr14	68031638	68032561	923	923	2.00	29.00	13.35	13.00	12322.00
chr19	42479780	42479949	169	169	3534.00	5637.00	4319.92	4067.00	730066.00
chr16	31503329	31503407	78	78	227.00	283.00	255.47	254.50	19927.00
chr17	1564564	1564700	136	136	254.00	387.00	316.47	307.00	43040.00
chr16	58717858	58718082	224	224	33.00	55.00	42.92	43.00	9615.00
chr14	71575320	71575763	443	443	45.00	85.00	61.42	57.00	27211.00
chr1	202934498	202934628	130	130	113.00	199.00	148.88	148.50	19354.00
chr7	73118477	73118586	109	109	1062.00	1402.00	1215.90	1186.00	132533.00
chr19	13365908	13366073	165	165	92.00	192.00	127.67	115.00	21065.00
chr10	102265117	102265958	841	841	21.00	61.00	36.85	36.00	30987.00
chr9	139983320	139983457	137	137	117.00	176.00	149.38	158.00	20465.00
chr18	29206245	29206347	102	102	197.00	241.00	212.67	209.50	21692.00
chr12	120578662	120578827	165	165	53.00	92.00	70.62	68.00	11652.00
chr5	757516	758226	710	710	9.00	32.00	18.39	18.00	13054.00
chr8	21632483	21632567	84	84	80.00	139.00	109.32	103.00	9183.00
chr4	54011499	54011749	250	250	37.00	72.00	51.47	49.00	12867.00
chr8	141680613	141681365	752	752	3.00	24.00	15.36	16.00	11554.00
chr11	57367351	57367850	499	499	15.00	116.00	55.17	50.00	27530.00
chr12	63980009	63980784	775	775	5.00	26.00	13.32	13.00	10325.00
chr9	140057042	140057203	161	161	8.00	2402.00	1995.48	2133.00	321272.00
chr2	7055953	7056098	145	145	65.00	109.00	84.33	80.00	12228.00
chr12	52387768	52389043	1275	1275	8.00	305.00	159.48	152.00	203335.00
chr19	50104931	50105175	244	244	32.00	186.00	77.59	45.00	18932.00
chr19	5218430	5218543	113	113	429.00	662.00	557.01	564.00	62942.00
chr16	29898969	29899138	169	169	448.00	760.00	563.38	561.00	95212.00
chr7	99030900	99031041	141	141	18.00	27.00	21.63	21.00	3050.00
chr17	36692926	36693212	286	286	5.00	16.00	10.70	11.00	3061.00
chr15	73857770	73859335	1565	1565	5.00	96.00	50.66	53.00	79285.00
chr6	44104085	44104176	91	91	206.00	280.00	234.64	230.00	21352.00
chr1	21938518	21938602	84	84	763.00	941.00	855.79	854.00	71886.00
chr19	13423482	13423595	113	113	64.00	103.00	83.42	86.00	9427.00
chr16	70292882	70293089	207	207	611.00	988.00	803.97	805.00	166421.00
chr18	61060641	61060782	141	141	76.00	100.00	88.52	89.00	12482.00
chr16	22269814	22270016	202	202	15.00	37.00	24.25	24.00	4899.00
chr1	21554423	21554534	111	111	46.00	62.00	54.80	56.00	6083.00
chr9	140057255	140057455	200	200	6.00	2723.00	1686.94	2034.00	337389.00
chr7	1488255	1488397	142	142	24.00	36.00	29.81	30.00	4233.00
chr14	100166351	100166438	87	87	619.00	682.00	650.69	649.00	56610.00
chr9	101065522	101065705	183	183	784.00	1070.00	941.66	953.00	172323.00
chr5	68411752	68412041	289	289	43.00	69.00	56.37	59.00	16292.00
chr1	2452539	2452754	215	215	62.00	158.00	99.75	91.00	21446.00
chr1	21564626	21564737	111	111	45.00	72.00	51.93	50.00	5764.00
chr13	42037713	42039066	1353	1353	1.00	24.00	14.13	14.00	19115.00
chr2	114350236	114350443	207	207	4.00	58.00	32.70	33.00	6768.00
chr1	21939668	21939722	54	54	704.00	825.00	753.50	754.50	40689.00
chr9	139353895	139354007	112	112	71.00	89.00	82.38	84.00	9227.00
chr7	102176367	102176618	251	251	6.00	23.00	13.45	12.00	3377.00
chr3	51411753	51412018	265	265	5.00	401.00	139.51	7.00	36970.00
chr17	73888091	73888266	175	175	11.00	27.00	20.51	22.00	3589.00
chr13	103297258	103297435	177	177	2.00	80.00	37.56	56.00	6648.00
chr15	63922664	63922834	170	170	227.00	291.00	255.78	254.50	43483.00
chr3	33400774	33400849	75	75	220.00	318.00	271.85	257.00	20389.00
chr22	50671744	50671955	211	211	67.00	97.00	75.83	75.00	16001.00
chr1	21190968	21191205	237	237	276.00	427.00	349.85	349.00	82914.00
chr5	14481649	14481727	78	78	210.00	255.00	229.83	228.50	17927.00
chr15	101605556	101606410	854	854	15.00	80.00	46.34	45.00	39578.00
chr17	80040402	80040554	152	152	333.00	543.00	423.94	406.50	64439.00
chr2	132269293	132270897	1604	1604	8.00	71.00	42.91	46.00	68833.00
chr11	1778553	1778786	233	233	879.00	1520.00	1269.01	1326.00	295680.00
chr11	1469616	1469808	192	192	5.00	23.00	15.04	17.00	2888.00
chr12	120138549	120138630	81	81	226.00	320.00	293.72	303.00	23791.00
chr7	901016	901101	85	85	179.00	284.00	227.36	230.00	19326.00
chr19	13372263	13372424	161	161	137.00	215.00	176.98	172.00	28493.00
chr17	40843154	40843311	157	157	374.00	535.00	454.04	448.00	71284.00
chr17	80039476	80039719	243	243	308.00	460.00	375.86	362.00	91334.00
chr17	16681109	16687365	6256	6256	0.00	147.00	49.06	46.00	306904.00
chr1	116935475	116935610	135	135	2329.00	3079.00	2647.22	2653.00	357375.00
chr6	128294808	128294972	164	164	159.00	303.00	237.38	239.00	38930.00
chr5	109189927	109190617	690	690	1.00	15.00	7.61	7.00	5254.00
chr15	40757533	40757634	101	101	24.00	146.00	106.90	112.00	10797.00
chr2	220164706	220164981	275	275	771.00	1910.00	1245.24	1270.00	342442.00
chr3	164905164	164908639	3475	3475	8.00	106.00	52.91	51.00	183876.00
chr11	60699157	60699356	199	199	90.00	490.00	399.97	420.00	79595.00
chr2	96680301	96680717	416	416	8.00	20.00	14.97	15.00	6229.00
chr17	40845314	40845554	240	240	331.00	658.00	483.73	459.00	116095.00
chr12	125264513	125265391	878	878	7.00	39.00	21.72	21.00	19073.00
chr1	156623704	156624158	454	454	4.00	18.00	9.89	10.00	4491.00
chr6	108370456	108370622	166	166	116.00	156.00	136.81	136.00	22710.00
chr11	19180486	19180587	101	101	25.00	36.00	30.56	31.00	3087.00
chr19	42489069	42489338	269	269	1013.00	2238.00	1739.84	1852.00	468018.00
chr2	198274493	198274731	238	238	150.00	256.00	207.70	211.00	49433.00
chr6	47220991	47221257	266	266	129.00	271.00	209.24	215.00	55657.00
chr19	40872679	40872822	143	143	2266.00	3454.00	2992.45	3107.00	427921.00
chr19	54693278	54693627	349	349	9.00	247.00	116.84	109.00	40776.00
chr12	81929	82174	245	245	12.00	42.00	27.42	27.00	6719.00
chr21	45513943	45514114	171	171	71.00	121.00	95.75	93.00	16374.00
chr3	124201630	124201747	117	117	8.00	820.00	618.08	769.00	72315.00
chr17	79805118	79805223	105	105	371.00	431.00	397.33	398.00	41720.00
chr20	46307419	46307548	129	129	75.00	118.00	94.43	95.00	12181.00
chr17	38187790	38187873	83	83	157.00	184.00	170.75	170.00	14172.00
chr2	207452814	207452878	64	64	419.00	545.00	471.47	467.50	30174.00
chr17	45695715	45695823	108	108	401.00	607.00	516.84	543.50	55819.00
chr7	44283023	44283126	103	103	573.00	986.00	836.57	847.00	86167.00
chr20	62274975	62275284	309	309	1.00	2722.00	1258.68	1631.00	388931.00
chr11	108202605	108202764	159	159	39.00	58.00	49.94	51.00	7940.00
chr9	140051314	140051489	175	175	1108.00	1532.00	1264.49	1239.00	221285.00
chr22	45574118	45574781	663	663	64.00	118.00	92.95	95.00	61628.00
chr15	79312382	79312446	64	64	324.00	417.00	363.38	359.00	23256.00
chr1	21940120	21940199	79	79	689.00	906.00	797.08	818.00	62969.00
chr17	3775847	3775921	74	74	486.00	664.00	591.24	605.00	43752.00
chr7	73133931	73134019	88	88	24.00	1341.00	479.65	307.50	42209.00
chr11	72292920	72292991	71	71	570.00	673.00	626.72	632.00	44497.00
chr7	43547616	43547730	114	114	172.00	220.00	199.57	204.00	22751.00
chr16	58713760	58714145	385	385	30.00	55.00	42.45	43.00	16342.00
chr22	21083600	21083794	194	194	1200.00	1942.00	1557.98	1565.50	302248.00
chr11	66457275	66457414	139	139	472.00	756.00	575.60	559.00	80008.00
chr15	91561034	91561115	81	81	42.00	56.00	49.23	49.00	3988.00
chr11	2968525	2969001	476	476	3.00	16.00	9.33	9.00	4443.00
chr19	34869838	34869910	72	72	1771.00	2232.00	1954.89	1949.00	140752.00
chr9	121970996	121971219	223	223	277.00	423.00	354.66	348.00	79089.00
chr3	47449772	47449980	208	208	19.00	113.00	67.10	73.00	13956.00
chr12	57601820	57601999	179	179	243.00	705.00	458.47	473.00	82067.00
chr16	2345590	2345741	151	151	243.00	372.00	313.99	316.00	47412.00
chr12	50471782	50471910	128	128	89.00	108.00	99.55	101.00	12742.00
chr1	109814221	109814344	123	123	472.00	615.00	560.17	564.00	68901.00
chr19	16942304	16942458	154	154	129.00	194.00	161.86	165.00	24926.00
chr11	66333301	66333398	97	97	489.00	605.00	520.96	514.00	50533.00
chr5	74026084	74026223	139	139	97.00	144.00	122.83	122.00	17074.00
chr5	68417520	68417722	202	202	40.00	104.00	67.01	72.00	13536.00
chr19	15272262	15272525	263	263	18.00	51.00	32.55	35.00	8561.00
chr3	45872404	45872482	78	78	180.00	256.00	211.32	211.00	16483.00
chr7	73123374	73123452	78	78	1383.00	2046.00	1849.46	1922.00	144258.00
chr5	14498197	14498360	163	163	187.00	280.00	244.13	253.00	39794.00
chr14	93180167	93180230	63	63	204.00	250.00	222.29	219.00	14004.00
chr9	130984739	130984875	136	136	2986.00	4232.00	3581.11	3471.00	487031.00
chr13	31216764	31216894	130	130	30.00	41.00	35.62	35.00	4630.00
chr12	112614399	112614506	107	107	177.00	367.00	282.50	289.00	30227.00
chr12	57602865	57602982	117	117	381.00	597.00	478.75	470.00	56014.00
chr14	72976861	72976987	126	126	114.00	177.00	143.83	141.00	18123.00
chr1	155209406	155209553	147	147	126.00	228.00	169.20	163.00	24872.00
chr10	49633930	49634113	183	183	186.00	260.00	231.34	235.00	42335.00
chr16	84100093	84100218	125	125	182.00	234.00	205.78	205.00	25723.00
chr1	155207924	155208097	173	173	119.00	282.00	173.62	169.00	30037.00
chr12	2786898	2787033	135	135	41.00	76.00	59.84	64.00	8079.00
chr2	233755457	233756197	740	740	14.00	1457.00	258.21	37.00	191078.00
chr14	60631894	60632099	205	205	50.00	206.00	135.62	146.00	27802.00
chr1	11151549	11151654	105	105	76.00	101.00	89.39	91.00	9386.00
chr4	134076071	134076178	107	107	237.00	328.00	297.54	298.00	31837.00
chr15	91420364	91420441	77	77	222.00	257.00	235.53	233.00	18136.00
chr5	114961533	114961755	222	222	8.00	83.00	49.68	53.00	11030.00
chr16	1814047	1814211	164	164	4.00	746.00	321.14	462.00	52667.00
chr18	44250463	44252581	2118	2118	15.00	248.00	116.40	112.50	246534.00
chr6	158049380	158049518	138	138	64.00	118.00	94.34	93.00	13019.00
chr19	7675585	7675679	94	94	47.00	64.00	57.79	59.00	5432.00
chr13	99461604	99461719	115	115	1.00	298.00	222.01	219.00	25531.00
chr11	130010829	130011467	638	638	5.00	1704.00	185.00	9.00	118031.00
chr11	107526658	107526792	134	134	493.00	699.00	612.55	626.00	82082.00
chr16	1391294	1391490	196	196	270.00	392.00	313.09	309.50	61366.00
chr1	38182716	38184158	1442	1442	10.00	105.00	62.17	61.00	89647.00
chr5	179231023	179231323	300	300	7.00	20.00	13.45	12.00	4034.00
chr14	69814593	69814719	126	126	92.00	167.00	134.60	137.00	16959.00
chr14	69349174	69349309	135	135	290.00	383.00	344.73	350.00	46538.00
chr19	7614792	7614998	206	206	156.00	313.00	251.81	255.00	51873.00
chr1	228270375	228270466	91	91	3.00	1143.00	345.51	138.00	31441.00
chr1	38186022	38186315	293	293	6.00	80.00	45.01	51.00	13189.00
chr13	77641715	77641999	284	284	377.00	570.00	472.67	486.00	134239.00
chr14	100157417	100157498	81	81	271.00	457.00	344.89	310.00	27936.00
chr13	32978280	32979333	1053	1053	13.00	105.00	38.53	30.00	40570.00
chr12	7301567	7301794	227	227	844.00	1162.00	998.17	1005.00	226585.00
chr9	123583116	123583257	141	141	44.00	60.00	52.02	52.00	7335.00
chr17	26883183	26883284	101	101	89.00	129.00	108.65	108.00	10974.00
chr12	6972993	6973137	144	144	251.00	371.00	301.22	289.50	43375.00
chr20	34322310	34322637	327	327	3.00	13.00	8.24	9.00	2694.00
chr19	7606407	7606570	163	163	116.00	199.00	153.10	153.00	24956.00
chr16	2333186	2333373	187	187	0.00	423.00	294.73	315.00	55115.00
chr12	113825548	113825711	163	163	99.00	411.00	235.13	236.00	38326.00
chr7	4802013	4807749	5736	5736	22.00	137.00	66.61	62.00	382068.00
chr1	43394880	43394985	105	105	172.00	228.00	201.64	200.00	21172.00
chr19	4554399	4554488	89	89	409.00	630.00	530.36	556.00	47202.00
chr16	31719139	31719372	233	233	8.00	20.00	13.22	13.00	3080.00
chr5	134060669	134061744	1075	1075	11.00	47.00	26.07	25.00	28021.00
chr1	202936318	202936371	53	53	13.00	114.00	76.77	102.00	4069.00
chr2	220087366	220087615	249	249	246.00	307.00	269.88	265.00	67200.00
chr2	36764494	36764689	195	195	108.00	155.00	127.90	126.00	24940.00
chr7	43519208	43519343	135	135	134.00	266.00	213.19	240.00	28780.00
chr10	51249585	51249993	408	408	9.00	31.00	16.73	15.00	6825.00
chr6	32123647	32123755	108	108	90.00	126.00	101.05	97.00	10913.00
chr3	118624442	118624692	250	250	3.00	33.00	16.34	11.00	4086.00
chr1	190129797	190130020	223	223	33.00	103.00	71.80	77.00	16012.00
chr9	131004491	131004624	133	133	7.00	4851.00	3708.26	4229.00	493198.00
chr22	33679187	33679334	147	147	333.00	453.00	391.59	398.00	57564.00
chr15	74709931	74710016	85	85	183.00	329.00	241.25	214.00	20506.00
chr7	6470110	6470238	128	128	33.00	50.00	41.15	41.00	5267.00
chr1	6640600	6641359	759	759	12.00	56.00	31.40	34.00	23836.00
chr16	31510622	31510728	106	106	162.00	211.00	193.36	199.00	20496.00
chr4	103710287	103711803	1516	1516	12.00	40.00	23.34	22.00	35383.00
chr19	2862339	2862746	407	407	9.00	28.00	18.03	16.00	7338.00
chr2	15467873	15467994	121	121	46.00	64.00	53.55	54.00	6480.00
chr2	36780721	36781492	771	771	0.00	28.00	15.88	17.00	12241.00
chr10	81070680	81070941	261	261	26.00	115.00	54.34	43.00	14183.00
chr2	217234866	217235986	1120	1120	33.00	111.00	65.83	65.00	73729.00
chr10	93786348	93786508	160	160	35.00	113.00	71.63	80.00	11461.00
chr17	20268785	20269076	291	291	0.00	8.00	3.34	3.00	972.00
chr9	131002006	131002062	56	56	10.00	4438.00	3881.43	4163.50	217360.00
chr1	155208307	155208441	134	134	223.00	303.00	267.12	275.50	35794.00
chr2	162833877	162834373	496	496	6.00	725.00	66.32	12.00	32897.00
chr9	35799614	35799728	114	114	33.00	58.00	45.56	45.50	5194.00
chr20	62517856	62519234	1378	1378	1.00	188.00	31.88	31.00	43924.00
chr22	35942847	35943127	280	280	58.00	218.00	156.21	174.00	43739.00
chr13	26436438	26436546	108	108	80.00	103.00	91.49	92.00	9881.00
chr14	69371371	69371453	82	82	271.00	360.00	319.80	333.00	26224.00
chr7	44031274	44031581	307	307	2.00	15.00	6.94	5.00	2132.00
chr11	12274988	12275291	303	303	5.00	47.00	28.38	31.00	8600.00
chr5	1334403	1334498	95	95	156.00	188.00	169.34	169.00	16087.00
chr19	34868639	34868786	147	147	2258.00	3086.00	2717.46	2738.00	399466.00
chr16	1815960	1816143	183	183	458.00	734.00	571.15	557.00	104520.00
chr10	73578787	73578868	81	81	3124.00	3524.00	3348.53	3361.00	271231.00
chr17	37420427	37420640	213	213	35.00	53.00	43.32	43.00	9227.00
chr5	60835422	60835586	164	164	34.00	68.00	45.87	42.00	7522.00
chr15	79296143	79296517	374	374	376.00	735.00	501.59	470.00	187593.00
chr19	13039568	13039661	93	93	590.00	855.00	716.17	709.00	66604.00
chr12	49421585	49421713	128	128	137.00	227.00	190.08	203.00	24330.00
chr1	1661057	1662583	1526	1526	4.00	288.00	82.56	63.00	125986.00
chr2	207457340	207457460	120	120	525.00	697.00	615.52	615.00	73862.00
chr11	64542462	64543441	979	979	3.00	46.00	21.20	20.00	20756.00
chr20	61910250	61910347	97	97	164.00	224.00	189.38	182.00	18370.00
chr11	62394042	62394156	114	114	208.00	292.00	243.11	244.50	27715.00
chr5	37301538	37301652	114	114	16.00	31.00	22.03	21.00	2511.00
chr16	4733843	4733933	90	90	186.00	232.00	217.34	217.00	19561.00
chr15	43693913	43694048	135	135	73.00	100.00	84.28	84.00	11378.00
chr11	18764538	18764622	84	84	197.00	294.00	253.12	263.50	21262.00
chr17	57842331	57842499	168	168	133.00	203.00	161.99	162.00	27214.00
chr9	96076729	96078064	1335	1335	7.00	45.00	20.79	20.00	27750.00
chr11	12246219	12246367	148	148	350.00	565.00	444.07	473.50	65722.00
chr12	7030743	7031565	822	822	6.00	4900.00	1758.11	17.00	1445163.00
chr3	14523178	14523349	171	171	26.00	50.00	39.22	39.00	6706.00
chr5	758508	759483	975	975	8.00	24.00	14.55	14.00	14191.00
chr12	22635490	22635677	187	187	85.00	123.00	103.42	104.00	19339.00
chr5	14479369	14479459	90	90	169.00	238.00	205.76	201.00	18518.00
chr6	143655214	143656079	865	865	1.00	33.00	11.16	7.00	9650.00
chr7	75508360	75508578	218	218	57.00	1263.00	863.97	1049.00	188345.00
chr11	60697981	60698131	150	150	218.00	346.00	268.63	260.00	40295.00
chr1	151400598	151400889	291	291	78.00	237.00	152.43	171.00	44356.00
chr5	172196431	172197309	878	878	5.00	163.00	64.50	40.00	56627.00
chr3	49152660	49152794	134	134	60.00	82.00	69.79	68.00	9352.00
chr7	5518281	5519950	1669	1669	35.00	149.00	91.36	91.00	152481.00
chr17	16691106	16691449	343	343	3.00	40.00	19.64	24.00	6737.00
chr2	220086993	220087172	179	179	238.00	326.00	288.07	286.00	51565.00
chr10	51746916	51748006	1090	1090	3.00	96.00	33.69	28.00	36727.00
chr12	7302118	7302289	171	171	971.00	1256.00	1080.02	1063.00	184684.00
chr11	59562844	59562955	111	111	35.00	69.00	53.77	60.00	5968.00
chr12	6100984	6101184	200	200	22.00	54.00	35.62	36.00	7125.00
chr19	5683274	5683627	353	353	11.00	30.00	20.92	21.00	7386.00
chr12	2786259	2786387	128	128	39.00	77.00	54.97	56.00	7036.00
chr15	26812727	26812880	153	153	426.00	795.00	556.65	558.00	85167.00
chr1	149007980	149008798	818	818	1.00	29.00	9.95	6.00	8138.00
chr19	54965608	54965861	253	253	91.00	266.00	174.72	163.00	44205.00
chr8	27293259	27293310	51	51	451.00	575.00	532.49	541.00	27157.00
chr15	23014437	23014528	91	91	128.00	173.00	151.04	150.00	13745.00
chr1	111717500	111717585	85	85	64.00	112.00	89.55	84.00	7612.00
chr6	150157220	150157433	213	213	250.00	372.00	309.23	308.00	65865.00
chr13	114566547	114566670	123	123	44.00	140.00	77.32	71.00	9510.00
chr16	58539291	58539605	314	314	5.00	31.00	18.46	18.00	5795.00
chr1	21936612	21936768	156	156	379.00	1091.00	722.73	730.50	112746.00
chr1	17322880	17322991	111	111	443.00	721.00	599.95	655.00	66595.00
chr11	60699455	60699599	144	144	341.00	464.00	413.77	434.50	59583.00
chr5	6749669	6749770	101	101	68.00	87.00	75.80	74.00	7656.00
chr16	2156805	2156949	144	144	245.00	299.00	276.76	278.00	39853.00
chr15	34690834	34690930	96	96	148.00	243.00	207.79	216.00	19948.00
chr3	11074933	11075425	492	492	1.00	384.00	75.75	14.00	37269.00
chr5	74655222	74655381	159	159	172.00	279.00	210.08	202.00	33403.00
chr20	20022968	20023160	192	192	50.00	104.00	77.38	76.00	14856.00
chr2	39055481	39055578	97	97	29.00	43.00	34.81	34.00	3377.00
chr19	16793231	16793528	297	297	3.00	349.00	95.15	10.00	28261.00
chr2	219205450	219205509	59	59	115.00	141.00	125.97	124.00	7432.00
chr17	74087429	74087729	300	300	8.00	32.00	19.72	20.00	5916.00
chr3	184058150	184060036	1886	1886	9.00	998.00	149.22	35.00	281434.00
chr6	90333128	90333263	135	135	69.00	104.00	91.07	96.00	12294.00
chr12	125267019	125267429	410	410	6.00	55.00	23.82	17.00	9768.00
chr1	207942580	207943104	524	524	13.00	85.00	56.63	62.00	29673.00
chr4	89356876	89357043	167	167	46.00	77.00	60.19	59.00	10052.00
chr7	101995498	101995736	238	238	16.00	54.00	28.94	27.00	6887.00
chr3	11067458	11067562	104	104	356.00	486.00	425.14	422.00	44215.00
chr5	95734582	95734740	158	158	331.00	455.00	407.67	409.50	64412.00
chr6	152529106	152529341	235	235	151.00	214.00	182.28	180.00	42835.00
chr5	102295578	102295763	185	185	212.00	331.00	279.44	282.00	51696.00
chr22	21072980	21073110	130	130	1146.00	1647.00	1419.47	1476.00	184531.00
chr12	121855306	121855714	408	408	96.00	177.00	132.91	129.00	54226.00
chr1	160326389	160326544	155	155	100.00	153.00	126.46	124.00	19602.00
chr11	60670930	60671007	77	77	438.00	541.00	490.22	490.00	37747.00
chr17	79804822	79804948	126	126	410.00	592.00	493.86	491.50	62226.00
chr16	18527204	18527332	128	128	697.00	892.00	816.55	821.00	104518.00
chr16	16372518	16372646	128	128	729.00	938.00	854.55	862.00	109383.00
chr2	32750530	32750695	165	165	41.00	62.00	49.10	48.00	8102.00
chr14	69369193	69369279	86	86	340.00	450.00	399.07	402.00	34320.00
chr7	66418212	66418356	144	144	174.00	228.00	195.31	194.00	28124.00
chr6	44107988	44108097	109	109	164.00	222.00	197.38	198.00	21514.00
chr7	70885893	70886091	198	198	473.00	1017.00	673.22	564.50	133298.00
chr8	27295281	27295397	116	116	516.00	574.00	545.66	547.00	63296.00
chr7	73122918	73123018	100	100	1894.00	2240.00	2081.51	2075.00	208151.00
chr15	34698874	34699071	197	197	189.00	256.00	223.69	223.00	44066.00
chr8	22009343	22009513	170	170	365.00	666.00	464.56	438.50	78975.00
chr7	1526557	1526737	180	180	55.00	184.00	115.42	122.00	20776.00
chr5	178053946	178054065	119	119	14.00	167.00	93.70	103.00	11150.00
chr12	6103027	6103369	342	342	41.00	77.00	58.09	58.00	19867.00
chr2	3479491	3480482	991	991	6.00	26.00	14.12	13.00	13995.00
chr3	33883388	33883566	178	178	118.00	188.00	159.24	162.00	28344.00
chr19	11019778	11019883	105	105	157.00	232.00	196.24	201.00	20605.00
chr7	98446205	98446318	113	113	1735.00	3611.00	2666.20	2371.00	301281.00
chr8	106813274	106813932	658	658	20.00	63.00	39.07	37.00	25708.00
chr2	223795338	223795530	192	192	390.00	590.00	475.80	459.00	91354.00
chr7	75511146	75511554	408	408	702.00	1481.00	1060.43	1079.50	432655.00
chr21	40184926	40185038	112	112	306.00	415.00	360.37	356.00	40361.00
chr19	53383575	53385236	1661	1661	7.00	48.00	25.04	25.00	41592.00
chr19	14208130	14208295	165	165	8.00	673.00	428.07	538.00	70631.00
chr15	91461013	91461618	605	605	6.00	403.00	110.52	20.00	66866.00
chr8	145278010	145278133	123	123	55.00	80.00	70.46	71.00	8666.00
chr16	28132990	28133083	93	93	174.00	214.00	194.85	192.00	18121.00
chr11	125280091	125280221	130	130	134.00	203.00	152.63	147.50	19842.00
chr15	63128089	63128317	228	228	62.00	324.00	224.07	258.00	51087.00
chr9	131181435	131181557	122	122	5.00	432.00	355.71	377.00	43397.00
chr19	3281196	3281343	147	147	407.00	566.00	499.15	523.00	73375.00
chr11	6240200	6240280	80	80	71.00	91.00	82.71	82.00	6617.00
chr20	31019123	31019287	164	164	26.00	52.00	38.22	39.00	6268.00
chr6	46825865	46827260	1395	1395	32.00	107.00	68.23	68.00	95177.00
chr12	1672006	1672666	660	660	18.00	78.00	39.56	35.00	26107.00
chr12	9098824	9099001	177	177	186.00	248.00	213.74	213.00	37832.00
chr7	121738503	121738630	127	127	6.00	20.00	12.80	10.00	1625.00
chr19	40875814	40875935	121	121	1253.00	1690.00	1462.79	1439.00	176997.00
chr20	3581592	3581671	79	79	150.00	206.00	171.82	170.00	13574.00
chr17	7226965	7227042	77	77	75.00	99.00	86.68	87.00	6674.00
chr2	74331800	74332809	1009	1009	10.00	52.00	28.68	27.00	28937.00
chr1	209785136	209785610	474	474	6.00	367.00	242.30	243.00	114851.00
chr9	35546426	35548532	2106	2106	125.00	431.00	241.46	234.00	508515.00
chr17	80040198	80040290	92	92	351.00	424.00	389.35	392.50	35820.00
chr11	73074791	73075284	493	493	6.00	190.00	65.74	19.00	32408.00
chr20	44674976	44675075	99	99	569.00	679.00	637.39	640.00	63102.00
chr20	5892091	5892328	237	237	64.00	573.00	273.66	252.00	64857.00
chr17	20316581	20317594	1013	1013	2.00	28.00	11.53	11.00	11676.00
chr12	99478702	99478801	99	99	259.00	361.00	311.71	323.00	30859.00
chr17	40842756	40842960	204	204	535.00	780.00	657.18	657.50	134065.00
chr11	107501142	107501288	146	146	478.00	735.00	578.90	551.50	84519.00
chr11	85429236	85429532	296	296	4.00	44.00	16.51	16.00	4886.00
chr20	9449217	9449319	102	102	56.00	81.00	68.88	69.00	7026.00
chr14	23371395	23371591	196	196	127.00	184.00	160.43	163.00	31444.00
chr7	716865	716957	92	92	2448.00	3050.00	2874.41	2872.00	264446.00
chr10	48862360	48862682	322	322	10.00	301.00	193.97	251.50	62459.00
chr10	68686678	68688210	1532	1532	45.00	215.00	89.28	77.00	136775.00
chr5	179674854	179674926	72	72	365.00	448.00	403.29	407.00	29037.00
chr1	209773327	209773456	129	129	238.00	283.00	264.91	266.00	34174.00
chr17	45691034	45691091	57	57	490.00	569.00	524.91	521.00	29920.00
chr1	19669871	19670118	247	247	10.00	33.00	21.60	20.00	5335.00
chr17	45664025	45664710	685	685	4.00	378.00	84.72	42.00	58034.00
chr19	2337634	2338840	1206	1206	10.00	79.00	26.88	24.00	32416.00
chr8	22011480	22011552	72	72	475.00	635.00	541.25	507.50	38970.00
