#chrom	start	end	size	num_data	min	max	mean	median	sum
chr12	1940100	1940691	591	591	31.00	55.00	43.21	43.00	25536.00
chr1	27480473	27481381	908	908	18.00	56.00	39.31	40.00	35692.00
chr15	63112684	63112809	125	125	167.00	247.00	218.72	224.00	27340.00
chr5	149231737	149232254	517	517	7.00	26.00	15.92	17.00	8231.00
chr5	140865429	140867182	1753	1753	8.00	39.00	20.79	20.00	36441.00
chr1	32209793	32209958	165	165	170.00	335.00	252.20	244.00	41613.00
chr16	87873307	87873431	124	124	75.00	120.00	100.44	104.50	12455.00
chr17	34157438	34158175	737	737	3.00	20.00	9.21	9.00	6787.00
chr2	127815619	127816088	469	469	7.00	84.00	47.71	53.00	22377.00
chr1	208212965	208213112	147	147	56.00	73.00	64.42	64.00	9470.00
chr22	19703883	19704666	783	783	7.00	39.00	20.95	20.00	16401.00
chr16	87872319	87872423	104	104	82.00	127.00	106.26	102.00	11051.00
chr9	140055740	140055868	128	128	959.00	1251.00	1149.70	1176.00	147162.00
chr22	21096515	21096643	128	128	432.00	556.00	491.60	494.00	62925.00
chr9	140056321	140056540	219	219	1.00	1567.00	962.44	1115.00	210774.00
chr11	78379981	78380253	272	272	12.00	30.00	19.78	20.00	5380.00
chr3	11070420	11070533	113	113	220.00	257.00	236.11	234.00	26680.00
chr1	109812554	109813222	668	668	6.00	391.00	161.95	158.50	108182.00
chr2	220161954	220162155	201	201	444.00	658.00	577.55	575.00	116088.00
chr15	74706887	74707086	199	199	84.00	110.00	99.03	99.00	19706.00
chr17	7318829	7319426	597	597	136.00	366.00	239.31	247.00	142867.00
chr1	21560050	21560154	104	104	34.00	49.00	40.36	41.00	4197.00
chr1	25573799	25573952	153	153	5.00	261.00	170.29	200.00	26055.00
chr14	93198993	93199160	167	167	87.00	124.00	105.96	106.00	17696.00
chr1	205554003	205554119	116	116	138.00	269.00	191.90	184.00	22260.00
chr1	9795005	9795232	227	227	1329.00	1843.00	1598.27	1605.00	362807.00
chr17	42426525	42426670	145	145	50.00	110.00	85.66	91.00	12420.00
chr18	70205887	70206179	292	292	2.00	249.00	97.66	4.50	28517.00
chr1	205553082	205553251	169	169	196.00	316.00	256.93	252.00	43421.00
chr9	140056623	140056766	143	143	4.00	1290.00	722.87	814.00	103371.00
chr6	33412147	33412394	247	247	10.00	440.00	243.56	328.00	60159.00
chr12	89992366	89992547	181	181	1.00	584.00	455.59	532.00	82462.00
chr2	220088827	220089576	749	749	77.00	200.00	132.10	130.00	98945.00
chr14	100763073	100765222	2149	2149	1.00	57.00	26.43	24.00	56794.00
chr1	110740697	110742543	1846	1846	6.00	735.00	426.57	426.00	787449.00
chr1	149878201	149879758	1557	1557	8.00	1271.00	270.68	29.00	421445.00
chr3	197264139	197265259	1120	1120	1.00	19.00	7.20	6.00	8068.00
chr8	56449623	56450530	907	907	9.00	32.00	18.14	17.00	16450.00
chr9	139354208	139354326	118	118	49.00	73.00	59.36	57.00	7004.00
chr1	32204908	32205236	328	328	260.00	510.00	372.98	367.00	122338.00
chr7	75608768	75608897	129	129	72.00	100.00	82.55	82.00	10649.00
chr19	45161029	45161178	149	149	51.00	79.00	63.33	65.00	9436.00
chr19	5243911	5244493	582	582	73.00	172.00	111.23	108.00	64734.00
chr6	32119585	32119717	132	132	9.00	515.00	276.55	303.50	36504.00
chr3	42670878	42672067	1189	1189	0.00	28.00	10.34	9.00	12292.00
chr11	45892392	45892485	93	93	129.00	177.00	149.26	148.00	13881.00
chr17	80040789	80040991	202	202	248.00	410.00	304.69	300.00	61547.00
chr2	74902875	74903036	161	161	48.00	66.00	56.50	56.00	9096.00
chr17	38335969	38337946	1977	1977	4.00	140.00	19.21	12.00	37986.00
chr16	87870103	87870253	150	150	81.00	113.00	92.51	90.00	13876.00
chr1	32205947	32206142	195	195	359.00	510.00	435.56	443.00	84935.00
chr6	44117553	44117702	149	149	2.00	210.00	130.48	163.00	19441.00
chr1	159163659	159163830	171	171	916.00	1226.00	1050.64	1054.00	179659.00
chr3	445565	446023	458	458	4.00	20.00	10.87	10.00	4980.00
chr2	25048913	25048995	82	82	87.00	124.00	109.27	109.00	8960.00
chr10	99504485	99504672	187	187	52.00	106.00	67.83	67.00	12684.00
chr4	54364807	54365010	203	203	71.00	147.00	100.02	98.00	20304.00
chr17	1634367	1634552	185	185	12.00	27.00	19.45	20.00	3599.00
chr7	72416124	72416247	123	123	18.00	85.00	56.64	51.00	6967.00
chr1	208212169	208212329	160	160	60.00	77.00	69.09	69.00	11054.00
chr9	140952500	140952702	202	202	53.00	80.00	68.70	68.00	13878.00
chr6	44197325	44197528	203	203	54.00	118.00	89.22	90.00	18112.00
chr6	44197643	44198218	575	575	15.00	81.00	39.07	28.00	22468.00
chr11	118981972	118982084	112	112	157.00	224.00	192.55	193.50	21566.00
chr5	150503846	150503952	106	106	5.00	1466.00	1028.84	1295.00	109057.00
chr11	118981761	118981878	117	117	208.00	247.00	229.02	229.00	26795.00
chr11	126314873	126315000	127	127	58.00	72.00	64.52	64.00	8194.00
chr1	159165808	159166244	436	436	10.00	952.00	177.87	16.00	77552.00
chr7	134893542	134893750	208	208	21.00	34.00	26.12	25.00	5432.00
chr9	121976196	121976433	237	237	126.00	266.00	190.86	199.00	45233.00
chr19	54691042	54691169	127	127	205.00	389.00	288.98	279.00	36701.00
chr22	38621430	38621600	170	170	176.00	295.00	239.44	251.00	40705.00
chr13	42035681	42036205	524	524	14.00	27.00	20.92	21.00	10962.00
chr20	1915360	1915413	53	53	7.00	1405.00	915.53	1125.00	48523.00
chr5	14496987	14497126	139	139	114.00	220.00	158.72	157.00	22062.00
chr12	56528125	56528212	87	87	57.00	73.00	66.06	67.00	5747.00
chr3	47466974	47467101	127	127	38.00	63.00	47.37	46.00	6016.00
chr17	7415476	7415663	187	187	110.00	143.00	125.09	125.00	23391.00
chr3	33588037	33589252	1215	1215	14.00	49.00	29.42	29.00	35742.00
chr7	887833	888615	782	782	3.00	52.00	16.02	12.00	12530.00
chr10	24813251	24813693	442	442	30.00	66.00	44.71	40.00	19761.00
chr1	109812045	109812213	168	168	192.00	361.00	253.87	238.00	42650.00
chr19	15276597	15276902	305	305	24.00	49.00	35.74	34.00	10902.00
chr16	2334779	2334999	220	220	116.00	185.00	151.56	148.00	33343.00
chr16	68404761	68405261	500	500	18.00	45.00	29.24	29.00	14618.00
chr4	110969111	110969871	760	760	15.00	50.00	29.45	27.00	22385.00
chr1	145693161	145693996	835	835	5.00	60.00	27.22	27.00	22729.00
chr7	44282848	44282932	84	84	267.00	367.00	316.31	318.00	26570.00
chr2	220164315	220164508	193	193	9.00	510.00	203.84	21.00	39342.00
chr12	50472203	50472360	157	157	63.00	85.00	73.98	73.00	11615.00
chr2	220163768	220163833	65	65	525.00	726.00	638.14	648.00	41479.00
chr2	222289928	222290862	934	934	121.00	231.00	180.98	183.00	169039.00
chr12	57599133	57599268	135	135	92.00	178.00	127.24	125.00	17178.00
chr7	157475416	157475629	213	213	252.00	388.00	311.43	303.00	66335.00
chr1	32203800	32203927	127	127	256.00	649.00	441.75	457.00	56102.00
chr1	109811731	109811912	181	181	242.00	398.00	320.07	334.00	57933.00
chr9	140052830	140052975	145	145	645.00	1981.00	1338.32	1449.00	194057.00
chr2	220161706	220161854	148	148	481.00	876.00	649.18	613.00	96078.00
chr16	29896906	29897070	164	164	291.00	479.00	420.97	444.00	69039.00
chr16	47143393	47143622	229	229	46.00	80.00	64.90	65.00	14861.00
chr11	993753	993985	232	232	153.00	302.00	241.10	245.00	55935.00
chr9	124059698	124061137	1439	1439	2.00	33.00	11.67	7.00	16788.00
chr9	140350140	140350634	494	494	5.00	34.00	18.45	18.00	9112.00
chr11	14504577	14504697	120	120	51.00	69.00	59.52	57.00	7143.00
chr3	49898612	49898733	121	121	402.00	724.00	584.94	591.00	70778.00
chr9	131811659	131811777	118	118	37.00	72.00	49.94	47.00	5893.00
chr9	131810705	131810818	113	113	39.00	74.00	56.85	56.00	6424.00
chr1	223400935	223401080	145	145	107.00	162.00	131.68	127.00	19094.00
chr12	125612185	125612820	635	635	2.00	113.00	26.98	11.00	17130.00
chr2	220088590	220088744	154	154	99.00	155.00	132.78	135.00	20448.00
chr9	70888487	70888750	263	263	2.00	37.00	21.20	21.00	5575.00
chr14	69813756	69813898	142	142	92.00	123.00	104.39	104.50	14824.00
chr2	47399145	47399890	745	745	3.00	249.00	21.74	18.00	16197.00
chr11	62688689	62689041	352	352	13.00	183.00	58.36	19.00	20544.00
chr6	43745205	43745407	202	202	1.00	76.00	54.41	56.00	10990.00
chr3	11072492	11072997	505	505	7.00	356.00	78.81	26.00	39801.00
chr7	2696031	2696168	137	137	129.00	204.00	175.51	187.00	24045.00
chr16	14969196	14969279	83	83	392.00	684.00	534.89	562.00	44396.00
chr17	7377847	7378026	179	179	3.00	10.00	6.50	6.00	1164.00
chr12	65639640	65639719	79	79	41.00	93.00	69.32	74.00	5476.00
chr12	50294912	50295108	196	196	1289.00	2829.00	1712.73	1556.50	335695.00
chr19	42485653	42485788	135	135	1338.00	2204.00	1799.67	1771.00	242955.00
chr10	99509230	99509343	113	113	70.00	114.00	89.39	90.00	10101.00
chr22	38883877	38888120	4243	4243	30.00	630.00	174.05	152.00	738496.00
chr12	49416372	49416658	286	286	38.00	76.00	56.25	54.00	16087.00
chr6	24843089	24843782	693	693	25.00	55.00	40.19	40.00	27849.00
chr5	176295561	176295665	104	104	199.00	273.00	225.19	215.00	23420.00
chr10	99510087	99510227	140	140	90.00	131.00	106.98	106.00	14977.00
chr1	159173658	159174770	1112	1112	10.00	119.00	40.95	32.00	45532.00
chr11	1780745	1780869	124	124	721.00	1021.00	890.97	921.50	110480.00
chr19	42486059	42486258	199	199	1139.00	2189.00	1657.45	1668.00	329832.00
chr3	47465422	47465535	113	113	76.00	91.00	84.86	85.00	9589.00
chr1	21573713	21573856	143	143	32.00	54.00	45.37	46.00	6488.00
chr11	65320330	65320453	123	123	59.00	103.00	84.94	90.00	10448.00
chr3	47462420	47462519	99	99	118.00	173.00	149.54	153.00	14804.00
chr2	219204751	219204864	113	113	62.00	108.00	95.95	99.00	10842.00
chr1	43906123	43906257	134	134	11.00	21.00	16.36	16.00	2192.00
chr7	38785158	38785840	682	682	2.00	228.00	27.38	12.00	18671.00
chr2	153499932	153500058	126	126	83.00	125.00	105.25	105.00	13261.00
chr1	32203011	32203132	121	121	5.00	524.00	407.55	477.00	49314.00
chr22	42290823	42290941	118	118	243.00	465.00	382.29	387.50	45110.00
chr19	47940718	47940818	100	100	210.00	506.00	387.50	379.50	38750.00
chr4	119539150	119539274	124	124	0.00	12.00	5.52	6.00	684.00
chr17	44117067	44117250	183	183	40.00	58.00	49.63	51.00	9082.00
chr19	42485873	42485983	110	110	1252.00	1595.00	1408.08	1365.00	154889.00
chr6	44114583	44114664	81	81	73.00	99.00	87.41	90.00	7080.00
chr19	47941105	47941292	187	187	1.00	540.00	287.25	385.00	53716.00
chr11	73074250	73074500	250	250	104.00	140.00	121.12	122.00	30279.00
chr3	33418764	33418825	61	61	193.00	228.00	214.20	216.00	13066.00
chr1	700258	700505	247	247	8.00	23.00	15.70	16.00	3877.00
chr9	74319510	74319719	209	209	9.00	42.00	23.79	22.00	4972.00
chr16	2336694	2336968	274	274	103.00	304.00	196.71	204.50	53898.00
chr20	3575125	3575219	94	94	72.00	107.00	86.29	85.00	8111.00
chr9	139231377	139231529	152	152	69.00	83.00	75.28	75.00	11442.00
chr5	140515951	140516498	547	547	5.00	16.00	10.37	10.00	5671.00
chr1	21938208	21938309	101	101	354.00	487.00	410.81	403.00	41492.00
chr3	155659188	155659936	748	748	8.00	91.00	55.67	64.00	41641.00
chr16	27483068	27483241	173	173	72.00	102.00	85.26	84.00	14750.00
chr11	994071	994245	174	174	72.00	223.00	169.13	184.00	29429.00
chr7	71175745	71175913	168	168	362.00	472.00	417.05	417.00	70065.00
chr12	121204065	121204175	110	110	95.00	143.00	123.95	127.00	13635.00
chr7	73118679	73118753	74	74	699.00	971.00	833.51	848.50	61680.00
chr9	140972565	140972710	145	145	49.00	70.00	58.70	58.00	8512.00
chr12	121683329	121684024	695	695	5.00	18.00	11.33	11.00	7874.00
chr16	74493579	74493687	108	108	105.00	134.00	119.74	119.00	12932.00
chr2	36771518	36771641	123	123	77.00	111.00	88.01	86.00	10825.00
chr7	94187181	94187996	815	815	4.00	26.00	14.25	14.00	11612.00
chr14	94156951	94157239	288	288	2.00	10.00	6.44	7.00	1855.00
chr7	121739000	121739524	524	524	5.00	21.00	13.02	14.00	6823.00
chr1	19549117	19549328	211	211	44.00	86.00	63.71	64.00	13443.00
chr19	5214571	5214747	176	176	142.00	299.00	184.69	177.00	32506.00
chr19	42557753	42557861	108	108	97.00	131.00	115.69	116.00	12495.00
chr15	102510686	102510925	239	239	4.00	24.00	15.79	15.00	3773.00
chr5	167673761	167675376	1615	1615	24.00	88.00	48.47	42.00	78285.00
chr7	44282158	44282253	95	95	323.00	606.00	469.12	449.00	44566.00
chr2	160621061	160621717	656	656	2.00	132.00	21.31	12.00	13977.00
chr5	10426501	10426634	133	133	162.00	261.00	217.28	226.00	28898.00
chr16	1814301	1814460	159	159	398.00	543.00	464.09	457.00	73790.00
chr11	21581734	21581928	194	194	79.00	127.00	101.41	103.00	19673.00
chr3	126749085	126749255	170	170	99.00	157.00	122.51	120.00	20827.00
chr11	12237765	12237866	101	101	314.00	397.00	346.58	345.00	35005.00
chr6	31750872	31750963	91	91	64.00	98.00	82.29	84.00	7488.00
chr3	53124201	53124398	197	197	9.00	16.00	12.78	13.00	2518.00
chr2	220161470	220161544	74	74	765.00	912.00	856.84	869.50	63406.00
chr2	128951046	128951785	739	739	8.00	47.00	24.49	24.00	18097.00
chr5	24535811	24535931	120	120	82.00	118.00	98.42	100.00	11810.00
chr1	44083406	44083582	176	176	127.00	263.00	186.94	188.00	32902.00
chr1	32207653	32207818	165	165	222.00	433.00	290.96	270.00	48009.00
chr12	7293754	7294000	246	246	3.00	655.00	386.76	556.00	95143.00
chr3	131442289	131442469	180	180	87.00	118.00	104.29	105.50	18773.00
chr3	49898871	49899298	427	427	22.00	812.00	311.47	370.00	132999.00
chr16	66432358	66432464	106	106	28.00	56.00	42.84	41.00	4541.00
chr1	20982593	20982680	87	87	202.00	239.00	219.16	214.00	19067.00
chr16	68398653	68398809	156	156	26.00	50.00	38.16	39.00	5953.00
chr17	16676818	16678279	1461	1461	5.00	27.00	12.22	11.00	17859.00
chr1	109814899	109815027	128	128	221.00	328.00	267.32	273.50	34217.00
chr1	21940478	21940582	104	104	460.00	598.00	533.60	546.00	55494.00
chr20	57468284	57468793	509	509	3.00	22.00	8.23	6.00	4187.00
chr3	127358087	127358366	279	279	153.00	296.00	225.43	220.00	62894.00
chr3	126735359	126735527	168	168	54.00	88.00	68.71	70.00	11544.00
chr10	103869140	103869264	124	124	193.00	228.00	210.92	211.00	26154.00
chr20	44520554	44520666	112	112	93.00	138.00	112.20	107.00	12566.00
chr1	32203252	32203356	104	104	249.00	423.00	344.75	356.00	35854.00
chr21	40186196	40186316	120	120	171.00	246.00	209.61	209.50	25153.00
chr5	111067153	111068349	1196	1196	4.00	28.00	17.62	17.00	21078.00
chr9	128002954	128003186	232	232	218.00	355.00	281.02	271.50	65196.00
chr1	43408896	43408992	96	96	163.00	206.00	182.94	184.00	17562.00
chr3	47463931	47464026	95	95	91.00	123.00	104.86	101.00	9962.00
chr2	220161160	220161238	78	78	796.00	899.00	850.05	847.00	66304.00
chr11	62472772	62473089	317	317	669.00	1429.00	1014.57	1031.00	321620.00
chr9	130986341	130986906	565	565	6.00	397.00	93.93	12.00	53069.00
chr14	69358769	69359000	231	231	141.00	214.00	167.88	165.00	38781.00
chr11	64416205	64416379	174	174	101.00	153.00	128.46	131.00	22352.00
chr17	8398454	8398559	105	105	230.00	362.00	312.77	319.00	32841.00
chr12	53572943	53574193	1250	1250	4.00	35.00	19.94	20.00	24928.00
chr17	17696544	17701827	5283	5283	14.00	134.00	54.55	53.00	288166.00
chr8	11705187	11705331	144	144	760.00	1016.00	902.34	907.00	129937.00
chr19	54963829	54963931	102	102	139.00	233.00	181.72	173.00	18535.00
chr2	70451682	70456295	4613	4613	1.00	92.00	21.69	19.00	100033.00
chr11	118873959	118874169	210	210	7.00	16.00	12.10	12.00	2541.00
chr10	75548427	75548581	154	154	47.00	96.00	72.25	75.00	11126.00
chr6	33414351	33414563	212	212	211.00	407.00	340.80	359.00	72249.00
chr17	80042910	80043032	122	122	116.00	162.00	141.89	143.00	17310.00
chr11	11470290	11470483	193	193	40.00	89.00	54.31	51.00	10482.00
chr8	23294446	23294771	325	325	56.00	127.00	90.34	89.00	29359.00
chr1	116932060	116932663	603	603	2.00	1587.00	565.50	23.00	340995.00
chr15	83222627	83222741	114	114	43.00	62.00	52.65	52.00	6002.00
chr3	9841562	9841751	189	189	16.00	38.00	26.28	26.00	4967.00
chr1	116937731	116937907	176	176	1045.00	2112.00	1297.99	1169.50	228446.00
chr16	87868019	87868197	178	178	59.00	94.00	78.91	79.00	14046.00
chr3	124209540	124209731	191	191	327.00	463.00	383.08	384.00	73168.00
chr7	71142195	71142291	96	96	367.00	505.00	418.69	418.00	40194.00
chr5	130497324	130497584	260	260	8.00	21.00	15.14	15.00	3936.00
chr13	100199238	100199358	120	120	188.00	309.00	233.24	216.00	27989.00
chr5	139943336	139943506	170	170	8.00	169.00	137.06	140.50	23300.00
chr17	74395529	74396002	473	473	64.00	135.00	99.66	100.00	47139.00
chr14	93179149	93179216	67	67	112.00	132.00	123.09	123.00	8247.00
chr4	160277004	160277310	306	306	31.00	248.00	133.93	138.00	40984.00
chr17	40666306	40666478	172	172	483.00	810.00	651.66	617.50	112086.00
chr15	34828065	34828207	142	142	2.00	81.00	45.60	46.00	6475.00
chr14	100165802	100165876	74	74	265.00	337.00	295.58	294.00	21873.00
chr22	20128089	20128231	142	142	6.00	96.00	57.51	78.00	8167.00
chr12	3392210	3394421	2211	2211	7.00	74.00	30.17	30.00	66701.00
chr17	16687866	16690667	2801	2801	1.00	65.00	11.85	9.00	33180.00
chr6	31664724	31664810	86	86	85.00	139.00	110.85	112.00	9533.00
chr6	30627512	30627611	99	99	21.00	28.00	25.08	25.00	2483.00
chr11	18752834	18755060	2226	2226	3.00	551.00	61.93	24.00	137865.00
chr12	109332602	109332731	129	129	262.00	401.00	342.47	355.00	44178.00
chr6	90072884	90073110	226	226	5.00	16.00	10.05	9.00	2272.00
chr16	2689371	2689711	340	340	0.00	0.00	0.00	0.00	0.00
chr1	20987373	20987484	111	111	183.00	229.00	208.45	210.00	23138.00
chr14	85985300	85986667	1367	1367	1.00	22.00	9.13	9.00	12485.00
chr13	32863769	32863880	111	111	64.00	91.00	73.80	73.00	8192.00
chr16	1510418	1510528	110	110	73.00	97.00	83.09	83.00	9140.00
chr19	54963269	54963444	175	175	171.00	256.00	204.19	205.00	35734.00
chr6	44224078	44224233	155	155	41.00	59.00	49.74	50.00	7709.00
chr20	3151172	3152285	1113	1113	5.00	43.00	23.04	23.00	25638.00
chr1	892273	892405	132	132	105.00	179.00	133.62	127.50	17638.00
chr16	90192167	90192724	557	557	4.00	30.00	17.41	17.00	9696.00
chr9	111663704	111663810	106	106	46.00	66.00	55.88	53.00	5923.00
chr6	44108764	44108835	71	71	92.00	115.00	101.94	103.00	7238.00
chr1	36028802	36029027	225	225	1060.00	1794.00	1340.14	1265.00	301532.00
chr11	66807259	66807674	415	415	8.00	141.00	112.35	119.00	46625.00
chr1	178426817	178427679	862	862	17.00	44.00	32.40	33.00	27933.00
chr19	42482302	42482478	176	176	1498.00	2130.00	1702.55	1654.50	299649.00
chr1	44084718	44084873	155	155	130.00	310.00	202.03	175.00	31314.00
chr1	109812315	109812442	127	127	153.00	251.00	207.79	204.00	26389.00
chr3	180324268	180324391	123	123	50.00	99.00	76.52	74.00	9412.00
chr15	63933668	63933842	174	174	89.00	183.00	133.48	118.00	23226.00
chr20	44521363	44521519	156	156	112.00	190.00	150.15	143.50	23423.00
chr3	33416779	33416910	131	131	108.00	209.00	147.50	144.00	19323.00
chr1	21934624	21934843	219	219	6.00	682.00	286.29	366.00	62698.00
chr14	69799801	69799886	85	85	60.00	84.00	71.27	73.00	6058.00
chr1	116936134	116936345	211	211	3.00	1545.00	1219.11	1335.00	257233.00
chr14	23634493	23634645	152	152	34.00	50.00	42.26	42.00	6424.00
chr16	1402538	1402947	409	409	3.00	26.00	17.25	17.00	7055.00
chr9	20331	25000	4669	4669	0.00	100.00	31.46	30.00	146903.00
chr17	43545574	43545959	385	385	9.00	28.00	18.41	19.00	7087.00
chr13	100201418	100201476	58	58	208.00	244.00	225.55	224.00	13082.00
chr15	41865505	41865665	160	160	241.00	473.00	336.27	321.00	53803.00
chr19	19641688	19642196	508	508	4.00	15.00	9.10	9.00	4624.00
chr11	134147593	134148159	566	566	5.00	24.00	14.05	14.00	7953.00
chr2	71656420	71657290	870	870	1.00	26.00	10.66	10.00	9270.00
chr7	97834775	97835016	241	241	108.00	168.00	137.12	135.00	33046.00
chr19	13363804	13363915	111	111	65.00	85.00	73.59	73.00	8169.00
chr18	31328383	31329011	628	628	4.00	16.00	9.83	9.00	6172.00
chr16	66431884	66432009	125	125	24.00	50.00	35.04	32.00	4380.00
chr19	47935155	47935702	547	547	1.00	583.00	209.21	217.00	114436.00
chr12	50291769	50291873	104	104	762.00	1443.00	1007.85	997.50	104816.00
chr11	1780198	1780317	119	119	455.00	865.00	578.44	544.00	68834.00
chr15	65392626	65393167	541	541	9.00	21.00	14.06	13.00	7604.00
chr2	86397871	86397967	96	96	88.00	129.00	109.00	110.00	10464.00
chr7	97866087	97866233	146	146	60.00	129.00	91.08	93.00	13297.00
chr11	60687157	60687402	245	245	70.00	113.00	94.01	95.00	23032.00
chr21	43307700	43309453	1753	1753	6.00	65.00	32.77	32.00	57448.00
chr14	24619269	24619657	388	388	14.00	43.00	22.90	22.00	8886.00
chr11	65320634	65320727	93	93	51.00	76.00	61.12	59.00	5684.00
chr16	29891184	29891385	201	201	378.00	548.00	452.83	431.00	91019.00
chr1	32207224	32207326	102	102	477.00	627.00	550.75	556.00	56177.00
chr11	72300218	72300394	176	176	3.00	361.00	117.46	6.00	20673.00
chr17	7608878	7609038	160	160	20.00	114.00	67.11	73.00	10737.00
chr19	7607646	7607814	168	168	81.00	151.00	118.16	129.50	19851.00
chr19	54966129	54966271	142	142	66.00	128.00	108.88	114.00	15461.00
chr12	57995027	57995131	104	104	136.00	174.00	156.20	153.50	16245.00
chr1	27428875	27429049	174	174	32.00	64.00	44.92	43.00	7816.00
chr2	27688277	27688385	108	108	25.00	62.00	44.77	48.50	4835.00
chr16	2691449	2692254	805	805	0.00	18.00	2.46	2.00	1982.00
chr9	131503813	131503933	120	120	293.00	360.00	331.66	337.00	39799.00
chr16	2347766	2347922	156	156	129.00	218.00	173.15	171.00	27011.00
chr17	80039884	80040036	152	152	224.00	275.00	245.03	244.00	37245.00
chr1	32204432	32204538	106	106	304.00	657.00	473.41	481.00	50181.00
chr12	9242951	9243078	127	127	54.00	78.00	66.09	67.00	8393.00
chr3	49702661	49702751	90	90	167.00	215.00	191.33	187.00	17220.00
chr19	35820359	35820837	478	478	4.00	28.00	14.58	15.00	6969.00
chr1	201456762	201457615	853	853	5.00	33.00	20.03	21.00	17089.00
chr16	2334279	2334438	159	159	114.00	181.00	140.36	138.00	22317.00
chr10	73578373	73578481	108	108	2481.00	3377.00	2925.31	2945.00	315933.00
chr16	18530550	18530756	206	206	6.00	515.00	236.46	328.00	48711.00
chr16	16369094	16369300	206	206	6.00	513.00	237.36	333.00	48896.00
chr13	113975636	113975785	149	149	14.00	416.00	186.60	18.00	27803.00
chr11	119293822	119294227	405	405	2.00	5311.00	458.55	25.00	185714.00
chr5	150505962	150506041	79	79	866.00	1278.00	1078.10	1062.00	85170.00
chr22	44224939	44225078	139	139	673.00	887.00	776.85	774.00	107982.00
chr15	41865199	41865309	110	110	263.00	346.00	298.45	285.00	32829.00
chr17	25633807	25636298	2491	2491	17.00	434.00	153.38	154.00	382061.00
chr15	72495155	72495529	374	374	7.00	2422.00	968.63	22.00	362267.00
chr9	42540272	42542124	1852	1852	1.00	16.00	8.83	9.00	16344.00
chr11	119290760	119291704	944	944	1.00	6988.00	1538.21	9.00	1452071.00
chr19	5219949	5220165	216	216	100.00	196.00	138.63	133.00	29945.00
chr15	63910769	63911153	384	384	1.00	29.00	10.42	6.00	4002.00
chr17	74393879	74393969	90	90	82.00	144.00	110.13	102.00	9912.00
chr10	104129467	104129532	65	65	72.00	93.00	84.12	85.00	5468.00
chr3	142454224	142454620	396	396	2.00	16.00	8.76	9.00	3469.00
chr12	121205196	121205396	200	200	111.00	159.00	135.53	137.00	27106.00
chr3	31705570	31705724	154	154	10.00	23.00	16.95	18.00	2610.00
chr6	118635190	118636593	1403	1403	23.00	181.00	104.73	99.00	146936.00
chr8	10339867	10340829	962	962	1.00	28.00	13.59	13.00	13075.00
chr19	16952578	16952779	201	201	89.00	184.00	145.86	150.00	29318.00
chr8	110984486	110985016	530	530	84.00	148.00	114.29	115.00	60574.00
chr9	128001219	128001610	391	391	276.00	698.00	469.62	484.00	183621.00
chr11	73070878	73070997	119	119	116.00	159.00	143.05	143.00	17023.00
chr10	104130140	104130235	95	95	79.00	106.00	89.51	88.00	8503.00
chr5	95733039	95733173	134	134	136.00	208.00	173.38	172.00	23233.00
chr19	59059400	59059547	147	147	168.00	235.00	208.31	207.00	30621.00
chr5	139943169	139943255	86	86	10.00	113.00	89.62	98.00	7707.00
chr17	73487771	73487981	210	210	60.00	119.00	78.81	73.00	16550.00
chr1	154315588	154315777	189	189	24.00	33.00	28.95	29.00	5471.00
chr14	95652726	95653070	344	344	5.00	19.00	13.18	14.00	4535.00
chr12	123639801	123640772	971	971	7.00	32.00	16.85	15.00	16357.00
chr22	47064870	47065171	301	301	1.00	9.00	5.70	6.00	1717.00
chr5	24535220	24535388	168	168	79.00	115.00	96.29	95.00	16176.00
chr12	6806452	6806958	506	506	93.00	287.00	184.78	199.00	93498.00
chr22	29881711	29881836	125	125	243.00	362.00	295.96	290.00	36995.00
chr7	75894681	75894786	105	105	37.00	94.00	66.46	67.00	6978.00
chr12	121089007	121095893	6886	6886	5.00	111.00	35.88	33.00	247060.00
chr1	207940357	207942365	2008	2008	3.00	122.00	38.55	32.00	77408.00
chr7	154681166	154681240	74	74	293.00	382.00	342.01	341.00	25309.00
chr5	131696513	131697529	1016	1016	2.00	14.00	7.61	7.00	7736.00
chr11	1776135	1776258	123	123	277.00	774.00	478.70	450.00	58880.00
chr8	11706554	11706673	119	119	614.00	845.00	715.65	707.00	85162.00
chr11	18759426	18759511	85	85	253.00	292.00	270.54	268.00	22996.00
chr16	61689373	61689625	252	252	48.00	90.00	69.03	70.00	17396.00
chr15	51750702	51750824	122	122	151.00	210.00	178.98	181.00	21836.00
chr9	35555056	35555698	642	642	125.00	318.00	217.36	217.00	139543.00
chr2	198356200	198356621	421	421	1.00	10.00	6.35	6.00	2673.00
chr9	131001723	131001794	71	71	2147.00	2707.00	2468.24	2487.00	175245.00
chr19	5214371	5214491	120	120	280.00	362.00	312.07	305.00	37449.00
chr22	35719488	35719623	135	135	92.00	125.00	109.40	112.00	14769.00
chr12	121678738	121679829	1091	1091	1.00	33.00	10.48	9.00	11433.00
chr14	23820960	23821064	104	104	1076.00	1322.00	1251.29	1281.00	130134.00
chr1	32205710	32205779	69	69	384.00	516.00	450.45	445.00	31081.00
chr3	33420176	33420326	150	150	8.00	195.00	65.51	12.00	9827.00
chr9	114820707	114820966	259	259	20.00	51.00	33.01	32.00	8550.00
chr15	41865876	41866023	147	147	10.00	463.00	381.37	409.00	56061.00
chr19	55554308	55554637	329	329	3.00	14.00	8.29	9.00	2727.00
chr1	116933403	116933513	110	110	1232.00	1608.00	1421.75	1418.50	156393.00
chr19	15374230	15374359	129	129	43.00	98.00	77.81	83.00	10038.00
chr12	56090682	56090852	170	170	37.00	54.00	46.48	47.00	7901.00
chr14	69445668	69445876	208	208	21.00	158.00	104.38	122.50	21712.00
chr12	57603474	57603651	177	177	155.00	258.00	181.40	177.00	32108.00
chr22	32897492	32898946	1454	1454	5.00	110.00	43.11	39.00	62680.00
chr16	16367702	16367764	62	62	7.00	280.00	150.42	164.50	9326.00
chr19	5245786	5246056	270	270	79.00	214.00	139.18	141.00	37578.00
chr16	74345440	74345829	389	389	3.00	13.00	7.69	7.00	2993.00
chr6	107096899	107097076	177	177	25.00	36.00	30.18	30.00	5341.00
chr1	29641883	29642019	136	136	30.00	40.00	33.90	34.00	4610.00
chr8	97342440	97342509	69	69	139.00	183.00	148.41	146.00	10240.00
chr8	68116914	68117054	140	140	46.00	82.00	64.50	65.00	9030.00
chr22	22037470	22037546	76	76	37.00	55.00	45.37	45.00	3448.00
chr22	50682147	50683420	1273	1273	6.00	99.00	53.00	52.00	67466.00
chr20	44048971	44049069	98	98	149.00	194.00	167.82	161.00	16446.00
chr1	36904356	36904511	155	155	29.00	52.00	36.66	37.00	5682.00
chr12	71054719	71054877	158	158	39.00	96.00	57.19	51.00	9036.00
chr15	50654364	50655515	1151	1151	3.00	23.00	11.16	11.00	12840.00
chr2	234198499	234198620	121	121	48.00	72.00	55.08	53.00	6665.00
chr9	128001699	128001812	113	113	274.00	338.00	306.01	311.00	34579.00
chr8	38272296	38272419	123	123	60.00	86.00	75.57	78.00	9295.00
chr11	73068069	73068179	110	110	85.00	149.00	114.25	118.00	12567.00
chr16	28123137	28123327	190	190	118.00	150.00	134.15	134.00	25489.00
chr12	49424062	49424222	160	160	13.00	38.00	23.26	23.00	3721.00
chr19	50302885	50303023	138	138	255.00	430.00	338.68	326.00	46738.00
chr19	42480567	42480718	151	151	2147.00	3216.00	2691.54	2763.00	406423.00
chr3	197904395	197905301	906	906	0.00	36.00	13.68	12.00	12394.00
chr13	100189992	100190117	125	125	145.00	188.00	164.93	165.00	20616.00
chr19	14268062	14268272	210	210	196.00	338.00	271.63	274.50	57043.00
chr10	93786886	93787057	171	171	40.00	60.00	50.16	50.00	8578.00
chr1	109808726	109808828	102	102	104.00	178.00	131.29	124.00	13392.00
chr4	134075461	134075520	59	59	206.00	270.00	231.61	234.00	13665.00
chr1	22052268	22053864	1596	1596	3.00	36.00	16.65	16.00	26575.00
chr9	140056855	140056968	113	113	829.00	1240.00	1067.34	1103.00	120609.00
chr19	42482087	42482224	137	137	2210.00	2953.00	2594.39	2643.00	355432.00
chr19	4556962	4557025	63	63	366.00	463.00	433.35	438.00	27301.00
chr19	14266921	14267013	92	92	188.00	275.00	243.08	248.00	22363.00
chr22	42273851	42274127	276	276	2.00	614.00	283.48	294.50	78240.00
chr1	205549788	205550049	261	261	117.00	219.00	168.40	166.00	43953.00
chr1	110765585	110766522	937	937	34.00	111.00	82.53	84.00	77327.00
chr19	55553595	55554158	563	563	8.00	23.00	14.13	14.00	7953.00
chr7	150929881	150931360	1479	1479	16.00	94.00	36.94	32.00	54636.00
chr3	124215157	124215260	103	103	262.00	469.00	374.26	397.00	38549.00
chr16	58220658	58220760	102	102	78.00	107.00	91.35	90.50	9318.00
chr3	10381925	10382033	108	108	367.00	505.00	444.78	451.00	48036.00
chr10	11356101	11356221	120	120	75.00	93.00	83.70	84.00	10044.00
chr22	42294652	42294785	133	133	288.00	501.00	423.11	447.00	56273.00
chr1	2005531	2005714	183	183	16.00	55.00	41.81	46.00	7651.00
chr12	113722522	113722576	54	54	33.00	39.00	36.83	37.00	1989.00
chr9	131502198	131502398	200	200	6.00	402.00	335.68	350.50	67135.00
chr19	40873602	40873786	184	184	818.00	1090.00	941.97	944.50	173323.00
chr2	220162606	220162825	219	219	245.00	542.00	390.10	378.00	85432.00
chr16	28270027	28270355	328	328	9.00	52.00	28.62	30.00	9389.00
chr4	3225718	3225858	140	140	90.00	137.00	116.69	117.00	16337.00
chr17	44127898	44128070	172	172	39.00	56.00	48.16	48.50	8284.00
chr3	47462043	47462262	219	219	54.00	139.00	70.65	61.00	15473.00
chr6	99873090	99873182	92	92	6.00	310.00	119.52	91.50	10996.00
chr7	142561723	142562504	781	781	182.00	617.00	348.93	323.00	272514.00
chr1	159169540	159169666	126	126	779.00	1078.00	935.60	968.50	117886.00
chr19	7606869	7606953	84	84	54.00	67.00	62.13	62.00	5219.00
chr16	2811561	2818298	6737	6737	3.00	332.00	182.87	183.00	1232009.00
chr3	47450652	47450807	155	155	44.00	74.00	61.67	63.00	9559.00
chr11	118403631	118403922	291	291	86.00	146.00	105.28	105.00	30637.00
chr1	205555161	205555335	174	174	156.00	217.00	184.03	186.00	32021.00
chr12	125603186	125603311	125	125	73.00	105.00	89.70	91.00	11213.00
chr11	86658288	86659498	1210	1210	9.00	31.00	18.19	18.00	22011.00
chr22	37764946	37768745	3799	3799	4.00	295.00	102.03	86.00	387593.00
chr10	46345664	46346215	551	551	2.00	20.00	12.26	13.00	6753.00
chr22	33673045	33673241	196	196	151.00	372.00	223.54	188.00	43813.00
chr9	140042599	140042666	67	67	8.00	235.00	192.09	199.00	12870.00
chr3	48717233	48717320	87	87	130.00	204.00	159.98	157.00	13918.00
chr11	60681600	60681740	140	140	11.00	95.00	47.05	40.00	6587.00
chr10	93784512	93784724	212	212	27.00	49.00	38.00	39.00	8057.00
chr12	7289424	7290372	948	948	3.00	564.00	140.46	13.00	133157.00
chr3	132387062	132387526	464	464	5.00	17.00	8.99	9.00	4170.00
chr16	2335442	2335647	205	205	124.00	200.00	169.82	175.00	34813.00
chr16	1794782	1797276	2494	2494	4.00	440.00	51.20	19.00	127698.00
chr16	3786036	3786204	168	168	65.00	92.00	79.40	79.00	13340.00
chr9	141131209	141131766	557	557	2.00	16.00	7.08	6.00	3944.00
chr14	92965028	92966015	987	987	2.00	30.00	14.75	14.00	14562.00
chr19	54692070	54692200	130	130	151.00	378.00	243.89	187.50	31706.00
chr15	43866006	43866230	224	224	70.00	111.00	88.47	84.00	19817.00
chr3	40231316	40231954	638	638	26.00	74.00	55.30	58.00	35282.00
chr3	50148937	50149455	518	518	4.00	32.00	15.23	14.00	7888.00
chr4	81117505	81117755	250	250	37.00	57.00	46.92	47.00	11731.00
chr10	46740404	46740638	234	234	0.00	5.00	2.45	2.00	574.00
chr3	124210169	124210271	102	102	267.00	340.00	300.05	299.00	30605.00
chr11	107488830	107488932	102	102	211.00	290.00	251.28	246.00	25631.00
chr9	130591965	130592106	141	141	25.00	48.00	39.57	41.00	5579.00
chr1	20981932	20982027	95	95	187.00	257.00	214.85	211.00	20411.00
chr12	75875613	75875859	246	246	29.00	47.00	38.29	37.00	9420.00
chr22	32046684	32046764	80	80	53.00	84.00	68.60	70.00	5488.00
chr11	70331418	70331658	240	240	18.00	73.00	51.15	53.00	12277.00
chr14	51079976	51080069	93	93	283.00	343.00	312.85	314.00	29095.00
chr17	80041077	80041301	224	224	164.00	521.00	341.90	363.50	76586.00
chr7	158540884	158540971	87	87	85.00	145.00	110.77	110.00	9637.00
chr1	21553651	21553719	68	68	52.00	73.00	61.01	58.00	4149.00
chr2	219206256	219206349	93	93	50.00	80.00	65.26	64.00	6069.00
chr17	18444211	18445242	1031	1031	1.00	26.00	10.97	9.00	11314.00
chr12	57599340	57599460	120	120	128.00	186.00	154.12	146.00	18495.00
chr11	64417919	64418110	191	191	135.00	254.00	209.72	223.00	40056.00
chr19	3274926	3275650	724	724	5.00	21.00	13.44	13.00	9727.00
chr16	18532086	18532305	219	219	359.00	682.00	490.05	482.00	107321.00
chr17	3776702	3776756	54	54	335.00	442.00	410.30	411.50	22156.00
chr1	116932670	116933033	363	363	3.00	1930.00	883.69	1332.00	320781.00
chr16	1505731	1505796	65	65	107.00	157.00	143.69	150.00	9340.00
chr1	9794029	9794200	171	171	1682.00	1949.00	1803.40	1781.00	308382.00
chr10	73579221	73579379	158	158	2040.00	3209.00	2570.11	2633.00	406078.00
chr11	6411684	6412146	462	462	10.00	93.00	58.76	61.00	27149.00
chr1	159163212	159163350	138	138	726.00	1000.00	805.94	790.00	111220.00
chr16	1816723	1816804	81	81	366.00	477.00	427.86	435.00	34657.00
chr7	91722399	91722630	231	231	3.00	67.00	54.94	58.00	12692.00
chr7	44281816	44281939	123	123	545.00	683.00	586.00	585.00	72078.00
chr2	220467189	220467297	108	108	14.00	29.00	21.57	22.00	2330.00
chr16	4494664	4494729	65	65	159.00	191.00	178.46	182.00	11600.00
chr15	34681844	34681986	142	142	2.00	112.00	65.35	75.00	9279.00
chr9	139995935	139996124	189	189	60.00	114.00	85.99	84.00	16252.00
chr3	180324040	180324160	120	120	52.00	73.00	63.21	65.00	7585.00
chr3	42678359	42681242	2883	2883	26.00	91.00	55.96	54.00	161337.00
chr7	131812776	131815333	2557	2557	13.00	70.00	37.83	37.00	96744.00
chr20	1585387	1585522	135	135	18.00	369.00	191.18	185.00	25809.00
chr3	126751229	126751442	213	213	110.00	154.00	126.13	126.00	26865.00
chr15	63920875	63921014	139	139	97.00	192.00	141.17	151.00	19622.00
chr16	2040128	2040202	74	74	24.00	84.00	55.08	58.50	4076.00
chr9	74324174	74324390	216	216	18.00	42.00	27.87	27.00	6020.00
chr20	44521858	44521950	92	92	140.00	170.00	153.84	152.50	14153.00
chr9	139911647	139911798	151	151	249.00	406.00	319.80	300.00	48290.00
chr9	140055507	140055649	142	142	963.00	2048.00	1527.69	1425.50	216932.00
chr12	120148055	120148191	136	136	149.00	228.00	187.96	190.50	25563.00
chr12	50474280	50474372	92	92	85.00	114.00	99.13	100.00	9120.00
chr15	63125702	63125828	126	126	134.00	216.00	174.62	178.50	22002.00
chr9	20907148	20907241	93	93	66.00	88.00	77.82	79.00	7237.00
chr16	87874655	87874761	106	106	110.00	134.00	121.25	122.00	12853.00
chr2	162833269	162833460	191	191	7.00	541.00	299.13	455.00	57133.00
chr8	11704560	11704677	117	117	561.00	761.00	661.21	666.00	77361.00
chr15	63926931	63927087	156	156	112.00	166.00	145.51	153.00	22700.00
chr6	31668718	31668805	87	87	93.00	129.00	107.26	106.00	9332.00
chr7	148910792	148910906	114	114	23.00	54.00	41.87	45.00	4773.00
chr14	42355808	42357213	1405	1405	30.00	154.00	70.58	66.00	99160.00
chr10	88678928	88679226	298	298	18.00	33.00	25.49	25.00	7595.00
chr3	140998219	140998346	127	127	29.00	52.00	40.43	43.00	5134.00
chr1	144859758	144859998	240	240	53.00	108.00	72.08	74.00	17299.00
chr9	96054772	96055455	683	683	19.00	138.00	79.69	79.00	54431.00
chr19	7604803	7604944	141	141	69.00	119.00	84.93	82.00	11975.00
chr12	30906277	30907432	1155	1155	7.00	54.00	28.27	28.00	32647.00
chr9	131112762	131112854	92	92	80.00	161.00	120.17	121.00	11056.00
chr20	61981328	61982379	1051	1051	25.00	93.00	53.57	48.00	56300.00
chr7	38431348	38431618	270	270	243.00	505.00	334.38	311.00	90283.00
chr20	44521036	44521123	87	87	149.00	187.00	163.72	162.00	14244.00
chr11	64418726	64419108	382	382	103.00	278.00	181.07	176.50	69170.00
chr12	120148344	120150270	1926	1926	6.00	285.00	41.55	19.00	80027.00
chr12	6930971	6931066	95	95	6.00	401.00	199.73	188.00	18974.00
chr16	2339434	2339621	187	187	99.00	191.00	127.30	111.00	23806.00
chr2	27700083	27700187	104	104	22.00	47.00	36.50	38.00	3796.00
chr14	69805367	69805494	127	127	70.00	170.00	117.13	107.00	14876.00
chr12	9242497	9242619	122	122	61.00	93.00	79.66	83.00	9719.00
chr3	58256658	58256791	133	133	56.00	105.00	73.01	68.00	9710.00
chr10	79744927	79745098	171	171	41.00	95.00	69.27	72.00	11845.00
chr1	159161725	159161866	141	141	374.00	739.00	616.65	675.00	86947.00
chr16	31085202	31085519	317	317	9.00	23.00	18.04	19.00	5718.00
chr1	171755018	171755218	200	200	29.00	59.00	46.16	46.00	9233.00
chr9	130988124	130989280	1156	1156	0.00	1424.00	179.36	25.00	207336.00
chr15	63127935	63127998	63	63	127.00	143.00	134.24	134.00	8457.00
chr19	1917676	1917821	145	145	4.00	133.00	91.50	96.00	13267.00
chr22	25315792	25315960	168	168	67.00	101.00	81.04	80.00	13614.00
chr2	207943790	207945085	1295	1295	9.00	47.00	27.78	26.00	35973.00
chr11	47330706	47330952	246	246	10.00	503.00	215.10	18.00	52914.00
chr3	142743978	142746095	2117	2117	0.00	105.00	14.16	9.00	29974.00
chr7	44839492	44839694	202	202	6.00	17.00	11.66	12.00	2355.00
chr22	31688260	31688471	211	211	9.00	117.00	75.24	89.00	15876.00
chr11	66333492	66333638	146	146	296.00	387.00	346.10	349.00	50531.00
chr9	131114916	131115026	110	110	152.00	197.00	175.32	174.00	19285.00
chr1	20206	21013	807	807	0.00	74.00	35.09	35.00	28316.00
chr11	108216469	108216635	166	166	30.00	57.00	47.08	47.00	7816.00
chr1	209778880	209779019	139	139	159.00	271.00	214.71	218.00	29845.00
chr1	202935876	202936026	150	150	104.00	173.00	129.25	125.00	19388.00
chr12	57600255	57600524	269	269	156.00	202.00	182.37	182.00	49058.00
chr19	15233503	15233615	112	112	46.00	60.00	52.47	53.00	5877.00
chr8	68115317	68115486	169	169	68.00	115.00	90.47	91.00	15289.00
chr19	13419229	13419342	113	113	42.00	83.00	71.47	75.00	8076.00
chr6	33266815	33267130	315	315	2.00	45.00	19.21	18.00	6050.00
chr16	89780611	89781646	1035	1035	1.00	32.00	15.47	17.00	16014.00
chr12	109964162	109964221	59	59	57.00	64.00	60.59	61.00	3575.00
chr22	24491893	24492045	152	152	33.00	63.00	40.23	38.00	6115.00
chr2	242592926	242593025	99	99	150.00	192.00	164.94	163.00	16329.00
chr1	21937944	21938074	130	130	400.00	984.00	720.55	792.00	93671.00
chr2	223789173	223789313	140	140	181.00	248.00	216.67	224.00	30334.00
chr20	3772318	3772535	217	217	3.00	14.00	8.02	8.00	1741.00
chr16	18531918	18532001	83	83	469.00	715.00	590.49	618.00	49011.00
chr1	43396296	43396537	241	241	110.00	165.00	136.07	138.00	32792.00
chr2	100037960	100038115	155	155	24.00	51.00	35.95	36.00	5573.00
chr16	1500497	1500770	273	273	2.00	145.00	76.54	98.00	20896.00
chr19	40876016	40876144	128	128	907.00	1249.00	1086.56	1095.00	139080.00
chr5	168112691	168112932	241	241	16.00	38.00	26.15	26.00	6303.00
chr2	127825738	127825831	93	93	241.00	326.00	281.54	284.00	26183.00
chr1	19232015	19234990	2975	2975	1.00	110.00	32.68	29.00	97214.00
chr16	1391129	1391196	67	67	248.00	296.00	274.49	281.00	18391.00
chr6	33410665	33411689	1024	1024	5.00	307.00	143.98	137.00	147436.00
chr9	95872033	95872266	233	233	6.00	15.00	11.37	11.00	2650.00
chr1	53378627	53378839	212	212	1.00	7.00	3.73	4.00	791.00
chr2	80531276	80531693	417	417	7.00	61.00	31.74	30.00	13236.00
chr7	44286718	44286791	73	73	542.00	652.00	580.18	577.00	42353.00
chr7	157369304	157369471	167	167	398.00	479.00	435.07	432.00	72657.00
chr11	18755079	18755191	112	112	10.00	296.00	185.71	232.50	20799.00
chr6	86237979	86238080	101	101	115.00	159.00	138.55	141.00	13994.00
chr8	145000951	145001050	99	99	51.00	83.00	64.78	61.00	6413.00
chr19	45167680	45167966	286	286	2.00	24.00	13.23	12.00	3784.00
chr10	48930165	48930400	235	235	0.00	7.00	3.19	2.00	749.00
chr16	87871450	87871547	97	97	101.00	125.00	113.74	114.00	11033.00
chr1	109815454	109815649	195	195	193.00	284.00	238.93	235.00	46591.00
chr1	208215442	208215711	269	269	56.00	93.00	76.10	78.00	20472.00
chr2	260866	261451	585	585	0.00	10.00	5.96	6.00	3487.00
chr5	180481266	180481724	458	458	4.00	17.00	9.87	10.00	4521.00
chr7	73119479	73119631	152	152	4.00	1261.00	534.30	6.50	81214.00
chr15	34677248	34677358	110	110	119.00	224.00	161.25	154.50	17737.00
chr16	57687114	57687247	133	133	72.00	100.00	86.98	89.00	11569.00
chr15	50649406	50649592	186	186	3.00	14.00	9.98	11.00	1856.00
chr22	21071995	21072066	71	71	1002.00	1240.00	1100.37	1087.00	78126.00
chr5	179200882	179201561	679	679	8.00	31.00	20.40	21.00	13853.00
chr10	98763824	98763979	155	155	125.00	190.00	158.10	158.00	24505.00
chr14	102963315	102963457	142	142	64.00	105.00	80.18	78.00	11385.00
chr1	21932558	21933138	580	580	7.00	752.00	142.09	18.50	82410.00
chr16	28118842	28118998	156	156	127.00	183.00	154.20	153.00	24055.00
chr1	241767561	241767881	320	320	49.00	90.00	68.81	70.50	22019.00
chr11	66812063	66812184	121	121	125.00	206.00	148.67	135.00	17989.00
chr11	12248571	12248678	107	107	321.00	445.00	395.81	406.00	42352.00
chr9	130588788	130588951	163	163	24.00	41.00	34.27	35.00	5586.00
chr22	21068915	21068988	73	73	1043.00	1342.00	1213.23	1239.00	88566.00
chr1	43424304	43424531	227	227	9.00	231.00	161.56	198.00	36674.00
chr14	105852021	105853670	1649	1649	7.00	118.00	22.40	21.00	36938.00
chr15	34823469	34823579	110	110	122.00	225.00	165.75	160.00	18232.00
chr11	171365	172282	917	917	1.00	38.00	14.32	12.00	13127.00
chr22	24493976	24494155	179	179	43.00	76.00	57.80	53.00	10347.00
chr15	79291060	79291167	107	107	345.00	403.00	373.67	373.00	39983.00
chr16	2145904	2146194	290	290	4.00	15.00	7.89	8.00	2288.00
chr9	131503050	131503166	116	116	277.00	395.00	338.31	341.00	39244.00
chr11	61301983	61302579	596	596	10.00	33.00	19.59	18.00	11677.00
chr22	25308609	25308719	110	110	58.00	91.00	74.33	75.50	8176.00
chr12	63977826	63979986	2160	2160	0.00	46.00	13.54	12.00	29254.00
chr19	46928844	46930933	2089	2089	8.00	293.00	132.88	137.00	277588.00
chr16	56969146	56969224	78	78	108.00	146.00	120.88	114.00	9429.00
chr17	40665787	40665996	209	209	8.00	1378.00	553.06	724.00	115589.00
chr9	131669435	131671600	2165	2165	74.00	242.00	137.20	128.00	297041.00
chr2	220164026	220164271	245	245	1.00	692.00	212.03	8.00	51948.00
chr19	7589846	7590052	206	206	23.00	87.00	42.71	40.50	8798.00
chr6	91260186	91260268	82	82	56.00	79.00	67.13	67.00	5505.00
chr9	124543742	124543830	88	88	165.00	242.00	207.64	212.00	18272.00
chr12	54071005	54071170	165	165	3.00	22.00	13.59	14.00	2242.00
chr2	40443	41212	769	769	6.00	19.00	13.67	14.00	10511.00
chr11	67852159	67852747	588	588	4.00	18.00	10.40	10.00	6114.00
chr8	8233762	8234810	1048	1048	13.00	45.00	28.76	30.00	30143.00
chr2	175671113	175672148	1035	1035	2.00	15.00	8.71	9.00	9018.00
chr7	138984922	138985438	516	516	1.00	16.00	5.86	5.00	3024.00
chr22	40816850	40817104	254	254	35.00	119.00	87.40	89.00	22199.00
chr19	14263120	14263249	129	129	216.00	287.00	246.14	242.00	31752.00
chr19	16962222	16962345	123	123	70.00	214.00	152.11	153.00	18710.00
chr1	109813838	109813918	80	80	153.00	220.00	173.70	166.50	13896.00
chr3	49898148	49898562	414	414	3.00	625.00	295.24	447.50	122230.00
chr17	17131202	17131510	308	308	3.00	64.00	47.83	52.00	14732.00
chr1	21936067	21936139	72	72	238.00	311.00	276.89	280.50	19936.00
chr3	130424404	130424615	211	211	29.00	43.00	36.73	37.00	7749.00
chr12	56532710	56532797	87	87	48.00	61.00	54.54	55.00	4745.00
chr16	29888591	29888788	197	197	305.00	518.00	404.90	391.00	79765.00
chr2	114394588	114396196	1608	1608	0.00	29.00	12.13	11.00	19507.00
chr3	124180736	124180803	67	67	220.00	261.00	234.48	233.00	15710.00
chr9	111798485	111798660	175	175	71.00	101.00	83.42	81.00	14598.00
chr10	73847897	73848372	475	475	14.00	1055.00	336.65	289.00	159909.00
chr22	21075585	21075706	121	121	571.00	1120.00	925.82	978.00	112024.00
chr22	20920753	20921104	351	351	33.00	98.00	63.44	62.00	22268.00
chr9	140953020	140953185	165	165	54.00	97.00	76.96	79.00	12698.00
chr22	41620970	41621075	105	105	60.00	80.00	69.40	71.00	7287.00
chr11	6243671	6243839	168	168	36.00	67.00	55.55	58.00	9332.00
chr15	74704225	74704353	128	128	92.00	166.00	133.59	142.00	17099.00
chr3	48719780	48719985	205	205	112.00	149.00	129.79	128.00	26606.00
chr1	222833247	222833348	101	101	61.00	111.00	86.15	83.00	8701.00
chr1	6583675	6584824	1149	1149	6.00	44.00	26.06	25.00	29947.00
chr11	126135857	126135976	119	119	182.00	209.00	198.59	200.00	23632.00
chr8	75156763	75157410	647	647	24.00	65.00	40.77	39.00	26381.00
chr15	83345212	83345389	177	177	139.00	181.00	161.32	163.00	28553.00
chr14	68031638	68032561	923	923	7.00	32.00	17.54	16.00	16185.00
chr19	42479780	42479949	169	169	1873.00	2796.00	2330.31	2257.00	393823.00
chr16	31503329	31503407	78	78	160.00	194.00	174.86	176.00	13639.00
chr17	1564564	1564700	136	136	167.00	266.00	203.60	188.50	27690.00
chr16	58717858	58718082	224	224	21.00	44.00	34.62	36.00	7756.00
chr14	71575320	71575763	443	443	19.00	66.00	40.55	38.00	17963.00
chr1	202934498	202934628	130	130	88.00	130.00	109.42	107.00	14224.00
chr7	73118477	73118586	109	109	631.00	817.00	707.57	697.00	77125.00
chr19	13365908	13366073	165	165	55.00	84.00	66.94	65.00	11045.00
chr10	102265117	102265958	841	841	5.00	24.00	15.12	15.00	12712.00
chr9	139983320	139983457	137	137	81.00	117.00	97.55	95.00	13365.00
chr18	29206245	29206347	102	102	147.00	222.00	178.68	173.00	18225.00
chr12	120578662	120578827	165	165	36.00	60.00	48.76	49.00	8045.00
chr5	757516	758226	710	710	4.00	23.00	13.29	13.00	9434.00
chr8	21632483	21632567	84	84	37.00	53.00	41.74	40.00	3506.00
chr4	54011499	54011749	250	250	24.00	63.00	37.21	36.00	9303.00
chr8	141680613	141681365	752	752	5.00	36.00	19.60	22.00	14740.00
chr11	57367351	57367850	499	499	20.00	50.00	32.98	32.00	16456.00
chr12	63980009	63980784	775	775	0.00	19.00	9.11	10.00	7057.00
chr9	140057042	140057203	161	161	8.00	1278.00	1079.98	1163.00	173876.00
chr2	7055953	7056098	145	145	33.00	53.00	42.91	41.00	6222.00
chr12	52387768	52389043	1275	1275	14.00	478.00	154.17	128.00	196567.00
chr19	50104931	50105175	244	244	10.00	96.00	30.60	17.50	7467.00
chr19	5218430	5218543	113	113	194.00	303.00	261.56	269.00	29556.00
chr16	29898969	29899138	169	169	226.00	338.00	271.49	264.00	45882.00
chr7	99030900	99031041	141	141	16.00	28.00	22.55	22.00	3180.00
chr17	36692926	36693212	286	286	1.00	27.00	15.14	17.00	4331.00
chr15	73857770	73859335	1565	1565	4.00	58.00	27.86	27.00	43607.00
chr6	44104085	44104176	91	91	107.00	156.00	132.48	134.00	12056.00
chr1	21938518	21938602	84	84	449.00	596.00	534.89	537.00	44931.00
chr19	13423482	13423595	113	113	35.00	46.00	40.27	40.00	4550.00
chr16	70292882	70293089	207	207	515.00	680.00	596.56	603.00	123488.00
chr18	61060641	61060782	141	141	67.00	91.00	79.67	81.00	11234.00
chr16	22269814	22270016	202	202	3.00	25.00	15.89	16.00	3210.00
chr1	21554423	21554534	111	111	36.00	53.00	43.18	43.00	4793.00
chr9	140057255	140057455	200	200	12.00	1472.00	982.66	1208.00	196532.00
chr7	1488255	1488397	142	142	23.00	43.00	35.48	37.00	5038.00
chr14	100166351	100166438	87	87	259.00	305.00	279.45	277.00	24312.00
chr9	101065522	101065705	183	183	286.00	472.00	385.69	390.00	70581.00
chr5	68411752	68412041	289	289	24.00	63.00	41.86	42.00	12097.00
chr1	2452539	2452754	215	215	50.00	133.00	72.78	70.00	15647.00
chr1	21564626	21564737	111	111	35.00	60.00	45.40	46.00	5039.00
chr13	42037713	42039066	1353	1353	4.00	62.00	26.49	26.00	35839.00
chr2	114350236	114350443	207	207	4.00	54.00	28.90	29.00	5983.00
chr1	21939668	21939722	54	54	492.00	568.00	528.61	522.50	28545.00
chr9	139353895	139354007	112	112	44.00	57.00	50.55	50.00	5662.00
chr7	102176367	102176618	251	251	2.00	8.00	5.21	5.00	1308.00
chr3	51411753	51412018	265	265	5.00	243.00	86.32	9.00	22874.00
chr17	73888091	73888266	175	175	11.00	19.00	14.68	15.00	2569.00
chr13	103297258	103297435	177	177	4.00	77.00	37.56	57.00	6648.00
chr15	63922664	63922834	170	170	128.00	205.00	163.87	159.50	27858.00
chr3	33400774	33400849	75	75	129.00	184.00	162.56	160.00	12192.00
chr22	50671744	50671955	211	211	27.00	49.00	36.57	38.00	7717.00
chr1	21190968	21191205	237	237	159.00	278.00	225.40	230.00	53419.00
chr5	14481649	14481727	78	78	111.00	143.00	125.24	126.00	9769.00
chr15	101605556	101606410	854	854	10.00	36.00	21.19	21.00	18094.00
chr17	80040402	80040554	152	152	224.00	338.00	283.43	273.50	43081.00
chr2	132269293	132270897	1604	1604	3.00	39.00	18.25	17.00	29281.00
chr11	1778553	1778786	233	233	533.00	1067.00	821.62	862.00	191437.00
chr11	1469616	1469808	192	192	6.00	26.00	17.11	18.00	3285.00
chr12	120138549	120138630	81	81	170.00	203.00	189.21	190.00	15326.00
chr7	901016	901101	85	85	108.00	156.00	135.08	139.00	11482.00
chr19	13372263	13372424	161	161	86.00	123.00	105.41	106.00	16971.00
chr17	40843154	40843311	157	157	256.00	363.00	303.15	303.00	47594.00
chr17	80039476	80039719	243	243	170.00	382.00	279.33	279.00	67877.00
chr17	16681109	16687365	6256	6256	0.00	70.00	28.62	31.00	179047.00
chr1	116935475	116935610	135	135	1332.00	1943.00	1653.33	1633.00	223200.00
chr6	128294808	128294972	164	164	86.00	208.00	157.21	164.00	25782.00
chr5	109189927	109190617	690	690	6.00	38.00	16.04	13.00	11068.00
chr15	40757533	40757634	101	101	20.00	62.00	53.04	56.00	5357.00
chr2	220164706	220164981	275	275	381.00	1005.00	695.28	675.00	191201.00
chr3	164905164	164908639	3475	3475	5.00	89.00	42.21	40.00	146669.00
chr11	60699157	60699356	199	199	74.00	358.00	236.01	211.00	46965.00
chr2	96680301	96680717	416	416	1.00	11.00	5.42	5.00	2253.00
chr17	40845314	40845554	240	240	252.00	383.00	302.11	286.00	72507.00
chr12	125264513	125265391	878	878	5.00	29.00	14.07	13.00	12357.00
chr1	156623704	156624158	454	454	6.00	21.00	12.07	12.00	5482.00
chr6	108370456	108370622	166	166	60.00	91.00	72.97	72.00	12113.00
chr11	19180486	19180587	101	101	20.00	35.00	25.55	25.00	2581.00
chr19	42489069	42489338	269	269	481.00	1380.00	1049.37	1149.00	282280.00
chr2	198274493	198274731	238	238	97.00	193.00	144.46	140.00	34382.00
chr6	47220991	47221257	266	266	105.00	179.00	146.30	146.00	38915.00
chr19	40872679	40872822	143	143	1116.00	1902.00	1567.12	1577.00	224098.00
chr19	54693278	54693627	349	349	9.00	96.00	45.97	38.00	16044.00
chr12	81929	82174	245	245	6.00	44.00	24.78	26.00	6072.00
chr21	45513943	45514114	171	171	63.00	105.00	83.73	84.00	14318.00
chr3	124201630	124201747	117	117	3.00	389.00	291.92	363.00	34155.00
chr17	79805118	79805223	105	105	191.00	241.00	217.72	219.00	22861.00
chr20	46307419	46307548	129	129	45.00	71.00	53.84	54.00	6946.00
chr17	38187790	38187873	83	83	88.00	109.00	99.84	100.00	8287.00
chr2	207452814	207452878	64	64	253.00	334.00	308.77	310.50	19761.00
chr17	45695715	45695823	108	108	303.00	355.00	328.07	329.00	35432.00
chr7	44283023	44283126	103	103	365.00	610.00	527.01	548.00	54282.00
chr20	62274975	62275284	309	309	3.00	1755.00	819.54	1062.00	253237.00
chr11	108202605	108202764	159	159	14.00	23.00	18.50	18.00	2942.00
chr9	140051314	140051489	175	175	386.00	835.00	588.17	573.00	102930.00
chr22	45574118	45574781	663	663	44.00	100.00	61.96	58.00	41078.00
chr15	79312382	79312446	64	64	167.00	194.00	179.50	178.50	11488.00
chr1	21940120	21940199	79	79	439.00	521.00	482.59	487.00	38125.00
chr17	3775847	3775921	74	74	238.00	390.00	337.31	356.00	24961.00
chr7	73133931	73134019	88	88	11.00	1248.00	413.95	300.00	36428.00
chr11	72292920	72292991	71	71	324.00	393.00	358.93	360.00	25484.00
chr7	43547616	43547730	114	114	106.00	135.00	120.93	122.00	13786.00
chr16	58713760	58714145	385	385	16.00	53.00	36.17	39.00	13925.00
chr22	21083600	21083794	194	194	604.00	871.00	731.91	735.00	141991.00
chr11	66457275	66457414	139	139	327.00	502.00	401.12	380.00	55756.00
chr15	91561034	91561115	81	81	17.00	34.00	22.98	21.00	1861.00
chr11	2968525	2969001	476	476	3.00	14.00	9.06	10.00	4311.00
chr19	34869838	34869910	72	72	1136.00	1419.00	1249.19	1234.00	89942.00
chr9	121970996	121971219	223	223	176.00	256.00	215.75	220.00	48113.00
chr3	47449772	47449980	208	208	6.00	86.00	50.05	56.00	10411.00
chr12	57601820	57601999	179	179	177.00	386.00	281.06	266.00	50310.00
chr16	2345590	2345741	151	151	150.00	224.00	187.83	186.00	28362.00
chr12	50471782	50471910	128	128	51.00	95.00	71.50	69.50	9152.00
chr1	109814221	109814344	123	123	206.00	351.00	300.33	311.00	36941.00
chr19	16942304	16942458	154	154	72.00	106.00	92.34	94.00	14221.00
chr11	66333301	66333398	97	97	293.00	413.00	333.03	315.00	32304.00
chr5	74026084	74026223	139	139	65.00	83.00	73.82	74.00	10261.00
chr5	68417520	68417722	202	202	27.00	45.00	35.71	36.00	7213.00
chr19	15272262	15272525	263	263	8.00	29.00	17.25	19.00	4538.00
chr3	45872404	45872482	78	78	120.00	170.00	144.82	145.00	11296.00
chr7	73123374	73123452	78	78	1258.00	1653.00	1526.28	1591.50	119050.00
chr5	14498197	14498360	163	163	111.00	173.00	132.05	127.00	21524.00
chr14	93180167	93180230	63	63	106.00	142.00	124.57	120.00	7848.00
chr9	130984739	130984875	136	136	1717.00	2903.00	2226.63	2065.00	302822.00
chr13	31216764	31216894	130	130	19.00	40.00	25.68	25.00	3338.00
chr12	112614399	112614506	107	107	52.00	159.00	129.22	129.00	13827.00
chr12	57602865	57602982	117	117	230.00	367.00	293.56	295.00	34346.00
chr14	72976861	72976987	126	126	49.00	85.00	60.12	58.00	7575.00
chr1	155209406	155209553	147	147	65.00	137.00	95.86	88.00	14092.00
chr10	49633930	49634113	183	183	99.00	154.00	126.57	131.00	23162.00
chr16	84100093	84100218	125	125	127.00	172.00	155.79	159.00	19474.00
chr1	155207924	155208097	173	173	90.00	134.00	110.52	109.00	19120.00
chr12	2786898	2787033	135	135	18.00	32.00	24.56	25.00	3316.00
chr2	233755457	233756197	740	740	2.00	719.00	124.30	14.00	91980.00
chr14	60631894	60632099	205	205	43.00	143.00	99.79	105.00	20457.00
chr1	11151549	11151654	105	105	55.00	85.00	67.67	63.00	7105.00
chr4	134076071	134076178	107	107	169.00	273.00	235.04	238.00	25149.00
chr15	91420364	91420441	77	77	132.00	171.00	152.48	149.00	11741.00
chr5	114961533	114961755	222	222	6.00	60.00	37.30	38.00	8281.00
chr16	1814047	1814211	164	164	6.00	524.00	214.46	280.00	35171.00
chr18	44250463	44252581	2118	2118	11.00	127.00	69.02	69.00	146186.00
chr6	158049380	158049518	138	138	38.00	65.00	54.95	58.00	7583.00
chr19	7675585	7675679	94	94	39.00	52.00	46.91	48.00	4410.00
chr13	99461604	99461719	115	115	3.00	222.00	155.92	146.00	17931.00
chr11	130010829	130011467	638	638	0.00	1438.00	155.00	14.00	98889.00
chr11	107526658	107526792	134	134	282.00	364.00	326.93	328.50	43808.00
chr16	1391294	1391490	196	196	181.00	277.00	212.59	213.00	41668.00
chr1	38182716	38184158	1442	1442	5.00	65.00	39.35	38.00	56748.00
chr5	179231023	179231323	300	300	8.00	24.00	16.36	17.00	4907.00
chr14	69814593	69814719	126	126	109.00	152.00	132.03	131.00	16636.00
chr14	69349174	69349309	135	135	140.00	235.00	187.50	187.00	25312.00
chr19	7614792	7614998	206	206	128.00	160.00	145.77	147.50	30028.00
chr1	228270375	228270466	91	91	4.00	1326.00	418.80	193.00	38111.00
chr1	38186022	38186315	293	293	5.00	27.00	16.61	19.00	4867.00
chr13	77641715	77641999	284	284	211.00	355.00	280.69	274.00	79717.00
chr14	100157417	100157498	81	81	102.00	201.00	141.25	131.00	11441.00
chr13	32978280	32979333	1053	1053	8.00	60.00	23.67	21.00	24924.00
chr12	7301567	7301794	227	227	440.00	714.00	604.16	617.00	137144.00
chr9	123583116	123583257	141	141	33.00	45.00	40.04	41.00	5646.00
chr17	26883183	26883284	101	101	52.00	108.00	74.24	72.00	7498.00
chr12	6972993	6973137	144	144	170.00	245.00	202.88	202.50	29214.00
chr20	34322310	34322637	327	327	5.00	18.00	10.28	10.00	3362.00
chr19	7606407	7606570	163	163	68.00	128.00	96.58	99.00	15742.00
chr16	2333186	2333373	187	187	1.00	238.00	178.27	202.00	33336.00
chr12	113825548	113825711	163	163	93.00	225.00	144.52	130.00	23556.00
chr7	4802013	4807749	5736	5736	5.00	121.00	36.83	35.00	211257.00
chr1	43394880	43394985	105	105	166.00	255.00	215.89	236.00	22668.00
chr19	4554399	4554488	89	89	250.00	361.00	321.16	331.00	28583.00
chr16	31719139	31719372	233	233	5.00	15.00	9.76	10.00	2275.00
chr5	134060669	134061744	1075	1075	8.00	35.00	18.68	18.00	20078.00
chr1	202936318	202936371	53	53	4.00	109.00	56.02	76.00	2969.00
chr2	220087366	220087615	249	249	150.00	191.00	169.13	168.00	42113.00
chr2	36764494	36764689	195	195	50.00	91.00	75.42	76.00	14707.00
chr7	43519208	43519343	135	135	92.00	182.00	141.65	142.00	19123.00
chr10	51249585	51249993	408	408	0.00	15.00	5.67	5.00	2313.00
chr6	32123647	32123755	108	108	70.00	111.00	81.53	78.00	8805.00
chr3	118624442	118624692	250	250	5.00	49.00	21.59	10.00	5398.00
chr1	190129797	190130020	223	223	41.00	70.00	55.58	55.00	12395.00
chr9	131004491	131004624	133	133	4.00	2527.00	2054.80	2403.00	273289.00
chr22	33679187	33679334	147	147	157.00	207.00	182.59	184.00	26840.00
chr15	74709931	74710016	85	85	105.00	210.00	136.87	114.00	11634.00
chr7	6470110	6470238	128	128	28.00	45.00	38.54	40.00	4933.00
chr1	6640600	6641359	759	759	9.00	35.00	19.52	18.00	14815.00
chr16	31510622	31510728	106	106	140.00	184.00	162.58	169.50	17234.00
chr4	103710287	103711803	1516	1516	5.00	26.00	15.09	14.00	22870.00
chr19	2862339	2862746	407	407	2.00	18.00	8.26	7.00	3360.00
chr2	15467873	15467994	121	121	35.00	61.00	51.44	53.00	6224.00
chr2	36780721	36781492	771	771	3.00	21.00	11.54	11.00	8894.00
chr10	81070680	81070941	261	261	24.00	72.00	39.71	32.00	10365.00
chr2	217234866	217235986	1120	1120	16.00	61.00	32.73	32.00	36656.00
chr10	93786348	93786508	160	160	26.00	54.00	41.66	42.00	6665.00
chr17	20268785	20269076	291	291	4.00	11.00	6.52	7.00	1897.00
chr9	131002006	131002062	56	56	5.00	2806.00	2472.38	2658.00	138453.00
chr1	155208307	155208441	134	134	120.00	151.00	137.13	139.00	18375.00
chr2	162833877	162834373	496	496	4.00	467.00	44.44	12.00	22040.00
chr9	35799614	35799728	114	114	25.00	38.00	31.84	32.00	3630.00
chr20	62517856	62519234	1378	1378	2.00	183.00	24.07	22.00	33172.00
chr22	35942847	35943127	280	280	28.00	165.00	108.11	119.00	30272.00
chr13	26436438	26436546	108	108	53.00	80.00	66.31	66.00	7162.00
chr14	69371371	69371453	82	82	139.00	205.00	174.76	169.50	14330.00
chr7	44031274	44031581	307	307	5.00	20.00	10.57	10.00	3246.00
chr11	12274988	12275291	303	303	5.00	24.00	14.67	15.00	4445.00
chr5	1334403	1334498	95	95	87.00	124.00	102.74	101.00	9760.00
chr19	34868639	34868786	147	147	1325.00	1888.00	1554.75	1537.00	228548.00
chr16	1815960	1816143	183	183	275.00	434.00	342.54	345.00	62684.00
chr10	73578787	73578868	81	81	2353.00	2997.00	2571.62	2506.00	208301.00
chr17	37420427	37420640	213	213	6.00	17.00	11.41	11.00	2430.00
chr5	60835422	60835586	164	164	28.00	49.00	38.10	36.50	6248.00
chr15	79296143	79296517	374	374	227.00	385.00	286.17	276.00	107028.00
chr19	13039568	13039661	93	93	369.00	626.00	519.70	546.00	48332.00
chr12	49421585	49421713	128	128	39.00	74.00	62.66	64.00	8020.00
chr1	1661057	1662583	1526	1526	3.00	182.00	56.13	41.00	85654.00
chr2	207457340	207457460	120	120	312.00	391.00	349.49	346.00	41939.00
chr11	64542462	64543441	979	979	3.00	31.00	16.24	16.00	15895.00
chr20	61910250	61910347	97	97	85.00	122.00	101.45	98.00	9841.00
chr11	62394042	62394156	114	114	144.00	212.00	171.39	169.00	19539.00
chr5	37301538	37301652	114	114	14.00	22.00	18.94	19.50	2159.00
chr16	4733843	4733933	90	90	83.00	107.00	95.37	95.00	8583.00
chr15	43693913	43694048	135	135	34.00	58.00	43.70	40.00	5899.00
chr11	18764538	18764622	84	84	136.00	177.00	157.45	158.00	13226.00
chr17	57842331	57842499	168	168	114.00	169.00	141.61	139.00	23790.00
chr9	96076729	96078064	1335	1335	2.00	22.00	11.88	11.00	15864.00
chr11	12246219	12246367	148	148	288.00	409.00	356.59	356.00	52775.00
chr12	7030743	7031565	822	822	5.00	3604.00	1186.32	24.00	975156.00
chr3	14523178	14523349	171	171	13.00	30.00	23.24	24.00	3974.00
chr5	758508	759483	975	975	5.00	30.00	15.71	14.00	15320.00
chr12	22635490	22635677	187	187	75.00	97.00	83.52	84.00	15619.00
chr5	14479369	14479459	90	90	126.00	170.00	153.11	156.00	13780.00
chr6	143655214	143656079	865	865	0.00	21.00	7.23	6.00	6257.00
chr7	75508360	75508578	218	218	3.00	725.00	454.91	572.50	99171.00
chr11	60697981	60698131	150	150	129.00	179.00	154.81	154.00	23221.00
chr1	151400598	151400889	291	291	61.00	123.00	90.56	95.00	26352.00
chr5	172196431	172197309	878	878	6.00	244.00	77.31	24.00	67879.00
chr3	49152660	49152794	134	134	35.00	63.00	49.22	50.00	6595.00
chr7	5518281	5519950	1669	1669	18.00	77.00	48.77	49.00	81398.00
chr17	16691106	16691449	343	343	1.00	54.00	26.77	39.00	9181.00
chr2	220086993	220087172	179	179	140.00	172.00	153.87	153.00	27542.00
chr10	51746916	51748006	1090	1090	0.00	64.00	24.61	20.00	26824.00
chr12	7302118	7302289	171	171	623.00	745.00	690.65	689.00	118101.00
chr11	59562844	59562955	111	111	17.00	48.00	36.44	43.00	4045.00
chr12	6100984	6101184	200	200	18.00	43.00	28.25	28.00	5651.00
chr19	5683274	5683627	353	353	5.00	12.00	8.83	9.00	3118.00
chr12	2786259	2786387	128	128	18.00	44.00	31.16	36.00	3989.00
chr15	26812727	26812880	153	153	187.00	357.00	247.50	241.00	37867.00
chr1	149007980	149008798	818	818	1.00	27.00	8.72	7.00	7136.00
chr19	54965608	54965861	253	253	20.00	129.00	71.79	61.00	18162.00
chr8	27293259	27293310	51	51	309.00	423.00	372.06	371.00	18975.00
chr15	23014437	23014528	91	91	66.00	118.00	94.69	94.00	8617.00
chr1	111717500	111717585	85	85	58.00	87.00	75.89	77.00	6451.00
chr6	150157220	150157433	213	213	142.00	241.00	206.19	216.00	43919.00
chr13	114566547	114566670	123	123	23.00	89.00	54.63	47.00	6720.00
chr16	58539291	58539605	314	314	7.00	32.00	24.16	25.00	7586.00
chr1	21936612	21936768	156	156	204.00	1036.00	539.95	555.50	84232.00
chr1	17322880	17322991	111	111	201.00	339.00	273.76	303.00	30387.00
chr11	60699455	60699599	144	144	220.00	376.00	278.44	253.00	40095.00
chr5	6749669	6749770	101	101	32.00	50.00	40.20	39.00	4060.00
chr16	2156805	2156949	144	144	94.00	159.00	119.67	106.50	17232.00
chr15	34690834	34690930	96	96	57.00	76.00	67.29	68.00	6460.00
chr3	11074933	11075425	492	492	3.00	357.00	70.89	17.00	34878.00
chr5	74655222	74655381	159	159	87.00	165.00	124.13	126.00	19736.00
chr20	20022968	20023160	192	192	33.00	79.00	53.21	48.00	10217.00
chr2	39055481	39055578	97	97	17.00	40.00	32.58	34.00	3160.00
chr19	16793231	16793528	297	297	2.00	214.00	59.68	10.00	17726.00
chr2	219205450	219205509	59	59	70.00	92.00	80.98	80.00	4778.00
chr17	74087429	74087729	300	300	4.00	32.00	18.20	20.00	5461.00
chr3	184058150	184060036	1886	1886	10.00	595.00	100.34	31.00	189238.00
chr6	90333128	90333263	135	135	48.00	63.00	53.87	54.00	7272.00
chr12	125267019	125267429	410	410	3.00	30.00	15.93	15.00	6531.00
chr1	207942580	207943104	524	524	10.00	77.00	52.17	52.00	27336.00
chr4	89356876	89357043	167	167	38.00	73.00	57.02	57.00	9523.00
chr7	101995498	101995736	238	238	1.00	13.00	8.28	9.00	1971.00
chr3	11067458	11067562	104	104	309.00	406.00	363.23	366.00	37776.00
chr5	95734582	95734740	158	158	188.00	265.00	227.38	229.00	35926.00
chr6	152529106	152529341	235	235	72.00	147.00	107.64	110.00	25295.00
chr5	102295578	102295763	185	185	145.00	208.00	174.91	174.00	32358.00
chr22	21072980	21073110	130	130	727.00	1062.00	875.17	891.50	113772.00
chr12	121855306	121855714	408	408	62.00	152.00	88.07	82.00	35932.00
chr1	160326389	160326544	155	155	77.00	111.00	94.57	95.00	14659.00
chr11	60670930	60671007	77	77	238.00	295.00	263.22	267.00	20268.00
chr17	79804822	79804948	126	126	232.00	327.00	284.36	286.50	35829.00
chr16	18527204	18527332	128	128	442.00	612.00	535.54	540.00	68549.00
chr16	16372518	16372646	128	128	457.00	641.00	559.34	565.00	71596.00
chr2	32750530	32750695	165	165	31.00	41.00	36.82	37.00	6075.00
chr14	69369193	69369279	86	86	170.00	224.00	196.73	196.50	16919.00
chr7	66418212	66418356	144	144	127.00	202.00	162.03	160.00	23333.00
chr6	44107988	44108097	109	109	78.00	114.00	90.04	89.00	9814.00
chr7	70885893	70886091	198	198	274.00	635.00	410.91	353.00	81361.00
chr8	27295281	27295397	116	116	370.00	443.00	399.90	398.00	46388.00
chr7	73122918	73123018	100	100	1242.00	1446.00	1315.30	1314.00	131530.00
chr15	34698874	34699071	197	197	38.00	102.00	64.76	61.00	12758.00
chr8	22009343	22009513	170	170	175.00	411.00	273.46	278.00	46488.00
chr7	1526557	1526737	180	180	37.00	95.00	69.45	74.00	12501.00
chr5	178053946	178054065	119	119	9.00	126.00	60.53	50.00	7203.00
chr12	6103027	6103369	342	342	22.00	43.00	33.53	33.00	11468.00
chr2	3479491	3480482	991	991	2.00	15.00	7.46	7.00	7388.00
chr3	33883388	33883566	178	178	82.00	120.00	104.81	104.00	18656.00
chr19	11019778	11019883	105	105	131.00	163.00	144.59	145.00	15182.00
chr7	98446205	98446318	113	113	1048.00	2237.00	1676.65	1640.00	189461.00
chr8	106813274	106813932	658	658	16.00	45.00	30.83	30.50	20287.00
chr2	223795338	223795530	192	192	300.00	461.00	365.03	369.00	70085.00
chr7	75511146	75511554	408	408	359.00	899.00	656.36	696.00	267795.00
chr21	40184926	40185038	112	112	122.00	247.00	193.33	214.00	21653.00
chr19	53383575	53385236	1661	1661	3.00	27.00	14.01	14.00	23277.00
chr19	14208130	14208295	165	165	4.00	466.00	299.04	376.00	49341.00
chr15	91461013	91461618	605	605	6.00	271.00	82.70	15.00	50032.00
chr8	145278010	145278133	123	123	30.00	43.00	34.75	34.00	4274.00
chr16	28132990	28133083	93	93	93.00	146.00	114.18	110.00	10619.00
chr11	125280091	125280221	130	130	83.00	98.00	90.50	90.00	11765.00
chr15	63128089	63128317	228	228	41.00	158.00	117.08	131.00	26694.00
chr9	131181435	131181557	122	122	8.00	396.00	305.61	325.50	37284.00
chr19	3281196	3281343	147	147	225.00	308.00	260.94	254.00	38358.00
chr11	6240200	6240280	80	80	32.00	50.00	42.74	44.00	3419.00
chr20	31019123	31019287	164	164	23.00	38.00	32.21	32.00	5282.00
chr6	46825865	46827260	1395	1395	14.00	58.00	34.06	32.00	47512.00
chr12	1672006	1672666	660	660	8.00	45.00	20.95	17.00	13826.00
chr12	9098824	9099001	177	177	144.00	197.00	167.98	169.00	29733.00
chr7	121738503	121738630	127	127	18.00	28.00	22.52	22.00	2860.00
chr19	40875814	40875935	121	121	705.00	958.00	833.93	823.00	100905.00
chr20	3581592	3581671	79	79	81.00	135.00	96.39	95.00	7615.00
chr17	7226965	7227042	77	77	62.00	81.00	71.62	71.00	5515.00
chr2	74331800	74332809	1009	1009	11.00	31.00	19.05	18.00	19220.00
chr1	209785136	209785610	474	474	4.00	254.00	171.31	195.00	81203.00
chr9	35546426	35548532	2106	2106	89.00	270.00	159.65	159.00	336219.00
chr17	80040198	80040290	92	92	231.00	280.00	258.63	256.00	23794.00
chr11	73074791	73075284	493	493	6.00	165.00	50.65	11.00	24971.00
chr20	44674976	44675075	99	99	273.00	354.00	319.65	318.00	31645.00
chr20	5892091	5892328	237	237	28.00	385.00	233.19	286.00	55266.00
chr17	20316581	20317594	1013	1013	2.00	20.00	10.11	10.00	10243.00
chr12	99478702	99478801	99	99	138.00	185.00	165.72	170.00	16406.00
chr17	40842756	40842960	204	204	284.00	472.00	378.10	358.00	77132.00
chr11	107501142	107501288	146	146	262.00	348.00	302.21	302.00	44123.00
chr11	85429236	85429532	296	296	2.00	34.00	13.06	9.50	3866.00
chr20	9449217	9449319	102	102	37.00	48.00	42.95	43.00	4381.00
chr14	23371395	23371591	196	196	70.00	132.00	107.09	106.50	20990.00
chr7	716865	716957	92	92	1431.00	1971.00	1823.35	1829.50	167748.00
chr10	48862360	48862682	322	322	11.00	234.00	143.65	195.50	46256.00
chr10	68686678	68688210	1532	1532	30.00	132.00	61.18	56.00	93726.00
chr5	179674854	179674926	72	72	204.00	295.00	239.58	245.50	17250.00
chr1	209773327	209773456	129	129	202.00	274.00	247.12	256.00	31879.00
chr17	45691034	45691091	57	57	266.00	329.00	295.19	295.00	16826.00
chr1	19669871	19670118	247	247	9.00	21.00	14.91	15.00	3684.00
chr17	45664025	45664710	685	685	2.00	293.00	53.52	21.00	36660.00
chr19	2337634	2338840	1206	1206	3.00	48.00	19.47	19.00	23483.00
chr8	22011480	22011552	72	72	339.00	433.00	391.07	405.00	28157.00
