#chrom	start	end	size	num_data	min	max	mean	median	sum
chr12	1940100	1940691	591	591	9.00	23.00	15.50	15.00	9163.00
chr1	27480473	27481381	908	908	0.00	16.00	7.09	7.00	6437.00
chr15	63112684	63112809	125	125	45.00	74.00	58.63	61.00	7329.00
chr5	149231737	149232254	517	517	0.00	5.00	2.30	3.00	1190.00
chr5	140865429	140867182	1753	1753	128.00	452.00	269.02	261.00	471598.00
chr1	32209793	32209958	165	165	61.00	127.00	97.68	98.00	16118.00
chr16	87873307	87873431	124	124	142.00	273.00	194.86	199.00	24163.00
chr17	34157438	34158175	737	737	0.00	2.00	0.90	1.00	660.00
chr2	127815619	127816088	469	469	0.00	7.00	1.62	1.00	762.00
chr1	208212965	208213112	147	147	49.00	94.00	66.71	59.00	9806.00
chr22	19703883	19704666	783	783	0.00	15.00	5.14	4.00	4028.00
chr16	87872319	87872423	104	104	149.00	220.00	180.43	171.00	18765.00
chr9	140055740	140055868	128	128	530.00	688.00	609.34	608.50	77995.00
chr22	21096515	21096643	128	128	75.00	109.00	94.06	94.00	12040.00
chr9	140056321	140056540	219	219	2.00	766.00	467.41	534.00	102362.00
chr11	78379981	78380253	272	272	19.00	36.00	29.19	29.00	7940.00
chr3	11070420	11070533	113	113	25.00	37.00	32.73	34.00	3699.00
chr1	109812554	109813222	668	668	0.00	161.00	69.89	96.50	46685.00
chr2	220161954	220162155	201	201	189.00	301.00	260.72	271.00	52404.00
chr15	74706887	74707086	199	199	107.00	150.00	126.99	126.00	25272.00
chr17	7318829	7319426	597	597	178.00	438.00	261.45	237.00	156084.00
chr1	21560050	21560154	104	104	11.00	24.00	18.10	20.00	1882.00
chr1	25573799	25573952	153	153	0.00	67.00	37.78	45.00	5781.00
chr14	93198993	93199160	167	167	86.00	138.00	114.30	113.00	19088.00
chr1	205554003	205554119	116	116	3.00	7.00	5.74	6.00	666.00
chr1	9795005	9795232	227	227	669.00	1076.00	889.50	909.00	201916.00
chr17	42426525	42426670	145	145	73.00	119.00	95.24	94.00	13810.00
chr18	70205887	70206179	292	292	0.00	339.00	128.49	6.00	37519.00
chr1	205553082	205553251	169	169	4.00	10.00	6.44	6.00	1088.00
chr9	140056623	140056766	143	143	0.00	640.00	379.24	433.00	54232.00
chr6	33412147	33412394	247	247	1.00	1006.00	561.77	760.00	138758.00
chr12	89992366	89992547	181	181	0.00	117.00	80.78	85.00	14622.00
chr2	220088827	220089576	749	749	50.00	148.00	102.69	105.00	76912.00
chr14	100763073	100765222	2149	2149	0.00	150.00	7.28	4.00	15647.00
chr1	110740697	110742543	1846	1846	7.00	227.00	111.76	106.00	206300.00
chr1	149878201	149879758	1557	1557	0.00	811.00	182.16	4.00	283627.00
chr3	197264139	197265259	1120	1120	0.00	13.00	0.85	0.00	955.00
chr8	56449623	56450530	907	907	30.00	70.00	48.37	49.00	43869.00
chr9	139354208	139354326	118	118	27.00	47.00	34.40	34.00	4059.00
chr1	32204908	32205236	328	328	217.00	342.00	277.31	279.00	90959.00
chr7	75608768	75608897	129	129	392.00	478.00	433.44	428.00	55914.00
chr19	45161029	45161178	149	149	34.00	63.00	49.94	52.00	7441.00
chr19	5243911	5244493	582	582	68.00	179.00	115.26	107.00	67079.00
chr6	32119585	32119717	132	132	6.00	290.00	155.90	172.50	20579.00
chr3	42670878	42672067	1189	1189	0.00	6.00	1.59	1.00	1895.00
chr11	45892392	45892485	93	93	64.00	94.00	82.01	84.00	7627.00
chr17	80040789	80040991	202	202	1301.00	1693.00	1494.08	1501.00	301805.00
chr2	74902875	74903036	161	161	34.00	55.00	43.73	45.00	7041.00
chr17	38335969	38337946	1977	1977	0.00	58.00	2.80	0.00	5536.00
chr16	87870103	87870253	150	150	170.00	221.00	192.57	192.50	28886.00
chr1	32205947	32206142	195	195	214.00	294.00	249.26	244.00	48605.00
chr6	44117553	44117702	149	149	1.00	613.00	354.87	435.00	52876.00
chr1	159163659	159163830	171	171	1291.00	1561.00	1453.00	1470.00	248463.00
chr3	445565	446023	458	458	0.00	4.00	1.45	1.00	665.00
chr2	25048913	25048995	82	82	68.00	82.00	75.51	75.00	6192.00
chr10	99504485	99504672	187	187	85.00	151.00	120.13	123.00	22464.00
chr4	54364807	54365010	203	203	67.00	119.00	92.20	89.00	18717.00
chr17	1634367	1634552	185	185	12.00	31.00	21.92	24.00	4056.00
chr7	72416124	72416247	123	123	33.00	64.00	49.42	53.00	6079.00
chr1	208212169	208212329	160	160	77.00	125.00	101.40	101.00	16224.00
chr9	140952500	140952702	202	202	40.00	72.00	56.52	56.00	11418.00
chr6	44197325	44197528	203	203	37.00	62.00	49.12	50.00	9972.00
chr6	44197643	44198218	575	575	2.00	46.00	19.89	10.00	11436.00
chr11	118981972	118982084	112	112	101.00	149.00	129.93	130.00	14552.00
chr5	150503846	150503952	106	106	0.00	158.00	113.28	144.00	12008.00
chr11	118981761	118981878	117	117	142.00	170.00	155.59	156.00	18204.00
chr11	126314873	126315000	127	127	38.00	62.00	49.13	49.00	6239.00
chr1	159165808	159166244	436	436	1.00	1830.00	327.37	5.00	142735.00
chr7	134893542	134893750	208	208	15.00	26.00	21.28	22.00	4427.00
chr9	121976196	121976433	237	237	75.00	234.00	152.51	163.00	36145.00
chr19	54691042	54691169	127	127	138.00	244.00	189.69	183.00	24091.00
chr22	38621430	38621600	170	170	44.00	100.00	71.78	71.00	12203.00
chr13	42035681	42036205	524	524	0.00	0.00	0.00	0.00	0.00
chr20	1915360	1915413	53	53	0.00	80.00	52.87	64.00	2802.00
chr5	14496987	14497126	139	139	185.00	327.00	250.10	240.00	34764.00
chr12	56528125	56528212	87	87	19.00	27.00	23.84	24.00	2074.00
chr3	47466974	47467101	127	127	101.00	126.00	113.39	114.00	14401.00
chr17	7415476	7415663	187	187	67.00	121.00	90.03	88.00	16836.00
chr3	33588037	33589252	1215	1215	0.00	8.00	3.14	3.00	3814.00
chr7	887833	888615	782	782	0.00	34.00	7.95	4.00	6217.00
chr10	24813251	24813693	442	442	2.00	12.00	6.45	6.00	2853.00
chr1	109812045	109812213	168	168	67.00	108.00	85.65	89.00	14389.00
chr19	15276597	15276902	305	305	20.00	35.00	27.79	28.00	8476.00
chr16	2334779	2334999	220	220	177.00	327.00	248.75	236.00	54725.00
chr16	68404761	68405261	500	500	73.00	164.00	116.40	120.00	58200.00
chr4	110969111	110969871	760	760	33.00	122.00	72.88	70.00	55391.00
chr1	145693161	145693996	835	835	9.00	37.00	23.40	24.00	19541.00
chr7	44282848	44282932	84	84	316.00	377.00	347.07	352.50	29154.00
chr2	220164315	220164508	193	193	0.00	189.00	76.56	0.00	14776.00
chr12	50472203	50472360	157	157	117.00	177.00	149.68	155.00	23499.00
chr2	220163768	220163833	65	65	179.00	272.00	233.51	242.00	15178.00
chr2	222289928	222290862	934	934	26.00	87.00	55.09	52.00	51458.00
chr12	57599133	57599268	135	135	120.00	188.00	148.45	146.00	20041.00
chr7	157475416	157475629	213	213	115.00	154.00	135.85	137.00	28936.00
chr1	32203800	32203927	127	127	239.00	508.00	354.07	364.00	44967.00
chr1	109811731	109811912	181	181	76.00	112.00	94.92	94.00	17181.00
chr9	140052830	140052975	145	145	273.00	567.00	410.67	424.00	59547.00
chr2	220161706	220161854	148	148	236.00	472.00	353.83	360.00	52367.00
chr16	29896906	29897070	164	164	525.00	833.00	717.69	710.00	117701.00
chr16	47143393	47143622	229	229	188.00	380.00	275.22	270.00	63025.00
chr11	993753	993985	232	232	181.00	389.00	299.77	308.00	69547.00
chr9	124059698	124061137	1439	1439	0.00	0.00	0.00	0.00	0.00
chr9	140350140	140350634	494	494	0.00	17.00	8.03	9.00	3965.00
chr11	14504577	14504697	120	120	89.00	138.00	114.02	113.50	13682.00
chr3	49898612	49898733	121	121	841.00	1255.00	1008.15	989.00	121986.00
chr9	131811659	131811777	118	118	14.00	27.00	20.75	21.00	2448.00
chr9	131810705	131810818	113	113	25.00	39.00	32.30	34.00	3650.00
chr1	223400935	223401080	145	145	14.00	22.00	19.08	19.00	2767.00
chr12	125612185	125612820	635	635	0.00	193.00	32.17	3.00	20430.00
chr2	220088590	220088744	154	154	92.00	142.00	120.87	122.00	18614.00
chr9	70888487	70888750	263	263	0.00	3.00	1.52	1.00	399.00
chr14	69813756	69813898	142	142	26.00	41.00	33.85	34.00	4806.00
chr2	47399145	47399890	745	745	1.00	878.00	38.22	4.00	28474.00
chr11	62688689	62689041	352	352	20.00	140.00	61.11	52.00	21510.00
chr6	43745205	43745407	202	202	2.00	39.00	21.69	22.00	4382.00
chr3	11072492	11072997	505	505	0.00	48.00	8.56	0.00	4322.00
chr7	2696031	2696168	137	137	342.00	467.00	418.39	426.00	57319.00
chr16	14969196	14969279	83	83	254.00	415.00	332.83	347.00	27625.00
chr17	7377847	7378026	179	179	0.00	0.00	0.00	0.00	0.00
chr12	65639640	65639719	79	79	60.00	106.00	80.94	79.00	6394.00
chr12	50294912	50295108	196	196	363.00	799.00	473.51	426.00	92808.00
chr19	42485653	42485788	135	135	1590.00	2450.00	2058.84	2064.00	277944.00
chr10	99509230	99509343	113	113	166.00	271.00	219.17	218.00	24766.00
chr22	38883877	38888120	4243	4243	2.00	310.00	26.32	11.00	111686.00
chr12	49416372	49416658	286	286	34.00	49.00	41.50	42.00	11868.00
chr6	24843089	24843782	693	693	5.00	22.00	12.96	12.00	8983.00
chr5	176295561	176295665	104	104	73.00	91.00	80.83	81.00	8406.00
chr10	99510087	99510227	140	140	194.00	291.00	227.29	217.50	31820.00
chr1	159173658	159174770	1112	1112	36.00	277.00	92.43	71.00	102783.00
chr11	1780745	1780869	124	124	369.00	520.00	462.18	484.50	57310.00
chr19	42486059	42486258	199	199	1234.00	2182.00	1721.96	1754.00	342671.00
chr3	47465422	47465535	113	113	107.00	201.00	142.38	141.00	16089.00
chr1	21573713	21573856	143	143	7.00	16.00	12.24	13.00	1750.00
chr11	65320330	65320453	123	123	23.00	52.00	39.61	41.00	4872.00
chr3	47462420	47462519	99	99	180.00	227.00	202.71	204.00	20068.00
chr2	219204751	219204864	113	113	13.00	26.00	22.04	23.00	2491.00
chr1	43906123	43906257	134	134	5.00	13.00	8.35	7.50	1119.00
chr7	38785158	38785840	682	682	0.00	169.00	15.84	3.00	10804.00
chr2	153499932	153500058	126	126	75.00	108.00	90.12	89.00	11355.00
chr1	32203011	32203132	121	121	2.00	494.00	373.36	439.00	45177.00
chr22	42290823	42290941	118	118	637.00	968.00	841.59	841.00	99308.00
chr19	47940718	47940818	100	100	131.00	237.00	187.21	186.00	18721.00
chr4	119539150	119539274	124	124	1.00	9.00	4.40	4.00	546.00
chr17	44117067	44117250	183	183	46.00	80.00	61.12	62.00	11185.00
chr19	42485873	42485983	110	110	1447.00	1760.00	1602.03	1587.50	176223.00
chr6	44114583	44114664	81	81	181.00	240.00	204.17	195.00	16538.00
chr19	47941105	47941292	187	187	0.00	258.00	154.14	226.00	28825.00
chr11	73074250	73074500	250	250	36.00	62.00	48.05	50.00	12013.00
chr3	33418764	33418825	61	61	173.00	215.00	197.97	203.00	12076.00
chr1	700258	700505	247	247	1.00	9.00	3.53	3.00	872.00
chr9	74319510	74319719	209	209	14.00	25.00	18.74	18.00	3916.00
chr16	2336694	2336968	274	274	124.00	414.00	272.69	295.00	74718.00
chr20	3575125	3575219	94	94	69.00	94.00	78.69	79.00	7397.00
chr9	139231377	139231529	152	152	209.00	279.00	240.71	241.50	36588.00
chr5	140515951	140516498	547	547	11.00	62.00	35.61	34.00	19479.00
chr1	21938208	21938309	101	101	174.00	213.00	195.41	198.00	19736.00
chr3	155659188	155659936	748	748	16.00	102.00	70.99	78.00	53098.00
chr16	27483068	27483241	173	173	81.00	104.00	92.12	93.00	15936.00
chr11	994071	994245	174	174	125.00	242.00	197.51	199.00	34367.00
chr7	71175745	71175913	168	168	189.00	271.00	226.54	228.00	38059.00
chr12	121204065	121204175	110	110	198.00	258.00	228.15	231.00	25097.00
chr7	73118679	73118753	74	74	756.00	894.00	803.14	794.50	59432.00
chr9	140972565	140972710	145	145	63.00	87.00	72.43	71.00	10502.00
chr12	121683329	121684024	695	695	0.00	3.00	1.44	1.00	999.00
chr16	74493579	74493687	108	108	101.00	141.00	117.78	116.00	12720.00
chr2	36771518	36771641	123	123	45.00	92.00	62.56	56.00	7695.00
chr7	94187181	94187996	815	815	7.00	44.00	23.63	24.00	19255.00
chr14	94156951	94157239	288	288	0.00	0.00	0.00	0.00	0.00
chr7	121739000	121739524	524	524	0.00	0.00	0.00	0.00	0.00
chr1	19549117	19549328	211	211	55.00	124.00	73.52	66.00	15512.00
chr19	5214571	5214747	176	176	222.00	368.00	257.32	245.50	45289.00
chr19	42557753	42557861	108	108	323.00	369.00	344.06	344.50	37159.00
chr15	102510686	102510925	239	239	0.00	12.00	5.86	7.00	1400.00
chr5	167673761	167675376	1615	1615	18.00	95.00	51.16	47.00	82630.00
chr7	44282158	44282253	95	95	355.00	499.00	422.40	407.00	40128.00
chr2	160621061	160621717	656	656	0.00	311.00	24.94	4.00	16362.00
chr5	10426501	10426634	133	133	143.00	198.00	176.77	180.00	23510.00
chr16	1814301	1814460	159	159	172.00	217.00	193.62	192.00	30786.00
chr11	21581734	21581928	194	194	86.00	139.00	113.55	112.00	22028.00
chr3	126749085	126749255	170	170	133.00	208.00	172.72	178.00	29363.00
chr11	12237765	12237866	101	101	6.00	22.00	12.83	14.00	1296.00
chr6	31750872	31750963	91	91	166.00	234.00	213.56	215.00	19434.00
chr3	53124201	53124398	197	197	13.00	32.00	22.14	24.00	4361.00
chr2	220161470	220161544	74	74	342.00	462.00	411.81	418.00	30474.00
chr2	128951046	128951785	739	739	31.00	123.00	75.82	75.00	56032.00
chr5	24535811	24535931	120	120	74.00	103.00	83.62	82.00	10034.00
chr1	44083406	44083582	176	176	121.00	201.00	160.91	169.00	28321.00
chr1	32207653	32207818	165	165	144.00	227.00	177.44	180.00	29277.00
chr12	7293754	7294000	246	246	0.00	558.00	332.98	482.00	81913.00
chr3	131442289	131442469	180	180	21.00	43.00	30.58	30.00	5504.00
chr3	49898871	49899298	427	427	40.00	1451.00	590.25	764.00	252035.00
chr16	66432358	66432464	106	106	27.00	45.00	37.74	38.00	4000.00
chr1	20982593	20982680	87	87	562.00	747.00	640.18	617.00	55696.00
chr16	68398653	68398809	156	156	162.00	207.00	183.31	183.00	28596.00
chr17	16676818	16678279	1461	1461	0.00	27.00	8.94	7.00	13059.00
chr1	109814899	109815027	128	128	124.00	175.00	150.98	153.50	19326.00
chr1	21940478	21940582	104	104	168.00	202.00	185.64	184.50	19307.00
chr20	57468284	57468793	509	509	1.00	9.00	3.95	3.00	2013.00
chr3	127358087	127358366	279	279	994.00	2167.00	1606.70	1604.00	448268.00
chr3	126735359	126735527	168	168	64.00	145.00	93.36	81.00	15685.00
chr10	103869140	103869264	124	124	434.00	490.00	460.14	460.00	57057.00
chr20	44520554	44520666	112	112	41.00	73.00	58.17	60.50	6515.00
chr1	32203252	32203356	104	104	232.00	397.00	316.78	328.00	32945.00
chr21	40186196	40186316	120	120	12.00	19.00	15.42	15.00	1850.00
chr5	111067153	111068349	1196	1196	1.00	20.00	7.68	7.00	9181.00
chr9	128002954	128003186	232	232	150.00	251.00	195.93	189.50	45455.00
chr1	43408896	43408992	96	96	52.00	92.00	70.60	64.00	6778.00
chr3	47463931	47464026	95	95	181.00	233.00	210.29	210.00	19978.00
chr2	220161160	220161238	78	78	337.00	399.00	370.95	372.00	28934.00
chr11	62472772	62473089	317	317	790.00	1314.00	1021.08	1029.00	323681.00
chr9	130986341	130986906	565	565	0.00	210.00	47.44	2.00	26804.00
chr14	69358769	69359000	231	231	13.00	30.00	19.97	19.00	4612.00
chr11	64416205	64416379	174	174	373.00	515.00	432.91	428.00	75326.00
chr17	8398454	8398559	105	105	109.00	152.00	133.34	135.00	14001.00
chr12	53572943	53574193	1250	1250	0.00	14.00	3.89	3.00	4864.00
chr17	17696544	17701827	5283	5283	5.00	171.00	45.42	37.00	239948.00
chr8	11705187	11705331	144	144	432.00	566.00	507.40	520.00	73066.00
chr19	54963829	54963931	102	102	15.00	32.00	23.50	23.50	2397.00
chr2	70451682	70456295	4613	4613	0.00	108.00	16.27	12.00	75061.00
chr11	118873959	118874169	210	210	0.00	0.00	0.00	0.00	0.00
chr10	75548427	75548581	154	154	10.00	24.00	15.73	13.00	2422.00
chr6	33414351	33414563	212	212	563.00	1003.00	860.39	916.00	182403.00
chr17	80042910	80043032	122	122	494.00	612.00	539.64	539.50	65836.00
chr11	11470290	11470483	193	193	21.00	57.00	38.31	38.00	7394.00
chr8	23294446	23294771	325	325	21.00	52.00	37.10	35.00	12057.00
chr1	116932060	116932663	603	603	0.00	641.00	192.15	6.00	115867.00
chr15	83222627	83222741	114	114	2.00	7.00	4.83	5.00	551.00
chr3	9841562	9841751	189	189	38.00	73.00	56.01	59.00	10585.00
chr1	116937731	116937907	176	176	494.00	997.00	648.59	607.00	114151.00
chr16	87868019	87868197	178	178	177.00	246.00	211.07	211.00	37571.00
chr3	124209540	124209731	191	191	27.00	74.00	49.56	49.00	9466.00
chr7	71142195	71142291	96	96	201.00	251.00	226.92	229.00	21784.00
chr5	130497324	130497584	260	260	0.00	3.00	1.15	1.00	300.00
chr13	100199238	100199358	120	120	264.00	367.00	314.73	321.00	37767.00
chr5	139943336	139943506	170	170	6.00	126.00	103.68	110.00	17626.00
chr17	74395529	74396002	473	473	36.00	73.00	55.04	54.00	26036.00
chr14	93179149	93179216	67	67	174.00	218.00	197.72	201.00	13247.00
chr4	160277004	160277310	306	306	15.00	110.00	46.88	38.00	14345.00
chr17	40666306	40666478	172	172	274.00	456.00	363.70	361.00	62556.00
chr15	34828065	34828207	142	142	0.00	6.00	3.79	5.00	538.00
chr14	100165802	100165876	74	74	39.00	61.00	49.69	50.00	3677.00
chr22	20128089	20128231	142	142	3.00	51.00	25.02	31.00	3553.00
chr12	3392210	3394421	2211	2211	3.00	113.00	41.27	39.00	91248.00
chr17	16687866	16690667	2801	2801	0.00	10.00	1.75	1.00	4910.00
chr6	31664724	31664810	86	86	144.00	184.00	161.55	158.00	13893.00
chr6	30627512	30627611	99	99	30.00	50.00	40.33	41.00	3993.00
chr11	18752834	18755060	2226	2226	0.00	613.00	43.61	1.00	97069.00
chr12	109332602	109332731	129	129	183.00	255.00	218.87	222.00	28234.00
chr6	90072884	90073110	226	226	5.00	15.00	11.03	11.00	2492.00
chr16	2689371	2689711	340	340	0.00	0.00	0.00	0.00	0.00
chr1	20987373	20987484	111	111	538.00	696.00	623.32	625.00	69189.00
chr14	85985300	85986667	1367	1367	0.00	18.00	5.69	5.00	7781.00
chr13	32863769	32863880	111	111	102.00	133.00	119.19	119.00	13230.00
chr16	1510418	1510528	110	110	39.00	59.00	52.10	52.50	5731.00
chr19	54963269	54963444	175	175	24.00	51.00	38.15	34.00	6676.00
chr6	44224078	44224233	155	155	124.00	213.00	166.34	166.00	25783.00
chr20	3151172	3152285	1113	1113	0.00	4.00	0.36	0.00	400.00
chr1	892273	892405	132	132	154.00	309.00	201.87	189.00	26647.00
chr16	90192167	90192724	557	557	0.00	1.00	0.36	0.00	200.00
chr9	111663704	111663810	106	106	20.00	27.00	23.43	23.00	2484.00
chr6	44108764	44108835	71	71	193.00	243.00	216.13	218.00	15345.00
chr1	36028802	36029027	225	225	714.00	1177.00	880.46	828.00	198103.00
chr11	66807259	66807674	415	415	0.00	6.00	2.80	3.00	1164.00
chr1	178426817	178427679	862	862	5.00	25.00	12.63	12.00	10886.00
chr19	42482302	42482478	176	176	1547.00	2303.00	1867.56	1863.00	328690.00
chr1	44084718	44084873	155	155	92.00	238.00	153.91	146.00	23856.00
chr1	109812315	109812442	127	127	86.00	118.00	100.44	98.00	12756.00
chr3	180324268	180324391	123	123	18.00	32.00	25.00	25.00	3075.00
chr15	63933668	63933842	174	174	56.00	78.00	66.02	66.00	11488.00
chr20	44521363	44521519	156	156	68.00	118.00	92.94	96.00	14499.00
chr3	33416779	33416910	131	131	95.00	185.00	123.51	117.00	16180.00
chr1	21934624	21934843	219	219	0.00	318.00	124.60	156.00	27288.00
chr14	69799801	69799886	85	85	10.00	26.00	17.31	18.00	1471.00
chr1	116936134	116936345	211	211	1.00	753.00	603.33	689.00	127302.00
chr14	23634493	23634645	152	152	0.00	10.00	6.02	6.00	915.00
chr16	1402538	1402947	409	409	0.00	4.00	1.16	1.00	474.00
chr9	20331	25000	4669	4669	0.00	154.00	5.85	3.00	27298.00
chr17	43545574	43545959	385	385	4.00	22.00	10.73	10.00	4132.00
chr13	100201418	100201476	58	58	314.00	366.00	341.97	345.00	19834.00
chr15	41865505	41865665	160	160	81.00	135.00	103.80	100.50	16608.00
chr19	19641688	19642196	508	508	0.00	3.00	1.12	1.00	568.00
chr11	134147593	134148159	566	566	0.00	5.00	1.42	1.00	802.00
chr2	71656420	71657290	870	870	0.00	1.00	0.35	0.00	301.00
chr7	97834775	97835016	241	241	16.00	49.00	31.30	32.00	7544.00
chr19	13363804	13363915	111	111	36.00	58.00	47.01	46.00	5218.00
chr18	31328383	31329011	628	628	25.00	58.00	39.62	39.00	24881.00
chr16	66431884	66432009	125	125	13.00	29.00	17.49	16.00	2186.00
chr19	47935155	47935702	547	547	2.00	344.00	125.31	142.00	68546.00
chr12	50291769	50291873	104	104	289.00	398.00	328.59	331.50	34173.00
chr11	1780198	1780317	119	119	333.00	476.00	386.28	388.00	45967.00
chr15	65392626	65393167	541	541	0.00	3.00	0.55	0.00	300.00
chr2	86397871	86397967	96	96	61.00	99.00	85.07	89.00	8167.00
chr7	97866087	97866233	146	146	42.00	61.00	54.03	56.00	7889.00
chr11	60687157	60687402	245	245	80.00	153.00	121.26	123.00	29709.00
chr21	43307700	43309453	1753	1753	1.00	19.00	7.73	7.00	13551.00
chr14	24619269	24619657	388	388	17.00	45.00	28.87	30.00	11202.00
chr11	65320634	65320727	93	93	23.00	37.00	31.67	33.00	2945.00
chr16	29891184	29891385	201	201	697.00	980.00	827.26	812.00	166279.00
chr1	32207224	32207326	102	102	254.00	299.00	275.07	275.00	28057.00
chr11	72300218	72300394	176	176	0.00	128.00	42.85	0.00	7541.00
chr17	7608878	7609038	160	160	69.00	374.00	256.98	294.00	41117.00
chr19	7607646	7607814	168	168	62.00	148.00	100.17	108.00	16829.00
chr19	54966129	54966271	142	142	16.00	56.00	41.43	45.00	5883.00
chr12	57995027	57995131	104	104	39.00	56.00	48.17	49.00	5010.00
chr1	27428875	27429049	174	174	17.00	26.00	20.31	20.00	3534.00
chr2	27688277	27688385	108	108	10.00	36.00	24.77	27.00	2675.00
chr16	2691449	2692254	805	805	0.00	16.00	1.17	0.00	938.00
chr9	131503813	131503933	120	120	242.00	318.00	277.88	281.00	33346.00
chr16	2347766	2347922	156	156	164.00	218.00	191.06	196.00	29805.00
chr17	80039884	80040036	152	152	1148.00	1634.00	1358.34	1364.50	206468.00
chr1	32204432	32204538	106	106	231.00	523.00	368.08	364.50	39016.00
chr12	9242951	9243078	127	127	63.00	91.00	77.15	78.00	9798.00
chr3	49702661	49702751	90	90	31.00	56.00	40.44	38.00	3640.00
chr19	35820359	35820837	478	478	0.00	0.00	0.00	0.00	0.00
chr1	201456762	201457615	853	853	0.00	0.00	0.00	0.00	0.00
chr16	2334279	2334438	159	159	194.00	325.00	271.08	279.00	43101.00
chr10	73578373	73578481	108	108	2329.00	3259.00	2749.21	2742.00	296915.00
chr16	18530550	18530756	206	206	0.00	312.00	150.07	213.00	30915.00
chr16	16369094	16369300	206	206	0.00	319.00	152.57	215.50	31429.00
chr13	113975636	113975785	149	149	3.00	365.00	158.50	7.00	23617.00
chr11	119293822	119294227	405	405	0.00	1521.00	123.12	0.00	49863.00
chr5	150505962	150506041	79	79	76.00	115.00	95.04	93.00	7508.00
chr22	44224939	44225078	139	139	219.00	301.00	243.77	238.00	33884.00
chr15	41865199	41865309	110	110	80.00	114.00	93.66	89.50	10303.00
chr17	25633807	25636298	2491	2491	3.00	77.00	20.88	16.00	52007.00
chr15	72495155	72495529	374	374	0.00	2268.00	935.00	7.00	349689.00
chr9	42540272	42542124	1852	1852	0.00	0.00	0.00	0.00	0.00
chr11	119290760	119291704	944	944	1.00	1994.00	475.29	15.00	448678.00
chr19	5219949	5220165	216	216	138.00	238.00	181.62	164.00	39231.00
chr15	63910769	63911153	384	384	0.00	0.00	0.00	0.00	0.00
chr17	74393879	74393969	90	90	79.00	112.00	93.41	91.00	8407.00
chr10	104129467	104129532	65	65	58.00	76.00	67.37	68.00	4379.00
chr3	142454224	142454620	396	396	0.00	0.00	0.00	0.00	0.00
chr12	121205196	121205396	200	200	217.00	254.00	235.77	237.00	47154.00
chr3	31705570	31705724	154	154	21.00	29.00	24.80	25.00	3819.00
chr6	118635190	118636593	1403	1403	22.00	230.00	100.93	86.00	141605.00
chr8	10339867	10340829	962	962	0.00	16.00	6.37	6.00	6131.00
chr19	16952578	16952779	201	201	78.00	129.00	101.65	100.00	20432.00
chr8	110984486	110985016	530	530	54.00	103.00	77.92	78.00	41298.00
chr9	128001219	128001610	391	391	252.00	614.00	458.25	485.00	179175.00
chr11	73070878	73070997	119	119	45.00	61.00	54.79	55.00	6520.00
chr10	104130140	104130235	95	95	54.00	80.00	68.83	68.00	6539.00
chr5	95733039	95733173	134	134	0.00	2.00	1.13	2.00	151.00
chr19	59059400	59059547	147	147	1067.00	1536.00	1277.39	1267.00	187776.00
chr5	139943169	139943255	86	86	3.00	115.00	93.00	104.50	7998.00
chr17	73487771	73487981	210	210	11.00	40.00	22.04	19.00	4628.00
chr1	154315588	154315777	189	189	0.00	19.00	7.08	7.00	1338.00
chr14	95652726	95653070	344	344	0.00	0.00	0.00	0.00	0.00
chr12	123639801	123640772	971	971	0.00	8.00	3.71	4.00	3605.00
chr22	47064870	47065171	301	301	0.00	0.00	0.00	0.00	0.00
chr5	24535220	24535388	168	168	65.00	114.00	94.86	94.00	15937.00
chr12	6806452	6806958	506	506	104.00	282.00	185.04	196.50	93628.00
chr22	29881711	29881836	125	125	0.00	8.00	3.04	1.00	380.00
chr7	75894681	75894786	105	105	44.00	68.00	56.70	55.00	5953.00
chr12	121089007	121095893	6886	6886	0.00	6.00	0.45	0.00	3109.00
chr1	207940357	207942365	2008	2008	0.00	88.00	7.48	3.00	15024.00
chr7	154681166	154681240	74	74	227.00	297.00	267.49	274.00	19794.00
chr5	131696513	131697529	1016	1016	0.00	2.00	0.30	0.00	300.00
chr11	1776135	1776258	123	123	203.00	424.00	300.28	286.00	36934.00
chr8	11706554	11706673	119	119	357.00	458.00	415.15	415.00	49403.00
chr11	18759426	18759511	85	85	244.00	392.00	306.65	308.00	26065.00
chr16	61689373	61689625	252	252	11.00	42.00	22.93	20.00	5779.00
chr15	51750702	51750824	122	122	82.00	109.00	92.61	91.50	11299.00
chr9	35555056	35555698	642	642	204.00	527.00	338.47	323.00	217298.00
chr2	198356200	198356621	421	421	0.00	3.00	1.19	1.00	500.00
chr9	131001723	131001794	71	71	365.00	490.00	425.49	434.00	30210.00
chr19	5214371	5214491	120	120	346.00	437.00	386.80	386.00	46416.00
chr22	35719488	35719623	135	135	43.00	83.00	69.22	73.00	9345.00
chr12	121678738	121679829	1091	1091	0.00	2.00	0.66	1.00	724.00
chr14	23820960	23821064	104	104	843.00	1122.00	1022.89	1050.00	106381.00
chr1	32205710	32205779	69	69	240.00	281.00	257.72	258.00	17783.00
chr3	33420176	33420326	150	150	1.00	196.00	63.48	1.00	9522.00
chr9	114820707	114820966	259	259	21.00	57.00	35.85	33.00	9284.00
chr15	41865876	41866023	147	147	0.00	199.00	156.48	172.00	23003.00
chr19	55554308	55554637	329	329	2.00	19.00	8.62	8.00	2837.00
chr1	116933403	116933513	110	110	575.00	685.00	632.20	627.00	69542.00
chr19	15374230	15374359	129	129	30.00	52.00	43.46	45.00	5606.00
chr12	56090682	56090852	170	170	2.00	12.00	7.13	7.00	1212.00
chr14	69445668	69445876	208	208	4.00	17.00	11.45	13.00	2382.00
chr12	57603474	57603651	177	177	202.00	311.00	257.57	255.00	45590.00
chr22	32897492	32898946	1454	1454	6.00	115.00	57.31	56.00	83328.00
chr16	16367702	16367764	62	62	4.00	197.00	97.00	107.50	6014.00
chr19	5245786	5246056	270	270	109.00	236.00	158.78	151.00	42870.00
chr16	74345440	74345829	389	389	0.00	4.00	1.60	2.00	622.00
chr6	107096899	107097076	177	177	22.00	67.00	44.28	50.00	7838.00
chr1	29641883	29642019	136	136	72.00	128.00	98.46	98.00	13391.00
chr8	97342440	97342509	69	69	374.00	437.00	408.26	404.00	28170.00
chr8	68116914	68117054	140	140	60.00	118.00	87.49	84.50	12249.00
chr22	22037470	22037546	76	76	32.00	57.00	46.43	50.00	3529.00
chr22	50682147	50683420	1273	1273	3.00	35.00	19.90	21.00	25334.00
chr20	44048971	44049069	98	98	178.00	219.00	200.38	200.00	19637.00
chr1	36904356	36904511	155	155	34.00	59.00	45.65	46.00	7076.00
chr12	71054719	71054877	158	158	40.00	55.00	48.28	48.50	7629.00
chr15	50654364	50655515	1151	1151	0.00	8.00	2.07	2.00	2382.00
chr2	234198499	234198620	121	121	37.00	57.00	45.86	45.00	5549.00
chr9	128001699	128001812	113	113	286.00	355.00	312.08	307.00	35265.00
chr8	38272296	38272419	123	123	29.00	46.00	39.11	41.00	4811.00
chr11	73068069	73068179	110	110	19.00	39.00	31.24	33.00	3436.00
chr16	28123137	28123327	190	190	157.00	254.00	216.69	225.00	41171.00
chr12	49424062	49424222	160	160	6.00	22.00	10.12	9.00	1619.00
chr19	50302885	50303023	138	138	294.00	425.00	348.93	324.00	48153.00
chr19	42480567	42480718	151	151	3076.00	3814.00	3493.02	3559.00	527446.00
chr3	197904395	197905301	906	906	0.00	1.00	0.22	0.00	200.00
chr13	100189992	100190117	125	125	162.00	212.00	190.39	193.00	23799.00
chr19	14268062	14268272	210	210	216.00	326.00	264.43	262.00	55531.00
chr10	93786886	93787057	171	171	37.00	56.00	44.54	43.00	7617.00
chr1	109808726	109808828	102	102	30.00	42.00	36.39	36.00	3712.00
chr4	134075461	134075520	59	59	341.00	444.00	387.86	388.00	22884.00
chr1	22052268	22053864	1596	1596	0.00	16.00	2.84	2.00	4532.00
chr9	140056855	140056968	113	113	423.00	623.00	541.50	562.00	61189.00
chr19	42482087	42482224	137	137	2355.00	3539.00	2805.37	2823.00	384336.00
chr19	4556962	4557025	63	63	404.00	473.00	430.76	427.00	27138.00
chr19	14266921	14267013	92	92	267.00	377.00	335.22	345.00	30840.00
chr22	42273851	42274127	276	276	0.00	862.00	437.55	547.50	120765.00
chr1	205549788	205550049	261	261	1.00	8.00	3.98	4.00	1038.00
chr1	110765585	110766522	937	937	18.00	100.00	43.16	40.00	40443.00
chr19	55553595	55554158	563	563	8.00	26.00	14.62	13.00	8231.00
chr7	150929881	150931360	1479	1479	3.00	81.00	32.54	33.00	48122.00
chr3	124215157	124215260	103	103	57.00	93.00	76.46	81.00	7875.00
chr16	58220658	58220760	102	102	67.00	88.00	78.69	79.00	8026.00
chr3	10381925	10382033	108	108	99.00	137.00	117.37	118.00	12676.00
chr10	11356101	11356221	120	120	75.00	97.00	87.37	88.00	10484.00
chr22	42294652	42294785	133	133	785.00	984.00	895.14	914.00	119054.00
chr1	2005531	2005714	183	183	12.00	24.00	18.32	19.00	3352.00
chr12	113722522	113722576	54	54	3.00	5.00	4.57	5.00	247.00
chr9	131502198	131502398	200	200	0.00	299.00	254.60	272.00	50920.00
chr19	40873602	40873786	184	184	1137.00	1461.00	1290.43	1297.50	237440.00
chr2	220162606	220162825	219	219	100.00	195.00	144.11	134.00	31560.00
chr16	28270027	28270355	328	328	0.00	1.00	0.33	0.00	107.00
chr4	3225718	3225858	140	140	46.00	65.00	52.66	51.00	7372.00
chr17	44127898	44128070	172	172	50.00	81.00	64.42	67.00	11080.00
chr3	47462043	47462262	219	219	76.00	195.00	110.24	98.00	24142.00
chr6	99873090	99873182	92	92	2.00	82.00	35.75	33.50	3289.00
chr7	142561723	142562504	781	781	153.00	358.00	239.03	228.00	186683.00
chr1	159169540	159169666	126	126	1827.00	2335.00	2123.01	2138.00	267499.00
chr19	7606869	7606953	84	84	38.00	63.00	50.46	53.00	4239.00
chr16	2811561	2818298	6737	6737	1.00	461.00	138.59	92.00	933674.00
chr3	47450652	47450807	155	155	55.00	92.00	66.52	63.00	10311.00
chr11	118403631	118403922	291	291	80.00	153.00	112.87	118.00	32846.00
chr1	205555161	205555335	174	174	5.00	11.00	8.13	8.00	1415.00
chr12	125603186	125603311	125	125	105.00	135.00	119.46	119.00	14933.00
chr11	86658288	86659498	1210	1210	14.00	50.00	32.05	31.00	38775.00
chr22	37764946	37768745	3799	3799	15.00	957.00	265.69	195.00	1009341.00
chr10	46345664	46346215	551	551	0.00	7.00	1.99	1.00	1098.00
chr22	33673045	33673241	196	196	116.00	390.00	240.33	238.00	47105.00
chr9	140042599	140042666	67	67	0.00	34.00	20.21	22.00	1354.00
chr3	48717233	48717320	87	87	34.00	47.00	41.46	43.00	3607.00
chr11	60681600	60681740	140	140	7.00	130.00	58.13	51.00	8138.00
chr10	93784512	93784724	212	212	13.00	28.00	20.52	21.00	4351.00
chr12	7289424	7290372	948	948	0.00	475.00	117.26	4.00	111165.00
chr3	132387062	132387526	464	464	0.00	2.00	0.49	0.00	227.00
chr16	2335442	2335647	205	205	160.00	272.00	223.24	225.00	45764.00
chr16	1794782	1797276	2494	2494	0.00	159.00	14.06	4.00	35074.00
chr16	3786036	3786204	168	168	79.00	98.00	88.45	88.00	14859.00
chr9	141131209	141131766	557	557	0.00	1.00	0.36	0.00	200.00
chr14	92965028	92966015	987	987	0.00	0.00	0.00	0.00	0.00
chr19	54692070	54692200	130	130	90.00	248.00	163.71	138.50	21282.00
chr15	43866006	43866230	224	224	4.00	15.00	8.82	8.00	1976.00
chr3	40231316	40231954	638	638	1.00	9.00	4.34	4.00	2768.00
chr3	50148937	50149455	518	518	0.00	4.00	1.51	1.00	783.00
chr4	81117505	81117755	250	250	15.00	28.00	21.24	21.00	5311.00
chr10	46740404	46740638	234	234	0.00	7.00	3.23	3.00	755.00
chr3	124210169	124210271	102	102	27.00	51.00	42.18	44.00	4302.00
chr11	107488830	107488932	102	102	215.00	285.00	255.81	262.00	26093.00
chr9	130591965	130592106	141	141	32.00	54.00	42.56	41.00	6001.00
chr1	20981932	20982027	95	95	616.00	727.00	677.59	686.00	64371.00
chr12	75875613	75875859	246	246	0.00	2.00	0.98	1.00	241.00
chr22	32046684	32046764	80	80	49.00	70.00	63.76	66.00	5101.00
chr11	70331418	70331658	240	240	10.00	34.00	24.07	24.00	5778.00
chr14	51079976	51080069	93	93	241.00	292.00	268.78	267.00	24997.00
chr17	80041077	80041301	224	224	739.00	1993.00	1380.30	1487.00	309188.00
chr7	158540884	158540971	87	87	30.00	44.00	39.23	40.00	3413.00
chr1	21553651	21553719	68	68	19.00	33.00	27.10	27.00	1843.00
chr2	219206256	219206349	93	93	8.00	15.00	11.01	10.00	1024.00
chr17	18444211	18445242	1031	1031	0.00	19.00	7.15	6.00	7369.00
chr12	57599340	57599460	120	120	137.00	172.00	152.13	151.00	18256.00
chr11	64417919	64418110	191	191	489.00	683.00	592.65	597.00	113197.00
chr19	3274926	3275650	724	724	0.00	5.00	1.79	2.00	1297.00
chr16	18532086	18532305	219	219	195.00	401.00	298.38	289.00	65345.00
chr17	3776702	3776756	54	54	98.00	118.00	106.78	106.00	5766.00
chr1	116932670	116933033	363	363	2.00	678.00	321.37	509.00	116658.00
chr16	1505731	1505796	65	65	98.00	159.00	138.68	142.00	9014.00
chr1	9794029	9794200	171	171	1042.00	1235.00	1126.30	1119.00	192597.00
chr10	73579221	73579379	158	158	1917.00	2579.00	2183.29	2203.00	344960.00
chr11	6411684	6412146	462	462	12.00	80.00	46.21	48.00	21348.00
chr1	159163212	159163350	138	138	1200.00	1536.00	1299.62	1278.50	179348.00
chr16	1816723	1816804	81	81	263.00	311.00	289.46	293.00	23446.00
chr7	91722399	91722630	231	231	4.00	59.00	45.54	48.00	10520.00
chr7	44281816	44281939	123	123	451.00	524.00	481.35	478.00	59206.00
chr2	220467189	220467297	108	108	19.00	35.00	28.46	28.00	3074.00
chr16	4494664	4494729	65	65	99.00	124.00	110.91	112.00	7209.00
chr15	34681844	34681986	142	142	0.00	10.00	5.25	4.00	746.00
chr9	139995935	139996124	189	189	148.00	258.00	199.92	194.00	37785.00
chr3	180324040	180324160	120	120	14.00	21.00	17.89	18.00	2147.00
chr3	42678359	42681242	2883	2883	0.00	22.00	7.73	7.00	22300.00
chr7	131812776	131815333	2557	2557	29.00	156.00	75.26	73.00	192445.00
chr20	1585387	1585522	135	135	4.00	21.00	13.92	14.00	1879.00
chr3	126751229	126751442	213	213	191.00	267.00	229.49	227.00	48881.00
chr15	63920875	63921014	139	139	78.00	150.00	113.06	121.00	15716.00
chr16	2040128	2040202	74	74	20.00	48.00	36.23	37.50	2681.00
chr9	74324174	74324390	216	216	9.00	20.00	14.06	14.00	3036.00
chr20	44521858	44521950	92	92	74.00	95.00	85.46	85.50	7862.00
chr9	139911647	139911798	151	151	26.00	46.00	34.91	34.00	5271.00
chr9	140055507	140055649	142	142	431.00	655.00	536.84	523.00	76231.00
chr12	120148055	120148191	136	136	4.00	11.00	8.01	8.00	1089.00
chr12	50474280	50474372	92	92	178.00	252.00	206.72	198.50	19018.00
chr15	63125702	63125828	126	126	47.00	72.00	58.69	57.50	7395.00
chr9	20907148	20907241	93	93	18.00	24.00	20.91	21.00	1945.00
chr16	87874655	87874761	106	106	157.00	256.00	197.42	180.00	20926.00
chr2	162833269	162833460	191	191	0.00	46.00	20.95	32.00	4001.00
chr8	11704560	11704677	117	117	433.00	504.00	465.15	465.00	54422.00
chr15	63926931	63927087	156	156	47.00	120.00	84.44	90.00	13173.00
chr6	31668718	31668805	87	87	144.00	184.00	157.99	154.00	13745.00
chr7	148910792	148910906	114	114	56.00	190.00	140.16	161.00	15978.00
chr14	42355808	42357213	1405	1405	24.00	221.00	68.38	61.00	96075.00
chr10	88678928	88679226	298	298	31.00	54.00	43.87	44.00	13073.00
chr3	140998219	140998346	127	127	48.00	84.00	64.89	68.00	8241.00
chr1	144859758	144859998	240	240	63.00	96.00	78.88	79.00	18930.00
chr9	96054772	96055455	683	683	56.00	228.00	145.89	144.00	99640.00
chr19	7604803	7604944	141	141	40.00	64.00	48.55	46.00	6846.00
chr12	30906277	30907432	1155	1155	0.00	9.00	0.97	0.00	1122.00
chr9	131112762	131112854	92	92	95.00	178.00	143.51	142.50	13203.00
chr20	61981328	61982379	1051	1051	37.00	107.00	60.09	57.00	63151.00
chr7	38431348	38431618	270	270	173.00	254.00	206.10	205.00	55648.00
chr20	44521036	44521123	87	87	57.00	81.00	71.32	73.00	6205.00
chr11	64418726	64419108	382	382	382.00	646.00	489.89	472.00	187138.00
chr12	120148344	120150270	1926	1926	0.00	18.00	1.63	0.00	3133.00
chr12	6930971	6931066	95	95	6.00	669.00	330.42	318.00	31390.00
chr16	2339434	2339621	187	187	126.00	206.00	157.93	155.00	29532.00
chr2	27700083	27700187	104	104	14.00	26.00	20.70	23.00	2153.00
chr14	69805367	69805494	127	127	16.00	69.00	38.51	38.00	4891.00
chr12	9242497	9242619	122	122	48.00	75.00	65.80	68.00	8027.00
chr3	58256658	58256791	133	133	35.00	76.00	49.59	45.00	6595.00
chr10	79744927	79745098	171	171	57.00	93.00	75.43	74.00	12898.00
chr1	159161725	159161866	141	141	609.00	994.00	805.99	826.00	113644.00
chr16	31085202	31085519	317	317	8.00	58.00	36.26	38.00	11493.00
chr1	171755018	171755218	200	200	69.00	92.00	82.38	83.00	16475.00
chr9	130988124	130989280	1156	1156	0.00	89.00	10.15	1.00	11738.00
chr15	63127935	63127998	63	63	45.00	56.00	49.67	50.00	3129.00
chr19	1917676	1917821	145	145	0.00	229.00	160.34	170.00	23249.00
chr22	25315792	25315960	168	168	18.00	47.00	30.89	30.00	5190.00
chr2	207943790	207945085	1295	1295	58.00	154.00	105.59	105.00	136745.00
chr11	47330706	47330952	246	246	0.00	376.00	154.12	0.00	37914.00
chr3	142743978	142746095	2117	2117	0.00	89.00	4.88	2.00	10332.00
chr7	44839492	44839694	202	202	1.00	9.00	4.89	5.00	988.00
chr22	31688260	31688471	211	211	5.00	59.00	39.04	47.00	8237.00
chr11	66333492	66333638	146	146	235.00	337.00	294.62	300.00	43014.00
chr9	131114916	131115026	110	110	159.00	186.00	174.21	175.00	19163.00
chr1	20206	21013	807	807	3.00	17.00	9.10	9.00	7345.00
chr11	108216469	108216635	166	166	6.00	16.00	11.98	13.00	1989.00
chr1	209778880	209779019	139	139	33.00	47.00	39.47	39.00	5486.00
chr1	202935876	202936026	150	150	86.00	136.00	107.17	105.00	16075.00
chr12	57600255	57600524	269	269	160.00	223.00	190.19	195.00	51161.00
chr19	15233503	15233615	112	112	168.00	231.00	195.88	188.00	21938.00
chr8	68115317	68115486	169	169	116.00	151.00	133.28	132.00	22524.00
chr19	13419229	13419342	113	113	22.00	30.00	26.75	27.00	3023.00
chr6	33266815	33267130	315	315	6.00	47.00	26.24	29.00	8265.00
chr16	89780611	89781646	1035	1035	0.00	0.00	0.00	0.00	0.00
chr12	109964162	109964221	59	59	18.00	35.00	29.54	31.00	1743.00
chr22	24491893	24492045	152	152	62.00	136.00	92.28	94.50	14026.00
chr2	242592926	242593025	99	99	256.00	342.00	290.22	286.00	28732.00
chr1	21937944	21938074	130	130	179.00	302.00	236.73	242.00	30775.00
chr2	223789173	223789313	140	140	145.00	194.00	161.64	159.50	22630.00
chr20	3772318	3772535	217	217	0.00	0.00	0.00	0.00	0.00
chr16	18531918	18532001	83	83	286.00	442.00	369.87	392.00	30699.00
chr1	43396296	43396537	241	241	73.00	108.00	87.19	86.00	21013.00
chr2	100037960	100038115	155	155	38.00	61.00	48.98	47.00	7592.00
chr16	1500497	1500770	273	273	0.00	134.00	68.58	91.00	18721.00
chr19	40876016	40876144	128	128	1113.00	1352.00	1241.42	1229.50	158902.00
chr5	168112691	168112932	241	241	2.00	12.00	6.68	7.00	1609.00
chr2	127825738	127825831	93	93	447.00	558.00	492.25	487.00	45779.00
chr1	19232015	19234990	2975	2975	6.00	187.00	31.47	22.00	93610.00
chr16	1391129	1391196	67	67	2.00	8.00	3.85	3.00	258.00
chr6	33410665	33411689	1024	1024	14.00	740.00	321.11	316.00	328812.00
chr9	95872033	95872266	233	233	0.00	1.00	0.21	0.00	49.00
chr1	53378627	53378839	212	212	0.00	0.00	0.00	0.00	0.00
chr2	80531276	80531693	417	417	37.00	129.00	85.61	85.00	35699.00
chr7	44286718	44286791	73	73	358.00	420.00	387.52	388.00	28289.00
chr7	157369304	157369471	167	167	217.00	278.00	244.89	241.00	40896.00
chr11	18755079	18755191	112	112	0.00	390.00	238.79	298.00	26745.00
chr6	86237979	86238080	101	101	197.00	276.00	229.67	234.00	23197.00
chr8	145000951	145001050	99	99	12.00	20.00	17.15	18.00	1698.00
chr19	45167680	45167966	286	286	10.00	31.00	19.32	18.00	5526.00
chr10	48930165	48930400	235	235	0.00	8.00	3.83	5.00	899.00
chr16	87871450	87871547	97	97	184.00	228.00	208.55	209.00	20229.00
chr1	109815454	109815649	195	195	114.00	162.00	133.92	130.00	26115.00
chr1	208215442	208215711	269	269	44.00	62.00	54.74	56.00	14725.00
chr2	260866	261451	585	585	0.00	21.00	8.41	9.00	4918.00
chr5	180481266	180481724	458	458	0.00	1.00	0.16	0.00	75.00
chr7	73119479	73119631	152	152	0.00	1040.00	467.40	0.00	71045.00
chr15	34677248	34677358	110	110	6.00	22.00	12.21	10.00	1343.00
chr16	57687114	57687247	133	133	110.00	155.00	132.67	134.00	17645.00
chr15	50649406	50649592	186	186	2.00	9.00	5.57	5.00	1036.00
chr22	21071995	21072066	71	71	370.00	453.00	411.89	412.00	29244.00
chr5	179200882	179201561	679	679	2.00	20.00	12.82	13.00	8705.00
chr10	98763824	98763979	155	155	383.00	453.00	411.66	409.00	63807.00
chr14	102963315	102963457	142	142	21.00	56.00	34.01	30.00	4829.00
chr1	21932558	21933138	580	580	0.00	362.00	75.74	2.00	43928.00
chr16	28118842	28118998	156	156	198.00	328.00	266.10	270.50	41511.00
chr1	241767561	241767881	320	320	3.00	10.00	6.52	7.00	2085.00
chr11	66812063	66812184	121	121	5.00	11.00	7.58	7.00	917.00
chr11	12248571	12248678	107	107	31.00	45.00	38.24	39.00	4092.00
chr9	130588788	130588951	163	163	31.00	43.00	36.52	36.00	5953.00
chr22	21068915	21068988	73	73	382.00	450.00	417.10	417.00	30448.00
chr1	43424304	43424531	227	227	7.00	63.00	39.83	45.00	9041.00
chr14	105852021	105853670	1649	1649	0.00	10.00	2.08	2.00	3436.00
chr15	34823469	34823579	110	110	6.00	20.00	11.98	10.00	1318.00
chr11	171365	172282	917	917	0.00	1.00	0.22	0.00	200.00
chr22	24493976	24494155	179	179	39.00	149.00	90.67	99.00	16230.00
chr15	79291060	79291167	107	107	6.00	18.00	11.84	13.00	1267.00
chr16	2145904	2146194	290	290	0.00	0.00	0.00	0.00	0.00
chr9	131503050	131503166	116	116	235.00	314.00	276.48	278.50	32072.00
chr11	61301983	61302579	596	596	0.00	1.00	0.17	0.00	100.00
chr22	25308609	25308719	110	110	23.00	34.00	28.48	30.00	3133.00
chr12	63977826	63979986	2160	2160	0.00	11.00	2.47	1.00	5343.00
chr19	46928844	46930933	2089	2089	5.00	164.00	85.89	84.00	179424.00
chr16	56969146	56969224	78	78	79.00	120.00	92.76	90.00	7235.00
chr17	40665787	40665996	209	209	0.00	646.00	247.38	332.00	51702.00
chr9	131669435	131671600	2165	2165	26.00	126.00	56.03	52.00	121315.00
chr2	220164026	220164271	245	245	0.00	297.00	88.66	2.00	21721.00
chr19	7589846	7590052	206	206	41.00	100.00	58.77	55.00	12107.00
chr6	91260186	91260268	82	82	37.00	47.00	42.59	43.00	3492.00
chr9	124543742	124543830	88	88	201.00	276.00	242.75	257.00	21362.00
chr12	54071005	54071170	165	165	0.00	9.00	3.58	3.00	591.00
chr2	40443	41212	769	769	13.00	56.00	33.77	31.00	25971.00
chr11	67852159	67852747	588	588	0.00	2.00	0.59	1.00	348.00
chr8	8233762	8234810	1048	1048	1.00	27.00	8.52	7.00	8931.00
chr2	175671113	175672148	1035	1035	0.00	2.00	0.19	0.00	200.00
chr7	138984922	138985438	516	516	1.00	7.00	3.82	4.00	1970.00
chr22	40816850	40817104	254	254	77.00	159.00	133.66	135.50	33950.00
chr19	14263120	14263249	129	129	318.00	453.00	379.91	376.00	49009.00
chr19	16962222	16962345	123	123	98.00	182.00	141.68	140.00	17427.00
chr1	109813838	109813918	80	80	83.00	123.00	96.49	93.00	7719.00
chr3	49898148	49898562	414	414	3.00	1346.00	556.10	883.50	230226.00
chr17	17131202	17131510	308	308	0.00	74.00	53.06	58.00	16344.00
chr1	21936067	21936139	72	72	125.00	176.00	150.14	141.00	10810.00
chr3	130424404	130424615	211	211	21.00	38.00	30.56	31.00	6449.00
chr12	56532710	56532797	87	87	33.00	48.00	38.22	38.00	3325.00
chr16	29888591	29888788	197	197	619.00	1025.00	794.99	753.00	156613.00
chr2	114394588	114396196	1608	1608	0.00	9.00	1.82	1.00	2932.00
chr3	124180736	124180803	67	67	30.00	44.00	37.81	37.00	2533.00
chr9	111798485	111798660	175	175	42.00	60.00	49.30	49.00	8628.00
chr10	73847897	73848372	475	475	3.00	156.00	40.83	29.00	19396.00
chr22	21075585	21075706	121	121	187.00	308.00	253.36	259.00	30657.00
chr22	20920753	20921104	351	351	37.00	127.00	71.17	69.00	24979.00
chr9	140953020	140953185	165	165	50.00	73.00	62.21	63.00	10265.00
chr22	41620970	41621075	105	105	96.00	152.00	121.96	118.00	12806.00
chr11	6243671	6243839	168	168	90.00	152.00	125.15	128.50	21025.00
chr15	74704225	74704353	128	128	126.00	204.00	160.97	165.00	20604.00
chr3	48719780	48719985	205	205	14.00	24.00	19.24	20.00	3945.00
chr1	222833247	222833348	101	101	89.00	128.00	108.15	111.00	10923.00
chr1	6583675	6584824	1149	1149	15.00	100.00	57.28	58.00	65819.00
chr11	126135857	126135976	119	119	47.00	65.00	55.71	55.00	6629.00
chr8	75156763	75157410	647	647	2.00	32.00	18.79	20.00	12159.00
chr15	83345212	83345389	177	177	229.00	306.00	263.24	259.00	46593.00
chr14	68031638	68032561	923	923	0.00	4.00	0.43	0.00	400.00
chr19	42479780	42479949	169	169	2838.00	4309.00	3476.90	3329.00	587596.00
chr16	31503329	31503407	78	78	244.00	279.00	261.86	262.00	20425.00
chr17	1564564	1564700	136	136	192.00	240.00	218.08	216.00	29659.00
chr16	58717858	58718082	224	224	24.00	60.00	43.19	44.00	9675.00
chr14	71575320	71575763	443	443	15.00	53.00	30.17	31.00	13364.00
chr1	202934498	202934628	130	130	105.00	181.00	138.74	136.50	18036.00
chr7	73118477	73118586	109	109	687.00	834.00	762.73	758.00	83138.00
chr19	13365908	13366073	165	165	26.00	45.00	34.63	34.00	5714.00
chr10	102265117	102265958	841	841	0.00	12.00	2.06	1.00	1730.00
chr9	139983320	139983457	137	137	130.00	229.00	188.62	195.00	25841.00
chr18	29206245	29206347	102	102	6.00	12.00	9.55	9.00	974.00
chr12	120578662	120578827	165	165	37.00	57.00	43.83	44.00	7232.00
chr5	757516	758226	710	710	0.00	0.00	0.00	0.00	0.00
chr8	21632483	21632567	84	84	57.00	70.00	65.05	65.00	5464.00
chr4	54011499	54011749	250	250	42.00	99.00	61.74	56.00	15436.00
chr8	141680613	141681365	752	752	0.00	5.00	0.93	0.00	700.00
chr11	57367351	57367850	499	499	17.00	51.00	31.82	31.00	15876.00
chr12	63980009	63980784	775	775	1.00	9.00	4.21	4.00	3263.00
chr9	140057042	140057203	161	161	0.00	637.00	538.39	575.00	86681.00
chr2	7055953	7056098	145	145	4.00	12.00	8.70	9.00	1262.00
chr12	52387768	52389043	1275	1275	14.00	748.00	202.89	149.00	258684.00
chr19	50104931	50105175	244	244	30.00	186.00	74.73	51.00	18235.00
chr19	5218430	5218543	113	113	278.00	388.00	341.73	345.00	38615.00
chr16	29898969	29899138	169	169	456.00	635.00	537.63	531.00	90859.00
chr7	99030900	99031041	141	141	18.00	33.00	27.55	28.00	3885.00
chr17	36692926	36693212	286	286	0.00	2.00	0.64	0.00	183.00
chr15	73857770	73859335	1565	1565	0.00	18.00	6.00	5.00	9391.00
chr6	44104085	44104176	91	91	261.00	389.00	309.34	299.00	28150.00
chr1	21938518	21938602	84	84	176.00	210.00	193.73	196.00	16273.00
chr19	13423482	13423595	113	113	17.00	26.00	20.91	20.00	2363.00
chr16	70292882	70293089	207	207	411.00	592.00	493.60	496.00	102176.00
chr18	61060641	61060782	141	141	14.00	31.00	23.21	23.00	3273.00
chr16	22269814	22270016	202	202	6.00	12.00	8.88	9.00	1794.00
chr1	21554423	21554534	111	111	12.00	25.00	17.97	19.00	1995.00
chr9	140057255	140057455	200	200	1.00	916.00	554.29	673.50	110859.00
chr7	1488255	1488397	142	142	0.00	12.00	4.87	5.50	691.00
chr14	100166351	100166438	87	87	44.00	65.00	58.00	61.00	5046.00
chr9	101065522	101065705	183	183	111.00	162.00	137.63	140.00	25187.00
chr5	68411752	68412041	289	289	26.00	86.00	56.89	60.00	16441.00
chr1	2452539	2452754	215	215	55.00	125.00	81.31	81.00	17482.00
chr1	21564626	21564737	111	111	16.00	27.00	20.77	21.00	2306.00
chr13	42037713	42039066	1353	1353	0.00	5.00	0.59	0.00	800.00
chr2	114350236	114350443	207	207	0.00	5.00	2.42	2.00	500.00
chr1	21939668	21939722	54	54	174.00	207.00	188.93	188.00	10202.00
chr9	139353895	139354007	112	112	34.00	51.00	40.27	40.00	4510.00
chr7	102176367	102176618	251	251	8.00	39.00	25.87	28.00	6494.00
chr3	51411753	51412018	265	265	0.00	106.00	35.22	0.00	9333.00
chr17	73888091	73888266	175	175	12.00	21.00	17.56	18.00	3073.00
chr13	103297258	103297435	177	177	0.00	63.00	25.07	34.00	4438.00
chr15	63922664	63922834	170	170	106.00	156.00	132.12	135.00	22460.00
chr3	33400774	33400849	75	75	85.00	132.00	113.29	108.00	8497.00
chr22	50671744	50671955	211	211	9.00	23.00	15.27	16.00	3223.00
chr1	21190968	21191205	237	237	69.00	104.00	84.61	86.00	20053.00
chr5	14481649	14481727	78	78	276.00	310.00	291.85	291.00	22764.00
chr15	101605556	101606410	854	854	0.00	11.00	1.29	0.00	1100.00
chr17	80040402	80040554	152	152	1199.00	1563.00	1394.09	1356.00	211902.00
chr2	132269293	132270897	1604	1604	0.00	8.00	2.11	2.00	3378.00
chr11	1778553	1778786	233	233	359.00	515.00	436.59	439.00	101725.00
chr11	1469616	1469808	192	192	0.00	1.00	0.51	1.00	97.00
chr12	120138549	120138630	81	81	3.00	7.00	4.98	5.00	403.00
chr7	901016	901101	85	85	51.00	81.00	60.96	61.00	5182.00
chr19	13372263	13372424	161	161	27.00	50.00	42.61	45.00	6861.00
chr17	40843154	40843311	157	157	7.00	12.00	9.36	10.00	1470.00
chr17	80039476	80039719	243	243	1142.00	1841.00	1473.69	1444.00	358107.00
chr17	16681109	16687365	6256	6256	0.00	37.00	7.63	7.00	47713.00
chr1	116935475	116935610	135	135	616.00	827.00	732.17	727.00	98843.00
chr6	128294808	128294972	164	164	69.00	173.00	132.04	131.00	21654.00
chr5	109189927	109190617	690	690	0.00	2.00	0.29	0.00	200.00
chr15	40757533	40757634	101	101	51.00	115.00	93.80	94.00	9474.00
chr2	220164706	220164981	275	275	175.00	312.00	238.94	223.00	65709.00
chr3	164905164	164908639	3475	3475	5.00	112.00	28.53	23.00	99125.00
chr11	60699157	60699356	199	199	206.00	807.00	687.29	702.00	136770.00
chr2	96680301	96680717	416	416	0.00	2.00	0.48	0.00	200.00
chr17	40845314	40845554	240	240	7.00	25.00	14.47	12.00	3473.00
chr12	125264513	125265391	878	878	0.00	3.00	0.75	1.00	656.00
chr1	156623704	156624158	454	454	0.00	2.00	0.88	0.00	400.00
chr6	108370456	108370622	166	166	56.00	87.00	70.81	71.00	11755.00
chr11	19180486	19180587	101	101	45.00	78.00	59.45	58.00	6004.00
chr19	42489069	42489338	269	269	597.00	1365.00	1069.44	1176.00	287679.00
chr2	198274493	198274731	238	238	70.00	113.00	93.03	98.00	22141.00
chr6	47220991	47221257	266	266	145.00	210.00	177.81	179.00	47298.00
chr19	40872679	40872822	143	143	1159.00	1712.00	1465.36	1485.00	209547.00
chr19	54693278	54693627	349	349	0.00	72.00	36.35	42.00	12685.00
chr12	81929	82174	245	245	0.00	2.00	0.88	1.00	216.00
chr21	45513943	45514114	171	171	15.00	36.00	27.81	29.00	4756.00
chr3	124201630	124201747	117	117	0.00	79.00	55.68	69.00	6515.00
chr17	79805118	79805223	105	105	366.00	438.00	397.77	398.00	41766.00
chr20	46307419	46307548	129	129	77.00	113.00	89.61	88.00	11560.00
chr17	38187790	38187873	83	83	193.00	256.00	221.53	214.00	18387.00
chr2	207452814	207452878	64	64	104.00	148.00	131.31	135.00	8404.00
chr17	45695715	45695823	108	108	384.00	466.00	424.83	425.50	45882.00
chr7	44283023	44283126	103	103	344.00	419.00	372.85	363.00	38404.00
chr20	62274975	62275284	309	309	3.00	4455.00	2126.85	3085.00	657196.00
chr11	108202605	108202764	159	159	5.00	16.00	10.50	10.00	1670.00
chr9	140051314	140051489	175	175	190.00	278.00	235.36	231.00	41188.00
chr22	45574118	45574781	663	663	15.00	67.00	39.10	34.00	25926.00
chr15	79312382	79312446	64	64	8.00	14.00	11.67	11.00	747.00
chr1	21940120	21940199	79	79	169.00	206.00	189.91	193.00	15003.00
chr17	3775847	3775921	74	74	84.00	113.00	98.70	98.00	7304.00
chr7	73133931	73134019	88	88	2.00	980.00	323.02	244.50	28426.00
chr11	72292920	72292991	71	71	224.00	279.00	245.68	245.00	17443.00
chr7	43547616	43547730	114	114	58.00	124.00	91.25	92.00	10403.00
chr16	58713760	58714145	385	385	13.00	32.00	20.94	20.00	8060.00
chr22	21083600	21083794	194	194	147.00	245.00	200.42	205.50	38881.00
chr11	66457275	66457414	139	139	329.00	557.00	411.10	389.00	57143.00
chr15	91561034	91561115	81	81	35.00	73.00	53.16	55.00	4306.00
chr11	2968525	2969001	476	476	0.00	5.00	2.09	2.00	994.00
chr19	34869838	34869910	72	72	770.00	1018.00	863.11	844.00	62144.00
chr9	121970996	121971219	223	223	146.00	239.00	192.38	196.00	42901.00
chr3	47449772	47449980	208	208	0.00	98.00	59.80	80.50	12438.00
chr12	57601820	57601999	179	179	194.00	418.00	308.83	292.00	55280.00
chr16	2345590	2345741	151	151	154.00	248.00	196.77	198.00	29713.00
chr12	50471782	50471910	128	128	136.00	184.00	163.48	165.00	20926.00
chr1	109814221	109814344	123	123	103.00	188.00	150.51	153.00	18513.00
chr19	16942304	16942458	154	154	53.00	110.00	88.37	91.50	13609.00
chr11	66333301	66333398	97	97	233.00	326.00	269.56	260.00	26147.00
chr5	74026084	74026223	139	139	71.00	88.00	80.29	80.00	11161.00
chr5	68417520	68417722	202	202	44.00	61.00	53.58	55.00	10823.00
chr19	15272262	15272525	263	263	12.00	32.00	23.74	24.00	6243.00
chr3	45872404	45872482	78	78	37.00	55.00	46.81	49.00	3651.00
chr7	73123374	73123452	78	78	991.00	1370.00	1215.90	1252.00	94840.00
chr5	14498197	14498360	163	163	255.00	310.00	283.08	281.00	46142.00
chr14	93180167	93180230	63	63	173.00	208.00	184.84	183.00	11645.00
chr9	130984739	130984875	136	136	268.00	386.00	331.30	327.00	45057.00
chr13	31216764	31216894	130	130	25.00	43.00	33.54	32.00	4360.00
chr12	112614399	112614506	107	107	25.00	91.00	78.22	80.00	8370.00
chr12	57602865	57602982	117	117	272.00	390.00	323.13	317.00	37806.00
chr14	72976861	72976987	126	126	25.00	38.00	31.83	32.00	4011.00
chr1	155209406	155209553	147	147	30.00	67.00	47.49	42.00	6981.00
chr10	49633930	49634113	183	183	273.00	384.00	334.62	341.00	61235.00
chr16	84100093	84100218	125	125	132.00	187.00	164.39	167.00	20549.00
chr1	155207924	155208097	173	173	53.00	116.00	91.17	93.00	15773.00
chr12	2786898	2787033	135	135	11.00	33.00	18.33	18.00	2474.00
chr2	233755457	233756197	740	740	0.00	390.00	60.30	1.00	44620.00
chr14	60631894	60632099	205	205	37.00	127.00	88.80	95.00	18205.00
chr1	11151549	11151654	105	105	56.00	86.00	66.50	66.00	6982.00
chr4	134076071	134076178	107	107	342.00	460.00	408.11	405.00	43668.00
chr15	91420364	91420441	77	77	83.00	107.00	95.87	96.00	7382.00
chr5	114961533	114961755	222	222	1.00	15.00	8.95	10.00	1986.00
chr16	1814047	1814211	164	164	0.00	197.00	105.45	167.50	17293.00
chr18	44250463	44252581	2118	2118	1.00	24.00	9.80	9.00	20756.00
chr6	158049380	158049518	138	138	36.00	64.00	42.64	40.00	5884.00
chr19	7675585	7675679	94	94	197.00	227.00	210.69	211.00	19805.00
chr13	99461604	99461719	115	115	1.00	169.00	110.79	112.00	12741.00
chr11	130010829	130011467	638	638	0.00	585.00	64.38	4.00	41076.00
chr11	107526658	107526792	134	134	494.00	715.00	610.97	614.50	81870.00
chr16	1391294	1391490	196	196	2.00	8.00	5.28	5.00	1035.00
chr1	38182716	38184158	1442	1442	8.00	186.00	79.92	78.00	115240.00
chr5	179231023	179231323	300	300	2.00	10.00	5.48	6.00	1644.00
chr14	69814593	69814719	126	126	38.00	62.00	51.97	54.00	6548.00
chr14	69349174	69349309	135	135	14.00	53.00	27.81	28.00	3755.00
chr19	7614792	7614998	206	206	102.00	179.00	143.13	141.00	29484.00
chr1	228270375	228270466	91	91	2.00	2176.00	643.86	256.00	58591.00
chr1	38186022	38186315	293	293	1.00	46.00	25.48	33.00	7465.00
chr13	77641715	77641999	284	284	58.00	104.00	76.35	71.00	21683.00
chr14	100157417	100157498	81	81	16.00	41.00	27.95	26.00	2264.00
chr13	32978280	32979333	1053	1053	0.00	6.00	0.42	0.00	445.00
chr12	7301567	7301794	227	227	482.00	864.00	702.71	712.00	159516.00
chr9	123583116	123583257	141	141	38.00	53.00	45.38	46.00	6399.00
chr17	26883183	26883284	101	101	75.00	114.00	90.88	88.00	9179.00
chr12	6972993	6973137	144	144	439.00	561.00	491.85	489.00	70827.00
chr20	34322310	34322637	327	327	0.00	6.00	1.85	2.00	606.00
chr19	7606407	7606570	163	163	54.00	103.00	77.62	78.00	12652.00
chr16	2333186	2333373	187	187	1.00	441.00	312.34	361.00	58407.00
chr12	113825548	113825711	163	163	33.00	71.00	51.39	50.00	8376.00
chr7	4802013	4807749	5736	5736	5.00	106.00	29.44	23.00	168885.00
chr1	43394880	43394985	105	105	104.00	177.00	148.82	165.00	15626.00
chr19	4554399	4554488	89	89	315.00	455.00	411.83	421.00	36653.00
chr16	31719139	31719372	233	233	0.00	7.00	3.51	5.00	817.00
chr5	134060669	134061744	1075	1075	9.00	39.00	22.44	22.00	24123.00
chr1	202936318	202936371	53	53	10.00	91.00	53.11	70.00	2815.00
chr2	220087366	220087615	249	249	138.00	186.00	158.97	159.00	39583.00
chr2	36764494	36764689	195	195	33.00	51.00	42.66	43.00	8319.00
chr7	43519208	43519343	135	135	26.00	63.00	46.50	49.00	6277.00
chr10	51249585	51249993	408	408	0.00	1.00	0.25	0.00	100.00
chr6	32123647	32123755	108	108	92.00	123.00	110.36	110.00	11919.00
chr3	118624442	118624692	250	250	0.00	3.00	1.01	0.00	253.00
chr1	190129797	190130020	223	223	8.00	20.00	13.84	15.00	3087.00
chr9	131004491	131004624	133	133	0.00	530.00	432.43	504.00	57513.00
chr22	33679187	33679334	147	147	118.00	190.00	146.31	150.00	21508.00
chr15	74709931	74710016	85	85	100.00	214.00	141.01	121.00	11986.00
chr7	6470110	6470238	128	128	54.00	73.00	63.77	64.00	8162.00
chr1	6640600	6641359	759	759	10.00	61.00	37.44	39.00	28415.00
chr16	31510622	31510728	106	106	156.00	195.00	169.59	169.50	17977.00
chr4	103710287	103711803	1516	1516	2.00	18.00	9.79	9.00	14841.00
chr19	2862339	2862746	407	407	3.00	17.00	9.17	8.00	3732.00
chr2	15467873	15467994	121	121	26.00	52.00	39.87	41.00	4824.00
chr2	36780721	36781492	771	771	0.00	33.00	5.03	2.00	3879.00
chr10	81070680	81070941	261	261	53.00	111.00	81.20	85.00	21192.00
chr2	217234866	217235986	1120	1120	123.00	411.00	242.10	230.00	271155.00
chr10	93786348	93786508	160	160	23.00	59.00	40.52	40.00	6484.00
chr17	20268785	20269076	291	291	0.00	0.00	0.00	0.00	0.00
chr9	131002006	131002062	56	56	0.00	524.00	461.45	496.50	25841.00
chr1	155208307	155208441	134	134	54.00	109.00	75.36	69.00	10098.00
chr2	162833877	162834373	496	496	0.00	44.00	5.09	2.00	2524.00
chr9	35799614	35799728	114	114	21.00	30.00	25.18	25.00	2871.00
chr20	62517856	62519234	1378	1378	0.00	139.00	5.06	1.00	6971.00
chr22	35942847	35943127	280	280	6.00	31.00	19.74	21.00	5528.00
chr13	26436438	26436546	108	108	44.00	68.00	58.58	62.50	6327.00
chr14	69371371	69371453	82	82	14.00	20.00	16.28	16.00	1335.00
chr7	44031274	44031581	307	307	0.00	0.00	0.00	0.00	0.00
chr11	12274988	12275291	303	303	0.00	2.00	0.66	1.00	200.00
chr5	1334403	1334498	95	95	126.00	184.00	160.69	164.00	15266.00
chr19	34868639	34868786	147	147	939.00	1271.00	1102.23	1100.00	162028.00
chr16	1815960	1816143	183	183	180.00	238.00	210.86	210.00	38587.00
chr10	73578787	73578868	81	81	2224.00	2738.00	2480.73	2444.00	200939.00
chr17	37420427	37420640	213	213	33.00	55.00	42.56	42.00	9065.00
chr5	60835422	60835586	164	164	17.00	42.00	29.01	28.00	4757.00
chr15	79296143	79296517	374	374	5.00	21.00	13.21	13.00	4940.00
chr19	13039568	13039661	93	93	630.00	901.00	777.33	771.00	72292.00
chr12	49421585	49421713	128	128	12.00	48.00	34.35	36.00	4397.00
chr1	1661057	1662583	1526	1526	18.00	283.00	107.59	85.50	164175.00
chr2	207457340	207457460	120	120	134.00	200.00	165.95	167.50	19914.00
chr11	64542462	64543441	979	979	0.00	3.00	0.29	0.00	286.00
chr20	61910250	61910347	97	97	158.00	184.00	169.61	169.00	16452.00
chr11	62394042	62394156	114	114	269.00	400.00	316.91	305.50	36128.00
chr5	37301538	37301652	114	114	23.00	41.00	29.94	30.00	3413.00
chr16	4733843	4733933	90	90	140.00	209.00	181.51	183.00	16336.00
chr15	43693913	43694048	135	135	32.00	50.00	42.21	43.00	5699.00
chr11	18764538	18764622	84	84	173.00	209.00	194.23	195.50	16315.00
chr17	57842331	57842499	168	168	174.00	222.00	196.43	193.00	33001.00
chr9	96076729	96078064	1335	1335	0.00	9.00	4.45	4.00	5939.00
chr11	12246219	12246367	148	148	17.00	33.00	27.41	28.00	4057.00
chr12	7030743	7031565	822	822	0.00	2973.00	1061.30	11.00	872387.00
chr3	14523178	14523349	171	171	6.00	9.00	7.02	7.00	1201.00
chr5	758508	759483	975	975	0.00	0.00	0.00	0.00	0.00
chr12	22635490	22635677	187	187	21.00	36.00	27.01	27.00	5050.00
chr5	14479369	14479459	90	90	282.00	325.00	308.56	307.50	27770.00
chr6	143655214	143656079	865	865	0.00	10.00	3.07	3.00	2658.00
chr7	75508360	75508578	218	218	4.00	625.00	435.80	549.50	95004.00
chr11	60697981	60698131	150	150	282.00	562.00	407.43	402.50	61114.00
chr1	151400598	151400889	291	291	34.00	71.00	51.78	49.00	15069.00
chr5	172196431	172197309	878	878	0.00	180.00	45.23	7.00	39715.00
chr3	49152660	49152794	134	134	56.00	92.00	71.28	70.00	9551.00
chr7	5518281	5519950	1669	1669	5.00	93.00	33.30	29.00	55572.00
chr17	16691106	16691449	343	343	0.00	9.00	2.23	2.00	765.00
chr2	220086993	220087172	179	179	126.00	165.00	144.03	144.00	25782.00
chr10	51746916	51748006	1090	1090	0.00	15.00	2.72	1.00	2960.00
chr12	7302118	7302289	171	171	754.00	931.00	841.68	836.00	143928.00
chr11	59562844	59562955	111	111	9.00	62.00	39.55	51.00	4390.00
chr12	6100984	6101184	200	200	8.00	30.00	18.02	18.00	3605.00
chr19	5683274	5683627	353	353	0.00	11.00	5.25	6.00	1853.00
chr12	2786259	2786387	128	128	10.00	33.00	19.53	21.00	2500.00
chr15	26812727	26812880	153	153	92.00	175.00	125.97	129.00	19274.00
chr1	149007980	149008798	818	818	0.00	0.00	0.00	0.00	0.00
chr19	54965608	54965861	253	253	9.00	33.00	19.31	17.00	4885.00
chr8	27293259	27293310	51	51	101.00	122.00	113.25	113.00	5776.00
chr15	23014437	23014528	91	91	85.00	153.00	113.92	113.00	10367.00
chr1	111717500	111717585	85	85	46.00	71.00	59.73	62.00	5077.00
chr6	150157220	150157433	213	213	39.00	87.00	65.86	67.00	14029.00
chr13	114566547	114566670	123	123	27.00	148.00	77.12	66.00	9486.00
chr16	58539291	58539605	314	314	0.00	4.00	0.87	0.00	272.00
chr1	21936612	21936768	156	156	139.00	314.00	206.85	194.50	32268.00
chr1	17322880	17322991	111	111	236.00	393.00	319.56	351.00	35471.00
chr11	60699455	60699599	144	144	582.00	803.00	669.58	636.50	96419.00
chr5	6749669	6749770	101	101	14.00	33.00	23.85	23.00	2409.00
chr16	2156805	2156949	144	144	6.00	13.00	10.04	10.00	1446.00
chr15	34690834	34690930	96	96	1.00	5.00	4.05	4.50	389.00
chr3	11074933	11075425	492	492	0.00	50.00	9.04	1.00	4449.00
chr5	74655222	74655381	159	159	488.00	717.00	577.44	574.00	91813.00
chr20	20022968	20023160	192	192	45.00	131.00	86.31	88.00	16571.00
chr2	39055481	39055578	97	97	88.00	115.00	99.82	100.00	9683.00
chr19	16793231	16793528	297	297	0.00	35.00	8.68	0.00	2579.00
chr2	219205450	219205509	59	59	14.00	20.00	16.17	15.00	954.00
chr17	74087429	74087729	300	300	0.00	1.00	0.33	0.00	100.00
chr3	184058150	184060036	1886	1886	0.00	375.00	43.85	2.00	82707.00
chr6	90333128	90333263	135	135	29.00	44.00	35.44	34.00	4785.00
chr12	125267019	125267429	410	410	0.00	17.00	5.50	3.00	2254.00
chr1	207942580	207943104	524	524	0.00	7.00	3.12	3.00	1636.00
chr4	89356876	89357043	167	167	1.00	5.00	3.59	4.00	600.00
chr7	101995498	101995736	238	238	0.00	5.00	1.99	1.00	473.00
chr3	11067458	11067562	104	104	35.00	49.00	41.63	42.00	4330.00
chr5	95734582	95734740	158	158	0.00	2.00	0.88	1.00	139.00
chr6	152529106	152529341	235	235	25.00	46.00	34.91	35.00	8205.00
chr5	102295578	102295763	185	185	13.00	20.00	15.97	16.00	2955.00
chr22	21072980	21073110	130	130	251.00	450.00	352.95	354.00	45883.00
chr12	121855306	121855714	408	408	96.00	206.00	138.26	134.00	56409.00
chr1	160326389	160326544	155	155	93.00	151.00	125.80	122.00	19499.00
chr11	60670930	60671007	77	77	254.00	317.00	284.34	281.00	21894.00
chr17	79804822	79804948	126	126	400.00	668.00	564.60	571.50	71140.00
chr16	18527204	18527332	128	128	349.00	494.00	434.82	444.00	55657.00
chr16	16372518	16372646	128	128	362.00	517.00	455.91	467.00	58357.00
chr2	32750530	32750695	165	165	9.00	22.00	12.61	12.00	2081.00
chr14	69369193	69369279	86	86	15.00	29.00	21.64	24.00	1861.00
chr7	66418212	66418356	144	144	76.00	121.00	98.31	100.00	14157.00
chr6	44107988	44108097	109	109	220.00	279.00	248.37	250.00	27072.00
chr7	70885893	70886091	198	198	116.00	260.00	182.43	176.00	36122.00
chr8	27295281	27295397	116	116	180.00	286.00	238.93	241.00	27716.00
chr7	73122918	73123018	100	100	931.00	1112.00	1003.26	1005.00	100326.00
chr15	34698874	34699071	197	197	0.00	10.00	3.32	2.00	654.00
chr8	22009343	22009513	170	170	14.00	31.00	22.36	20.00	3802.00
chr7	1526557	1526737	180	180	30.00	81.00	58.21	64.00	10478.00
chr5	178053946	178054065	119	119	1.00	61.00	26.34	29.00	3134.00
chr12	6103027	6103369	342	342	23.00	35.00	28.87	29.00	9875.00
chr2	3479491	3480482	991	991	0.00	7.00	2.29	2.00	2273.00
chr3	33883388	33883566	178	178	47.00	87.00	67.49	66.50	12013.00
chr19	11019778	11019883	105	105	184.00	233.00	206.25	203.00	21656.00
chr7	98446205	98446318	113	113	287.00	511.00	406.58	388.00	45943.00
chr8	106813274	106813932	658	658	5.00	34.00	18.18	17.00	11961.00
chr2	223795338	223795530	192	192	200.00	357.00	268.07	270.00	51469.00
chr7	75511146	75511554	408	408	369.00	706.00	558.89	592.00	228026.00
chr21	40184926	40185038	112	112	5.00	14.00	9.91	11.00	1110.00
chr19	53383575	53385236	1661	1661	6.00	46.00	25.46	24.00	42295.00
chr19	14208130	14208295	165	165	0.00	436.00	258.29	319.00	42618.00
chr15	91461013	91461618	605	605	0.00	82.00	21.39	1.00	12940.00
chr8	145278010	145278133	123	123	27.00	43.00	33.60	33.00	4133.00
chr16	28132990	28133083	93	93	136.00	225.00	173.27	172.00	16114.00
chr11	125280091	125280221	130	130	38.00	71.00	51.64	50.50	6713.00
chr15	63128089	63128317	228	228	2.00	63.00	40.52	45.00	9238.00
chr9	131181435	131181557	122	122	0.00	0.00	0.00	0.00	0.00
chr19	3281196	3281343	147	147	215.00	327.00	269.89	278.00	39674.00
chr11	6240200	6240280	80	80	95.00	113.00	103.80	103.00	8304.00
chr20	31019123	31019287	164	164	24.00	39.00	31.76	32.00	5209.00
chr6	46825865	46827260	1395	1395	0.00	13.00	6.78	7.00	9464.00
chr12	1672006	1672666	660	660	0.00	3.00	1.11	0.00	732.00
chr12	9098824	9099001	177	177	89.00	138.00	111.03	110.00	19652.00
chr7	121738503	121738630	127	127	1.00	3.00	1.67	2.00	212.00
chr19	40875814	40875935	121	121	881.00	1204.00	1037.58	1029.00	125547.00
chr20	3581592	3581671	79	79	99.00	156.00	118.95	119.00	9397.00
chr17	7226965	7227042	77	77	56.00	73.00	63.57	63.00	4895.00
chr2	74331800	74332809	1009	1009	17.00	48.00	31.10	29.00	31382.00
chr1	209785136	209785610	474	474	1.00	66.00	46.21	49.00	21904.00
chr9	35546426	35548532	2106	2106	90.00	270.00	169.48	172.00	356930.00
chr17	80040198	80040290	92	92	1202.00	1518.00	1364.33	1353.00	125518.00
chr11	73074791	73075284	493	493	0.00	75.00	21.44	2.00	10571.00
chr20	44674976	44675075	99	99	21.00	39.00	29.00	29.00	2871.00
chr20	5892091	5892328	237	237	31.00	201.00	129.27	152.00	30636.00
chr17	20316581	20317594	1013	1013	0.00	2.00	0.36	0.00	360.00
chr12	99478702	99478801	99	99	57.00	114.00	79.83	75.00	7903.00
chr17	40842756	40842960	204	204	6.00	16.00	12.20	12.00	2488.00
chr11	107501142	107501288	146	146	252.00	459.00	358.73	363.00	52374.00
chr11	85429236	85429532	296	296	0.00	0.00	0.00	0.00	0.00
chr20	9449217	9449319	102	102	7.00	13.00	9.43	10.00	962.00
chr14	23371395	23371591	196	196	153.00	282.00	231.88	232.00	45448.00
chr7	716865	716957	92	92	1016.00	1617.00	1409.54	1451.00	129678.00
chr10	48862360	48862682	322	322	0.00	73.00	20.46	7.00	6588.00
chr10	68686678	68688210	1532	1532	8.00	50.00	25.99	26.00	39819.00
chr5	179674854	179674926	72	72	42.00	72.00	54.43	54.00	3919.00
chr1	209773327	209773456	129	129	18.00	32.00	25.20	26.00	3251.00
chr17	45691034	45691091	57	57	388.00	443.00	416.16	416.00	23721.00
chr1	19669871	19670118	247	247	0.00	1.00	0.06	0.00	14.00
chr17	45664025	45664710	685	685	0.00	240.00	34.54	5.00	23657.00
chr19	2337634	2338840	1206	1206	0.00	65.00	5.46	2.00	6581.00
chr8	22011480	22011552	72	72	22.00	33.00	27.40	28.00	1973.00
