#chrom	start	end	size	num_data	min	max	mean	median	sum
chr12	1940100	1940691	591	591	61.00	111.00	83.39	84.00	49283.00
chr1	27480473	27481381	908	908	30.00	87.00	59.35	60.00	53886.00
chr15	63112684	63112809	125	125	269.00	384.00	332.58	326.00	41573.00
chr5	149231737	149232254	517	517	9.00	42.00	20.91	19.00	10811.00
chr5	140865429	140867182	1753	1753	15.00	65.00	36.36	36.00	63735.00
chr1	32209793	32209958	165	165	219.00	426.00	326.76	322.00	53916.00
chr16	87873307	87873431	124	124	125.00	221.00	169.61	174.00	21032.00
chr17	34157438	34158175	737	737	3.00	22.00	11.35	11.00	8367.00
chr2	127815619	127816088	469	469	19.00	74.00	40.76	39.00	19115.00
chr1	208212965	208213112	147	147	81.00	140.00	112.82	114.00	16584.00
chr22	19703883	19704666	783	783	12.00	72.00	40.57	42.00	31768.00
chr16	87872319	87872423	104	104	119.00	158.00	141.89	143.00	14757.00
chr9	140055740	140055868	128	128	1457.00	1871.00	1709.68	1736.00	218839.00
chr22	21096515	21096643	128	128	609.00	745.00	678.42	686.50	86838.00
chr9	140056321	140056540	219	219	4.00	2205.00	1394.85	1689.00	305473.00
chr11	78379981	78380253	272	272	15.00	41.00	25.94	25.00	7055.00
chr3	11070420	11070533	113	113	304.00	362.00	338.12	337.00	38207.00
chr1	109812554	109813222	668	668	4.00	520.00	224.32	278.00	149849.00
chr2	220161954	220162155	201	201	754.00	1219.00	1022.56	1013.00	205535.00
chr15	74706887	74707086	199	199	120.00	180.00	147.54	149.00	29360.00
chr17	7318829	7319426	597	597	201.00	423.00	317.99	331.00	189842.00
chr1	21560050	21560154	104	104	47.00	70.00	60.75	63.50	6318.00
chr1	25573799	25573952	153	153	6.00	366.00	241.20	287.00	36903.00
chr14	93198993	93199160	167	167	103.00	170.00	143.47	146.00	23959.00
chr1	205554003	205554119	116	116	172.00	303.00	224.37	209.00	26027.00
chr1	9795005	9795232	227	227	1896.00	3001.00	2486.31	2535.00	564392.00
chr17	42426525	42426670	145	145	63.00	113.00	93.44	95.00	13549.00
chr18	70205887	70206179	292	292	3.00	282.00	104.58	6.00	30538.00
chr1	205553082	205553251	169	169	304.00	401.00	360.31	358.00	60893.00
chr9	140056623	140056766	143	143	11.00	1832.00	1268.34	1475.00	181373.00
chr6	33412147	33412394	247	247	7.00	619.00	342.70	475.00	84647.00
chr12	89992366	89992547	181	181	1.00	793.00	583.09	662.00	105539.00
chr2	220088827	220089576	749	749	92.00	221.00	156.74	164.00	117395.00
chr14	100763073	100765222	2149	2149	12.00	85.00	41.05	40.00	88227.00
chr1	110740697	110742543	1846	1846	4.00	1109.00	651.44	630.00	1202550.00
chr1	149878201	149879758	1557	1557	7.00	1722.00	364.18	35.00	567029.00
chr3	197264139	197265259	1120	1120	5.00	41.00	21.22	19.00	23763.00
chr8	56449623	56450530	907	907	12.00	61.00	31.81	32.00	28849.00
chr9	139354208	139354326	118	118	66.00	96.00	79.15	79.00	9340.00
chr1	32204908	32205236	328	328	442.00	660.00	548.62	544.00	179947.00
chr7	75608768	75608897	129	129	127.00	178.00	153.20	158.00	19763.00
chr19	45161029	45161178	149	149	59.00	94.00	72.16	70.00	10752.00
chr19	5243911	5244493	582	582	104.00	320.00	186.97	185.50	108819.00
chr6	32119585	32119717	132	132	18.00	514.00	305.14	355.00	40279.00
chr3	42670878	42672067	1189	1189	1.00	27.00	13.00	13.00	15455.00
chr11	45892392	45892485	93	93	178.00	263.00	213.28	208.00	19835.00
chr17	80040789	80040991	202	202	430.00	682.00	531.57	538.50	107377.00
chr2	74902875	74903036	161	161	62.00	86.00	74.46	75.00	11988.00
chr17	38335969	38337946	1977	1977	6.00	234.00	32.59	22.00	64439.00
chr16	87870103	87870253	150	150	127.00	171.00	148.42	147.00	22263.00
chr1	32205947	32206142	195	195	482.00	651.00	557.75	538.00	108761.00
chr6	44117553	44117702	149	149	9.00	310.00	183.97	224.00	27411.00
chr1	159163659	159163830	171	171	1047.00	1304.00	1210.08	1227.00	206923.00
chr3	445565	446023	458	458	6.00	27.00	15.55	14.00	7123.00
chr2	25048913	25048995	82	82	120.00	166.00	151.43	153.50	12417.00
chr10	99504485	99504672	187	187	96.00	138.00	117.80	120.00	22029.00
chr4	54364807	54365010	203	203	101.00	175.00	140.39	140.00	28500.00
chr17	1634367	1634552	185	185	20.00	59.00	35.77	30.00	6617.00
chr7	72416124	72416247	123	123	30.00	151.00	90.32	81.00	11109.00
chr1	208212169	208212329	160	160	66.00	113.00	86.71	88.00	13874.00
chr9	140952500	140952702	202	202	69.00	150.00	96.44	90.00	19480.00
chr6	44197325	44197528	203	203	150.00	212.00	175.57	175.00	35641.00
chr6	44197643	44198218	575	575	31.00	149.00	69.03	55.00	39693.00
chr11	118981972	118982084	112	112	189.00	245.00	211.33	209.50	23669.00
chr5	150503846	150503952	106	106	4.00	2162.00	1482.05	1857.50	157097.00
chr11	118981761	118981878	117	117	239.00	333.00	278.81	275.00	32621.00
chr11	126314873	126315000	127	127	71.00	110.00	91.73	87.00	11650.00
chr1	159165808	159166244	436	436	7.00	1158.00	232.40	28.00	101327.00
chr7	134893542	134893750	208	208	26.00	57.00	42.12	41.00	8762.00
chr9	121976196	121976433	237	237	149.00	345.00	242.15	254.00	57389.00
chr19	54691042	54691169	127	127	310.00	468.00	374.56	351.00	47569.00
chr22	38621430	38621600	170	170	205.00	321.00	265.11	272.00	45068.00
chr13	42035681	42036205	524	524	2.00	20.00	11.70	12.00	6133.00
chr20	1915360	1915413	53	53	15.00	1425.00	919.98	1102.00	48759.00
chr5	14496987	14497126	139	139	140.00	281.00	196.29	179.00	27285.00
chr12	56528125	56528212	87	87	77.00	124.00	104.55	113.00	9096.00
chr3	47466974	47467101	127	127	64.00	98.00	83.77	85.00	10639.00
chr17	7415476	7415663	187	187	116.00	175.00	147.81	150.00	27641.00
chr3	33588037	33589252	1215	1215	1.00	25.00	12.41	11.00	15075.00
chr7	887833	888615	782	782	14.00	83.00	36.51	30.00	28550.00
chr10	24813251	24813693	442	442	33.00	100.00	65.47	67.00	28939.00
chr1	109812045	109812213	168	168	242.00	441.00	319.95	303.00	53751.00
chr19	15276597	15276902	305	305	54.00	89.00	69.69	70.00	21254.00
chr16	2334779	2334999	220	220	175.00	251.00	208.24	207.50	45813.00
chr16	68404761	68405261	500	500	18.00	47.00	34.20	35.00	17102.00
chr4	110969111	110969871	760	760	16.00	73.00	30.94	24.00	23516.00
chr1	145693161	145693996	835	835	11.00	67.00	38.17	39.00	31874.00
chr7	44282848	44282932	84	84	812.00	961.00	875.38	874.00	73532.00
chr2	220164315	220164508	193	193	27.00	738.00	311.15	44.00	60052.00
chr12	50472203	50472360	157	157	82.00	112.00	99.41	101.00	15607.00
chr2	220163768	220163833	65	65	800.00	1103.00	963.48	991.00	62626.00
chr2	222289928	222290862	934	934	162.00	316.00	235.20	236.00	219673.00
chr12	57599133	57599268	135	135	271.00	441.00	324.83	319.00	43852.00
chr7	157475416	157475629	213	213	348.00	467.00	410.59	417.00	87456.00
chr1	32203800	32203927	127	127	389.00	821.00	596.54	649.00	75761.00
chr1	109811731	109811912	181	181	369.00	495.00	429.83	437.00	77800.00
chr9	140052830	140052975	145	145	1080.00	3048.00	2139.22	2399.00	310187.00
chr2	220161706	220161854	148	148	798.00	1482.00	1118.55	1129.00	165545.00
chr16	29896906	29897070	164	164	524.00	803.00	712.25	731.00	116809.00
chr16	47143393	47143622	229	229	63.00	100.00	85.86	87.00	19663.00
chr11	993753	993985	232	232	227.00	459.00	344.12	330.00	79836.00
chr9	124059698	124061137	1439	1439	1.00	32.00	14.51	15.00	20874.00
chr9	140350140	140350634	494	494	4.00	52.00	28.70	29.00	14176.00
chr11	14504577	14504697	120	120	66.00	98.00	81.12	82.00	9735.00
chr3	49898612	49898733	121	121	646.00	1016.00	860.63	870.00	104136.00
chr9	131811659	131811777	118	118	65.00	101.00	81.19	77.00	9581.00
chr9	131810705	131810818	113	113	74.00	101.00	90.92	93.00	10274.00
chr1	223400935	223401080	145	145	113.00	206.00	170.86	175.00	24774.00
chr12	125612185	125612820	635	635	7.00	164.00	36.91	17.00	23441.00
chr2	220088590	220088744	154	154	119.00	192.00	155.81	150.50	23995.00
chr9	70888487	70888750	263	263	3.00	21.00	12.05	11.00	3168.00
chr14	69813756	69813898	142	142	163.00	216.00	188.27	187.50	26734.00
chr2	47399145	47399890	745	745	8.00	214.00	37.31	33.00	27796.00
chr11	62688689	62689041	352	352	10.00	290.00	85.96	30.00	30259.00
chr6	43745205	43745407	202	202	3.00	86.00	55.96	53.00	11303.00
chr3	11072492	11072997	505	505	5.00	566.00	121.18	32.00	61196.00
chr7	2696031	2696168	137	137	222.00	316.00	276.64	285.00	37899.00
chr16	14969196	14969279	83	83	612.00	1134.00	910.10	961.00	75538.00
chr17	7377847	7378026	179	179	3.00	9.00	5.92	6.00	1059.00
chr12	65639640	65639719	79	79	61.00	97.00	76.04	71.00	6007.00
chr12	50294912	50295108	196	196	1628.00	3255.00	2055.31	1915.50	402840.00
chr19	42485653	42485788	135	135	2439.00	3519.00	2992.45	2905.00	403981.00
chr10	99509230	99509343	113	113	129.00	234.00	172.99	176.00	19548.00
chr22	38883877	38888120	4243	4243	50.00	794.00	255.11	237.00	1082428.00
chr12	49416372	49416658	286	286	75.00	133.00	102.04	99.50	29183.00
chr6	24843089	24843782	693	693	28.00	62.00	46.59	48.00	32288.00
chr5	176295561	176295665	104	104	208.00	329.00	253.74	248.00	26389.00
chr10	99510087	99510227	140	140	151.00	250.00	195.78	186.00	27409.00
chr1	159173658	159174770	1112	1112	21.00	154.00	53.12	44.00	59068.00
chr11	1780745	1780869	124	124	1074.00	1427.00	1263.05	1306.00	156618.00
chr19	42486059	42486258	199	199	1921.00	2796.00	2294.87	2297.00	456680.00
chr3	47465422	47465535	113	113	75.00	115.00	94.73	94.00	10704.00
chr1	21573713	21573856	143	143	30.00	61.00	38.80	38.00	5548.00
chr11	65320330	65320453	123	123	111.00	144.00	130.97	131.00	16109.00
chr3	47462420	47462519	99	99	132.00	258.00	215.37	243.00	21322.00
chr2	219204751	219204864	113	113	122.00	178.00	160.57	161.00	18144.00
chr1	43906123	43906257	134	134	19.00	42.00	33.95	34.00	4549.00
chr7	38785158	38785840	682	682	7.00	269.00	36.38	17.00	24814.00
chr2	153499932	153500058	126	126	92.00	144.00	126.37	132.00	15922.00
chr1	32203011	32203132	121	121	13.00	589.00	433.76	513.00	52485.00
chr22	42290823	42290941	118	118	346.00	761.00	621.55	632.00	73343.00
chr19	47940718	47940818	100	100	459.00	796.00	655.85	628.00	65585.00
chr4	119539150	119539274	124	124	12.00	30.00	23.08	26.00	2862.00
chr17	44117067	44117250	183	183	56.00	83.00	70.64	70.00	12927.00
chr19	42485873	42485983	110	110	1901.00	2519.00	2297.44	2328.50	252718.00
chr6	44114583	44114664	81	81	151.00	207.00	178.56	173.00	14463.00
chr19	47941105	47941292	187	187	11.00	832.00	433.98	557.00	81154.00
chr11	73074250	73074500	250	250	190.00	252.00	219.63	220.50	54907.00
chr3	33418764	33418825	61	61	221.00	270.00	247.70	251.00	15110.00
chr1	700258	700505	247	247	24.00	103.00	55.94	49.00	13816.00
chr9	74319510	74319719	209	209	25.00	53.00	36.90	34.00	7713.00
chr16	2336694	2336968	274	274	175.00	433.00	309.27	327.50	84739.00
chr20	3575125	3575219	94	94	91.00	155.00	116.89	116.00	10988.00
chr9	139231377	139231529	152	152	63.00	116.00	87.68	90.00	13327.00
chr5	140515951	140516498	547	547	4.00	21.00	12.62	13.00	6904.00
chr1	21938208	21938309	101	101	484.00	633.00	561.29	560.00	56690.00
chr3	155659188	155659936	748	748	12.00	118.00	71.96	80.00	53828.00
chr16	27483068	27483241	173	173	102.00	182.00	143.76	142.00	24870.00
chr11	994071	994245	174	174	111.00	306.00	234.30	247.50	40768.00
chr7	71175745	71175913	168	168	440.00	602.00	514.84	520.00	86493.00
chr12	121204065	121204175	110	110	157.00	214.00	189.09	190.00	20800.00
chr7	73118679	73118753	74	74	1012.00	1265.00	1152.19	1159.00	85262.00
chr9	140972565	140972710	145	145	77.00	105.00	91.21	93.00	13225.00
chr12	121683329	121684024	695	695	4.00	33.00	20.89	22.00	14518.00
chr16	74493579	74493687	108	108	120.00	174.00	151.73	145.00	16387.00
chr2	36771518	36771641	123	123	112.00	138.00	125.34	124.00	15417.00
chr7	94187181	94187996	815	815	17.00	54.00	34.20	34.00	27877.00
chr14	94156951	94157239	288	288	2.00	7.00	4.98	5.00	1434.00
chr7	121739000	121739524	524	524	0.00	16.00	7.23	7.00	3791.00
chr1	19549117	19549328	211	211	105.00	171.00	134.23	130.00	28323.00
chr19	5214571	5214747	176	176	254.00	537.00	322.78	307.00	56810.00
chr19	42557753	42557861	108	108	135.00	168.00	154.99	156.50	16739.00
chr15	102510686	102510925	239	239	3.00	25.00	15.52	15.00	3710.00
chr5	167673761	167675376	1615	1615	23.00	153.00	75.07	74.00	121235.00
chr7	44282158	44282253	95	95	868.00	1079.00	971.58	956.00	92300.00
chr2	160621061	160621717	656	656	6.00	106.00	24.14	18.00	15833.00
chr5	10426501	10426634	133	133	217.00	348.00	303.78	318.00	40403.00
chr16	1814301	1814460	159	159	574.00	686.00	624.40	625.00	99280.00
chr11	21581734	21581928	194	194	109.00	179.00	141.94	136.50	27537.00
chr3	126749085	126749255	170	170	126.00	198.00	164.99	166.50	28049.00
chr11	12237765	12237866	101	101	380.00	480.00	428.45	428.00	43273.00
chr6	31750872	31750963	91	91	126.00	185.00	165.86	165.00	15093.00
chr3	53124201	53124398	197	197	7.00	19.00	13.45	14.00	2649.00
chr2	220161470	220161544	74	74	1164.00	1426.00	1342.91	1371.50	99375.00
chr2	128951046	128951785	739	739	9.00	76.00	41.55	39.00	30703.00
chr5	24535811	24535931	120	120	87.00	122.00	103.75	103.00	12450.00
chr1	44083406	44083582	176	176	182.00	280.00	222.74	211.50	39202.00
chr1	32207653	32207818	165	165	366.00	565.00	429.62	403.00	70887.00
chr12	7293754	7294000	246	246	7.00	1096.00	657.34	940.00	161705.00
chr3	131442289	131442469	180	180	110.00	157.00	134.65	137.00	24237.00
chr3	49898871	49899298	427	427	49.00	1159.00	488.51	648.00	208594.00
chr16	66432358	66432464	106	106	24.00	36.00	28.60	28.00	3032.00
chr1	20982593	20982680	87	87	275.00	352.00	308.24	299.00	26817.00
chr16	68398653	68398809	156	156	25.00	43.00	36.00	37.50	5616.00
chr17	16676818	16678279	1461	1461	5.00	35.00	20.76	21.00	30325.00
chr1	109814899	109815027	128	128	271.00	430.00	358.59	361.50	45900.00
chr1	21940478	21940582	104	104	685.00	838.00	761.24	747.00	79169.00
chr20	57468284	57468793	509	509	14.00	37.00	27.39	27.00	13944.00
chr3	127358087	127358366	279	279	221.00	458.00	351.51	359.00	98071.00
chr3	126735359	126735527	168	168	114.00	157.00	136.25	136.00	22890.00
chr10	103869140	103869264	124	124	279.00	419.00	346.85	352.50	43010.00
chr20	44520554	44520666	112	112	147.00	197.00	173.46	171.00	19428.00
chr1	32203252	32203356	104	104	357.00	477.00	416.00	406.00	43264.00
chr21	40186196	40186316	120	120	277.00	346.00	316.36	322.00	37963.00
chr5	111067153	111068349	1196	1196	7.00	53.00	26.45	24.00	31636.00
chr9	128002954	128003186	232	232	311.00	537.00	419.91	440.50	97418.00
chr1	43408896	43408992	96	96	193.00	274.00	228.89	229.00	21973.00
chr3	47463931	47464026	95	95	119.00	146.00	132.52	132.00	12589.00
chr2	220161160	220161238	78	78	1067.00	1289.00	1183.53	1176.00	92315.00
chr11	62472772	62473089	317	317	1096.00	2291.00	1558.46	1448.00	494033.00
chr9	130986341	130986906	565	565	9.00	607.00	148.50	22.00	83902.00
chr14	69358769	69359000	231	231	221.00	305.00	255.80	255.00	59089.00
chr11	64416205	64416379	174	174	136.00	178.00	155.02	153.50	26974.00
chr17	8398454	8398559	105	105	339.00	426.00	383.49	384.00	40266.00
chr12	53572943	53574193	1250	1250	8.00	49.00	26.97	26.00	33716.00
chr17	17696544	17701827	5283	5283	34.00	189.00	86.89	84.00	459033.00
chr8	11705187	11705331	144	144	925.00	1378.00	1197.67	1211.50	172465.00
chr19	54963829	54963931	102	102	237.00	359.00	284.05	267.00	28973.00
chr2	70451682	70456295	4613	4613	0.00	113.00	30.31	27.00	139807.00
chr11	118873959	118874169	210	210	9.00	22.00	15.78	14.00	3314.00
chr10	75548427	75548581	154	154	67.00	103.00	82.40	81.00	12689.00
chr6	33414351	33414563	212	212	312.00	611.00	499.13	526.00	105815.00
chr17	80042910	80043032	122	122	241.00	295.00	271.13	272.50	33078.00
chr11	11470290	11470483	193	193	42.00	68.00	54.30	55.00	10479.00
chr8	23294446	23294771	325	325	104.00	233.00	146.83	138.00	47721.00
chr1	116932060	116932663	603	603	4.00	2916.00	889.30	14.00	536246.00
chr15	83222627	83222741	114	114	77.00	109.00	96.75	100.00	11029.00
chr3	9841562	9841751	189	189	13.00	28.00	20.79	21.00	3929.00
chr1	116937731	116937907	176	176	1696.00	3171.00	2079.98	1977.00	366076.00
chr16	87868019	87868197	178	178	122.00	164.00	142.75	141.00	25410.00
chr3	124209540	124209731	191	191	419.00	601.00	507.34	498.00	96901.00
chr7	71142195	71142291	96	96	422.00	549.00	490.74	489.00	47111.00
chr5	130497324	130497584	260	260	5.00	31.00	21.87	24.00	5685.00
chr13	100199238	100199358	120	120	259.00	367.00	312.27	306.00	37472.00
chr5	139943336	139943506	170	170	10.00	257.00	209.34	210.50	35588.00
chr17	74395529	74396002	473	473	107.00	231.00	169.25	168.00	80055.00
chr14	93179149	93179216	67	67	130.00	168.00	151.61	152.00	10158.00
chr4	160277004	160277310	306	306	44.00	267.00	140.90	145.00	43116.00
chr17	40666306	40666478	172	172	834.00	1290.00	1044.72	1019.00	179692.00
chr15	34828065	34828207	142	142	10.00	273.00	192.68	213.00	27361.00
chr14	100165802	100165876	74	74	364.00	428.00	390.72	391.50	28913.00
chr22	20128089	20128231	142	142	10.00	180.00	104.61	146.50	14854.00
chr12	3392210	3394421	2211	2211	6.00	121.00	58.14	54.00	128552.00
chr17	16687866	16690667	2801	2801	5.00	134.00	29.96	26.00	83904.00
chr6	31664724	31664810	86	86	135.00	169.00	149.66	149.00	12871.00
chr6	30627512	30627611	99	99	45.00	77.00	61.40	64.00	6079.00
chr11	18752834	18755060	2226	2226	12.00	780.00	108.86	65.00	242317.00
chr12	109332602	109332731	129	129	338.00	484.00	400.94	401.00	51721.00
chr6	90072884	90073110	226	226	7.00	31.00	18.96	19.00	4286.00
chr16	2689371	2689711	340	340	0.00	5.00	0.80	0.00	272.00
chr1	20987373	20987484	111	111	230.00	329.00	285.41	288.00	31681.00
chr14	85985300	85986667	1367	1367	5.00	29.00	15.69	16.00	21451.00
chr13	32863769	32863880	111	111	126.00	162.00	135.70	135.00	15063.00
chr16	1510418	1510528	110	110	83.00	130.00	107.61	108.00	11837.00
chr19	54963269	54963444	175	175	295.00	479.00	365.31	352.00	63930.00
chr6	44224078	44224233	155	155	47.00	72.00	60.54	62.00	9383.00
chr20	3151172	3152285	1113	1113	11.00	57.00	36.94	38.00	41114.00
chr1	892273	892405	132	132	129.00	266.00	179.95	177.00	23753.00
chr16	90192167	90192724	557	557	7.00	72.00	40.84	42.00	22750.00
chr9	111663704	111663810	106	106	73.00	109.00	84.15	83.00	8920.00
chr6	44108764	44108835	71	71	204.00	239.00	219.27	218.00	15568.00
chr1	36028802	36029027	225	225	1782.00	2836.00	2240.28	2165.00	504063.00
chr11	66807259	66807674	415	415	23.00	243.00	168.40	167.00	69884.00
chr1	178426817	178427679	862	862	31.00	77.00	52.04	51.00	44859.00
chr19	42482302	42482478	176	176	2188.00	3479.00	2515.31	2441.50	442694.00
chr1	44084718	44084873	155	155	159.00	330.00	241.05	215.00	37363.00
chr1	109812315	109812442	127	127	248.00	340.00	283.68	279.00	36027.00
chr3	180324268	180324391	123	123	73.00	115.00	100.41	100.00	12350.00
chr15	63933668	63933842	174	174	115.00	290.00	192.08	158.00	33422.00
chr20	44521363	44521519	156	156	196.00	250.00	220.91	220.50	34462.00
chr3	33416779	33416910	131	131	104.00	224.00	156.90	151.00	20554.00
chr1	21934624	21934843	219	219	7.00	777.00	380.45	502.00	83318.00
chr14	69799801	69799886	85	85	104.00	142.00	130.14	132.00	11062.00
chr1	116936134	116936345	211	211	4.00	2525.00	2026.09	2207.00	427506.00
chr14	23634493	23634645	152	152	48.00	89.00	64.82	61.00	9853.00
chr16	1402538	1402947	409	409	4.00	27.00	13.35	11.00	5460.00
chr9	20331	25000	4669	4669	0.00	104.00	29.59	27.00	138173.00
chr17	43545574	43545959	385	385	12.00	36.00	25.63	26.00	9867.00
chr13	100201418	100201476	58	58	283.00	331.00	314.40	316.50	18235.00
chr15	41865505	41865665	160	160	253.00	551.00	385.11	371.00	61618.00
chr19	19641688	19642196	508	508	6.00	27.00	16.08	17.00	8171.00
chr11	134147593	134148159	566	566	11.00	49.00	25.21	25.00	14269.00
chr2	71656420	71657290	870	870	3.00	51.00	23.67	22.00	20589.00
chr7	97834775	97835016	241	241	145.00	232.00	196.26	204.00	47299.00
chr19	13363804	13363915	111	111	88.00	135.00	111.00	112.00	12321.00
chr18	31328383	31329011	628	628	4.00	33.00	15.05	14.00	9450.00
chr16	66431884	66432009	125	125	16.00	26.00	20.95	21.00	2619.00
chr19	47935155	47935702	547	547	3.00	937.00	350.95	437.00	191972.00
chr12	50291769	50291873	104	104	1335.00	1916.00	1551.21	1556.00	161326.00
chr11	1780198	1780317	119	119	613.00	1219.00	833.79	822.00	99221.00
chr15	65392626	65393167	541	541	11.00	36.00	23.07	23.00	12480.00
chr2	86397871	86397967	96	96	97.00	157.00	131.38	140.00	12612.00
chr7	97866087	97866233	146	146	128.00	202.00	172.15	175.00	25134.00
chr11	60687157	60687402	245	245	118.00	192.00	158.91	163.00	38932.00
chr21	43307700	43309453	1753	1753	11.00	82.00	40.46	39.00	70931.00
chr14	24619269	24619657	388	388	29.00	70.00	45.40	45.00	17615.00
chr11	65320634	65320727	93	93	82.00	115.00	98.77	96.00	9186.00
chr16	29891184	29891385	201	201	681.00	962.00	807.30	802.00	162267.00
chr1	32207224	32207326	102	102	663.00	906.00	779.10	780.50	79468.00
chr11	72300218	72300394	176	176	12.00	414.00	152.15	26.00	26779.00
chr17	7608878	7609038	160	160	46.00	168.00	118.69	130.00	18991.00
chr19	7607646	7607814	168	168	163.00	230.00	196.57	198.00	33023.00
chr19	54966129	54966271	142	142	212.00	342.00	298.24	317.00	42350.00
chr12	57995027	57995131	104	104	195.00	236.00	214.37	214.00	22294.00
chr1	27428875	27429049	174	174	99.00	136.00	118.64	117.00	20644.00
chr2	27688277	27688385	108	108	49.00	70.00	58.52	58.00	6320.00
chr16	2691449	2692254	805	805	0.00	17.00	2.12	2.00	1706.00
chr9	131503813	131503933	120	120	359.00	435.00	401.76	404.50	48211.00
chr16	2347766	2347922	156	156	185.00	279.00	227.64	232.00	35512.00
chr17	80039884	80040036	152	152	322.00	404.00	372.43	376.50	56610.00
chr1	32204432	32204538	106	106	504.00	807.00	665.42	655.50	70535.00
chr12	9242951	9243078	127	127	167.00	233.00	204.17	205.00	25929.00
chr3	49702661	49702751	90	90	236.00	351.00	306.26	304.50	27563.00
chr19	35820359	35820837	478	478	4.00	16.00	10.54	10.00	5039.00
chr1	201456762	201457615	853	853	3.00	28.00	13.77	14.00	11745.00
chr16	2334279	2334438	159	159	157.00	220.00	191.25	194.00	30409.00
chr10	73578373	73578481	108	108	3161.00	3969.00	3523.99	3490.00	380591.00
chr16	18530550	18530756	206	206	0.00	921.00	422.40	578.50	87014.00
chr16	16369094	16369300	206	206	0.00	941.00	432.48	606.00	89091.00
chr13	113975636	113975785	149	149	7.00	354.00	156.17	14.00	23270.00
chr11	119293822	119294227	405	405	16.00	6246.00	568.91	42.00	230409.00
chr5	150505962	150506041	79	79	1329.00	1910.00	1676.46	1672.00	132440.00
chr22	44224939	44225078	139	139	957.00	1237.00	1059.97	1058.00	147336.00
chr15	41865199	41865309	110	110	303.00	401.00	348.24	339.00	38306.00
chr17	25633807	25636298	2491	2491	18.00	492.00	200.01	238.00	498231.00
chr15	72495155	72495529	374	374	24.00	3592.00	1447.36	37.00	541314.00
chr9	42540272	42542124	1852	1852	3.00	27.00	14.12	14.00	26154.00
chr11	119290760	119291704	944	944	8.00	7681.00	1900.10	33.00	1793691.00
chr19	5219949	5220165	216	216	207.00	293.00	246.23	243.00	53185.00
chr15	63910769	63911153	384	384	0.00	17.00	10.93	11.50	4196.00
chr17	74393879	74393969	90	90	153.00	217.00	180.88	177.00	16279.00
chr10	104129467	104129532	65	65	134.00	161.00	153.09	155.00	9951.00
chr3	142454224	142454620	396	396	2.00	15.00	7.96	7.00	3153.00
chr12	121205196	121205396	200	200	170.00	250.00	206.81	210.00	41363.00
chr3	31705570	31705724	154	154	19.00	39.00	28.90	30.00	4451.00
chr6	118635190	118636593	1403	1403	22.00	194.00	119.75	119.00	168006.00
chr8	10339867	10340829	962	962	8.00	43.00	23.47	24.00	22579.00
chr19	16952578	16952779	201	201	94.00	201.00	159.08	161.00	31975.00
chr8	110984486	110985016	530	530	122.00	219.00	162.95	165.00	86361.00
chr9	128001219	128001610	391	391	363.00	806.00	636.39	692.00	248829.00
chr11	73070878	73070997	119	119	187.00	232.00	214.25	217.00	25496.00
chr10	104130140	104130235	95	95	105.00	150.00	129.74	134.00	12325.00
chr5	95733039	95733173	134	134	137.00	215.00	169.77	167.50	22749.00
chr19	59059400	59059547	147	147	237.00	336.00	285.22	282.00	41928.00
chr5	139943169	139943255	86	86	10.00	189.00	133.98	144.00	11522.00
chr17	73487771	73487981	210	210	64.00	151.00	98.67	98.00	20721.00
chr1	154315588	154315777	189	189	36.00	62.00	47.20	46.00	8921.00
chr14	95652726	95653070	344	344	1.00	12.00	7.16	7.00	2463.00
chr12	123639801	123640772	971	971	12.00	49.00	29.10	31.00	28260.00
chr22	47064870	47065171	301	301	7.00	19.00	12.89	12.00	3879.00
chr5	24535220	24535388	168	168	67.00	97.00	80.35	78.50	13498.00
chr12	6806452	6806958	506	506	154.00	485.00	288.50	295.50	145980.00
chr22	29881711	29881836	125	125	313.00	359.00	336.26	336.00	42033.00
chr7	75894681	75894786	105	105	54.00	102.00	81.06	86.00	8511.00
chr12	121089007	121095893	6886	6886	15.00	244.00	82.15	74.00	565654.00
chr1	207940357	207942365	2008	2008	5.00	198.00	39.17	28.00	78662.00
chr7	154681166	154681240	74	74	378.00	540.00	455.62	454.50	33716.00
chr5	131696513	131697529	1016	1016	3.00	25.00	13.69	13.00	13911.00
chr11	1776135	1776258	123	123	436.00	1016.00	668.21	613.00	82190.00
chr8	11706554	11706673	119	119	921.00	1126.00	1039.04	1047.00	123646.00
chr11	18759426	18759511	85	85	367.00	444.00	399.67	398.00	33972.00
chr16	61689373	61689625	252	252	66.00	118.00	89.23	87.50	22485.00
chr15	51750702	51750824	122	122	152.00	191.00	173.87	176.00	21212.00
chr9	35555056	35555698	642	642	207.00	552.00	351.39	347.00	225592.00
chr2	198356200	198356621	421	421	2.00	17.00	8.50	8.00	3580.00
chr9	131001723	131001794	71	71	3044.00	4035.00	3624.11	3660.00	257312.00
chr19	5214371	5214491	120	120	377.00	564.00	482.02	456.00	57842.00
chr22	35719488	35719623	135	135	121.00	179.00	162.10	169.00	21883.00
chr12	121678738	121679829	1091	1091	13.00	68.00	31.05	28.00	33880.00
chr14	23820960	23821064	104	104	1719.00	2199.00	2023.84	2066.50	210479.00
chr1	32205710	32205779	69	69	472.00	613.00	546.59	560.00	37715.00
chr3	33420176	33420326	150	150	11.00	244.00	88.23	13.00	13234.00
chr9	114820707	114820966	259	259	34.00	77.00	51.63	51.00	13371.00
chr15	41865876	41866023	147	147	30.00	601.00	484.01	509.00	71149.00
chr19	55554308	55554637	329	329	0.00	25.00	13.13	14.00	4319.00
chr1	116933403	116933513	110	110	2036.00	2579.00	2324.63	2321.00	255709.00
chr19	15374230	15374359	129	129	86.00	118.00	100.46	102.00	12959.00
chr12	56090682	56090852	170	170	50.00	69.00	60.28	61.00	10248.00
chr14	69445668	69445876	208	208	63.00	249.00	155.95	169.50	32437.00
chr12	57603474	57603651	177	177	213.00	429.00	307.75	315.00	54472.00
chr22	32897492	32898946	1454	1454	13.00	176.00	68.62	60.00	99772.00
chr16	16367702	16367764	62	62	15.00	559.00	296.56	336.50	18387.00
chr19	5245786	5246056	270	270	147.00	302.00	212.97	219.00	57501.00
chr16	74345440	74345829	389	389	7.00	19.00	13.42	14.00	5221.00
chr6	107096899	107097076	177	177	27.00	54.00	36.17	32.00	6402.00
chr1	29641883	29642019	136	136	46.00	101.00	72.89	70.50	9913.00
chr8	97342440	97342509	69	69	167.00	225.00	191.16	187.00	13190.00
chr8	68116914	68117054	140	140	74.00	105.00	87.59	87.00	12263.00
chr22	22037470	22037546	76	76	48.00	69.00	58.64	57.50	4457.00
chr22	50682147	50683420	1273	1273	9.00	128.00	79.94	80.00	101763.00
chr20	44048971	44049069	98	98	156.00	208.00	181.99	183.00	17835.00
chr1	36904356	36904511	155	155	39.00	86.00	57.80	58.00	8959.00
chr12	71054719	71054877	158	158	98.00	141.00	115.63	115.00	18270.00
chr15	50654364	50655515	1151	1151	2.00	19.00	9.72	9.00	11187.00
chr2	234198499	234198620	121	121	54.00	116.00	88.74	93.00	10738.00
chr9	128001699	128001812	113	113	359.00	479.00	412.05	414.00	46562.00
chr8	38272296	38272419	123	123	91.00	120.00	102.90	102.00	12657.00
chr11	73068069	73068179	110	110	144.00	227.00	183.85	186.00	20223.00
chr16	28123137	28123327	190	190	164.00	219.00	191.09	194.00	36308.00
chr12	49424062	49424222	160	160	31.00	71.00	49.58	49.50	7932.00
chr19	50302885	50303023	138	138	358.00	559.00	453.01	420.50	62515.00
chr19	42480567	42480718	151	151	3545.00	5479.00	4479.65	4530.00	676427.00
chr3	197904395	197905301	906	906	1.00	75.00	27.74	29.00	25134.00
chr13	100189992	100190117	125	125	187.00	252.00	227.94	229.00	28492.00
chr19	14268062	14268272	210	210	260.00	446.00	354.68	360.00	74483.00
chr10	93786886	93787057	171	171	50.00	77.00	62.86	64.00	10749.00
chr1	109808726	109808828	102	102	182.00	294.00	234.04	228.00	23872.00
chr4	134075461	134075520	59	59	153.00	228.00	184.25	189.00	10871.00
chr1	22052268	22053864	1596	1596	5.00	42.00	23.28	24.00	37147.00
chr9	140056855	140056968	113	113	1509.00	1909.00	1741.56	1734.00	196796.00
chr19	42482087	42482224	137	137	3545.00	4940.00	4168.25	4212.00	571050.00
chr19	4556962	4557025	63	63	510.00	606.00	570.92	572.00	35968.00
chr19	14266921	14267013	92	92	297.00	407.00	362.07	362.00	33310.00
chr22	42273851	42274127	276	276	6.00	933.00	460.65	504.00	127139.00
chr1	205549788	205550049	261	261	203.00	369.00	265.95	254.00	69413.00
chr1	110765585	110766522	937	937	78.00	213.00	137.85	134.00	129164.00
chr19	55553595	55554158	563	563	10.00	31.00	18.89	18.00	10633.00
chr7	150929881	150931360	1479	1479	33.00	123.00	59.73	55.00	88342.00
chr3	124215157	124215260	103	103	403.00	629.00	540.12	571.00	55632.00
chr16	58220658	58220760	102	102	83.00	103.00	93.03	93.00	9489.00
chr3	10381925	10382033	108	108	550.00	800.00	706.07	717.00	76256.00
chr10	11356101	11356221	120	120	69.00	110.00	90.80	92.00	10896.00
chr22	42294652	42294785	133	133	496.00	787.00	677.09	713.00	90053.00
chr1	2005531	2005714	183	183	14.00	89.00	56.33	60.00	10308.00
chr12	113722522	113722576	54	54	37.00	51.00	44.11	45.00	2382.00
chr9	131502198	131502398	200	200	9.00	502.00	424.96	454.00	84993.00
chr19	40873602	40873786	184	184	1554.00	2059.00	1819.15	1834.00	334723.00
chr2	220162606	220162825	219	219	388.00	844.00	613.66	604.00	134392.00
chr16	28270027	28270355	328	328	10.00	61.00	43.65	43.00	14317.00
chr4	3225718	3225858	140	140	134.00	177.00	153.89	154.00	21545.00
chr17	44127898	44128070	172	172	57.00	76.00	64.11	63.00	11027.00
chr3	47462043	47462262	219	219	79.00	243.00	126.64	112.00	27735.00
chr6	99873090	99873182	92	92	10.00	310.00	133.05	121.50	12241.00
chr7	142561723	142562504	781	781	325.00	931.00	550.48	490.00	429922.00
chr1	159169540	159169666	126	126	1025.00	1444.00	1252.21	1311.50	157778.00
chr19	7606869	7606953	84	84	96.00	119.00	107.73	108.00	9049.00
chr16	2811561	2818298	6737	6737	12.00	631.00	303.63	305.00	2045537.00
chr3	47450652	47450807	155	155	65.00	93.00	77.92	77.00	12077.00
chr11	118403631	118403922	291	291	150.00	217.00	174.00	173.00	50634.00
chr1	205555161	205555335	174	174	194.00	288.00	241.48	242.00	42017.00
chr12	125603186	125603311	125	125	131.00	163.00	144.98	146.00	18123.00
chr11	86658288	86659498	1210	1210	8.00	37.00	20.32	20.00	24592.00
chr22	37764946	37768745	3799	3799	6.00	461.00	170.01	149.00	645881.00
chr10	46345664	46346215	551	551	10.00	44.00	27.95	30.00	15399.00
chr22	33673045	33673241	196	196	193.00	400.00	268.68	242.50	52661.00
chr9	140042599	140042666	67	67	19.00	394.00	320.15	331.00	21450.00
chr3	48717233	48717320	87	87	142.00	184.00	168.87	171.00	14692.00
chr11	60681600	60681740	140	140	13.00	150.00	74.59	64.00	10442.00
chr10	93784512	93784724	212	212	37.00	67.00	50.42	49.00	10689.00
chr12	7289424	7290372	948	948	4.00	946.00	245.33	21.00	232572.00
chr3	132387062	132387526	464	464	4.00	21.00	12.26	12.00	5688.00
chr16	2335442	2335647	205	205	192.00	320.00	254.15	254.00	52101.00
chr16	1794782	1797276	2494	2494	9.00	673.00	86.03	43.00	214565.00
chr16	3786036	3786204	168	168	107.00	141.00	122.30	120.00	20547.00
chr9	141131209	141131766	557	557	1.00	32.00	14.45	17.00	8050.00
chr14	92965028	92966015	987	987	14.00	46.00	30.16	31.00	29766.00
chr19	54692070	54692200	130	130	170.00	494.00	316.47	265.00	41141.00
chr15	43866006	43866230	224	224	123.00	214.00	165.60	162.50	37095.00
chr3	40231316	40231954	638	638	57.00	107.00	82.34	82.00	52533.00
chr3	50148937	50149455	518	518	9.00	56.00	29.40	25.00	15229.00
chr4	81117505	81117755	250	250	47.00	94.00	73.14	76.00	18285.00
chr10	46740404	46740638	234	234	1.00	27.00	15.08	19.00	3529.00
chr3	124210169	124210271	102	102	344.00	518.00	429.08	431.00	43766.00
chr11	107488830	107488932	102	102	304.00	384.00	339.32	337.00	34611.00
chr9	130591965	130592106	141	141	61.00	91.00	75.38	77.00	10629.00
chr1	20981932	20982027	95	95	248.00	324.00	280.11	276.00	26610.00
chr12	75875613	75875859	246	246	34.00	62.00	47.21	48.00	11614.00
chr22	32046684	32046764	80	80	70.00	114.00	101.20	107.00	8096.00
chr11	70331418	70331658	240	240	34.00	138.00	85.52	89.50	20524.00
chr14	51079976	51080069	93	93	361.00	452.00	405.33	404.00	37696.00
chr17	80041077	80041301	224	224	271.00	783.00	524.25	534.00	117433.00
chr7	158540884	158540971	87	87	128.00	203.00	158.01	156.00	13747.00
chr1	21553651	21553719	68	68	51.00	84.00	66.32	66.00	4510.00
chr2	219206256	219206349	93	93	108.00	161.00	132.46	128.00	12319.00
chr17	18444211	18445242	1031	1031	5.00	35.00	17.96	18.00	18518.00
chr12	57599340	57599460	120	120	258.00	333.00	292.36	289.50	35083.00
chr11	64417919	64418110	191	191	180.00	338.00	291.38	310.00	55654.00
chr19	3274926	3275650	724	724	12.00	56.00	31.53	33.00	22827.00
chr16	18532086	18532305	219	219	733.00	1207.00	952.84	937.00	208672.00
chr17	3776702	3776756	54	54	530.00	716.00	672.09	678.00	36293.00
chr1	116932670	116933033	363	363	5.00	3202.00	1482.02	2296.00	537973.00
chr16	1505731	1505796	65	65	160.00	225.00	206.91	215.00	13449.00
chr1	9794029	9794200	171	171	2393.00	3045.00	2756.89	2785.00	471429.00
chr10	73579221	73579379	158	158	2418.00	4180.00	3284.09	3515.50	518887.00
chr11	6411684	6412146	462	462	21.00	147.00	87.40	92.00	40378.00
chr1	159163212	159163350	138	138	860.00	1305.00	1007.32	976.00	139010.00
chr16	1816723	1816804	81	81	477.00	624.00	553.51	554.00	44834.00
chr7	91722399	91722630	231	231	5.00	107.00	81.73	83.00	18879.00
chr7	44281816	44281939	123	123	878.00	1084.00	960.91	955.00	118192.00
chr2	220467189	220467297	108	108	17.00	30.00	24.06	25.00	2599.00
chr16	4494664	4494729	65	65	190.00	230.00	210.63	210.00	13691.00
chr15	34681844	34681986	142	142	7.00	418.00	267.83	280.50	38032.00
chr9	139995935	139996124	189	189	81.00	162.00	121.59	122.00	22980.00
chr3	180324040	180324160	120	120	87.00	110.00	99.62	100.50	11954.00
chr3	42678359	42681242	2883	2883	38.00	152.00	77.13	72.00	222372.00
chr7	131812776	131815333	2557	2557	3.00	109.00	55.95	50.00	143059.00
chr20	1585387	1585522	135	135	33.00	429.00	249.84	269.00	33729.00
chr3	126751229	126751442	213	213	142.00	202.00	170.02	170.00	36214.00
chr15	63920875	63921014	139	139	139.00	254.00	184.17	180.00	25600.00
chr16	2040128	2040202	74	74	81.00	224.00	151.69	148.00	11225.00
chr9	74324174	74324390	216	216	23.00	42.00	31.50	31.00	6804.00
chr20	44521858	44521950	92	92	192.00	239.00	210.74	210.00	19388.00
chr9	139911647	139911798	151	151	225.00	362.00	288.48	284.00	43560.00
chr9	140055507	140055649	142	142	1531.00	3044.00	2297.42	2100.00	326234.00
chr12	120148055	120148191	136	136	153.00	243.00	188.79	189.00	25676.00
chr12	50474280	50474372	92	92	96.00	140.00	116.77	115.00	10743.00
chr15	63125702	63125828	126	126	158.00	284.00	205.15	200.00	25849.00
chr9	20907148	20907241	93	93	101.00	126.00	116.19	117.00	10806.00
chr16	87874655	87874761	106	106	133.00	208.00	169.69	160.00	17987.00
chr2	162833269	162833460	191	191	13.00	732.00	383.39	564.00	73228.00
chr8	11704560	11704677	117	117	627.00	923.00	775.65	778.00	90751.00
chr15	63926931	63927087	156	156	175.00	284.00	245.41	264.00	38284.00
chr6	31668718	31668805	87	87	112.00	156.00	129.70	123.00	11284.00
chr7	148910792	148910906	114	114	36.00	75.00	55.96	59.00	6379.00
chr14	42355808	42357213	1405	1405	33.00	150.00	83.95	82.00	117943.00
chr10	88678928	88679226	298	298	17.00	38.00	25.71	25.00	7661.00
chr3	140998219	140998346	127	127	49.00	91.00	71.70	70.00	9106.00
chr1	144859758	144859998	240	240	82.00	143.00	118.30	121.00	28392.00
chr9	96054772	96055455	683	683	52.00	264.00	150.52	158.00	102807.00
chr19	7604803	7604944	141	141	123.00	199.00	148.31	141.00	20912.00
chr12	30906277	30907432	1155	1155	9.00	81.00	51.24	50.00	59187.00
chr9	131112762	131112854	92	92	139.00	247.00	192.57	198.50	17716.00
chr20	61981328	61982379	1051	1051	36.00	117.00	71.51	70.00	75157.00
chr7	38431348	38431618	270	270	306.00	640.00	448.77	451.50	121168.00
chr20	44521036	44521123	87	87	159.00	216.00	182.56	183.00	15883.00
chr11	64418726	64419108	382	382	140.00	328.00	249.46	256.50	95293.00
chr12	120148344	120150270	1926	1926	12.00	287.00	58.88	33.00	113411.00
chr12	6930971	6931066	95	95	19.00	563.00	325.01	339.00	30876.00
chr16	2339434	2339621	187	187	129.00	283.00	170.34	148.00	31853.00
chr2	27700083	27700187	104	104	28.00	46.00	35.03	34.00	3643.00
chr14	69805367	69805494	127	127	106.00	165.00	139.43	142.00	17707.00
chr12	9242497	9242619	122	122	178.00	238.00	222.67	226.00	27166.00
chr3	58256658	58256791	133	133	66.00	161.00	102.65	99.00	13652.00
chr10	79744927	79745098	171	171	76.00	132.00	95.38	92.00	16310.00
chr1	159161725	159161866	141	141	593.00	1013.00	849.07	915.00	119719.00
chr16	31085202	31085519	317	317	6.00	41.00	26.47	28.00	8392.00
chr1	171755018	171755218	200	200	37.00	70.00	54.71	57.00	10942.00
chr9	130988124	130989280	1156	1156	6.00	2338.00	288.92	50.00	333989.00
chr15	63127935	63127998	63	63	169.00	211.00	185.59	182.00	11692.00
chr19	1917676	1917821	145	145	12.00	122.00	93.80	102.00	13601.00
chr22	25315792	25315960	168	168	58.00	160.00	98.08	80.50	16478.00
chr2	207943790	207945085	1295	1295	14.00	76.00	44.18	43.00	57211.00
chr11	47330706	47330952	246	246	15.00	556.00	259.95	35.00	63947.00
chr3	142743978	142746095	2117	2117	6.00	124.00	25.61	22.00	54211.00
chr7	44839492	44839694	202	202	6.00	18.00	11.26	10.00	2275.00
chr22	31688260	31688471	211	211	8.00	123.00	84.18	100.00	17762.00
chr11	66333492	66333638	146	146	372.00	485.00	447.15	451.50	65284.00
chr9	131114916	131115026	110	110	238.00	281.00	259.91	260.00	28590.00
chr1	20206	21013	807	807	10.00	104.00	53.38	50.00	43074.00
chr11	108216469	108216635	166	166	20.00	37.00	30.08	31.00	4993.00
chr1	209778880	209779019	139	139	215.00	278.00	248.84	253.00	34589.00
chr1	202935876	202936026	150	150	128.00	231.00	177.70	173.00	26655.00
chr12	57600255	57600524	269	269	248.00	339.00	295.35	300.00	79448.00
chr19	15233503	15233615	112	112	55.00	97.00	73.58	77.00	8241.00
chr8	68115317	68115486	169	169	73.00	145.00	113.03	117.00	19102.00
chr19	13419229	13419342	113	113	71.00	137.00	111.87	115.00	12641.00
chr6	33266815	33267130	315	315	3.00	27.00	15.83	16.00	4987.00
chr16	89780611	89781646	1035	1035	3.00	67.00	32.03	31.00	33147.00
chr12	109964162	109964221	59	59	68.00	86.00	75.34	74.00	4445.00
chr22	24491893	24492045	152	152	45.00	101.00	77.39	84.00	11764.00
chr2	242592926	242593025	99	99	175.00	249.00	199.91	200.00	19791.00
chr1	21937944	21938074	130	130	584.00	1100.00	904.25	983.00	117553.00
chr2	223789173	223789313	140	140	245.00	345.00	301.42	306.00	42199.00
chr20	3772318	3772535	217	217	15.00	41.00	26.51	25.00	5752.00
chr16	18531918	18532001	83	83	933.00	1257.00	1108.06	1127.00	91969.00
chr1	43396296	43396537	241	241	166.00	231.00	198.13	199.00	47750.00
chr2	100037960	100038115	155	155	18.00	64.00	44.09	48.00	6834.00
chr16	1500497	1500770	273	273	2.00	168.00	93.41	135.00	25502.00
chr19	40876016	40876144	128	128	1391.00	2076.00	1695.05	1625.50	216966.00
chr5	168112691	168112932	241	241	19.00	57.00	33.98	32.00	8189.00
chr2	127825738	127825831	93	93	404.00	503.00	453.65	452.00	42189.00
chr1	19232015	19234990	2975	2975	9.00	109.00	42.97	40.00	127831.00
chr16	1391129	1391196	67	67	379.00	517.00	445.67	451.00	29860.00
chr6	33410665	33411689	1024	1024	8.00	362.00	183.51	175.00	187911.00
chr9	95872033	95872266	233	233	3.00	9.00	5.61	5.00	1308.00
chr1	53378627	53378839	212	212	12.00	32.00	23.28	24.00	4936.00
chr2	80531276	80531693	417	417	21.00	81.00	54.17	56.00	22588.00
chr7	44286718	44286791	73	73	729.00	871.00	796.47	796.00	58142.00
chr7	157369304	157369471	167	167	542.00	662.00	593.38	588.00	99094.00
chr11	18755079	18755191	112	112	17.00	436.00	277.60	352.50	31091.00
chr6	86237979	86238080	101	101	125.00	185.00	155.85	157.00	15741.00
chr8	145000951	145001050	99	99	61.00	118.00	82.47	73.00	8165.00
chr19	45167680	45167966	286	286	10.00	33.00	20.45	20.00	5848.00
chr10	48930165	48930400	235	235	3.00	23.00	12.18	10.00	2863.00
chr16	87871450	87871547	97	97	119.00	174.00	147.40	156.00	14298.00
chr1	109815454	109815649	195	195	276.00	438.00	343.68	338.00	67017.00
chr1	208215442	208215711	269	269	72.00	193.00	135.14	137.00	36353.00
chr2	260866	261451	585	585	5.00	33.00	18.01	17.00	10538.00
chr5	180481266	180481724	458	458	12.00	51.00	30.30	30.00	13877.00
chr7	73119479	73119631	152	152	13.00	1738.00	693.37	17.00	105392.00
chr15	34677248	34677358	110	110	287.00	577.00	404.55	374.50	44500.00
chr16	57687114	57687247	133	133	38.00	67.00	49.59	50.00	6596.00
chr15	50649406	50649592	186	186	3.00	11.00	6.58	8.00	1224.00
chr22	21071995	21072066	71	71	1539.00	1735.00	1630.10	1628.00	115737.00
chr5	179200882	179201561	679	679	11.00	40.00	24.44	23.00	16595.00
chr10	98763824	98763979	155	155	155.00	195.00	172.77	171.00	26780.00
chr14	102963315	102963457	142	142	101.00	139.00	118.82	119.50	16872.00
chr1	21932558	21933138	580	580	8.00	803.00	177.36	39.00	102867.00
chr16	28118842	28118998	156	156	129.00	214.00	169.24	170.50	26401.00
chr1	241767561	241767881	320	320	79.00	117.00	94.41	94.00	30211.00
chr11	66812063	66812184	121	121	121.00	211.00	163.82	162.00	19822.00
chr11	12248571	12248678	107	107	419.00	592.00	511.23	528.00	54702.00
chr9	130588788	130588951	163	163	48.00	79.00	64.17	66.00	10460.00
chr22	21068915	21068988	73	73	1293.00	1785.00	1575.59	1599.00	115018.00
chr1	43424304	43424531	227	227	20.00	263.00	191.94	219.00	43571.00
chr14	105852021	105853670	1649	1649	14.00	167.00	42.74	41.00	70471.00
chr15	34823469	34823579	110	110	304.00	635.00	448.05	420.50	49286.00
chr11	171365	172282	917	917	1.00	75.00	27.78	28.00	25476.00
chr22	24493976	24494155	179	179	54.00	101.00	76.66	71.00	13723.00
chr15	79291060	79291167	107	107	462.00	595.00	532.59	536.00	56987.00
chr16	2145904	2146194	290	290	14.00	38.00	22.43	21.00	6505.00
chr9	131503050	131503166	116	116	366.00	494.00	424.36	417.50	49226.00
chr11	61301983	61302579	596	596	22.00	60.00	43.09	45.00	25682.00
chr22	25308609	25308719	110	110	78.00	108.00	91.57	92.00	10073.00
chr12	63977826	63979986	2160	2160	0.00	40.00	17.40	16.00	37591.00
chr19	46928844	46930933	2089	2089	6.00	423.00	189.45	194.00	395760.00
chr16	56969146	56969224	78	78	151.00	212.00	186.22	191.00	14525.00
chr17	40665787	40665996	209	209	9.00	1700.00	718.59	1079.00	150185.00
chr9	131669435	131671600	2165	2165	74.00	200.00	129.82	126.00	281051.00
chr2	220164026	220164271	245	245	18.00	1051.00	338.81	32.00	83008.00
chr19	7589846	7590052	206	206	65.00	117.00	92.44	96.50	19043.00
chr6	91260186	91260268	82	82	67.00	94.00	79.67	78.00	6533.00
chr9	124543742	124543830	88	88	183.00	235.00	209.67	215.00	18451.00
chr12	54071005	54071170	165	165	6.00	33.00	22.17	24.00	3658.00
chr2	40443	41212	769	769	5.00	43.00	20.51	21.00	15775.00
chr11	67852159	67852747	588	588	11.00	55.00	32.15	33.00	18902.00
chr8	8233762	8234810	1048	1048	16.00	86.00	50.23	55.00	52638.00
chr2	175671113	175672148	1035	1035	4.00	26.00	11.91	11.00	12326.00
chr7	138984922	138985438	516	516	3.00	16.00	8.93	9.00	4607.00
chr22	40816850	40817104	254	254	65.00	166.00	138.27	144.00	35120.00
chr19	14263120	14263249	129	129	286.00	351.00	319.32	323.00	41192.00
chr19	16962222	16962345	123	123	108.00	306.00	217.10	225.00	26703.00
chr1	109813838	109813918	80	80	265.00	340.00	296.73	289.50	23738.00
chr3	49898148	49898562	414	414	7.00	963.00	465.26	746.50	192619.00
chr17	17131202	17131510	308	308	16.00	135.00	97.48	106.00	30025.00
chr1	21936067	21936139	72	72	383.00	569.00	456.19	419.00	32846.00
chr3	130424404	130424615	211	211	37.00	63.00	50.49	51.00	10653.00
chr12	56532710	56532797	87	87	102.00	121.00	112.37	111.00	9776.00
chr16	29888591	29888788	197	197	583.00	968.00	752.81	736.00	148303.00
chr2	114394588	114396196	1608	1608	1.00	39.00	17.08	17.00	27469.00
chr3	124180736	124180803	67	67	282.00	325.00	302.70	303.00	20281.00
chr9	111798485	111798660	175	175	63.00	99.00	79.28	78.00	13874.00
chr10	73847897	73848372	475	475	26.00	1309.00	560.73	550.00	266347.00
chr22	21075585	21075706	121	121	804.00	1676.00	1388.89	1478.00	168056.00
chr22	20920753	20921104	351	351	49.00	160.00	89.27	80.00	31333.00
chr9	140953020	140953185	165	165	84.00	157.00	125.43	123.00	20696.00
chr22	41620970	41621075	105	105	86.00	108.00	98.22	98.00	10313.00
chr11	6243671	6243839	168	168	54.00	87.00	73.92	75.00	12419.00
chr15	74704225	74704353	128	128	123.00	194.00	169.30	185.00	21670.00
chr3	48719780	48719985	205	205	111.00	207.00	163.18	155.00	33451.00
chr1	222833247	222833348	101	101	69.00	127.00	95.17	96.00	9612.00
chr1	6583675	6584824	1149	1149	7.00	46.00	29.49	30.00	33889.00
chr11	126135857	126135976	119	119	266.00	366.00	325.22	323.00	38701.00
chr8	75156763	75157410	647	647	39.00	85.00	60.48	59.00	39128.00
chr15	83345212	83345389	177	177	232.00	307.00	268.92	270.00	47598.00
chr14	68031638	68032561	923	923	3.00	28.00	13.76	12.00	12702.00
chr19	42479780	42479949	169	169	3087.00	4739.00	3938.36	3802.00	665583.00
chr16	31503329	31503407	78	78	228.00	284.00	246.83	246.00	19253.00
chr17	1564564	1564700	136	136	250.00	337.00	291.79	290.00	39684.00
chr16	58717858	58718082	224	224	26.00	45.00	33.39	31.00	7480.00
chr14	71575320	71575763	443	443	33.00	84.00	60.06	60.00	26605.00
chr1	202934498	202934628	130	130	102.00	166.00	129.34	125.50	16814.00
chr7	73118477	73118586	109	109	860.00	1144.00	987.32	989.00	107618.00
chr19	13365908	13366073	165	165	78.00	118.00	94.71	96.00	15627.00
chr10	102265117	102265958	841	841	21.00	76.00	41.27	37.00	34709.00
chr9	139983320	139983457	137	137	128.00	177.00	149.50	148.00	20481.00
chr18	29206245	29206347	102	102	169.00	228.00	192.46	185.50	19631.00
chr12	120578662	120578827	165	165	63.00	81.00	72.38	73.00	11943.00
chr5	757516	758226	710	710	9.00	48.00	31.55	34.00	22403.00
chr8	21632483	21632567	84	84	51.00	78.00	62.75	61.00	5271.00
chr4	54011499	54011749	250	250	30.00	65.00	44.20	43.00	11049.00
chr8	141680613	141681365	752	752	2.00	31.00	17.71	18.00	13321.00
chr11	57367351	57367850	499	499	19.00	143.00	67.14	61.00	33505.00
chr12	63980009	63980784	775	775	6.00	34.00	16.61	15.00	12870.00
chr9	140057042	140057203	161	161	27.00	2099.00	1743.95	1867.00	280776.00
chr2	7055953	7056098	145	145	53.00	89.00	72.15	75.00	10462.00
chr12	52387768	52389043	1275	1275	14.00	384.00	184.62	166.00	235387.00
chr19	50104931	50105175	244	244	31.00	129.00	59.48	50.00	14513.00
chr19	5218430	5218543	113	113	299.00	496.00	418.31	421.00	47269.00
chr16	29898969	29899138	169	169	401.00	562.00	480.70	486.00	81238.00
chr7	99030900	99031041	141	141	31.00	53.00	41.90	42.00	5908.00
chr17	36692926	36693212	286	286	6.00	27.00	17.44	18.00	4987.00
chr15	73857770	73859335	1565	1565	15.00	94.00	54.62	55.00	85473.00
chr6	44104085	44104176	91	91	160.00	226.00	187.04	179.00	17021.00
chr1	21938518	21938602	84	84	588.00	875.00	761.86	800.50	63996.00
chr19	13423482	13423595	113	113	60.00	89.00	78.68	82.00	8891.00
chr16	70292882	70293089	207	207	699.00	994.00	867.74	874.00	179623.00
chr18	61060641	61060782	141	141	80.00	111.00	97.87	98.00	13799.00
chr16	22269814	22270016	202	202	14.00	27.00	20.70	21.00	4181.00
chr1	21554423	21554534	111	111	53.00	77.00	64.38	64.00	7146.00
chr9	140057255	140057455	200	200	38.00	2204.00	1514.74	1871.00	302949.00
chr7	1488255	1488397	142	142	22.00	48.00	37.11	38.00	5270.00
chr14	100166351	100166438	87	87	357.00	407.00	384.26	385.00	33431.00
chr9	101065522	101065705	183	183	378.00	614.00	515.64	520.00	94363.00
chr5	68411752	68412041	289	289	34.00	84.00	59.21	62.00	17111.00
chr1	2452539	2452754	215	215	74.00	182.00	104.79	87.00	22529.00
chr1	21564626	21564737	111	111	80.00	112.00	99.15	99.00	11006.00
chr13	42037713	42039066	1353	1353	8.00	37.00	19.85	18.00	26859.00
chr2	114350236	114350443	207	207	7.00	40.00	23.09	23.00	4780.00
chr1	21939668	21939722	54	54	658.00	816.00	748.09	766.00	40397.00
chr9	139353895	139354007	112	112	61.00	93.00	78.79	78.00	8824.00
chr7	102176367	102176618	251	251	10.00	18.00	14.00	14.00	3513.00
chr3	51411753	51412018	265	265	3.00	315.00	112.16	10.00	29723.00
chr17	73888091	73888266	175	175	8.00	35.00	18.39	14.00	3219.00
chr13	103297258	103297435	177	177	2.00	87.00	45.52	70.00	8057.00
chr15	63922664	63922834	170	170	179.00	281.00	230.32	226.00	39155.00
chr3	33400774	33400849	75	75	168.00	244.00	214.31	209.00	16073.00
chr22	50671744	50671955	211	211	60.00	131.00	89.05	87.00	18790.00
chr1	21190968	21191205	237	237	267.00	341.00	299.34	299.00	70943.00
chr5	14481649	14481727	78	78	170.00	199.00	185.47	186.00	14467.00
chr15	101605556	101606410	854	854	29.00	77.00	53.19	55.00	45422.00
chr17	80040402	80040554	152	152	374.00	546.00	444.08	418.00	67500.00
chr2	132269293	132270897	1604	1604	3.00	72.00	37.97	37.00	60906.00
chr11	1778553	1778786	233	233	815.00	1364.00	1120.98	1158.00	261189.00
chr11	1469616	1469808	192	192	19.00	51.00	35.96	39.00	6904.00
chr12	120138549	120138630	81	81	204.00	251.00	225.05	220.00	18229.00
chr7	901016	901101	85	85	156.00	283.00	222.29	236.00	18895.00
chr19	13372263	13372424	161	161	122.00	213.00	166.33	170.00	26779.00
chr17	40843154	40843311	157	157	372.00	584.00	482.99	480.00	75830.00
chr17	80039476	80039719	243	243	346.00	540.00	419.37	415.00	101907.00
chr17	16681109	16687365	6256	6256	2.00	131.00	49.47	46.00	309471.00
chr1	116935475	116935610	135	135	2066.00	2826.00	2452.73	2456.00	331119.00
chr6	128294808	128294972	164	164	105.00	243.00	190.15	198.00	31184.00
chr5	109189927	109190617	690	690	3.00	18.00	9.11	9.00	6287.00
chr15	40757533	40757634	101	101	15.00	82.00	56.73	57.00	5730.00
chr2	220164706	220164981	275	275	686.00	1432.00	1076.24	1060.00	295966.00
chr3	164905164	164908639	3475	3475	6.00	120.00	55.41	54.00	192542.00
chr11	60699157	60699356	199	199	120.00	508.00	359.89	369.00	71619.00
chr2	96680301	96680717	416	416	5.00	16.00	10.18	10.00	4236.00
chr17	40845314	40845554	240	240	372.00	610.00	483.88	464.00	116132.00
chr12	125264513	125265391	878	878	5.00	44.00	19.36	16.00	17001.00
chr1	156623704	156624158	454	454	9.00	22.00	14.21	14.00	6451.00
chr6	108370456	108370622	166	166	72.00	130.00	92.01	87.00	15273.00
chr11	19180486	19180587	101	101	19.00	35.00	28.18	27.00	2846.00
chr19	42489069	42489338	269	269	869.00	2063.00	1628.00	1768.00	437933.00
chr2	198274493	198274731	238	238	134.00	236.00	184.80	185.00	43982.00
chr6	47220991	47221257	266	266	109.00	267.00	211.26	225.00	56195.00
chr19	40872679	40872822	143	143	1971.00	2901.00	2467.96	2541.00	352918.00
chr19	54693278	54693627	349	349	5.00	117.00	62.57	67.00	21838.00
chr12	81929	82174	245	245	11.00	41.00	30.29	33.00	7420.00
chr21	45513943	45514114	171	171	63.00	111.00	82.95	76.00	14185.00
chr3	124201630	124201747	117	117	2.00	625.00	417.50	501.00	48848.00
chr17	79805118	79805223	105	105	292.00	367.00	331.57	329.00	34815.00
chr20	46307419	46307548	129	129	62.00	112.00	78.16	74.00	10083.00
chr17	38187790	38187873	83	83	107.00	150.00	127.81	126.00	10608.00
chr2	207452814	207452878	64	64	385.00	451.00	410.47	407.50	26270.00
chr17	45695715	45695823	108	108	368.00	427.00	391.01	391.00	42229.00
chr7	44283023	44283126	103	103	765.00	900.00	828.01	833.00	85285.00
chr20	62274975	62275284	309	309	8.00	2602.00	1233.82	1706.00	381251.00
chr11	108202605	108202764	159	159	15.00	34.00	24.94	27.00	3965.00
chr9	140051314	140051489	175	175	794.00	1332.00	1023.09	996.00	179040.00
chr22	45574118	45574781	663	663	55.00	135.00	84.10	85.00	55759.00
chr15	79312382	79312446	64	64	234.00	269.00	256.00	255.50	16384.00
chr1	21940120	21940199	79	79	636.00	742.00	678.13	679.00	53572.00
chr17	3775847	3775921	74	74	481.00	755.00	636.05	657.50	47068.00
chr7	73133931	73134019	88	88	25.00	1585.00	545.01	404.50	47961.00
chr11	72292920	72292991	71	71	422.00	496.00	458.49	454.00	32553.00
chr7	43547616	43547730	114	114	141.00	190.00	167.62	171.50	19109.00
chr16	58713760	58714145	385	385	18.00	47.00	33.54	32.00	12912.00
chr22	21083600	21083794	194	194	896.00	1398.00	1168.71	1193.50	226729.00
chr11	66457275	66457414	139	139	468.00	666.00	557.92	557.00	77551.00
chr15	91561034	91561115	81	81	38.00	51.00	44.78	45.00	3627.00
chr11	2968525	2969001	476	476	5.00	26.00	12.58	12.00	5987.00
chr19	34869838	34869910	72	72	1755.00	2205.00	1940.06	1903.50	139684.00
chr9	121970996	121971219	223	223	234.00	321.00	284.78	287.00	63506.00
chr3	47449772	47449980	208	208	5.00	125.00	79.70	102.00	16577.00
chr12	57601820	57601999	179	179	279.00	656.00	479.77	482.00	85878.00
chr16	2345590	2345741	151	151	229.00	321.00	281.01	284.00	42432.00
chr12	50471782	50471910	128	128	80.00	141.00	120.05	129.00	15367.00
chr1	109814221	109814344	123	123	321.00	472.00	422.50	429.00	51968.00
chr19	16942304	16942458	154	154	78.00	115.00	98.51	101.00	15170.00
chr11	66333301	66333398	97	97	390.00	517.00	438.93	441.00	42576.00
chr5	74026084	74026223	139	139	80.00	107.00	94.11	94.00	13081.00
chr5	68417520	68417722	202	202	42.00	87.00	65.78	67.00	13288.00
chr19	15272262	15272525	263	263	36.00	54.00	45.06	44.00	11851.00
chr3	45872404	45872482	78	78	150.00	204.00	179.74	181.00	14020.00
chr7	73123374	73123452	78	78	1607.00	2026.00	1885.18	1942.00	147044.00
chr5	14498197	14498360	163	163	166.00	243.00	210.84	212.00	34367.00
chr14	93180167	93180230	63	63	121.00	169.00	147.90	144.00	9318.00
chr9	130984739	130984875	136	136	2732.00	4226.00	3419.99	3202.00	465118.00
chr13	31216764	31216894	130	130	29.00	47.00	36.95	37.00	4804.00
chr12	112614399	112614506	107	107	93.00	226.00	189.79	187.00	20307.00
chr12	57602865	57602982	117	117	453.00	711.00	561.44	550.00	65688.00
chr14	72976861	72976987	126	126	81.00	140.00	100.42	99.50	12653.00
chr1	155209406	155209553	147	147	86.00	150.00	111.03	107.00	16322.00
chr10	49633930	49634113	183	183	140.00	193.00	167.49	167.00	30650.00
chr16	84100093	84100218	125	125	143.00	211.00	176.29	179.00	22036.00
chr1	155207924	155208097	173	173	106.00	161.00	130.01	123.00	22492.00
chr12	2786898	2787033	135	135	17.00	64.00	40.20	36.00	5427.00
chr2	233755457	233756197	740	740	15.00	1135.00	218.64	52.00	161797.00
chr14	60631894	60632099	205	205	107.00	205.00	154.53	146.00	31678.00
chr1	11151549	11151654	105	105	65.00	106.00	89.06	89.00	9351.00
chr4	134076071	134076178	107	107	212.00	267.00	243.84	246.00	26091.00
chr15	91420364	91420441	77	77	138.00	177.00	154.09	151.00	11865.00
chr5	114961533	114961755	222	222	1.00	43.00	26.98	30.00	5989.00
chr16	1814047	1814211	164	164	1.00	575.00	292.26	467.50	47930.00
chr18	44250463	44252581	2118	2118	30.00	183.00	91.69	90.00	194204.00
chr6	158049380	158049518	138	138	42.00	59.00	49.70	48.50	6858.00
chr19	7675585	7675679	94	94	57.00	77.00	69.01	70.50	6487.00
chr13	99461604	99461719	115	115	3.00	209.00	130.11	130.00	14963.00
chr11	130010829	130011467	638	638	12.00	1968.00	221.41	24.00	141261.00
chr11	107526658	107526792	134	134	396.00	506.00	442.98	442.00	59359.00
chr16	1391294	1391490	196	196	298.00	425.00	344.40	340.00	67502.00
chr1	38182716	38184158	1442	1442	4.00	105.00	67.84	68.00	97826.00
chr5	179231023	179231323	300	300	15.00	30.00	22.16	22.50	6647.00
chr14	69814593	69814719	126	126	129.00	223.00	175.92	182.00	22166.00
chr14	69349174	69349309	135	135	209.00	285.00	242.14	240.00	32689.00
chr19	7614792	7614998	206	206	169.00	253.00	214.64	220.00	44216.00
chr1	228270375	228270466	91	91	2.00	1589.00	490.46	201.00	44632.00
chr1	38186022	38186315	293	293	10.00	73.00	46.18	56.00	13530.00
chr13	77641715	77641999	284	284	304.00	461.00	381.54	394.00	108357.00
chr14	100157417	100157498	81	81	127.00	258.00	175.67	157.00	14229.00
chr13	32978280	32979333	1053	1053	19.00	114.00	44.05	38.00	46386.00
chr12	7301567	7301794	227	227	780.00	1093.00	946.35	959.00	214821.00
chr9	123583116	123583257	141	141	36.00	50.00	42.57	43.00	6002.00
chr17	26883183	26883284	101	101	60.00	106.00	81.72	86.00	8254.00
chr12	6972993	6973137	144	144	274.00	406.00	339.08	340.00	48827.00
chr20	34322310	34322637	327	327	3.00	22.00	12.61	12.00	4124.00
chr19	7606407	7606570	163	163	109.00	159.00	135.61	138.00	22105.00
chr16	2333186	2333373	187	187	2.00	367.00	275.93	321.00	51598.00
chr12	113825548	113825711	163	163	76.00	229.00	152.39	142.00	24840.00
chr7	4802013	4807749	5736	5736	7.00	109.00	52.95	51.00	303704.00
chr1	43394880	43394985	105	105	176.00	242.00	211.12	214.00	22168.00
chr19	4554399	4554488	89	89	371.00	555.00	489.58	519.00	43573.00
chr16	31719139	31719372	233	233	7.00	26.00	16.38	17.00	3816.00
chr5	134060669	134061744	1075	1075	11.00	45.00	27.45	28.00	29510.00
chr1	202936318	202936371	53	53	5.00	171.00	89.00	106.00	4717.00
chr2	220087366	220087615	249	249	189.00	317.00	257.90	253.00	64217.00
chr2	36764494	36764689	195	195	74.00	122.00	99.48	99.00	19399.00
chr7	43519208	43519343	135	135	134.00	197.00	170.54	169.00	23023.00
chr10	51249585	51249993	408	408	4.00	28.00	13.04	11.00	5319.00
chr6	32123647	32123755	108	108	116.00	178.00	133.35	128.50	14402.00
chr3	118624442	118624692	250	250	2.00	37.00	15.21	8.00	3803.00
chr1	190129797	190130020	223	223	39.00	70.00	51.64	53.00	11516.00
chr9	131004491	131004624	133	133	12.00	3929.00	3060.91	3433.00	407101.00
chr22	33679187	33679334	147	147	212.00	272.00	240.75	238.00	35390.00
chr15	74709931	74710016	85	85	151.00	288.00	203.51	190.00	17298.00
chr7	6470110	6470238	128	128	38.00	55.00	45.57	46.00	5833.00
chr1	6640600	6641359	759	759	18.00	55.00	34.87	35.00	26469.00
chr16	31510622	31510728	106	106	179.00	223.00	204.97	207.50	21727.00
chr4	103710287	103711803	1516	1516	8.00	47.00	23.31	23.00	35341.00
chr19	2862339	2862746	407	407	7.00	22.00	13.66	13.00	5560.00
chr2	15467873	15467994	121	121	54.00	78.00	66.55	67.00	8053.00
chr2	36780721	36781492	771	771	6.00	33.00	18.51	20.00	14269.00
chr10	81070680	81070941	261	261	25.00	88.00	48.29	39.00	12603.00
chr2	217234866	217235986	1120	1120	26.00	74.00	47.98	48.00	53735.00
chr10	93786348	93786508	160	160	34.00	80.00	56.69	60.00	9070.00
chr17	20268785	20269076	291	291	7.00	16.00	10.98	12.00	3195.00
chr9	131002006	131002062	56	56	10.00	4041.00	3498.23	3757.00	195901.00
chr1	155208307	155208441	134	134	123.00	180.00	155.54	159.00	20843.00
chr2	162833877	162834373	496	496	0.00	583.00	54.61	15.00	27089.00
chr9	35799614	35799728	114	114	25.00	51.00	37.13	35.00	4233.00
chr20	62517856	62519234	1378	1378	13.00	181.00	41.74	38.00	57511.00
chr22	35942847	35943127	280	280	57.00	215.00	149.53	164.50	41868.00
chr13	26436438	26436546	108	108	65.00	84.00	74.73	75.00	8071.00
chr14	69371371	69371453	82	82	220.00	390.00	308.46	304.00	25294.00
chr7	44031274	44031581	307	307	7.00	31.00	14.44	11.00	4433.00
chr11	12274988	12275291	303	303	12.00	40.00	26.55	29.00	8046.00
chr5	1334403	1334498	95	95	117.00	160.00	138.78	137.00	13184.00
chr19	34868639	34868786	147	147	2024.00	2890.00	2368.05	2313.00	348104.00
chr16	1815960	1816143	183	183	407.00	659.00	498.48	472.00	91222.00
chr10	73578787	73578868	81	81	2855.00	3881.00	3277.94	3248.00	265513.00
chr17	37420427	37420640	213	213	16.00	33.00	24.45	24.00	5207.00
chr5	60835422	60835586	164	164	17.00	35.00	22.91	22.00	3758.00
chr15	79296143	79296517	374	374	345.00	493.00	408.11	401.00	152632.00
chr19	13039568	13039661	93	93	500.00	729.00	629.55	639.00	58548.00
chr12	49421585	49421713	128	128	86.00	189.00	154.24	163.00	19743.00
chr1	1661057	1662583	1526	1526	6.00	210.00	89.21	59.00	136127.00
chr2	207457340	207457460	120	120	438.00	597.00	502.93	499.00	60351.00
chr11	64542462	64543441	979	979	7.00	37.00	17.59	16.00	17216.00
chr20	61910250	61910347	97	97	134.00	189.00	162.15	166.00	15729.00
chr11	62394042	62394156	114	114	190.00	266.00	229.31	225.00	26141.00
chr5	37301538	37301652	114	114	14.00	26.00	19.64	19.00	2239.00
chr16	4733843	4733933	90	90	197.00	246.00	218.07	215.00	19626.00
chr15	43693913	43694048	135	135	45.00	70.00	57.84	60.00	7809.00
chr11	18764538	18764622	84	84	293.00	360.00	333.86	339.00	28044.00
chr17	57842331	57842499	168	168	124.00	175.00	148.49	152.50	24947.00
chr9	96076729	96078064	1335	1335	11.00	54.00	28.39	27.00	37897.00
chr11	12246219	12246367	148	148	337.00	473.00	397.29	386.50	58799.00
chr12	7030743	7031565	822	822	14.00	5327.00	1777.10	24.00	1460776.00
chr3	14523178	14523349	171	171	20.00	48.00	33.73	32.00	5767.00
chr5	758508	759483	975	975	12.00	43.00	25.17	23.00	24540.00
chr12	22635490	22635677	187	187	75.00	115.00	93.94	92.00	17567.00
chr5	14479369	14479459	90	90	183.00	231.00	202.46	199.00	18221.00
chr6	143655214	143656079	865	865	2.00	16.00	6.54	6.00	5659.00
chr7	75508360	75508578	218	218	92.00	1032.00	757.79	883.00	165198.00
chr11	60697981	60698131	150	150	194.00	269.00	235.68	235.50	35352.00
chr1	151400598	151400889	291	291	103.00	190.00	142.13	141.00	41360.00
chr5	172196431	172197309	878	878	28.00	564.00	174.37	51.50	153093.00
chr3	49152660	49152794	134	134	54.00	96.00	78.21	78.00	10480.00
chr7	5518281	5519950	1669	1669	45.00	122.00	76.49	74.00	127664.00
chr17	16691106	16691449	343	343	3.00	104.00	48.26	68.00	16552.00
chr2	220086993	220087172	179	179	185.00	247.00	218.03	218.00	39028.00
chr10	51746916	51748006	1090	1090	1.00	102.00	41.46	33.00	45195.00
chr12	7302118	7302289	171	171	1004.00	1286.00	1121.70	1118.00	191811.00
chr11	59562844	59562955	111	111	29.00	63.00	49.59	55.00	5504.00
chr12	6100984	6101184	200	200	50.00	86.00	65.50	63.00	13100.00
chr19	5683274	5683627	353	353	15.00	39.00	26.99	27.00	9526.00
chr12	2786259	2786387	128	128	29.00	67.00	48.80	51.00	6246.00
chr15	26812727	26812880	153	153	270.00	440.00	341.56	334.00	52259.00
chr1	149007980	149008798	818	818	2.00	27.00	10.83	9.00	8859.00
chr19	54965608	54965861	253	253	121.00	278.00	190.72	190.00	48253.00
chr8	27293259	27293310	51	51	364.00	540.00	451.75	453.00	23039.00
chr15	23014437	23014528	91	91	94.00	146.00	125.88	129.00	11455.00
chr1	111717500	111717585	85	85	39.00	90.00	68.39	71.00	5813.00
chr6	150157220	150157433	213	213	196.00	284.00	247.57	249.00	52733.00
chr13	114566547	114566670	123	123	36.00	138.00	74.51	67.00	9165.00
chr16	58539291	58539605	314	314	2.00	33.00	23.05	24.00	7237.00
chr1	21936612	21936768	156	156	469.00	1121.00	752.93	780.50	117457.00
chr1	17322880	17322991	111	111	298.00	489.00	398.36	433.00	44218.00
chr11	60699455	60699599	144	144	347.00	518.00	433.21	436.00	62382.00
chr5	6749669	6749770	101	101	60.00	86.00	77.97	81.00	7875.00
chr16	2156805	2156949	144	144	227.00	324.00	270.41	258.00	38939.00
chr15	34690834	34690930	96	96	102.00	192.00	140.74	133.50	13511.00
chr3	11074933	11075425	492	492	5.00	532.00	101.00	15.00	49692.00
chr5	74655222	74655381	159	159	185.00	312.00	250.91	256.00	39894.00
chr20	20022968	20023160	192	192	28.00	85.00	53.45	47.00	10263.00
chr2	39055481	39055578	97	97	28.00	45.00	37.49	38.00	3637.00
chr19	16793231	16793528	297	297	2.00	253.00	72.99	9.00	21679.00
chr2	219205450	219205509	59	59	145.00	169.00	158.03	157.00	9324.00
chr17	74087429	74087729	300	300	14.00	48.00	29.94	29.00	8983.00
chr3	184058150	184060036	1886	1886	17.00	849.00	147.29	54.00	277793.00
chr6	90333128	90333263	135	135	53.00	83.00	64.02	62.00	8643.00
chr12	125267019	125267429	410	410	8.00	27.00	17.96	19.50	7362.00
chr1	207942580	207943104	524	524	7.00	63.00	36.97	37.00	19370.00
chr4	89356876	89357043	167	167	40.00	78.00	65.68	68.00	10968.00
chr7	101995498	101995736	238	238	8.00	30.00	16.75	16.50	3986.00
chr3	11067458	11067562	104	104	288.00	517.00	413.39	405.00	42993.00
chr5	95734582	95734740	158	158	139.00	188.00	166.78	163.50	26351.00
chr6	152529106	152529341	235	235	165.00	266.00	212.04	204.00	49830.00
chr5	102295578	102295763	185	185	179.00	296.00	248.49	252.00	45971.00
chr22	21072980	21073110	130	130	988.00	1631.00	1271.86	1332.00	165342.00
chr12	121855306	121855714	408	408	72.00	206.00	117.92	122.00	48110.00
chr1	160326389	160326544	155	155	100.00	144.00	117.04	116.00	18141.00
chr11	60670930	60671007	77	77	466.00	555.00	514.87	517.00	39645.00
chr17	79804822	79804948	126	126	326.00	454.00	387.72	381.50	48853.00
chr16	18527204	18527332	128	128	738.00	1025.00	889.45	904.00	113849.00
chr16	16372518	16372646	128	128	775.00	1092.00	954.76	973.50	122209.00
chr2	32750530	32750695	165	165	21.00	53.00	32.62	28.00	5383.00
chr14	69369193	69369279	86	86	339.00	463.00	393.27	385.00	33821.00
chr7	66418212	66418356	144	144	127.00	185.00	157.92	162.50	22740.00
chr6	44107988	44108097	109	109	163.00	197.00	178.97	177.00	19508.00
chr7	70885893	70886091	198	198	430.00	849.00	582.54	507.00	115343.00
chr8	27295281	27295397	116	116	440.00	545.00	492.07	491.00	57080.00
chr7	73122918	73123018	100	100	1545.00	1850.00	1745.86	1762.50	174586.00
chr15	34698874	34699071	197	197	15.00	255.00	135.29	135.00	26652.00
chr8	22009343	22009513	170	170	237.00	559.00	357.49	359.50	60773.00
chr7	1526557	1526737	180	180	46.00	158.00	98.38	96.00	17709.00
chr5	178053946	178054065	119	119	7.00	183.00	94.75	94.00	11275.00
chr12	6103027	6103369	342	342	49.00	88.00	70.22	71.00	24014.00
chr2	3479491	3480482	991	991	6.00	24.00	14.24	14.00	14109.00
chr3	33883388	33883566	178	178	102.00	144.00	119.54	120.00	21279.00
chr19	11019778	11019883	105	105	141.00	201.00	172.11	179.00	18072.00
chr7	98446205	98446318	113	113	1521.00	2678.00	2097.62	2004.00	237031.00
chr8	106813274	106813932	658	658	20.00	58.00	35.78	36.00	23540.00
chr2	223795338	223795530	192	192	373.00	642.00	458.01	436.50	87937.00
chr7	75511146	75511554	408	408	704.00	1277.00	944.88	952.00	385509.00
chr21	40184926	40185038	112	112	135.00	280.00	213.71	233.00	23935.00
chr19	53383575	53385236	1661	1661	1.00	39.00	17.91	17.00	29741.00
chr19	14208130	14208295	165	165	4.00	578.00	390.79	511.00	64480.00
chr15	91461013	91461618	605	605	4.00	311.00	97.35	15.00	58894.00
chr8	145278010	145278133	123	123	60.00	98.00	74.65	75.00	9182.00
chr16	28132990	28133083	93	93	134.00	208.00	166.89	166.00	15521.00
chr11	125280091	125280221	130	130	95.00	176.00	133.88	136.00	17404.00
chr15	63128089	63128317	228	228	52.00	338.00	209.01	227.50	47655.00
chr9	131181435	131181557	122	122	11.00	358.00	296.03	307.00	36116.00
chr19	3281196	3281343	147	147	284.00	392.00	344.98	352.00	50712.00
chr11	6240200	6240280	80	80	68.00	84.00	76.30	75.00	6104.00
chr20	31019123	31019287	164	164	32.00	51.00	40.98	42.00	6720.00
chr6	46825865	46827260	1395	1395	33.00	77.00	53.24	51.00	74266.00
chr12	1672006	1672666	660	660	10.00	41.00	22.69	22.00	14974.00
chr12	9098824	9099001	177	177	148.00	229.00	188.15	189.00	33303.00
chr7	121738503	121738630	127	127	8.00	19.00	13.06	12.00	1659.00
chr19	40875814	40875935	121	121	1275.00	1689.00	1438.19	1413.00	174021.00
chr20	3581592	3581671	79	79	101.00	138.00	124.48	128.00	9834.00
chr17	7226965	7227042	77	77	83.00	112.00	94.87	93.00	7305.00
chr2	74331800	74332809	1009	1009	14.00	66.00	33.56	31.00	33865.00
chr1	209785136	209785610	474	474	10.00	311.00	211.31	232.00	100159.00
chr9	35546426	35548532	2106	2106	146.00	387.00	235.39	234.00	495732.00
chr17	80040198	80040290	92	92	351.00	432.00	395.97	406.00	36429.00
chr11	73074791	73075284	493	493	16.00	247.00	82.50	33.00	40674.00
chr20	44674976	44675075	99	99	442.00	554.00	503.25	496.00	49822.00
chr20	5892091	5892328	237	237	92.00	646.00	400.71	492.00	94968.00
chr17	20316581	20317594	1013	1013	3.00	22.00	11.22	10.00	11370.00
chr12	99478702	99478801	99	99	191.00	243.00	223.68	226.00	22144.00
chr17	40842756	40842960	204	204	488.00	708.00	610.45	606.00	124532.00
chr11	107501142	107501288	146	146	293.00	423.00	349.53	348.00	51032.00
chr11	85429236	85429532	296	296	5.00	51.00	17.07	13.00	5053.00
chr20	9449217	9449319	102	102	49.00	72.00	59.14	59.00	6032.00
chr14	23371395	23371591	196	196	123.00	206.00	161.17	165.50	31590.00
chr7	716865	716957	92	92	1690.00	2325.00	2130.89	2145.00	196042.00
chr10	48862360	48862682	322	322	10.00	352.00	220.53	284.00	71012.00
chr10	68686678	68688210	1532	1532	34.00	127.00	69.18	64.00	105981.00
chr5	179674854	179674926	72	72	320.00	421.00	368.40	363.50	26525.00
chr1	209773327	209773456	129	129	233.00	309.00	275.64	279.00	35558.00
chr17	45691034	45691091	57	57	348.00	442.00	395.93	401.00	22568.00
chr1	19669871	19670118	247	247	12.00	34.00	25.16	27.00	6215.00
chr17	45664025	45664710	685	685	9.00	420.00	93.41	58.00	63984.00
chr19	2337634	2338840	1206	1206	9.00	77.00	33.55	32.00	40461.00
chr8	22011480	22011552	72	72	400.00	482.00	445.07	446.00	32045.00
