#chrom	start	end	size	num_data	min	max	mean	median	sum
chr12	1940100	1940691	591	591	67.00	135.00	98.64	99.00	58297.00
chr1	27480473	27481381	908	908	31.00	116.00	74.59	75.00	67724.00
chr15	63112684	63112809	125	125	316.00	481.00	420.16	428.00	52520.00
chr5	149231737	149232254	517	517	10.00	43.00	24.48	22.00	12658.00
chr5	140865429	140867182	1753	1753	10.00	71.00	32.49	31.00	56954.00
chr1	32209793	32209958	165	165	428.00	720.00	560.30	548.00	92450.00
chr16	87873307	87873431	124	124	213.00	412.00	310.33	314.00	38481.00
chr17	34157438	34158175	737	737	10.00	41.00	23.07	22.00	17005.00
chr2	127815619	127816088	469	469	20.00	131.00	67.00	67.00	31425.00
chr1	208212965	208213112	147	147	95.00	141.00	117.82	117.00	17319.00
chr22	19703883	19704666	783	783	12.00	78.00	38.62	38.00	30242.00
chr16	87872319	87872423	104	104	221.00	303.00	262.30	254.00	27279.00
chr9	140055740	140055868	128	128	2160.00	2647.00	2455.76	2484.00	314337.00
chr22	21096515	21096643	128	128	767.00	1163.00	870.84	847.50	111467.00
chr9	140056321	140056540	219	219	6.00	3411.00	2098.13	2538.00	459491.00
chr11	78379981	78380253	272	272	11.00	67.00	30.74	23.00	8361.00
chr3	11070420	11070533	113	113	428.00	512.00	460.08	456.00	51989.00
chr1	109812554	109813222	668	668	9.00	953.00	341.23	343.50	227944.00
chr2	220161954	220162155	201	201	798.00	1355.00	1138.35	1158.00	228808.00
chr15	74706887	74707086	199	199	175.00	266.00	203.64	201.00	40524.00
chr17	7318829	7319426	597	597	241.00	648.00	384.19	372.00	229359.00
chr1	21560050	21560154	104	104	52.00	71.00	60.31	61.00	6272.00
chr1	25573799	25573952	153	153	17.00	903.00	569.23	635.00	87092.00
chr14	93198993	93199160	167	167	175.00	243.00	208.75	208.00	34862.00
chr1	205554003	205554119	116	116	299.00	508.00	398.68	407.50	46247.00
chr1	9795005	9795232	227	227	2552.00	3749.00	3219.08	3272.00	730731.00
chr17	42426525	42426670	145	145	114.00	226.00	165.48	162.00	23994.00
chr18	70205887	70206179	292	292	8.00	414.00	162.59	13.00	47476.00
chr1	205553082	205553251	169	169	509.00	682.00	572.83	558.00	96809.00
chr9	140056623	140056766	143	143	4.00	2676.00	1543.21	1747.00	220679.00
chr6	33412147	33412394	247	247	29.00	1053.00	601.47	804.00	148563.00
chr12	89992366	89992547	181	181	4.00	1271.00	901.24	979.00	163124.00
chr2	220088827	220089576	749	749	143.00	412.00	252.78	245.00	189332.00
chr14	100763073	100765222	2149	2149	39.00	139.00	79.77	77.00	171420.00
chr1	110740697	110742543	1846	1846	20.00	1267.00	672.02	658.00	1240544.00
chr1	149878201	149879758	1557	1557	18.00	2200.00	481.89	39.00	750310.00
chr3	197264139	197265259	1120	1120	10.00	50.00	24.42	24.00	27352.00
chr8	56449623	56450530	907	907	28.00	89.00	56.54	58.00	51281.00
chr9	139354208	139354326	118	118	65.00	123.00	84.58	78.00	9980.00
chr1	32204908	32205236	328	328	705.00	1079.00	901.02	905.50	295536.00
chr7	75608768	75608897	129	129	148.00	215.00	182.82	184.00	23584.00
chr19	45161029	45161178	149	149	66.00	116.00	94.21	99.00	14038.00
chr19	5243911	5244493	582	582	170.00	413.00	274.14	257.50	159547.00
chr6	32119585	32119717	132	132	22.00	1158.00	589.72	599.50	77843.00
chr3	42670878	42672067	1189	1189	1.00	55.00	19.06	18.00	22665.00
chr11	45892392	45892485	93	93	192.00	274.00	228.15	229.00	21218.00
chr17	80040789	80040991	202	202	394.00	685.00	492.80	483.00	99545.00
chr2	74902875	74903036	161	161	89.00	106.00	97.80	98.00	15746.00
chr17	38335969	38337946	1977	1977	12.00	331.00	45.61	31.00	90177.00
chr16	87870103	87870253	150	150	235.00	397.00	285.19	275.00	42778.00
chr1	32205947	32206142	195	195	814.00	1147.00	979.23	983.00	190950.00
chr6	44117553	44117702	149	149	18.00	509.00	305.17	376.00	45471.00
chr1	159163659	159163830	171	171	1743.00	2218.00	1962.87	1973.00	335650.00
chr3	445565	446023	458	458	6.00	23.00	14.70	15.00	6731.00
chr2	25048913	25048995	82	82	140.00	170.00	153.34	151.50	12574.00
chr10	99504485	99504672	187	187	72.00	164.00	119.17	119.00	22284.00
chr4	54364807	54365010	203	203	119.00	218.00	171.16	174.00	34745.00
chr17	1634367	1634552	185	185	21.00	46.00	36.46	35.00	6745.00
chr7	72416124	72416247	123	123	114.00	191.00	142.36	128.00	17510.00
chr1	208212169	208212329	160	160	118.00	150.00	133.21	131.00	21313.00
chr9	140952500	140952702	202	202	93.00	200.00	139.13	140.50	28104.00
chr6	44197325	44197528	203	203	172.00	269.00	206.92	203.00	42004.00
chr6	44197643	44198218	575	575	44.00	171.00	89.99	77.00	51747.00
chr11	118981972	118982084	112	112	265.00	331.00	303.57	308.00	34000.00
chr5	150503846	150503952	106	106	8.00	2715.00	1879.59	2341.00	199237.00
chr11	118981761	118981878	117	117	299.00	397.00	354.30	352.00	41453.00
chr11	126314873	126315000	127	127	130.00	162.00	146.20	147.00	18567.00
chr1	159165808	159166244	436	436	7.00	1949.00	347.00	16.00	151292.00
chr7	134893542	134893750	208	208	37.00	67.00	53.72	54.00	11173.00
chr9	121976196	121976433	237	237	264.00	664.00	450.00	477.00	106649.00
chr19	54691042	54691169	127	127	306.00	729.00	499.85	482.00	63481.00
chr22	38621430	38621600	170	170	371.00	614.00	497.58	518.50	84589.00
chr13	42035681	42036205	524	524	8.00	35.00	22.42	22.00	11746.00
chr20	1915360	1915413	53	53	12.00	2522.00	1605.66	1951.00	85100.00
chr5	14496987	14497126	139	139	222.00	416.00	304.80	289.00	42367.00
chr12	56528125	56528212	87	87	101.00	128.00	112.48	112.00	9786.00
chr3	47466974	47467101	127	127	135.00	181.00	155.42	152.00	19738.00
chr17	7415476	7415663	187	187	143.00	236.00	193.23	192.00	36134.00
chr3	33588037	33589252	1215	1215	9.00	37.00	23.69	24.00	28789.00
chr7	887833	888615	782	782	18.00	119.00	48.25	34.00	37730.00
chr10	24813251	24813693	442	442	36.00	130.00	82.97	88.00	36671.00
chr1	109812045	109812213	168	168	390.00	774.00	537.45	476.00	90291.00
chr19	15276597	15276902	305	305	64.00	94.00	76.83	76.00	23433.00
chr16	2334779	2334999	220	220	255.00	338.00	287.53	283.50	63256.00
chr16	68404761	68405261	500	500	49.00	116.00	75.54	69.00	37768.00
chr4	110969111	110969871	760	760	27.00	87.00	53.86	52.00	40936.00
chr1	145693161	145693996	835	835	6.00	106.00	49.02	47.00	40934.00
chr7	44282848	44282932	84	84	801.00	1024.00	949.67	954.00	79772.00
chr2	220164315	220164508	193	193	21.00	827.00	366.21	40.00	70679.00
chr12	50472203	50472360	157	157	108.00	189.00	153.13	163.00	24041.00
chr2	220163768	220163833	65	65	885.00	1190.00	1047.40	1040.00	68081.00
chr2	222289928	222290862	934	934	218.00	431.00	343.29	352.00	320632.00
chr12	57599133	57599268	135	135	266.00	424.00	320.61	309.00	43282.00
chr7	157475416	157475629	213	213	476.00	750.00	611.41	590.00	130231.00
chr1	32203800	32203927	127	127	575.00	1373.00	971.35	1021.00	123361.00
chr1	109811731	109811912	181	181	437.00	839.00	670.65	712.00	121388.00
chr9	140052830	140052975	145	145	1348.00	4182.00	2885.28	3220.00	418366.00
chr2	220161706	220161854	148	148	943.00	1785.00	1344.47	1364.50	198982.00
chr16	29896906	29897070	164	164	606.00	1046.00	860.60	883.50	141139.00
chr16	47143393	47143622	229	229	125.00	202.00	167.21	173.00	38290.00
chr11	993753	993985	232	232	265.00	560.00	402.99	381.00	93493.00
chr9	124059698	124061137	1439	1439	25.00	119.00	59.75	53.00	85986.00
chr9	140350140	140350634	494	494	11.00	60.00	35.42	35.00	17497.00
chr11	14504577	14504697	120	120	113.00	148.00	125.89	124.00	15107.00
chr3	49898612	49898733	121	121	800.00	1248.00	1023.15	1027.00	123801.00
chr9	131811659	131811777	118	118	88.00	139.00	106.54	98.00	12572.00
chr9	131810705	131810818	113	113	101.00	136.00	119.85	118.00	13543.00
chr1	223400935	223401080	145	145	162.00	227.00	201.42	203.00	29206.00
chr12	125612185	125612820	635	635	5.00	291.00	54.65	15.00	34702.00
chr2	220088590	220088744	154	154	226.00	284.00	251.39	246.50	38714.00
chr9	70888487	70888750	263	263	4.00	29.00	20.08	22.00	5281.00
chr14	69813756	69813898	142	142	94.00	149.00	114.96	113.00	16324.00
chr2	47399145	47399890	745	745	21.00	572.00	72.47	60.00	53992.00
chr11	62688689	62689041	352	352	18.00	336.00	102.61	42.00	36117.00
chr6	43745205	43745407	202	202	10.00	130.00	105.28	106.50	21266.00
chr3	11072492	11072997	505	505	15.00	719.00	163.92	56.00	82782.00
chr7	2696031	2696168	137	137	338.00	476.00	422.68	424.00	57907.00
chr16	14969196	14969279	83	83	703.00	1258.00	1012.71	1089.00	84055.00
chr17	7377847	7378026	179	179	15.00	24.00	19.75	20.00	3536.00
chr12	65639640	65639719	79	79	89.00	173.00	129.81	123.00	10255.00
chr12	50294912	50295108	196	196	1892.00	4441.00	2537.33	2246.00	497317.00
chr19	42485653	42485788	135	135	2051.00	3456.00	2791.57	2824.00	376862.00
chr10	99509230	99509343	113	113	161.00	293.00	222.58	224.00	25152.00
chr22	38883877	38888120	4243	4243	98.00	1443.00	428.72	388.00	1819073.00
chr12	49416372	49416658	286	286	94.00	198.00	143.19	138.00	40951.00
chr6	24843089	24843782	693	693	41.00	92.00	64.17	61.00	44469.00
chr5	176295561	176295665	104	104	420.00	518.00	453.79	444.50	47194.00
chr10	99510087	99510227	140	140	223.00	325.00	263.47	254.00	36886.00
chr1	159173658	159174770	1112	1112	35.00	290.00	94.77	74.00	105385.00
chr11	1780745	1780869	124	124	1268.00	1860.00	1591.84	1642.50	197388.00
chr19	42486059	42486258	199	199	1564.00	3212.00	2395.89	2424.00	476782.00
chr3	47465422	47465535	113	113	173.00	217.00	192.79	193.00	21785.00
chr1	21573713	21573856	143	143	71.00	115.00	91.25	88.00	13049.00
chr11	65320330	65320453	123	123	121.00	178.00	161.34	167.00	19845.00
chr3	47462420	47462519	99	99	199.00	303.00	266.57	280.00	26390.00
chr2	219204751	219204864	113	113	97.00	160.00	143.28	145.00	16191.00
chr1	43906123	43906257	134	134	20.00	45.00	30.40	28.00	4074.00
chr7	38785158	38785840	682	682	17.00	411.00	64.50	35.00	43990.00
chr2	153499932	153500058	126	126	195.00	284.00	240.75	247.00	30335.00
chr1	32203011	32203132	121	121	18.00	991.00	763.15	902.00	92341.00
chr22	42290823	42290941	118	118	496.00	912.00	735.20	732.50	86754.00
chr19	47940718	47940818	100	100	764.00	1425.00	1115.82	1098.50	111582.00
chr4	119539150	119539274	124	124	12.00	34.00	25.01	29.00	3101.00
chr17	44117067	44117250	183	183	71.00	98.00	81.79	82.00	14968.00
chr19	42485873	42485983	110	110	1814.00	2281.00	2060.54	2047.50	226659.00
chr6	44114583	44114664	81	81	146.00	218.00	190.07	196.00	15396.00
chr19	47941105	47941292	187	187	14.00	1610.00	850.18	1137.00	158984.00
chr11	73074250	73074500	250	250	147.00	204.00	180.81	183.00	45202.00
chr3	33418764	33418825	61	61	385.00	528.00	453.62	462.00	27671.00
chr1	700258	700505	247	247	21.00	72.00	50.83	54.00	12554.00
chr9	74319510	74319719	209	209	51.00	120.00	72.14	66.00	15078.00
chr16	2336694	2336968	274	274	215.00	823.00	459.09	461.50	125790.00
chr20	3575125	3575219	94	94	143.00	276.00	178.40	173.00	16770.00
chr9	139231377	139231529	152	152	103.00	145.00	125.81	125.00	19123.00
chr5	140515951	140516498	547	547	12.00	38.00	23.58	22.00	12899.00
chr1	21938208	21938309	101	101	726.00	912.00	839.79	850.00	84819.00
chr3	155659188	155659936	748	748	25.00	169.00	95.63	100.00	71530.00
chr16	27483068	27483241	173	173	118.00	167.00	146.46	147.00	25338.00
chr11	994071	994245	174	174	153.00	345.00	276.07	297.00	48037.00
chr7	71175745	71175913	168	168	464.00	716.00	592.17	602.00	99485.00
chr12	121204065	121204175	110	110	176.00	235.00	211.04	217.00	23214.00
chr7	73118679	73118753	74	74	1743.00	2461.00	2108.85	2080.50	156055.00
chr9	140972565	140972710	145	145	101.00	170.00	135.29	130.00	19617.00
chr12	121683329	121684024	695	695	5.00	44.00	23.08	22.00	16044.00
chr16	74493579	74493687	108	108	189.00	284.00	238.05	228.00	25709.00
chr2	36771518	36771641	123	123	123.00	175.00	144.80	143.00	17810.00
chr7	94187181	94187996	815	815	22.00	74.00	43.87	44.00	35753.00
chr14	94156951	94157239	288	288	8.00	28.00	17.55	16.00	5053.00
chr7	121739000	121739524	524	524	5.00	25.00	16.05	16.00	8408.00
chr1	19549117	19549328	211	211	101.00	260.00	158.60	151.00	33464.00
chr19	5214571	5214747	176	176	366.00	750.00	474.91	439.00	83585.00
chr19	42557753	42557861	108	108	191.00	248.00	222.25	224.00	24003.00
chr15	102510686	102510925	239	239	6.00	72.00	44.95	50.00	10743.00
chr5	167673761	167675376	1615	1615	31.00	136.00	72.07	66.00	116391.00
chr7	44282158	44282253	95	95	827.00	1356.00	1042.07	993.00	98997.00
chr2	160621061	160621717	656	656	12.00	174.00	40.16	27.00	26346.00
chr5	10426501	10426634	133	133	267.00	461.00	380.70	404.00	50633.00
chr16	1814301	1814460	159	159	635.00	869.00	751.53	770.00	119493.00
chr11	21581734	21581928	194	194	121.00	206.00	152.31	146.00	29548.00
chr3	126749085	126749255	170	170	169.00	264.00	206.63	201.50	35127.00
chr11	12237765	12237866	101	101	594.00	792.00	675.22	667.00	68197.00
chr6	31750872	31750963	91	91	135.00	175.00	161.48	161.00	14695.00
chr3	53124201	53124398	197	197	17.00	41.00	28.78	30.00	5670.00
chr2	220161470	220161544	74	74	1220.00	1603.00	1491.38	1522.50	110362.00
chr2	128951046	128951785	739	739	27.00	161.00	82.89	83.00	61254.00
chr5	24535811	24535931	120	120	175.00	237.00	199.87	196.00	23984.00
chr1	44083406	44083582	176	176	353.00	519.00	431.59	437.00	75959.00
chr1	32207653	32207818	165	165	550.00	928.00	705.68	729.00	116437.00
chr12	7293754	7294000	246	246	8.00	1354.00	805.04	1145.50	198041.00
chr3	131442289	131442469	180	180	161.00	190.00	174.18	173.00	31352.00
chr3	49898871	49899298	427	427	33.00	1472.00	588.16	749.00	251143.00
chr16	66432358	66432464	106	106	57.00	84.00	70.88	70.00	7513.00
chr1	20982593	20982680	87	87	375.00	484.00	419.05	402.00	36457.00
chr16	68398653	68398809	156	156	79.00	112.00	92.97	91.50	14503.00
chr17	16676818	16678279	1461	1461	4.00	33.00	16.64	15.00	24311.00
chr1	109814899	109815027	128	128	461.00	677.00	558.13	553.50	71441.00
chr1	21940478	21940582	104	104	1001.00	1284.00	1167.67	1211.00	121438.00
chr20	57468284	57468793	509	509	11.00	32.00	19.75	18.00	10052.00
chr3	127358087	127358366	279	279	277.00	550.00	425.51	434.00	118716.00
chr3	126735359	126735527	168	168	124.00	189.00	147.98	146.00	24861.00
chr10	103869140	103869264	124	124	297.00	549.00	407.69	408.50	50553.00
chr20	44520554	44520666	112	112	194.00	255.00	220.16	216.00	24658.00
chr1	32203252	32203356	104	104	543.00	832.00	709.86	762.50	73825.00
chr21	40186196	40186316	120	120	301.00	418.00	353.81	350.00	42457.00
chr5	111067153	111068349	1196	1196	16.00	76.00	42.74	41.00	51117.00
chr9	128002954	128003186	232	232	548.00	984.00	759.35	765.00	176170.00
chr1	43408896	43408992	96	96	263.00	366.00	314.54	311.00	30196.00
chr3	47463931	47464026	95	95	197.00	251.00	228.45	231.00	21703.00
chr2	220161160	220161238	78	78	1115.00	1276.00	1194.32	1190.50	93157.00
chr11	62472772	62473089	317	317	1227.00	2697.00	1821.96	1769.00	577560.00
chr9	130986341	130986906	565	565	19.00	669.00	169.62	36.00	95835.00
chr14	69358769	69359000	231	231	311.00	406.00	350.82	348.00	81040.00
chr11	64416205	64416379	174	174	268.00	423.00	345.79	353.50	60167.00
chr17	8398454	8398559	105	105	507.00	753.00	667.74	698.00	70113.00
chr12	53572943	53574193	1250	1250	23.00	106.00	54.20	52.00	67745.00
chr17	17696544	17701827	5283	5283	38.00	234.00	98.48	93.00	520260.00
chr8	11705187	11705331	144	144	1738.00	2342.00	2124.73	2155.00	305961.00
chr19	54963829	54963931	102	102	329.00	524.00	407.82	382.00	41598.00
chr2	70451682	70456295	4613	4613	5.00	220.00	42.53	38.00	196172.00
chr11	118873959	118874169	210	210	5.00	22.00	14.39	14.00	3022.00
chr10	75548427	75548581	154	154	103.00	166.00	136.59	140.00	21035.00
chr6	33414351	33414563	212	212	550.00	1044.00	886.08	933.50	187848.00
chr17	80042910	80043032	122	122	197.00	241.00	221.98	224.00	27081.00
chr11	11470290	11470483	193	193	51.00	119.00	81.48	85.00	15725.00
chr8	23294446	23294771	325	325	159.00	228.00	197.10	196.00	64057.00
chr1	116932060	116932663	603	603	4.00	3353.00	1132.06	30.00	682635.00
chr15	83222627	83222741	114	114	79.00	113.00	94.37	93.00	10758.00
chr3	9841562	9841751	189	189	26.00	50.00	38.24	39.00	7227.00
chr1	116937731	116937907	176	176	2013.00	3841.00	2458.25	2254.00	432652.00
chr16	87868019	87868197	178	178	181.00	276.00	225.95	220.00	40219.00
chr3	124209540	124209731	191	191	849.00	1197.00	1012.27	990.00	193343.00
chr7	71142195	71142291	96	96	598.00	826.00	683.05	669.50	65573.00
chr5	130497324	130497584	260	260	11.00	22.00	16.56	16.00	4306.00
chr13	100199238	100199358	120	120	400.00	670.00	503.77	471.50	60453.00
chr5	139943336	139943506	170	170	27.00	365.00	307.18	319.00	52220.00
chr17	74395529	74396002	473	473	117.00	273.00	206.18	215.00	97523.00
chr14	93179149	93179216	67	67	186.00	245.00	219.55	220.00	14710.00
chr4	160277004	160277310	306	306	66.00	434.00	211.27	200.50	64650.00
chr17	40666306	40666478	172	172	871.00	1585.00	1229.37	1249.50	211452.00
chr15	34828065	34828207	142	142	18.00	326.00	235.56	256.50	33449.00
chr14	100165802	100165876	74	74	654.00	845.00	761.92	787.00	56382.00
chr22	20128089	20128231	142	142	26.00	210.00	128.94	170.50	18310.00
chr12	3392210	3394421	2211	2211	12.00	146.00	57.76	50.00	127705.00
chr17	16687866	16690667	2801	2801	1.00	96.00	17.66	13.00	49470.00
chr6	31664724	31664810	86	86	167.00	298.00	227.19	218.50	19538.00
chr6	30627512	30627611	99	99	58.00	77.00	67.17	67.00	6650.00
chr11	18752834	18755060	2226	2226	7.00	896.00	98.15	39.00	218492.00
chr12	109332602	109332731	129	129	569.00	837.00	722.65	757.00	93222.00
chr6	90072884	90073110	226	226	16.00	34.00	24.59	26.00	5557.00
chr16	2689371	2689711	340	340	0.00	2.00	0.24	0.00	83.00
chr1	20987373	20987484	111	111	325.00	432.00	379.71	390.00	42148.00
chr14	85985300	85986667	1367	1367	4.00	30.00	12.85	12.00	17566.00
chr13	32863769	32863880	111	111	146.00	174.00	160.86	162.00	17856.00
chr16	1510418	1510528	110	110	122.00	161.00	140.72	142.00	15479.00
chr19	54963269	54963444	175	175	483.00	678.00	563.70	565.00	98647.00
chr6	44224078	44224233	155	155	56.00	85.00	70.46	69.00	10921.00
chr20	3151172	3152285	1113	1113	19.00	54.00	38.08	38.00	42380.00
chr1	892273	892405	132	132	188.00	309.00	227.30	216.00	30003.00
chr16	90192167	90192724	557	557	6.00	63.00	37.40	43.00	20834.00
chr9	111663704	111663810	106	106	127.00	160.00	139.73	138.50	14811.00
chr6	44108764	44108835	71	71	195.00	254.00	218.62	220.00	15522.00
chr1	36028802	36029027	225	225	1798.00	2880.00	2237.78	2150.00	503501.00
chr11	66807259	66807674	415	415	6.00	243.00	186.60	193.00	77437.00
chr1	178426817	178427679	862	862	39.00	88.00	57.72	57.00	49756.00
chr19	42482302	42482478	176	176	2025.00	3429.00	2387.57	2288.50	420212.00
chr1	44084718	44084873	155	155	173.00	627.00	360.28	328.00	55843.00
chr1	109812315	109812442	127	127	434.00	554.00	490.87	496.00	62340.00
chr3	180324268	180324391	123	123	135.00	210.00	181.59	184.00	22336.00
chr15	63933668	63933842	174	174	190.00	353.00	266.59	246.00	46386.00
chr20	44521363	44521519	156	156	245.00	324.00	284.19	281.50	44334.00
chr3	33416779	33416910	131	131	172.00	396.00	256.66	267.00	33622.00
chr1	21934624	21934843	219	219	9.00	1319.00	604.74	824.00	132437.00
chr14	69799801	69799886	85	85	85.00	114.00	102.48	103.00	8711.00
chr1	116936134	116936345	211	211	7.00	3124.00	2378.36	2538.00	501835.00
chr14	23634493	23634645	152	152	58.00	96.00	75.89	77.00	11536.00
chr16	1402538	1402947	409	409	19.00	69.00	48.29	48.00	19751.00
chr9	20331	25000	4669	4669	0.00	261.00	71.27	66.00	332766.00
chr17	43545574	43545959	385	385	25.00	48.00	34.37	33.00	13233.00
chr13	100201418	100201476	58	58	441.00	507.00	467.45	464.50	27112.00
chr15	41865505	41865665	160	160	421.00	939.00	647.72	624.00	103635.00
chr19	19641688	19642196	508	508	23.00	55.00	38.31	40.00	19459.00
chr11	134147593	134148159	566	566	10.00	41.00	21.89	21.00	12390.00
chr2	71656420	71657290	870	870	5.00	49.00	31.54	31.00	27440.00
chr7	97834775	97835016	241	241	192.00	334.00	258.13	267.00	62210.00
chr19	13363804	13363915	111	111	137.00	171.00	152.77	153.00	16958.00
chr18	31328383	31329011	628	628	12.00	44.00	24.17	23.00	15178.00
chr16	66431884	66432009	125	125	29.00	55.00	41.16	38.00	5145.00
chr19	47935155	47935702	547	547	13.00	1938.00	624.91	636.00	341828.00
chr12	50291769	50291873	104	104	1164.00	2036.00	1471.80	1486.50	153067.00
chr11	1780198	1780317	119	119	849.00	1525.00	1033.58	994.00	122996.00
chr15	65392626	65393167	541	541	21.00	52.00	34.20	34.00	18500.00
chr2	86397871	86397967	96	96	144.00	231.00	185.35	184.00	17794.00
chr7	97866087	97866233	146	146	136.00	224.00	187.38	196.50	27358.00
chr11	60687157	60687402	245	245	138.00	258.00	183.89	168.00	45053.00
chr21	43307700	43309453	1753	1753	20.00	97.00	44.80	40.00	78526.00
chr14	24619269	24619657	388	388	18.00	79.00	40.39	38.00	15672.00
chr11	65320634	65320727	93	93	84.00	125.00	105.04	106.00	9769.00
chr16	29891184	29891385	201	201	660.00	925.00	806.35	812.00	162077.00
chr1	32207224	32207326	102	102	1190.00	1685.00	1438.59	1475.00	146736.00
chr11	72300218	72300394	176	176	9.00	823.00	260.78	16.00	45898.00
chr17	7608878	7609038	160	160	58.00	226.00	141.30	148.00	22608.00
chr19	7607646	7607814	168	168	160.00	276.00	228.60	239.00	38404.00
chr19	54966129	54966271	142	142	265.00	417.00	359.27	369.50	51017.00
chr12	57995027	57995131	104	104	241.00	302.00	269.40	261.50	28018.00
chr1	27428875	27429049	174	174	80.00	126.00	100.39	97.00	17468.00
chr2	27688277	27688385	108	108	82.00	137.00	112.89	118.00	12192.00
chr16	2691449	2692254	805	805	0.00	20.00	2.84	2.00	2289.00
chr9	131503813	131503933	120	120	384.00	452.00	422.64	424.00	50717.00
chr16	2347766	2347922	156	156	246.00	362.00	305.41	301.00	47644.00
chr17	80039884	80040036	152	152	381.00	475.00	420.50	417.50	63916.00
chr1	32204432	32204538	106	106	699.00	1463.00	1075.44	1087.50	113997.00
chr12	9242951	9243078	127	127	232.00	305.00	273.35	276.00	34715.00
chr3	49702661	49702751	90	90	292.00	382.00	349.94	348.00	31495.00
chr19	35820359	35820837	478	478	32.00	94.00	61.49	64.00	29392.00
chr1	201456762	201457615	853	853	21.00	64.00	37.82	36.00	32261.00
chr16	2334279	2334438	159	159	225.00	292.00	267.31	270.00	42502.00
chr10	73578373	73578481	108	108	3516.00	4635.00	4090.84	4094.00	441811.00
chr16	18530550	18530756	206	206	3.00	903.00	396.25	545.00	81627.00
chr16	16369094	16369300	206	206	3.00	920.00	399.02	548.00	82199.00
chr13	113975636	113975785	149	149	13.00	796.00	344.21	17.00	51288.00
chr11	119293822	119294227	405	405	32.00	10585.00	1007.61	149.00	408083.00
chr5	150505962	150506041	79	79	1477.00	2227.00	1780.11	1732.00	140629.00
chr22	44224939	44225078	139	139	1175.00	1749.00	1351.09	1298.00	187801.00
chr15	41865199	41865309	110	110	503.00	676.00	571.62	551.00	62878.00
chr17	25633807	25636298	2491	2491	54.00	1018.00	407.70	389.00	1015583.00
chr15	72495155	72495529	374	374	26.00	3599.00	1425.83	45.00	533261.00
chr9	42540272	42542124	1852	1852	2.00	34.00	17.37	18.00	32176.00
chr11	119290760	119291704	944	944	6.00	13564.00	3127.33	39.00	2952196.00
chr19	5219949	5220165	216	216	267.00	466.00	346.23	317.50	74786.00
chr15	63910769	63911153	384	384	1.00	42.00	22.48	30.00	8632.00
chr17	74393879	74393969	90	90	178.00	254.00	215.89	207.50	19430.00
chr10	104129467	104129532	65	65	122.00	158.00	134.28	133.00	8728.00
chr3	142454224	142454620	396	396	6.00	32.00	15.11	13.00	5985.00
chr12	121205196	121205396	200	200	201.00	265.00	230.12	229.00	46024.00
chr3	31705570	31705724	154	154	38.00	77.00	55.20	54.00	8501.00
chr6	118635190	118636593	1403	1403	37.00	288.00	191.25	186.00	268330.00
chr8	10339867	10340829	962	962	2.00	43.00	21.50	20.00	20681.00
chr19	16952578	16952779	201	201	168.00	307.00	245.47	249.00	49340.00
chr8	110984486	110985016	530	530	170.00	344.00	275.62	280.00	146076.00
chr9	128001219	128001610	391	391	666.00	1951.00	1328.54	1417.00	519460.00
chr11	73070878	73070997	119	119	148.00	188.00	165.92	163.00	19745.00
chr10	104130140	104130235	95	95	123.00	159.00	140.63	141.00	13360.00
chr5	95733039	95733173	134	134	235.00	369.00	292.56	277.00	39203.00
chr19	59059400	59059547	147	147	346.00	424.00	389.71	392.00	57288.00
chr5	139943169	139943255	86	86	35.00	248.00	181.77	196.00	15632.00
chr17	73487771	73487981	210	210	98.00	194.00	124.81	115.00	26210.00
chr1	154315588	154315777	189	189	43.00	100.00	70.99	71.00	13417.00
chr14	95652726	95653070	344	344	19.00	62.00	42.86	44.00	14745.00
chr12	123639801	123640772	971	971	14.00	56.00	32.51	32.00	31565.00
chr22	47064870	47065171	301	301	5.00	18.00	12.32	13.00	3709.00
chr5	24535220	24535388	168	168	138.00	215.00	170.78	167.50	28691.00
chr12	6806452	6806958	506	506	198.00	493.00	342.84	354.00	173479.00
chr22	29881711	29881836	125	125	356.00	445.00	393.10	390.00	49137.00
chr7	75894681	75894786	105	105	78.00	147.00	109.12	114.00	11458.00
chr12	121089007	121095893	6886	6886	13.00	197.00	74.44	71.00	512578.00
chr1	207940357	207942365	2008	2008	14.00	276.00	59.93	47.00	120339.00
chr7	154681166	154681240	74	74	567.00	688.00	622.36	617.00	46055.00
chr5	131696513	131697529	1016	1016	6.00	30.00	16.30	15.00	16560.00
chr11	1776135	1776258	123	123	460.00	1110.00	728.14	692.00	89561.00
chr8	11706554	11706673	119	119	1539.00	1904.00	1715.34	1722.00	204125.00
chr11	18759426	18759511	85	85	294.00	370.00	333.28	330.00	28329.00
chr16	61689373	61689625	252	252	98.00	156.00	118.07	117.00	29754.00
chr15	51750702	51750824	122	122	255.00	375.00	321.33	330.00	39202.00
chr9	35555056	35555698	642	642	237.00	701.00	455.78	454.50	292613.00
chr2	198356200	198356621	421	421	4.00	16.00	8.71	9.00	3669.00
chr9	131001723	131001794	71	71	3525.00	4282.00	3894.92	3919.00	276539.00
chr19	5214371	5214491	120	120	545.00	802.00	680.23	658.00	81628.00
chr22	35719488	35719623	135	135	143.00	218.00	189.13	194.00	25533.00
chr12	121678738	121679829	1091	1091	16.00	88.00	37.09	35.00	40461.00
chr14	23820960	23821064	104	104	1427.00	1853.00	1674.23	1717.00	174120.00
chr1	32205710	32205779	69	69	886.00	1128.00	1015.26	1041.00	70053.00
chr3	33420176	33420326	150	150	9.00	486.00	160.65	20.00	24097.00
chr9	114820707	114820966	259	259	48.00	72.00	58.27	58.00	15091.00
chr15	41865876	41866023	147	147	44.00	1316.00	1035.52	1153.00	152221.00
chr19	55554308	55554637	329	329	8.00	22.00	14.99	15.00	4931.00
chr1	116933403	116933513	110	110	2443.00	3275.00	2907.32	2901.50	319805.00
chr19	15374230	15374359	129	129	76.00	188.00	139.08	156.00	17941.00
chr12	56090682	56090852	170	170	53.00	67.00	58.91	59.00	10014.00
chr14	69445668	69445876	208	208	87.00	377.00	260.52	286.00	54188.00
chr12	57603474	57603651	177	177	216.00	455.00	294.76	284.00	52172.00
chr22	32897492	32898946	1454	1454	11.00	137.00	51.56	43.00	74966.00
chr16	16367702	16367764	62	62	18.00	608.00	307.52	331.00	19066.00
chr19	5245786	5246056	270	270	219.00	469.00	332.29	312.00	89718.00
chr16	74345440	74345829	389	389	6.00	33.00	15.85	13.00	6166.00
chr6	107096899	107097076	177	177	47.00	88.00	71.55	74.00	12664.00
chr1	29641883	29642019	136	136	66.00	85.00	75.11	75.00	10215.00
chr8	97342440	97342509	69	69	226.00	286.00	243.41	241.00	16795.00
chr8	68116914	68117054	140	140	93.00	187.00	139.76	145.00	19566.00
chr22	22037470	22037546	76	76	63.00	90.00	76.53	75.00	5816.00
chr22	50682147	50683420	1273	1273	22.00	236.00	116.97	114.00	148904.00
chr20	44048971	44049069	98	98	261.00	321.00	290.38	289.00	28457.00
chr1	36904356	36904511	155	155	50.00	85.00	65.75	62.00	10192.00
chr12	71054719	71054877	158	158	132.00	303.00	176.32	156.50	27858.00
chr15	50654364	50655515	1151	1151	24.00	78.00	48.61	48.00	55945.00
chr2	234198499	234198620	121	121	150.00	216.00	186.61	188.00	22580.00
chr9	128001699	128001812	113	113	761.00	966.00	851.16	847.00	96181.00
chr8	38272296	38272419	123	123	90.00	134.00	110.43	112.00	13583.00
chr11	73068069	73068179	110	110	119.00	202.00	158.95	161.00	17484.00
chr16	28123137	28123327	190	190	191.00	386.00	294.37	288.00	55931.00
chr12	49424062	49424222	160	160	36.00	76.00	51.67	52.00	8268.00
chr19	50302885	50303023	138	138	479.00	720.00	575.81	524.50	79462.00
chr19	42480567	42480718	151	151	3792.00	5646.00	4724.72	4858.00	713432.00
chr3	197904395	197905301	906	906	0.00	48.00	20.92	23.00	18957.00
chr13	100189992	100190117	125	125	319.00	401.00	360.58	363.00	45072.00
chr19	14268062	14268272	210	210	349.00	642.00	514.67	529.50	108081.00
chr10	93786886	93787057	171	171	112.00	155.00	131.00	131.00	22401.00
chr1	109808726	109808828	102	102	276.00	388.00	321.71	316.00	32814.00
chr4	134075461	134075520	59	59	424.00	595.00	485.95	493.00	28671.00
chr1	22052268	22053864	1596	1596	11.00	40.00	25.26	25.00	40316.00
chr9	140056855	140056968	113	113	1662.00	2132.00	1928.46	1929.00	217916.00
chr19	42482087	42482224	137	137	3545.00	5054.00	4379.11	4505.00	599938.00
chr19	4556962	4557025	63	63	790.00	995.00	897.62	889.00	56550.00
chr19	14266921	14267013	92	92	336.00	494.00	431.87	439.50	39732.00
chr22	42273851	42274127	276	276	13.00	1216.00	634.89	741.00	175229.00
chr1	205549788	205550049	261	261	343.00	555.00	416.07	400.00	108595.00
chr1	110765585	110766522	937	937	43.00	184.00	113.57	110.00	106417.00
chr19	55553595	55554158	563	563	20.00	56.00	35.73	35.00	20118.00
chr7	150929881	150931360	1479	1479	43.00	205.00	77.43	67.00	114519.00
chr3	124215157	124215260	103	103	650.00	1094.00	872.82	901.00	89900.00
chr16	58220658	58220760	102	102	131.00	175.00	153.33	150.00	15640.00
chr3	10381925	10382033	108	108	814.00	1213.00	1057.10	1074.50	114167.00
chr10	11356101	11356221	120	120	114.00	170.00	138.22	136.00	16587.00
chr22	42294652	42294785	133	133	557.00	909.00	778.89	795.00	103592.00
chr1	2005531	2005714	183	183	32.00	87.00	67.27	70.00	12310.00
chr12	113722522	113722576	54	54	76.00	84.00	79.67	80.00	4302.00
chr9	131502198	131502398	200	200	17.00	623.00	492.08	511.00	98416.00
chr19	40873602	40873786	184	184	1687.00	2345.00	2015.32	2017.50	370819.00
chr2	220162606	220162825	219	219	391.00	912.00	626.44	598.00	137190.00
chr16	28270027	28270355	328	328	26.00	160.00	87.77	74.00	28790.00
chr4	3225718	3225858	140	140	201.00	281.00	235.99	237.00	33039.00
chr17	44127898	44128070	172	172	72.00	104.00	87.43	91.00	15038.00
chr3	47462043	47462262	219	219	94.00	297.00	173.71	151.00	38042.00
chr6	99873090	99873182	92	92	12.00	793.00	302.49	228.50	27829.00
chr7	142561723	142562504	781	781	389.00	1080.00	710.05	682.00	554551.00
chr1	159169540	159169666	126	126	1555.00	2200.00	1911.02	1973.50	240789.00
chr19	7606869	7606953	84	84	130.00	168.00	147.96	147.00	12429.00
chr16	2811561	2818298	6737	6737	15.00	787.00	412.70	410.00	2780378.00
chr3	47450652	47450807	155	155	64.00	104.00	89.51	92.00	13874.00
chr11	118403631	118403922	291	291	141.00	207.00	175.99	178.00	51212.00
chr1	205555161	205555335	174	174	314.00	426.00	365.63	365.50	63620.00
chr12	125603186	125603311	125	125	150.00	253.00	206.59	204.00	25824.00
chr11	86658288	86659498	1210	1210	9.00	40.00	24.63	24.00	29807.00
chr22	37764946	37768745	3799	3799	18.00	594.00	245.04	220.00	930913.00
chr10	46345664	46346215	551	551	10.00	49.00	31.38	29.00	17289.00
chr22	33673045	33673241	196	196	380.00	910.00	561.70	470.50	110094.00
chr9	140042599	140042666	67	67	15.00	329.00	273.93	285.00	18353.00
chr3	48717233	48717320	87	87	133.00	222.00	165.78	165.00	14423.00
chr11	60681600	60681740	140	140	25.00	229.00	105.51	81.50	14772.00
chr10	93784512	93784724	212	212	84.00	148.00	123.29	123.50	26137.00
chr12	7289424	7290372	948	948	10.00	1133.00	300.40	24.00	284777.00
chr3	132387062	132387526	464	464	11.00	29.00	20.08	21.00	9316.00
chr16	2335442	2335647	205	205	256.00	447.00	358.29	346.00	73449.00
chr16	1794782	1797276	2494	2494	10.00	743.00	110.90	60.00	276595.00
chr16	3786036	3786204	168	168	160.00	212.00	186.04	187.00	31254.00
chr9	141131209	141131766	557	557	0.00	33.00	11.75	12.00	6546.00
chr14	92965028	92966015	987	987	3.00	33.00	15.99	15.00	15781.00
chr19	54692070	54692200	130	130	244.00	740.00	455.45	337.50	59208.00
chr15	43866006	43866230	224	224	127.00	256.00	165.67	156.00	37111.00
chr3	40231316	40231954	638	638	65.00	146.00	97.50	96.00	62204.00
chr3	50148937	50149455	518	518	19.00	43.00	31.27	30.00	16196.00
chr4	81117505	81117755	250	250	73.00	133.00	103.44	104.00	25860.00
chr10	46740404	46740638	234	234	2.00	37.00	21.53	21.00	5037.00
chr3	124210169	124210271	102	102	649.00	841.00	741.33	743.50	75616.00
chr11	107488830	107488932	102	102	487.00	582.00	536.62	532.00	54735.00
chr9	130591965	130592106	141	141	78.00	120.00	107.58	111.00	15169.00
chr1	20981932	20982027	95	95	379.00	489.00	443.21	432.00	42105.00
chr12	75875613	75875859	246	246	58.00	87.00	71.27	72.00	17532.00
chr22	32046684	32046764	80	80	104.00	168.00	143.19	147.00	11455.00
chr11	70331418	70331658	240	240	66.00	248.00	155.55	158.00	37333.00
chr14	51079976	51080069	93	93	526.00	714.00	613.62	609.00	57067.00
chr17	80041077	80041301	224	224	305.00	857.00	572.83	576.00	128313.00
chr7	158540884	158540971	87	87	177.00	281.00	224.76	228.00	19554.00
chr1	21553651	21553719	68	68	75.00	111.00	93.07	95.00	6329.00
chr2	219206256	219206349	93	93	88.00	138.00	113.53	113.00	10558.00
chr17	18444211	18445242	1031	1031	7.00	32.00	22.29	23.00	22982.00
chr12	57599340	57599460	120	120	281.00	341.00	309.38	309.00	37126.00
chr11	64417919	64418110	191	191	389.00	660.00	557.64	578.00	106510.00
chr19	3274926	3275650	724	724	16.00	50.00	33.03	33.00	23915.00
chr16	18532086	18532305	219	219	714.00	1430.00	1018.92	1008.00	223144.00
chr17	3776702	3776756	54	54	587.00	807.00	731.63	740.50	39508.00
chr1	116932670	116933033	363	363	6.00	4000.00	1800.79	2655.00	653685.00
chr16	1505731	1505796	65	65	207.00	286.00	260.45	265.00	16929.00
chr1	9794029	9794200	171	171	3341.00	4078.00	3668.06	3650.00	627238.00
chr10	73579221	73579379	158	158	2753.00	4821.00	3621.88	3803.50	572257.00
chr11	6411684	6412146	462	462	50.00	178.00	101.05	101.00	46683.00
chr1	159163212	159163350	138	138	1357.00	1962.00	1483.64	1453.00	204742.00
chr16	1816723	1816804	81	81	587.00	804.00	703.69	700.00	56999.00
chr7	91722399	91722630	231	231	5.00	123.00	95.70	100.00	22106.00
chr7	44281816	44281939	123	123	1068.00	1372.00	1199.17	1201.00	147498.00
chr2	220467189	220467297	108	108	25.00	49.00	36.06	36.00	3894.00
chr16	4494664	4494729	65	65	217.00	297.00	263.91	261.00	17154.00
chr15	34681844	34681986	142	142	17.00	535.00	349.20	345.00	49587.00
chr9	139995935	139996124	189	189	107.00	202.00	166.63	174.00	31494.00
chr3	180324040	180324160	120	120	147.00	171.00	159.72	160.50	19166.00
chr3	42678359	42681242	2883	2883	59.00	221.00	113.98	108.00	328600.00
chr7	131812776	131815333	2557	2557	13.00	256.00	114.30	105.00	292274.00
chr20	1585387	1585522	135	135	36.00	729.00	361.23	335.00	48766.00
chr3	126751229	126751442	213	213	205.00	271.00	239.55	239.00	51024.00
chr15	63920875	63921014	139	139	198.00	401.00	294.21	311.00	40895.00
chr16	2040128	2040202	74	74	35.00	163.00	96.35	98.50	7130.00
chr9	74324174	74324390	216	216	34.00	81.00	59.48	62.00	12848.00
chr20	44521858	44521950	92	92	251.00	300.00	274.65	273.50	25268.00
chr9	139911647	139911798	151	151	528.00	715.00	609.68	590.00	92062.00
chr9	140055507	140055649	142	142	2392.00	4332.00	3344.80	3048.00	474962.00
chr12	120148055	120148191	136	136	187.00	254.00	215.92	216.00	29365.00
chr12	50474280	50474372	92	92	151.00	219.00	189.49	194.50	17433.00
chr15	63125702	63125828	126	126	202.00	399.00	288.52	289.00	36353.00
chr9	20907148	20907241	93	93	125.00	172.00	146.97	144.00	13668.00
chr16	87874655	87874761	106	106	238.00	368.00	306.02	293.50	32438.00
chr2	162833269	162833460	191	191	7.00	955.00	497.84	722.00	95087.00
chr8	11704560	11704677	117	117	1305.00	1732.00	1510.12	1502.00	176684.00
chr15	63926931	63927087	156	156	280.00	389.00	343.85	360.00	53640.00
chr6	31668718	31668805	87	87	206.00	302.00	240.49	229.00	20923.00
chr7	148910792	148910906	114	114	23.00	67.00	50.11	55.00	5712.00
chr14	42355808	42357213	1405	1405	64.00	201.00	104.72	96.00	147131.00
chr10	88678928	88679226	298	298	30.00	57.00	40.71	40.00	12131.00
chr3	140998219	140998346	127	127	52.00	84.00	67.02	70.00	8512.00
chr1	144859758	144859998	240	240	109.00	237.00	159.90	167.00	38375.00
chr9	96054772	96055455	683	683	53.00	260.00	166.57	189.00	113764.00
chr19	7604803	7604944	141	141	131.00	271.00	175.97	172.00	24812.00
chr12	30906277	30907432	1155	1155	14.00	158.00	79.03	69.00	91282.00
chr9	131112762	131112854	92	92	173.00	343.00	269.91	286.00	24832.00
chr20	61981328	61982379	1051	1051	72.00	207.00	133.55	128.00	140363.00
chr7	38431348	38431618	270	270	332.00	821.00	503.44	481.00	135929.00
chr20	44521036	44521123	87	87	221.00	286.00	245.57	251.00	21365.00
chr11	64418726	64419108	382	382	304.00	715.00	477.13	458.00	182264.00
chr12	120148344	120150270	1926	1926	11.00	436.00	57.97	28.00	111650.00
chr12	6930971	6931066	95	95	16.00	832.00	452.35	473.00	42973.00
chr16	2339434	2339621	187	187	162.00	341.00	225.56	201.00	42180.00
chr2	27700083	27700187	104	104	47.00	91.00	63.48	60.00	6602.00
chr14	69805367	69805494	127	127	86.00	173.00	126.06	108.00	16009.00
chr12	9242497	9242619	122	122	225.00	316.00	279.74	286.50	34128.00
chr3	58256658	58256791	133	133	162.00	286.00	212.94	195.00	28321.00
chr10	79744927	79745098	171	171	79.00	175.00	133.23	141.00	22782.00
chr1	159161725	159161866	141	141	846.00	1292.00	1144.29	1196.00	161345.00
chr16	31085202	31085519	317	317	19.00	48.00	33.90	34.00	10745.00
chr1	171755018	171755218	200	200	69.00	117.00	92.22	90.50	18443.00
chr9	130988124	130989280	1156	1156	8.00	2447.00	313.52	59.00	362428.00
chr15	63127935	63127998	63	63	201.00	259.00	228.17	228.00	14375.00
chr19	1917676	1917821	145	145	18.00	377.00	231.27	238.00	33534.00
chr22	25315792	25315960	168	168	75.00	155.00	116.45	111.00	19564.00
chr2	207943790	207945085	1295	1295	29.00	120.00	73.16	67.00	94737.00
chr11	47330706	47330952	246	246	15.00	750.00	344.95	31.00	84857.00
chr3	142743978	142746095	2117	2117	6.00	204.00	33.99	27.00	71966.00
chr7	44839492	44839694	202	202	12.00	26.00	20.00	20.00	4041.00
chr22	31688260	31688471	211	211	20.00	259.00	162.59	185.00	34306.00
chr11	66333492	66333638	146	146	495.00	681.00	598.33	606.00	87356.00
chr9	131114916	131115026	110	110	324.00	394.00	366.25	367.50	40288.00
chr1	20206	21013	807	807	8.00	178.00	101.48	105.00	81894.00
chr11	108216469	108216635	166	166	61.00	141.00	109.02	115.00	18098.00
chr1	209778880	209779019	139	139	193.00	326.00	263.53	268.00	36631.00
chr1	202935876	202936026	150	150	188.00	327.00	242.75	234.00	36412.00
chr12	57600255	57600524	269	269	282.00	383.00	332.33	332.00	89397.00
chr19	15233503	15233615	112	112	70.00	112.00	90.12	93.00	10094.00
chr8	68115317	68115486	169	169	118.00	201.00	163.97	164.00	27711.00
chr19	13419229	13419342	113	113	116.00	182.00	153.30	150.00	17323.00
chr6	33266815	33267130	315	315	14.00	92.00	49.71	44.00	15660.00
chr16	89780611	89781646	1035	1035	16.00	100.00	44.13	41.00	45677.00
chr12	109964162	109964221	59	59	102.00	123.00	111.22	111.00	6562.00
chr22	24491893	24492045	152	152	63.00	138.00	91.42	86.50	13896.00
chr2	242592926	242593025	99	99	204.00	311.00	244.92	242.00	24247.00
chr1	21937944	21938074	130	130	781.00	1997.00	1487.15	1616.50	193329.00
chr2	223789173	223789313	140	140	322.00	475.00	406.36	423.50	56890.00
chr20	3772318	3772535	217	217	8.00	24.00	13.82	13.00	3000.00
chr16	18531918	18532001	83	83	1025.00	1517.00	1285.34	1326.00	106683.00
chr1	43396296	43396537	241	241	228.00	328.00	281.60	284.00	67866.00
chr2	100037960	100038115	155	155	66.00	89.00	78.02	76.00	12093.00
chr16	1500497	1500770	273	273	7.00	205.00	113.00	147.00	30848.00
chr19	40876016	40876144	128	128	1534.00	1927.00	1747.47	1757.50	223676.00
chr5	168112691	168112932	241	241	34.00	78.00	54.22	52.00	13067.00
chr2	127825738	127825831	93	93	525.00	636.00	580.00	584.00	53940.00
chr1	19232015	19234990	2975	2975	7.00	196.00	54.15	45.00	161109.00
chr16	1391129	1391196	67	67	161.00	208.00	185.90	186.00	12455.00
chr6	33410665	33411689	1024	1024	27.00	714.00	373.37	340.50	382333.00
chr9	95872033	95872266	233	233	2.00	14.00	10.12	11.00	2359.00
chr1	53378627	53378839	212	212	4.00	13.00	8.34	8.00	1769.00
chr2	80531276	80531693	417	417	56.00	145.00	116.76	119.00	48689.00
chr7	44286718	44286791	73	73	999.00	1147.00	1069.85	1065.00	78099.00
chr7	157369304	157369471	167	167	579.00	801.00	692.26	710.00	115607.00
chr11	18755079	18755191	112	112	9.00	371.00	254.76	346.00	28533.00
chr6	86237979	86238080	101	101	173.00	234.00	209.58	214.00	21168.00
chr8	145000951	145001050	99	99	114.00	155.00	134.56	132.00	13321.00
chr19	45167680	45167966	286	286	12.00	24.00	18.60	20.00	5319.00
chr10	48930165	48930400	235	235	1.00	31.00	19.00	21.00	4465.00
chr16	87871450	87871547	97	97	259.00	411.00	359.60	390.00	34881.00
chr1	109815454	109815649	195	195	360.00	564.00	437.68	427.00	85347.00
chr1	208215442	208215711	269	269	105.00	192.00	141.70	137.00	38117.00
chr2	260866	261451	585	585	9.00	48.00	26.54	23.00	15526.00
chr5	180481266	180481724	458	458	5.00	41.00	25.40	26.00	11632.00
chr7	73119479	73119631	152	152	15.00	3244.00	1333.59	22.00	202706.00
chr15	34677248	34677358	110	110	420.00	645.00	524.98	506.00	57748.00
chr16	57687114	57687247	133	133	69.00	120.00	94.53	102.00	12572.00
chr15	50649406	50649592	186	186	16.00	50.00	33.42	37.00	6217.00
chr22	21071995	21072066	71	71	1813.00	2037.00	1947.34	1963.00	138261.00
chr5	179200882	179201561	679	679	11.00	50.00	37.87	39.00	25714.00
chr10	98763824	98763979	155	155	297.00	483.00	388.62	367.00	60236.00
chr14	102963315	102963457	142	142	109.00	170.00	130.30	123.00	18503.00
chr1	21932558	21933138	580	580	16.00	1593.00	295.88	28.00	171608.00
chr16	28118842	28118998	156	156	257.00	356.00	288.88	285.00	45066.00
chr1	241767561	241767881	320	320	79.00	158.00	116.27	121.00	37206.00
chr11	66812063	66812184	121	121	226.00	389.00	281.23	264.00	34029.00
chr11	12248571	12248678	107	107	688.00	911.00	812.15	835.00	86900.00
chr9	130588788	130588951	163	163	60.00	115.00	79.15	75.00	12901.00
chr22	21068915	21068988	73	73	1609.00	2200.00	1960.78	2021.00	143137.00
chr1	43424304	43424531	227	227	28.00	387.00	278.84	310.00	63297.00
chr14	105852021	105853670	1649	1649	32.00	224.00	59.45	54.00	98031.00
chr15	34823469	34823579	110	110	272.00	427.00	351.32	352.50	38645.00
chr11	171365	172282	917	917	0.00	48.00	22.41	25.00	20552.00
chr22	24493976	24494155	179	179	103.00	171.00	138.57	140.00	24804.00
chr15	79291060	79291167	107	107	679.00	888.00	794.07	805.00	84965.00
chr16	2145904	2146194	290	290	21.00	37.00	29.91	30.00	8675.00
chr9	131503050	131503166	116	116	386.00	549.00	465.48	464.50	53996.00
chr11	61301983	61302579	596	596	20.00	56.00	38.04	38.00	22669.00
chr22	25308609	25308719	110	110	89.00	117.00	102.34	101.00	11257.00
chr12	63977826	63979986	2160	2160	0.00	58.00	23.46	21.00	50674.00
chr19	46928844	46930933	2089	2089	29.00	530.00	221.45	214.00	462606.00
chr16	56969146	56969224	78	78	176.00	248.00	212.50	216.50	16575.00
chr17	40665787	40665996	209	209	12.00	2337.00	837.36	1010.00	175009.00
chr9	131669435	131671600	2165	2165	103.00	338.00	190.42	173.00	412257.00
chr2	220164026	220164271	245	245	17.00	1118.00	361.13	39.00	88476.00
chr19	7589846	7590052	206	206	82.00	159.00	115.68	121.00	23831.00
chr6	91260186	91260268	82	82	119.00	172.00	149.23	154.50	12237.00
chr9	124543742	124543830	88	88	307.00	393.00	353.62	358.50	31119.00
chr12	54071005	54071170	165	165	17.00	145.00	93.61	86.00	15446.00
chr2	40443	41212	769	769	12.00	37.00	25.83	25.00	19866.00
chr11	67852159	67852747	588	588	21.00	64.00	43.85	45.00	25786.00
chr8	8233762	8234810	1048	1048	20.00	104.00	57.16	58.00	59902.00
chr2	175671113	175672148	1035	1035	16.00	47.00	27.17	24.00	28122.00
chr7	138984922	138985438	516	516	4.00	26.00	13.47	13.00	6948.00
chr22	40816850	40817104	254	254	139.00	264.00	208.59	215.00	52981.00
chr19	14263120	14263249	129	129	341.00	620.00	454.74	410.00	58661.00
chr19	16962222	16962345	123	123	170.00	440.00	325.84	336.00	40078.00
chr1	109813838	109813918	80	80	324.00	470.00	382.88	369.00	30630.00
chr3	49898148	49898562	414	414	5.00	1175.00	560.21	903.50	231929.00
chr17	17131202	17131510	308	308	17.00	171.00	122.61	132.00	37765.00
chr1	21936067	21936139	72	72	565.00	808.00	680.08	653.00	48966.00
chr3	130424404	130424615	211	211	69.00	98.00	83.64	84.00	17647.00
chr12	56532710	56532797	87	87	81.00	102.00	90.48	91.00	7872.00
chr16	29888591	29888788	197	197	486.00	1055.00	765.40	730.00	150783.00
chr2	114394588	114396196	1608	1608	1.00	59.00	24.01	24.50	38614.00
chr3	124180736	124180803	67	67	558.00	648.00	612.54	615.00	41040.00
chr9	111798485	111798660	175	175	105.00	165.00	132.54	130.00	23194.00
chr10	73847897	73848372	475	475	32.00	1993.00	583.97	420.00	277385.00
chr22	21075585	21075706	121	121	988.00	2198.00	1785.93	1904.00	216098.00
chr22	20920753	20921104	351	351	59.00	139.00	98.84	100.00	34692.00
chr9	140953020	140953185	165	165	109.00	265.00	196.35	204.00	32398.00
chr22	41620970	41621075	105	105	137.00	161.00	149.99	151.00	15749.00
chr11	6243671	6243839	168	168	80.00	138.00	106.08	107.00	17821.00
chr15	74704225	74704353	128	128	213.00	293.00	261.02	269.00	33410.00
chr3	48719780	48719985	205	205	118.00	186.00	145.35	139.00	29797.00
chr1	222833247	222833348	101	101	107.00	215.00	168.71	170.00	17040.00
chr1	6583675	6584824	1149	1149	16.00	117.00	57.83	53.00	66446.00
chr11	126135857	126135976	119	119	261.00	323.00	294.09	292.00	34997.00
chr8	75156763	75157410	647	647	49.00	116.00	77.92	77.00	50416.00
chr15	83345212	83345389	177	177	267.00	344.00	307.58	307.00	54442.00
chr14	68031638	68032561	923	923	18.00	72.00	43.00	43.00	39687.00
chr19	42479780	42479949	169	169	2985.00	4377.00	3736.51	3735.00	631470.00
chr16	31503329	31503407	78	78	262.00	324.00	290.51	291.00	22660.00
chr17	1564564	1564700	136	136	261.00	433.00	318.21	290.00	43277.00
chr16	58717858	58718082	224	224	52.00	113.00	91.28	94.50	20447.00
chr14	71575320	71575763	443	443	55.00	112.00	86.66	88.00	38389.00
chr1	202934498	202934628	130	130	129.00	268.00	174.55	158.00	22692.00
chr7	73118477	73118586	109	109	1518.00	1936.00	1711.87	1690.00	186594.00
chr19	13365908	13366073	165	165	121.00	171.00	145.39	146.00	23990.00
chr10	102265117	102265958	841	841	27.00	77.00	50.45	50.00	42428.00
chr9	139983320	139983457	137	137	119.00	196.00	150.61	138.00	20634.00
chr18	29206245	29206347	102	102	194.00	308.00	243.34	231.00	24821.00
chr12	120578662	120578827	165	165	81.00	118.00	99.71	99.00	16452.00
chr5	757516	758226	710	710	19.00	61.00	35.46	35.00	25174.00
chr8	21632483	21632567	84	84	105.00	139.00	120.36	119.50	10110.00
chr4	54011499	54011749	250	250	45.00	93.00	70.91	72.00	17727.00
chr8	141680613	141681365	752	752	10.00	81.00	51.01	51.00	38359.00
chr11	57367351	57367850	499	499	22.00	69.00	45.09	44.00	22501.00
chr12	63980009	63980784	775	775	4.00	28.00	14.25	15.00	11044.00
chr9	140057042	140057203	161	161	12.00	2360.00	1966.67	2130.00	316634.00
chr2	7055953	7056098	145	145	56.00	68.00	62.21	62.00	9020.00
chr12	52387768	52389043	1275	1275	43.00	894.00	263.85	206.00	336408.00
chr19	50104931	50105175	244	244	23.00	142.00	54.73	36.00	13355.00
chr19	5218430	5218543	113	113	628.00	945.00	833.46	844.00	94181.00
chr16	29898969	29899138	169	169	543.00	703.00	595.15	579.00	100581.00
chr7	99030900	99031041	141	141	28.00	47.00	37.73	37.00	5320.00
chr17	36692926	36693212	286	286	11.00	44.00	32.28	32.50	9231.00
chr15	73857770	73859335	1565	1565	17.00	132.00	61.79	57.00	96697.00
chr6	44104085	44104176	91	91	248.00	352.00	297.20	288.00	27045.00
chr1	21938518	21938602	84	84	836.00	1215.00	1035.46	1052.50	86979.00
chr19	13423482	13423595	113	113	74.00	121.00	98.49	98.00	11129.00
chr16	70292882	70293089	207	207	745.00	1153.00	955.37	962.00	197761.00
chr18	61060641	61060782	141	141	101.00	135.00	119.74	121.00	16884.00
chr16	22269814	22270016	202	202	22.00	41.00	31.08	30.00	6278.00
chr1	21554423	21554534	111	111	58.00	80.00	67.68	66.00	7513.00
chr9	140057255	140057455	200	200	11.00	2813.00	1801.85	2239.00	360369.00
chr7	1488255	1488397	142	142	36.00	55.00	47.31	51.00	6718.00
chr14	100166351	100166438	87	87	660.00	785.00	720.17	718.00	62655.00
chr9	101065522	101065705	183	183	662.00	955.00	842.44	883.00	154167.00
chr5	68411752	68412041	289	289	55.00	110.00	85.62	90.00	24745.00
chr1	2452539	2452754	215	215	85.00	273.00	183.96	175.00	39552.00
chr1	21564626	21564737	111	111	77.00	106.00	89.86	89.00	9974.00
chr13	42037713	42039066	1353	1353	15.00	63.00	38.59	38.00	52206.00
chr2	114350236	114350443	207	207	10.00	90.00	49.20	47.00	10185.00
chr1	21939668	21939722	54	54	1056.00	1263.00	1139.81	1114.50	61550.00
chr9	139353895	139354007	112	112	69.00	89.00	79.56	80.00	8911.00
chr7	102176367	102176618	251	251	9.00	56.00	36.63	37.00	9194.00
chr3	51411753	51412018	265	265	5.00	475.00	156.68	15.00	41521.00
chr17	73888091	73888266	175	175	21.00	35.00	25.35	25.00	4437.00
chr13	103297258	103297435	177	177	11.00	148.00	76.85	109.00	13602.00
chr15	63922664	63922834	170	170	284.00	425.00	355.39	345.00	60416.00
chr3	33400774	33400849	75	75	240.00	357.00	309.41	296.00	23206.00
chr22	50671744	50671955	211	211	62.00	100.00	82.87	85.00	17486.00
chr1	21190968	21191205	237	237	307.00	533.00	415.28	421.00	98421.00
chr5	14481649	14481727	78	78	270.00	336.00	293.60	289.00	22901.00
chr15	101605556	101606410	854	854	20.00	67.00	43.22	40.00	36911.00
chr17	80040402	80040554	152	152	362.00	566.00	466.57	442.00	70918.00
chr2	132269293	132270897	1604	1604	18.00	98.00	61.39	62.00	98468.00
chr11	1778553	1778786	233	233	1007.00	1525.00	1279.78	1295.00	298188.00
chr11	1469616	1469808	192	192	8.00	25.00	14.62	12.00	2807.00
chr12	120138549	120138630	81	81	253.00	306.00	286.99	289.00	23246.00
chr7	901016	901101	85	85	230.00	346.00	286.12	285.00	24320.00
chr19	13372263	13372424	161	161	154.00	239.00	195.99	195.00	31554.00
chr17	40843154	40843311	157	157	388.00	546.00	479.38	485.00	75263.00
chr17	80039476	80039719	243	243	351.00	595.00	450.27	450.00	109416.00
chr17	16681109	16687365	6256	6256	0.00	173.00	37.30	29.00	233343.00
chr1	116935475	116935610	135	135	2634.00	3883.00	3309.81	3241.00	446824.00
chr6	128294808	128294972	164	164	159.00	306.00	244.37	245.00	40076.00
chr5	109189927	109190617	690	690	7.00	32.00	17.60	17.00	12141.00
chr15	40757533	40757634	101	101	44.00	161.00	125.36	129.00	12661.00
chr2	220164706	220164981	275	275	746.00	1868.00	1254.16	1172.00	344895.00
chr3	164905164	164908639	3475	3475	12.00	162.00	69.53	63.00	241611.00
chr11	60699157	60699356	199	199	136.00	681.00	452.44	404.00	90036.00
chr2	96680301	96680717	416	416	5.00	31.00	16.03	15.00	6670.00
chr17	40845314	40845554	240	240	443.00	654.00	546.75	534.50	131220.00
chr12	125264513	125265391	878	878	27.00	86.00	52.72	50.00	46289.00
chr1	156623704	156624158	454	454	17.00	49.00	34.75	36.00	15775.00
chr6	108370456	108370622	166	166	125.00	173.00	146.13	145.50	24257.00
chr11	19180486	19180587	101	101	30.00	46.00	37.80	38.00	3818.00
chr19	42489069	42489338	269	269	980.00	2104.00	1598.70	1589.00	430050.00
chr2	198274493	198274731	238	238	207.00	353.00	273.63	273.00	65123.00
chr6	47220991	47221257	266	266	203.00	428.00	300.00	280.00	79801.00
chr19	40872679	40872822	143	143	2149.00	4204.00	3378.73	3422.00	483159.00
chr19	54693278	54693627	349	349	16.00	176.00	99.49	103.00	34721.00
chr12	81929	82174	245	245	43.00	101.00	73.96	74.00	18121.00
chr21	45513943	45514114	171	171	98.00	156.00	123.92	119.00	21190.00
chr3	124201630	124201747	117	117	12.00	913.00	636.27	781.00	74444.00
chr17	79805118	79805223	105	105	449.00	586.00	509.95	499.00	53545.00
chr20	46307419	46307548	129	129	100.00	175.00	128.31	126.00	16552.00
chr17	38187790	38187873	83	83	181.00	228.00	201.66	196.00	16738.00
chr2	207452814	207452878	64	64	525.00	621.00	566.91	557.50	36282.00
chr17	45695715	45695823	108	108	574.00	658.00	615.87	614.50	66514.00
chr7	44283023	44283126	103	103	919.00	1095.00	1010.03	1013.00	104033.00
chr20	62274975	62275284	309	309	12.00	3337.00	1568.39	2079.00	484633.00
chr11	108202605	108202764	159	159	49.00	96.00	75.26	77.00	11966.00
chr9	140051314	140051489	175	175	1105.00	1768.00	1386.15	1344.00	242576.00
chr22	45574118	45574781	663	663	65.00	188.00	120.07	120.00	79606.00
chr15	79312382	79312446	64	64	389.00	480.00	433.25	433.50	27728.00
chr1	21940120	21940199	79	79	996.00	1158.00	1088.25	1101.00	85972.00
chr17	3775847	3775921	74	74	499.00	749.00	645.28	667.50	47751.00
chr7	73133931	73134019	88	88	24.00	3092.00	1049.62	729.00	92367.00
chr11	72292920	72292991	71	71	861.00	1020.00	908.90	904.00	64532.00
chr7	43547616	43547730	114	114	149.00	205.00	175.61	177.00	20020.00
chr16	58713760	58714145	385	385	43.00	78.00	58.88	58.00	22667.00
chr22	21083600	21083794	194	194	962.00	1883.00	1414.66	1458.50	274444.00
chr11	66457275	66457414	139	139	571.00	992.00	735.58	691.00	102245.00
chr15	91561034	91561115	81	81	43.00	59.00	51.65	51.00	4184.00
chr11	2968525	2969001	476	476	13.00	44.00	28.77	28.00	13694.00
chr19	34869838	34869910	72	72	1808.00	2379.00	2025.06	1974.00	145804.00
chr9	121970996	121971219	223	223	394.00	552.00	471.12	472.00	105060.00
chr3	47449772	47449980	208	208	23.00	118.00	83.17	102.00	17300.00
chr12	57601820	57601999	179	179	331.00	709.00	503.38	457.00	90105.00
chr16	2345590	2345741	151	151	283.00	418.00	361.30	362.00	54556.00
chr12	50471782	50471910	128	128	130.00	249.00	182.48	171.00	23358.00
chr1	109814221	109814344	123	123	451.00	801.00	689.77	722.00	84842.00
chr19	16942304	16942458	154	154	133.00	190.00	161.66	166.00	24895.00
chr11	66333301	66333398	97	97	470.00	569.00	512.20	506.00	49683.00
chr5	74026084	74026223	139	139	136.00	166.00	151.65	152.00	21079.00
chr5	68417520	68417722	202	202	47.00	115.00	85.50	86.00	17270.00
chr19	15272262	15272525	263	263	22.00	88.00	54.71	47.00	14389.00
chr3	45872404	45872482	78	78	181.00	230.00	211.77	220.00	16518.00
chr7	73123374	73123452	78	78	3120.00	4084.00	3764.42	3911.50	293625.00
chr5	14498197	14498360	163	163	256.00	365.00	306.04	304.00	49884.00
chr14	93180167	93180230	63	63	207.00	292.00	248.63	233.00	15664.00
chr9	130984739	130984875	136	136	3000.00	5139.00	4019.36	3732.00	546633.00
chr13	31216764	31216894	130	130	41.00	77.00	53.09	49.00	6902.00
chr12	112614399	112614506	107	107	149.00	394.00	354.98	361.00	37983.00
chr12	57602865	57602982	117	117	447.00	695.00	550.40	547.00	64397.00
chr14	72976861	72976987	126	126	151.00	253.00	192.67	173.00	24277.00
chr1	155209406	155209553	147	147	135.00	249.00	176.37	158.00	25927.00
chr10	49633930	49634113	183	183	239.00	321.00	283.78	287.00	51932.00
chr16	84100093	84100218	125	125	219.00	279.00	253.00	254.00	31625.00
chr1	155207924	155208097	173	173	203.00	271.00	238.00	232.00	41174.00
chr12	2786898	2787033	135	135	37.00	94.00	66.19	66.00	8935.00
chr2	233755457	233756197	740	740	25.00	1303.00	274.35	87.00	203016.00
chr14	60631894	60632099	205	205	89.00	308.00	214.59	232.00	43990.00
chr1	11151549	11151654	105	105	129.00	181.00	152.03	147.00	15963.00
chr4	134076071	134076178	107	107	441.00	635.00	581.45	589.00	62215.00
chr15	91420364	91420441	77	77	253.00	278.00	263.65	262.00	20301.00
chr5	114961533	114961755	222	222	19.00	124.00	80.10	80.00	17782.00
chr16	1814047	1814211	164	164	11.00	844.00	365.55	515.00	59951.00
chr18	44250463	44252581	2118	2118	35.00	386.00	188.45	178.00	399127.00
chr6	158049380	158049518	138	138	99.00	165.00	132.38	134.00	18268.00
chr19	7675585	7675679	94	94	62.00	97.00	82.89	87.00	7792.00
chr13	99461604	99461719	115	115	10.00	456.00	309.40	293.00	35581.00
chr11	130010829	130011467	638	638	10.00	2983.00	316.66	18.00	202031.00
chr11	107526658	107526792	134	134	642.00	929.00	785.25	767.50	105223.00
chr16	1391294	1391490	196	196	93.00	205.00	133.12	124.50	26091.00
chr1	38182716	38184158	1442	1442	11.00	115.00	70.97	72.00	102340.00
chr5	179231023	179231323	300	300	14.00	25.00	19.31	19.00	5793.00
chr14	69814593	69814719	126	126	108.00	158.00	139.83	143.00	17618.00
chr14	69349174	69349309	135	135	332.00	439.00	394.14	398.00	53209.00
chr19	7614792	7614998	206	206	194.00	344.00	305.31	319.00	62893.00
chr1	228270375	228270466	91	91	15.00	2329.00	764.93	367.00	69609.00
chr1	38186022	38186315	293	293	14.00	54.00	38.62	43.00	11317.00
chr13	77641715	77641999	284	284	389.00	615.00	502.22	523.00	142630.00
chr14	100157417	100157498	81	81	234.00	482.00	325.26	284.00	26346.00
chr13	32978280	32979333	1053	1053	10.00	100.00	37.23	33.00	39206.00
chr12	7301567	7301794	227	227	921.00	1311.00	1140.25	1144.00	258837.00
chr9	123583116	123583257	141	141	62.00	80.00	71.73	71.00	10114.00
chr17	26883183	26883284	101	101	101.00	178.00	129.27	119.00	13056.00
chr12	6972993	6973137	144	144	319.00	422.00	371.78	375.50	53536.00
chr20	34322310	34322637	327	327	6.00	23.00	13.99	13.00	4575.00
chr19	7606407	7606570	163	163	152.00	274.00	185.06	174.00	30164.00
chr16	2333186	2333373	187	187	9.00	517.00	373.44	426.00	69833.00
chr12	113825548	113825711	163	163	125.00	393.00	246.34	228.00	40154.00
chr7	4802013	4807749	5736	5736	19.00	211.00	74.46	65.00	427089.00
chr1	43394880	43394985	105	105	286.00	450.00	382.89	425.00	40203.00
chr19	4554399	4554488	89	89	574.00	897.00	772.61	833.00	68762.00
chr16	31719139	31719372	233	233	17.00	34.00	24.62	24.00	5737.00
chr5	134060669	134061744	1075	1075	12.00	55.00	37.23	36.00	40019.00
chr1	202936318	202936371	53	53	17.00	218.00	125.87	171.00	6671.00
chr2	220087366	220087615	249	249	261.00	370.00	314.93	319.00	78418.00
chr2	36764494	36764689	195	195	85.00	150.00	116.52	111.00	22721.00
chr7	43519208	43519343	135	135	162.00	284.00	231.16	226.00	31207.00
chr10	51249585	51249993	408	408	2.00	29.00	13.89	16.00	5669.00
chr6	32123647	32123755	108	108	142.00	228.00	171.44	166.00	18516.00
chr3	118624442	118624692	250	250	8.00	74.00	37.87	21.00	9467.00
chr1	190129797	190130020	223	223	71.00	114.00	87.45	88.00	19502.00
chr9	131004491	131004624	133	133	8.00	4210.00	3373.12	3936.00	448625.00
chr22	33679187	33679334	147	147	321.00	414.00	371.78	372.00	54651.00
chr15	74709931	74710016	85	85	247.00	469.00	328.27	292.00	27903.00
chr7	6470110	6470238	128	128	46.00	75.00	55.48	55.00	7102.00
chr1	6640600	6641359	759	759	15.00	60.00	29.78	27.00	22602.00
chr16	31510622	31510728	106	106	255.00	311.00	275.74	273.00	29228.00
chr4	103710287	103711803	1516	1516	10.00	47.00	25.61	25.00	38819.00
chr19	2862339	2862746	407	407	15.00	38.00	25.56	25.00	10402.00
chr2	15467873	15467994	121	121	69.00	110.00	87.08	89.00	10537.00
chr2	36780721	36781492	771	771	10.00	40.00	25.13	26.00	19377.00
chr10	81070680	81070941	261	261	63.00	148.00	89.53	84.00	23367.00
chr2	217234866	217235986	1120	1120	53.00	230.00	124.72	118.00	139683.00
chr10	93786348	93786508	160	160	88.00	152.00	113.67	111.00	18188.00
chr17	20268785	20269076	291	291	5.00	16.00	11.54	12.00	3357.00
chr9	131002006	131002062	56	56	8.00	4332.00	3878.32	4187.00	217186.00
chr1	155208307	155208441	134	134	256.00	324.00	287.43	293.00	38516.00
chr2	162833877	162834373	496	496	0.00	803.00	70.52	14.00	34977.00
chr9	35799614	35799728	114	114	40.00	63.00	53.62	53.00	6113.00
chr20	62517856	62519234	1378	1378	20.00	238.00	70.32	66.00	96901.00
chr22	35942847	35943127	280	280	56.00	260.00	165.10	179.00	46228.00
chr13	26436438	26436546	108	108	88.00	121.00	100.19	98.00	10820.00
chr14	69371371	69371453	82	82	252.00	424.00	336.84	324.50	27621.00
chr7	44031274	44031581	307	307	8.00	36.00	25.15	27.00	7722.00
chr11	12274988	12275291	303	303	6.00	82.00	43.80	47.00	13271.00
chr5	1334403	1334498	95	95	185.00	234.00	209.32	211.00	19885.00
chr19	34868639	34868786	147	147	2413.00	3425.00	2833.69	2843.00	416552.00
chr16	1815960	1816143	183	183	455.00	782.00	575.46	577.00	105309.00
chr10	73578787	73578868	81	81	3188.00	4295.00	3684.00	3638.00	298404.00
chr17	37420427	37420640	213	213	33.00	54.00	42.41	41.00	9033.00
chr5	60835422	60835586	164	164	55.00	76.00	63.57	63.00	10426.00
chr15	79296143	79296517	374	374	478.00	919.00	655.50	641.50	245156.00
chr19	13039568	13039661	93	93	667.00	1061.00	878.72	922.00	81721.00
chr12	49421585	49421713	128	128	114.00	203.00	166.82	168.00	21353.00
chr1	1661057	1662583	1526	1526	21.00	407.00	169.50	159.00	258662.00
chr2	207457340	207457460	120	120	576.00	758.00	677.35	698.00	81282.00
chr11	64542462	64543441	979	979	17.00	58.00	37.15	36.00	36366.00
chr20	61910250	61910347	97	97	179.00	234.00	210.14	212.00	20384.00
chr11	62394042	62394156	114	114	269.00	337.00	298.98	296.50	34084.00
chr5	37301538	37301652	114	114	30.00	43.00	36.64	37.00	4177.00
chr16	4733843	4733933	90	90	251.00	305.00	284.30	285.00	25587.00
chr15	43693913	43694048	135	135	86.00	118.00	98.65	99.00	13318.00
chr11	18764538	18764622	84	84	264.00	345.00	311.89	322.00	26199.00
chr17	57842331	57842499	168	168	204.00	263.00	236.25	237.00	39690.00
chr9	96076729	96078064	1335	1335	12.00	50.00	26.51	25.00	35390.00
chr11	12246219	12246367	148	148	546.00	681.00	604.74	609.00	89502.00
chr12	7030743	7031565	822	822	14.00	5431.00	1886.45	27.00	1550663.00
chr3	14523178	14523349	171	171	35.00	73.00	55.96	59.00	9569.00
chr5	758508	759483	975	975	17.00	80.00	39.39	37.00	38404.00
chr12	22635490	22635677	187	187	103.00	132.00	114.33	113.00	21380.00
chr5	14479369	14479459	90	90	285.00	332.00	305.08	304.00	27457.00
chr6	143655214	143656079	865	865	1.00	22.00	7.91	7.00	6839.00
chr7	75508360	75508578	218	218	60.00	1560.00	1143.39	1265.50	249259.00
chr11	60697981	60698131	150	150	252.00	378.00	302.70	294.50	45405.00
chr1	151400598	151400889	291	291	133.00	341.00	238.22	252.00	69322.00
chr5	172196431	172197309	878	878	38.00	687.00	213.69	120.00	187620.00
chr3	49152660	49152794	134	134	90.00	137.00	106.71	102.00	14299.00
chr7	5518281	5519950	1669	1669	22.00	161.00	97.84	98.00	163300.00
chr17	16691106	16691449	343	343	2.00	65.00	22.21	26.00	7617.00
chr2	220086993	220087172	179	179	271.00	351.00	314.49	316.00	56294.00
chr10	51746916	51748006	1090	1090	4.00	172.00	59.76	40.00	65139.00
chr12	7302118	7302289	171	171	1150.00	1393.00	1278.18	1282.00	218569.00
chr11	59562844	59562955	111	111	46.00	101.00	81.95	92.00	9097.00
chr12	6100984	6101184	200	200	42.00	88.00	57.94	52.00	11588.00
chr19	5683274	5683627	353	353	15.00	40.00	25.31	24.00	8935.00
chr12	2786259	2786387	128	128	41.00	66.00	49.95	49.00	6394.00
chr15	26812727	26812880	153	153	417.00	931.00	575.18	530.00	88002.00
chr1	149007980	149008798	818	818	3.00	48.00	18.70	15.00	15295.00
chr19	54965608	54965861	253	253	176.00	309.00	240.83	255.00	60930.00
chr8	27293259	27293310	51	51	270.00	385.00	325.35	324.00	16593.00
chr15	23014437	23014528	91	91	166.00	290.00	231.42	223.00	21059.00
chr1	111717500	111717585	85	85	118.00	198.00	157.24	155.00	13365.00
chr6	150157220	150157433	213	213	305.00	439.00	396.43	402.00	84440.00
chr13	114566547	114566670	123	123	33.00	188.00	87.93	61.00	10816.00
chr16	58539291	58539605	314	314	4.00	47.00	30.30	32.00	9514.00
chr1	21936612	21936768	156	156	727.00	2052.00	1203.92	1185.50	187812.00
chr1	17322880	17322991	111	111	366.00	735.00	556.68	624.00	61792.00
chr11	60699455	60699599	144	144	418.00	711.00	532.39	476.00	76664.00
chr5	6749669	6749770	101	101	70.00	85.00	77.87	78.00	7865.00
chr16	2156805	2156949	144	144	210.00	373.00	275.97	244.50	39740.00
chr15	34690834	34690930	96	96	152.00	341.00	264.84	261.00	25425.00
chr3	11074933	11075425	492	492	8.00	674.00	135.41	24.00	66620.00
chr5	74655222	74655381	159	159	261.00	425.00	325.62	325.00	51774.00
chr20	20022968	20023160	192	192	76.00	182.00	121.40	114.00	23308.00
chr2	39055481	39055578	97	97	38.00	54.00	46.97	47.00	4556.00
chr19	16793231	16793528	297	297	11.00	519.00	146.81	17.00	43603.00
chr2	219205450	219205509	59	59	89.00	106.00	97.69	98.00	5764.00
chr17	74087429	74087729	300	300	13.00	47.00	30.65	33.00	9195.00
chr3	184058150	184060036	1886	1886	21.00	1340.00	219.56	64.00	414095.00
chr6	90333128	90333263	135	135	88.00	165.00	129.52	131.00	17485.00
chr12	125267019	125267429	410	410	16.00	94.00	46.05	33.00	18882.00
chr1	207942580	207943104	524	524	20.00	121.00	83.36	85.00	43681.00
chr4	89356876	89357043	167	167	52.00	81.00	67.05	66.00	11197.00
chr7	101995498	101995736	238	238	24.00	125.00	59.28	48.00	14108.00
chr3	11067458	11067562	104	104	608.00	952.00	800.77	800.00	83280.00
chr5	95734582	95734740	158	158	285.00	377.00	326.94	329.00	51656.00
chr6	152529106	152529341	235	235	146.00	256.00	193.52	184.00	45477.00
chr5	102295578	102295763	185	185	224.00	307.00	263.19	260.00	48691.00
chr22	21072980	21073110	130	130	1415.00	2027.00	1737.97	1795.00	225936.00
chr12	121855306	121855714	408	408	102.00	278.00	152.76	144.00	62326.00
chr1	160326389	160326544	155	155	181.00	240.00	202.66	197.00	31412.00
chr11	60670930	60671007	77	77	397.00	463.00	427.48	427.00	32916.00
chr17	79804822	79804948	126	126	551.00	769.00	669.77	677.50	84391.00
chr16	18527204	18527332	128	128	762.00	1059.00	952.08	977.00	121866.00
chr16	16372518	16372646	128	128	794.00	1095.00	992.60	1021.00	127053.00
chr2	32750530	32750695	165	165	57.00	104.00	83.14	84.00	13718.00
chr14	69369193	69369279	86	86	359.00	558.00	454.50	472.00	39087.00
chr7	66418212	66418356	144	144	216.00	378.00	295.49	292.50	42551.00
chr6	44107988	44108097	109	109	205.00	296.00	258.42	260.00	28168.00
chr7	70885893	70886091	198	198	516.00	1285.00	804.36	650.00	159264.00
chr8	27295281	27295397	116	116	335.00	428.00	381.42	381.50	44245.00
chr7	73122918	73123018	100	100	3024.00	3628.00	3229.54	3178.50	322954.00
chr15	34698874	34699071	197	197	259.00	334.00	287.89	285.00	56714.00
chr8	22009343	22009513	170	170	445.00	814.00	575.84	564.50	97893.00
chr7	1526557	1526737	180	180	77.00	221.00	139.63	149.00	25133.00
chr5	178053946	178054065	119	119	15.00	333.00	158.19	131.00	18825.00
chr12	6103027	6103369	342	342	37.00	88.00	56.61	56.00	19360.00
chr2	3479491	3480482	991	991	12.00	40.00	20.83	18.00	20641.00
chr3	33883388	33883566	178	178	171.00	265.00	220.86	220.50	39313.00
chr19	11019778	11019883	105	105	178.00	299.00	246.42	262.00	25874.00
chr7	98446205	98446318	113	113	1483.00	3678.00	2664.32	2568.00	301068.00
chr8	106813274	106813932	658	658	17.00	53.00	34.40	33.00	22634.00
chr2	223795338	223795530	192	192	512.00	784.00	612.39	588.00	117578.00
chr7	75511146	75511554	408	408	841.00	1849.00	1307.01	1346.50	533259.00
chr21	40184926	40185038	112	112	231.00	407.00	336.27	382.00	37662.00
chr19	53383575	53385236	1661	1661	13.00	51.00	32.90	34.00	54655.00
chr19	14208130	14208295	165	165	5.00	716.00	472.65	599.00	77987.00
chr15	91461013	91461618	605	605	25.00	565.00	170.70	47.00	103273.00
chr8	145278010	145278133	123	123	49.00	77.00	63.64	61.00	7828.00
chr16	28132990	28133083	93	93	237.00	370.00	299.19	299.00	27825.00
chr11	125280091	125280221	130	130	139.00	198.00	163.58	161.00	21265.00
chr15	63128089	63128317	228	228	56.00	337.00	222.35	247.00	50695.00
chr9	131181435	131181557	122	122	21.00	1135.00	874.70	905.50	106713.00
chr19	3281196	3281343	147	147	446.00	660.00	562.46	578.00	82682.00
chr11	6240200	6240280	80	80	69.00	94.00	83.16	83.50	6653.00
chr20	31019123	31019287	164	164	57.00	89.00	77.41	78.00	12696.00
chr6	46825865	46827260	1395	1395	44.00	145.00	89.17	87.00	124395.00
chr12	1672006	1672666	660	660	17.00	95.00	41.66	35.00	27497.00
chr12	9098824	9099001	177	177	263.00	360.00	310.77	308.00	55007.00
chr7	121738503	121738630	127	127	32.00	50.00	42.05	43.00	5340.00
chr19	40875814	40875935	121	121	1331.00	1751.00	1535.49	1541.00	185794.00
chr20	3581592	3581671	79	79	173.00	266.00	223.68	233.00	17671.00
chr17	7226965	7227042	77	77	106.00	126.00	114.82	113.00	8841.00
chr2	74331800	74332809	1009	1009	35.00	103.00	57.18	52.00	57691.00
chr1	209785136	209785610	474	474	8.00	265.00	183.55	202.00	87002.00
chr9	35546426	35548532	2106	2106	196.00	520.00	301.72	285.00	635412.00
chr17	80040198	80040290	92	92	362.00	483.00	418.91	419.00	38540.00
chr11	73074791	73075284	493	493	10.00	210.00	74.44	24.00	36701.00
chr20	44674976	44675075	99	99	559.00	651.00	598.88	596.00	59289.00
chr20	5892091	5892328	237	237	81.00	571.00	355.58	432.00	84273.00
chr17	20316581	20317594	1013	1013	7.00	46.00	25.80	26.00	26131.00
chr12	99478702	99478801	99	99	207.00	261.00	228.76	223.00	22647.00
chr17	40842756	40842960	204	204	545.00	834.00	701.00	684.50	143003.00
chr11	107501142	107501288	146	146	499.00	693.00	577.73	576.00	84349.00
chr11	85429236	85429532	296	296	5.00	66.00	25.34	23.00	7502.00
chr20	9449217	9449319	102	102	73.00	103.00	91.84	93.00	9368.00
chr14	23371395	23371591	196	196	156.00	222.00	184.53	185.50	36167.00
chr7	716865	716957	92	92	2509.00	3275.00	3045.75	3056.50	280209.00
chr10	48862360	48862682	322	322	25.00	643.00	375.56	444.00	120929.00
chr10	68686678	68688210	1532	1532	57.00	205.00	107.55	96.00	164760.00
chr5	179674854	179674926	72	72	392.00	553.00	467.99	480.00	33695.00
chr1	209773327	209773456	129	129	207.00	293.00	261.78	272.00	33770.00
chr17	45691034	45691091	57	57	511.00	605.00	547.28	541.00	31195.00
chr1	19669871	19670118	247	247	18.00	37.00	27.49	28.00	6790.00
chr17	45664025	45664710	685	685	11.00	566.00	114.95	61.00	78743.00
chr19	2337634	2338840	1206	1206	16.00	101.00	39.63	37.00	47790.00
chr8	22011480	22011552	72	72	545.00	694.00	632.03	636.50	45506.00
