#chrom	start	end	size	num_data	min	max	mean	median	sum
chr12	1940100	1940691	591	591	22.00	49.00	32.85	31.00	19412.00
chr1	27480473	27481381	908	908	21.00	47.00	32.91	32.00	29882.00
chr15	63112684	63112809	125	125	153.00	213.00	191.89	197.00	23986.00
chr5	149231737	149232254	517	517	6.00	24.00	14.42	15.00	7456.00
chr5	140865429	140867182	1753	1753	15.00	72.00	37.59	34.00	65888.00
chr1	32209793	32209958	165	165	178.00	295.00	233.90	226.00	38594.00
chr16	87873307	87873431	124	124	126.00	191.00	163.75	168.50	20305.00
chr17	34157438	34158175	737	737	14.00	55.00	29.89	31.00	22027.00
chr2	127815619	127816088	469	469	20.00	146.00	81.77	85.00	38348.00
chr1	208212965	208213112	147	147	32.00	49.00	42.50	44.00	6247.00
chr22	19703883	19704666	783	783	5.00	51.00	34.98	36.00	27392.00
chr16	87872319	87872423	104	104	145.00	213.00	179.83	176.50	18702.00
chr9	140055740	140055868	128	128	841.00	950.00	904.74	916.00	115807.00
chr22	21096515	21096643	128	128	365.00	478.00	416.41	413.00	53300.00
chr9	140056321	140056540	219	219	2.00	1092.00	699.57	845.00	153205.00
chr11	78379981	78380253	272	272	11.00	47.00	25.73	24.00	6999.00
chr3	11070420	11070533	113	113	376.00	450.00	412.21	410.00	46580.00
chr1	109812554	109813222	668	668	7.00	382.00	167.63	193.50	111976.00
chr2	220161954	220162155	201	201	399.00	577.00	487.95	490.00	98077.00
chr15	74706887	74707086	199	199	125.00	172.00	142.44	140.00	28346.00
chr17	7318829	7319426	597	597	161.00	368.00	255.69	255.00	152647.00
chr1	21560050	21560154	104	104	69.00	88.00	79.08	80.00	8224.00
chr1	25573799	25573952	153	153	7.00	530.00	345.07	395.00	52796.00
chr14	93198993	93199160	167	167	124.00	182.00	145.71	146.00	24333.00
chr1	205554003	205554119	116	116	107.00	174.00	139.93	134.00	16232.00
chr1	9795005	9795232	227	227	1148.00	1856.00	1480.05	1484.00	335971.00
chr17	42426525	42426670	145	145	103.00	197.00	150.49	148.00	21821.00
chr18	70205887	70206179	292	292	0.00	215.00	78.84	14.00	23021.00
chr1	205553082	205553251	169	169	127.00	213.00	174.12	171.00	29427.00
chr9	140056623	140056766	143	143	2.00	916.00	611.38	703.00	87427.00
chr6	33412147	33412394	247	247	16.00	384.00	222.43	286.00	54939.00
chr12	89992366	89992547	181	181	3.00	426.00	324.90	372.00	58806.00
chr2	220088827	220089576	749	749	108.00	203.00	145.60	140.00	109057.00
chr14	100763073	100765222	2149	2149	20.00	181.00	89.76	88.00	192895.00
chr1	110740697	110742543	1846	1846	7.00	643.00	360.26	332.00	665042.00
chr1	149878201	149879758	1557	1557	11.00	967.00	222.66	39.00	346674.00
chr3	197264139	197265259	1120	1120	7.00	34.00	15.94	14.00	17855.00
chr8	56449623	56450530	907	907	12.00	47.00	30.13	30.00	27324.00
chr9	139354208	139354326	118	118	66.00	87.00	76.42	78.00	9017.00
chr1	32204908	32205236	328	328	331.00	503.00	432.02	436.00	141703.00
chr7	75608768	75608897	129	129	86.00	121.00	105.96	105.00	13669.00
chr19	45161029	45161178	149	149	51.00	76.00	65.30	68.00	9729.00
chr19	5243911	5244493	582	582	85.00	294.00	142.53	122.50	82951.00
chr6	32119585	32119717	132	132	8.00	434.00	234.80	263.50	30993.00
chr3	42670878	42672067	1189	1189	12.00	77.00	40.15	41.00	47741.00
chr11	45892392	45892485	93	93	92.00	142.00	118.60	120.00	11030.00
chr17	80040789	80040991	202	202	389.00	567.00	483.67	480.00	97702.00
chr2	74902875	74903036	161	161	41.00	58.00	51.28	52.00	8256.00
chr17	38335969	38337946	1977	1977	7.00	157.00	27.39	20.00	54151.00
chr16	87870103	87870253	150	150	136.00	209.00	162.82	158.50	24423.00
chr1	32205947	32206142	195	195	352.00	463.00	402.02	389.00	78394.00
chr6	44117553	44117702	149	149	3.00	228.00	137.64	169.00	20509.00
chr1	159163659	159163830	171	171	635.00	845.00	768.64	774.00	131437.00
chr3	445565	446023	458	458	2.00	15.00	6.45	5.00	2955.00
chr2	25048913	25048995	82	82	132.00	160.00	147.95	149.00	12132.00
chr10	99504485	99504672	187	187	57.00	121.00	76.06	75.00	14224.00
chr4	54364807	54365010	203	203	43.00	95.00	66.34	66.00	13468.00
chr17	1634367	1634552	185	185	15.00	43.00	24.89	22.00	4604.00
chr7	72416124	72416247	123	123	77.00	129.00	102.77	104.00	12641.00
chr1	208212169	208212329	160	160	36.00	71.00	48.52	45.00	7764.00
chr9	140952500	140952702	202	202	38.00	60.00	49.35	50.00	9968.00
chr6	44197325	44197528	203	203	81.00	133.00	109.35	111.00	22198.00
chr6	44197643	44198218	575	575	24.00	74.00	46.95	39.00	26996.00
chr11	118981972	118982084	112	112	122.00	167.00	142.27	143.00	15934.00
chr5	150503846	150503952	106	106	2.00	1215.00	841.17	1053.50	89164.00
chr11	118981761	118981878	117	117	154.00	190.00	172.03	171.00	20128.00
chr11	126314873	126315000	127	127	62.00	85.00	75.37	76.00	9572.00
chr1	159165808	159166244	436	436	8.00	723.00	146.80	15.00	64005.00
chr7	134893542	134893750	208	208	49.00	72.00	59.80	60.00	12438.00
chr9	121976196	121976433	237	237	70.00	210.00	139.92	152.00	33160.00
chr19	54691042	54691169	127	127	201.00	336.00	267.09	278.00	33921.00
chr22	38621430	38621600	170	170	197.00	378.00	308.32	334.50	52415.00
chr13	42035681	42036205	524	524	15.00	59.00	39.53	40.00	20713.00
chr20	1915360	1915413	53	53	6.00	1114.00	737.08	895.00	39065.00
chr5	14496987	14497126	139	139	114.00	211.00	163.32	156.00	22701.00
chr12	56528125	56528212	87	87	69.00	90.00	77.61	78.00	6752.00
chr3	47466974	47467101	127	127	95.00	126.00	109.25	109.00	13875.00
chr17	7415476	7415663	187	187	176.00	243.00	200.46	197.00	37486.00
chr3	33588037	33589252	1215	1215	40.00	151.00	89.12	84.00	108286.00
chr7	887833	888615	782	782	13.00	74.00	37.16	33.50	29059.00
chr10	24813251	24813693	442	442	11.00	59.00	36.02	38.00	15922.00
chr1	109812045	109812213	168	168	172.00	390.00	252.83	228.00	42476.00
chr19	15276597	15276902	305	305	64.00	111.00	87.97	89.00	26830.00
chr16	2334779	2334999	220	220	160.00	267.00	200.20	186.50	44043.00
chr16	68404761	68405261	500	500	9.00	34.00	21.76	25.00	10882.00
chr4	110969111	110969871	760	760	21.00	53.00	39.19	40.00	29781.00
chr1	145693161	145693996	835	835	5.00	75.00	43.88	44.00	36638.00
chr7	44282848	44282932	84	84	276.00	417.00	330.89	323.00	27795.00
chr2	220164315	220164508	193	193	13.00	420.00	176.03	20.00	33974.00
chr12	50472203	50472360	157	157	89.00	124.00	109.27	110.00	17155.00
chr2	220163768	220163833	65	65	399.00	529.00	471.22	471.00	30629.00
chr2	222289928	222290862	934	934	86.00	180.00	128.29	128.00	119823.00
chr12	57599133	57599268	135	135	261.00	347.00	294.01	288.00	39692.00
chr7	157475416	157475629	213	213	171.00	277.00	224.80	215.00	47883.00
chr1	32203800	32203927	127	127	273.00	627.00	441.52	478.00	56073.00
chr1	109811731	109811912	181	181	200.00	412.00	308.19	326.00	55783.00
chr9	140052830	140052975	145	145	518.00	1348.00	992.08	1102.00	143851.00
chr2	220161706	220161854	148	148	390.00	714.00	555.05	579.50	82147.00
chr16	29896906	29897070	164	164	311.00	449.00	398.67	410.00	65382.00
chr16	47143393	47143622	229	229	48.00	77.00	63.01	63.00	14430.00
chr11	993753	993985	232	232	188.00	359.00	286.40	280.50	66444.00
chr9	124059698	124061137	1439	1439	54.00	236.00	111.76	93.00	160829.00
chr9	140350140	140350634	494	494	13.00	87.00	53.55	56.00	26455.00
chr11	14504577	14504697	120	120	95.00	135.00	116.91	115.00	14029.00
chr3	49898612	49898733	121	121	384.00	642.00	504.85	500.00	61087.00
chr9	131811659	131811777	118	118	51.00	80.00	64.64	62.00	7628.00
chr9	131810705	131810818	113	113	48.00	68.00	56.04	55.00	6333.00
chr1	223400935	223401080	145	145	78.00	106.00	91.65	91.00	13289.00
chr12	125612185	125612820	635	635	8.00	128.00	33.71	21.00	21409.00
chr2	220088590	220088744	154	154	142.00	203.00	174.28	174.00	26839.00
chr9	70888487	70888750	263	263	14.00	108.00	64.68	70.00	17011.00
chr14	69813756	69813898	142	142	100.00	169.00	123.89	116.00	17593.00
chr2	47399145	47399890	745	745	23.00	421.00	87.73	77.00	65357.00
chr11	62688689	62689041	352	352	8.00	145.00	46.98	21.00	16537.00
chr6	43745205	43745407	202	202	7.00	155.00	130.26	133.00	26313.00
chr3	11072492	11072997	505	505	11.00	681.00	154.11	52.00	77824.00
chr7	2696031	2696168	137	137	121.00	178.00	157.90	166.00	21632.00
chr16	14969196	14969279	83	83	341.00	712.00	532.49	553.00	44197.00
chr17	7377847	7378026	179	179	9.00	23.00	15.65	15.00	2802.00
chr12	65639640	65639719	79	79	72.00	118.00	90.53	87.00	7152.00
chr12	50294912	50295108	196	196	1122.00	2381.00	1412.73	1300.00	276896.00
chr19	42485653	42485788	135	135	1391.00	2143.00	1821.36	1784.00	245884.00
chr10	99509230	99509343	113	113	102.00	168.00	129.64	130.00	14649.00
chr22	38883877	38888120	4243	4243	176.00	1718.00	679.55	645.00	2883349.00
chr12	49416372	49416658	286	286	73.00	114.00	96.69	98.00	27654.00
chr6	24843089	24843782	693	693	27.00	53.00	40.34	39.00	27954.00
chr5	176295561	176295665	104	104	142.00	195.00	160.01	154.00	16641.00
chr10	99510087	99510227	140	140	133.00	225.00	164.59	166.50	23042.00
chr1	159173658	159174770	1112	1112	3.00	41.00	16.01	12.00	17804.00
chr11	1780745	1780869	124	124	1015.00	1446.00	1269.51	1329.00	157419.00
chr19	42486059	42486258	199	199	1019.00	1712.00	1356.94	1362.00	270031.00
chr3	47465422	47465535	113	113	106.00	141.00	122.24	123.00	13813.00
chr1	21573713	21573856	143	143	65.00	90.00	80.40	81.00	11497.00
chr11	65320330	65320453	123	123	138.00	223.00	190.72	200.00	23458.00
chr3	47462420	47462519	99	99	118.00	220.00	185.26	208.00	18341.00
chr2	219204751	219204864	113	113	54.00	95.00	83.30	85.00	9413.00
chr1	43906123	43906257	134	134	28.00	49.00	35.38	33.00	4741.00
chr7	38785158	38785840	682	682	19.00	253.00	51.51	35.00	35133.00
chr2	153499932	153500058	126	126	62.00	110.00	92.65	100.00	11674.00
chr1	32203011	32203132	121	121	3.00	459.00	335.99	386.00	40655.00
chr22	42290823	42290941	118	118	301.00	522.00	439.47	446.00	51858.00
chr19	47940718	47940818	100	100	261.00	467.00	371.90	352.00	37190.00
chr4	119539150	119539274	124	124	9.00	34.00	25.35	29.00	3144.00
chr17	44117067	44117250	183	183	59.00	87.00	74.52	75.00	13637.00
chr19	42485873	42485983	110	110	1021.00	1394.00	1233.03	1251.50	135633.00
chr6	44114583	44114664	81	81	88.00	124.00	106.77	106.00	8648.00
chr19	47941105	47941292	187	187	6.00	530.00	296.67	412.00	55477.00
chr11	73074250	73074500	250	250	102.00	168.00	133.28	130.00	33320.00
chr3	33418764	33418825	61	61	146.00	188.00	166.49	169.00	10156.00
chr1	700258	700505	247	247	18.00	47.00	29.18	27.00	7208.00
chr9	74319510	74319719	209	209	18.00	48.00	29.36	30.00	6137.00
chr16	2336694	2336968	274	274	134.00	412.00	259.19	248.00	71018.00
chr20	3575125	3575219	94	94	90.00	150.00	102.65	98.00	9649.00
chr9	139231377	139231529	152	152	54.00	96.00	71.80	70.00	10914.00
chr5	140515951	140516498	547	547	7.00	27.00	19.34	20.00	10578.00
chr1	21938208	21938309	101	101	385.00	475.00	430.58	433.00	43489.00
chr3	155659188	155659936	748	748	10.00	107.00	61.31	65.00	45858.00
chr16	27483068	27483241	173	173	90.00	120.00	101.49	101.00	17557.00
chr11	994071	994245	174	174	91.00	253.00	197.36	211.00	34340.00
chr7	71175745	71175913	168	168	216.00	366.00	293.09	299.50	49239.00
chr12	121204065	121204175	110	110	149.00	222.00	190.10	198.00	20911.00
chr7	73118679	73118753	74	74	618.00	799.00	709.08	704.00	52472.00
chr9	140972565	140972710	145	145	48.00	71.00	61.42	63.00	8906.00
chr12	121683329	121684024	695	695	4.00	47.00	19.10	17.00	13272.00
chr16	74493579	74493687	108	108	209.00	242.00	226.18	226.00	24427.00
chr2	36771518	36771641	123	123	102.00	140.00	116.91	117.00	14380.00
chr7	94187181	94187996	815	815	7.00	30.00	17.23	18.00	14040.00
chr14	94156951	94157239	288	288	6.00	18.00	11.53	12.00	3322.00
chr7	121739000	121739524	524	524	34.00	93.00	61.71	60.00	32335.00
chr1	19549117	19549328	211	211	78.00	116.00	90.65	90.00	19127.00
chr19	5214571	5214747	176	176	163.00	390.00	245.09	244.50	43135.00
chr19	42557753	42557861	108	108	128.00	154.00	139.44	138.50	15059.00
chr15	102510686	102510925	239	239	1.00	143.00	72.53	71.00	17335.00
chr5	167673761	167675376	1615	1615	8.00	78.00	30.67	31.00	49528.00
chr7	44282158	44282253	95	95	307.00	570.00	445.91	441.00	42361.00
chr2	160621061	160621717	656	656	10.00	137.00	31.44	23.00	20625.00
chr5	10426501	10426634	133	133	226.00	391.00	312.86	325.00	41610.00
chr16	1814301	1814460	159	159	450.00	526.00	493.38	494.00	78448.00
chr11	21581734	21581928	194	194	37.00	79.00	61.85	66.00	11998.00
chr3	126749085	126749255	170	170	65.00	104.00	85.99	87.00	14619.00
chr11	12237765	12237866	101	101	222.00	299.00	266.63	274.00	26930.00
chr6	31750872	31750963	91	91	114.00	167.00	141.26	137.00	12855.00
chr3	53124201	53124398	197	197	10.00	27.00	19.31	18.00	3805.00
chr2	220161470	220161544	74	74	579.00	691.00	638.08	646.50	47218.00
chr2	128951046	128951785	739	739	16.00	64.00	35.08	34.00	25921.00
chr5	24535811	24535931	120	120	44.00	81.00	64.73	67.00	7768.00
chr1	44083406	44083582	176	176	181.00	343.00	243.89	224.00	42925.00
chr1	32207653	32207818	165	165	236.00	421.00	328.42	336.00	54189.00
chr12	7293754	7294000	246	246	4.00	524.00	303.65	419.50	74697.00
chr3	131442289	131442469	180	180	55.00	91.00	71.16	71.00	12808.00
chr3	49898871	49899298	427	427	30.00	736.00	306.37	424.00	130822.00
chr16	66432358	66432464	106	106	35.00	53.00	44.71	44.00	4739.00
chr1	20982593	20982680	87	87	297.00	392.00	328.40	314.00	28571.00
chr16	68398653	68398809	156	156	19.00	39.00	28.92	29.00	4512.00
chr17	16676818	16678279	1461	1461	4.00	42.00	16.75	13.00	24469.00
chr1	109814899	109815027	128	128	249.00	333.00	299.21	311.00	38299.00
chr1	21940478	21940582	104	104	483.00	640.00	568.71	581.50	59146.00
chr20	57468284	57468793	509	509	7.00	26.00	19.15	19.00	9748.00
chr3	127358087	127358366	279	279	185.00	411.00	313.65	309.00	87508.00
chr3	126735359	126735527	168	168	36.00	73.00	55.79	52.00	9372.00
chr10	103869140	103869264	124	124	238.00	339.00	286.25	277.50	35495.00
chr20	44520554	44520666	112	112	116.00	146.00	130.68	130.00	14636.00
chr1	32203252	32203356	104	104	250.00	405.00	336.53	361.50	34999.00
chr21	40186196	40186316	120	120	123.00	175.00	155.29	158.00	18635.00
chr5	111067153	111068349	1196	1196	10.00	62.00	37.25	37.00	44555.00
chr9	128002954	128003186	232	232	295.00	518.00	393.38	386.50	91265.00
chr1	43408896	43408992	96	96	222.00	320.00	271.53	276.50	26067.00
chr3	47463931	47464026	95	95	130.00	147.00	140.42	142.00	13340.00
chr2	220161160	220161238	78	78	561.00	640.00	600.28	597.50	46822.00
chr11	62472772	62473089	317	317	775.00	1443.00	1050.00	973.00	332849.00
chr9	130986341	130986906	565	565	8.00	459.00	115.08	19.00	65022.00
chr14	69358769	69359000	231	231	129.00	197.00	154.53	154.00	35696.00
chr11	64416205	64416379	174	174	207.00	292.00	249.29	249.50	43376.00
chr17	8398454	8398559	105	105	194.00	271.00	232.61	226.00	24424.00
chr12	53572943	53574193	1250	1250	16.00	76.00	46.86	47.00	58571.00
chr17	17696544	17701827	5283	5283	19.00	146.00	56.32	54.00	297563.00
chr8	11705187	11705331	144	144	737.00	1165.00	1021.20	1047.50	147053.00
chr19	54963829	54963931	102	102	431.00	612.00	499.58	487.50	50957.00
chr2	70451682	70456295	4613	4613	7.00	234.00	54.46	51.00	251242.00
chr11	118873959	118874169	210	210	14.00	51.00	36.77	38.00	7722.00
chr10	75548427	75548581	154	154	69.00	111.00	87.79	84.50	13519.00
chr6	33414351	33414563	212	212	263.00	441.00	375.89	389.00	79689.00
chr17	80042910	80043032	122	122	230.00	266.00	247.93	250.00	30247.00
chr11	11470290	11470483	193	193	45.00	67.00	53.17	52.00	10261.00
chr8	23294446	23294771	325	325	74.00	120.00	94.50	95.00	30714.00
chr1	116932060	116932663	603	603	15.00	1580.00	539.81	30.00	325504.00
chr15	83222627	83222741	114	114	73.00	97.00	84.43	84.00	9625.00
chr3	9841562	9841751	189	189	21.00	36.00	28.77	30.00	5438.00
chr1	116937731	116937907	176	176	938.00	1638.00	1100.05	1012.50	193609.00
chr16	87868019	87868197	178	178	144.00	188.00	170.68	171.00	30381.00
chr3	124209540	124209731	191	191	212.00	320.00	258.08	253.00	49293.00
chr7	71142195	71142291	96	96	310.00	421.00	349.68	344.50	33569.00
chr5	130497324	130497584	260	260	10.00	31.00	22.05	23.00	5734.00
chr13	100199238	100199358	120	120	260.00	376.00	322.77	324.50	38733.00
chr5	139943336	139943506	170	170	27.00	197.00	163.12	170.00	27730.00
chr17	74395529	74396002	473	473	45.00	131.00	92.62	98.00	43808.00
chr14	93179149	93179216	67	67	148.00	173.00	157.25	155.00	10536.00
chr4	160277004	160277310	306	306	32.00	242.00	128.28	121.50	39255.00
chr17	40666306	40666478	172	172	537.00	809.00	678.99	669.00	116786.00
chr15	34828065	34828207	142	142	11.00	270.00	193.16	206.00	27429.00
chr14	100165802	100165876	74	74	250.00	296.00	267.23	265.00	19775.00
chr22	20128089	20128231	142	142	14.00	117.00	71.71	92.50	10183.00
chr12	3392210	3394421	2211	2211	3.00	75.00	40.12	39.00	88710.00
chr17	16687866	16690667	2801	2801	0.00	103.00	19.23	14.00	53876.00
chr6	31664724	31664810	86	86	83.00	125.00	106.15	106.00	9129.00
chr6	30627512	30627611	99	99	43.00	67.00	55.69	57.00	5513.00
chr11	18752834	18755060	2226	2226	7.00	424.00	54.07	29.00	120350.00
chr12	109332602	109332731	129	129	224.00	315.00	263.42	266.00	33981.00
chr6	90072884	90073110	226	226	9.00	23.00	15.79	16.00	3569.00
chr16	2689371	2689711	340	340	0.00	4.00	0.37	0.00	126.00
chr1	20987373	20987484	111	111	300.00	370.00	337.59	341.00	37473.00
chr14	85985300	85986667	1367	1367	1.00	24.00	8.29	7.00	11337.00
chr13	32863769	32863880	111	111	98.00	132.00	113.81	114.00	12633.00
chr16	1510418	1510528	110	110	97.00	120.00	106.04	104.00	11664.00
chr19	54963269	54963444	175	175	517.00	663.00	583.43	577.00	102100.00
chr6	44224078	44224233	155	155	101.00	141.00	120.02	121.00	18603.00
chr20	3151172	3152285	1113	1113	7.00	40.00	21.97	21.00	24453.00
chr1	892273	892405	132	132	134.00	228.00	164.89	160.00	21766.00
chr16	90192167	90192724	557	557	5.00	33.00	22.08	25.00	12298.00
chr9	111663704	111663810	106	106	62.00	85.00	71.61	71.00	7591.00
chr6	44108764	44108835	71	71	117.00	130.00	121.10	120.00	8598.00
chr1	36028802	36029027	225	225	1083.00	1551.00	1264.71	1234.00	284559.00
chr11	66807259	66807674	415	415	16.00	105.00	73.00	74.00	30295.00
chr1	178426817	178427679	862	862	18.00	65.00	37.95	34.00	32717.00
chr19	42482302	42482478	176	176	1167.00	1744.00	1335.23	1313.00	235000.00
chr1	44084718	44084873	155	155	149.00	422.00	273.81	253.00	42441.00
chr1	109812315	109812442	127	127	206.00	284.00	247.27	249.00	31403.00
chr3	180324268	180324391	123	123	146.00	242.00	214.46	225.00	26379.00
chr15	63933668	63933842	174	174	72.00	180.00	120.51	104.00	20969.00
chr20	44521363	44521519	156	156	183.00	250.00	211.11	211.00	32933.00
chr3	33416779	33416910	131	131	69.00	149.00	100.54	96.00	13171.00
chr1	21934624	21934843	219	219	3.00	600.00	285.82	391.00	62594.00
chr14	69799801	69799886	85	85	59.00	101.00	81.72	81.00	6946.00
chr1	116936134	116936345	211	211	5.00	1332.00	1093.16	1206.00	230657.00
chr14	23634493	23634645	152	152	29.00	57.00	42.77	44.50	6501.00
chr16	1402538	1402947	409	409	16.00	40.00	27.04	26.00	11059.00
chr9	20331	25000	4669	4669	0.00	237.00	81.69	70.00	381419.00
chr17	43545574	43545959	385	385	17.00	44.00	31.01	32.00	11939.00
chr13	100201418	100201476	58	58	343.00	375.00	358.22	355.00	20777.00
chr15	41865505	41865665	160	160	238.00	432.00	332.81	325.00	53249.00
chr19	19641688	19642196	508	508	5.00	19.00	12.56	14.00	6379.00
chr11	134147593	134148159	566	566	6.00	26.00	13.15	13.00	7444.00
chr2	71656420	71657290	870	870	30.00	97.00	62.96	61.00	54776.00
chr7	97834775	97835016	241	241	64.00	107.00	90.69	93.00	21856.00
chr19	13363804	13363915	111	111	68.00	109.00	88.41	90.00	9814.00
chr18	31328383	31329011	628	628	11.00	34.00	21.34	22.00	13400.00
chr16	66431884	66432009	125	125	36.00	57.00	43.03	41.00	5379.00
chr19	47935155	47935702	547	547	5.00	573.00	208.16	238.00	113865.00
chr12	50291769	50291873	104	104	813.00	1270.00	978.57	984.50	101771.00
chr11	1780198	1780317	119	119	701.00	1279.00	890.46	865.00	105965.00
chr15	65392626	65393167	541	541	19.00	47.00	34.31	35.00	18564.00
chr2	86397871	86397967	96	96	93.00	143.00	126.57	124.00	12151.00
chr7	97866087	97866233	146	146	82.00	137.00	114.99	121.50	16788.00
chr11	60687157	60687402	245	245	116.00	210.00	169.62	177.00	41558.00
chr21	43307700	43309453	1753	1753	12.00	80.00	44.99	43.00	78876.00
chr14	24619269	24619657	388	388	32.00	98.00	45.89	42.00	17807.00
chr11	65320634	65320727	93	93	128.00	162.00	144.35	144.00	13425.00
chr16	29891184	29891385	201	201	342.00	482.00	416.84	413.00	83784.00
chr1	32207224	32207326	102	102	490.00	643.00	560.75	559.00	57196.00
chr11	72300218	72300394	176	176	4.00	355.00	113.31	8.00	19943.00
chr17	7608878	7609038	160	160	29.00	163.00	108.96	122.00	17434.00
chr19	7607646	7607814	168	168	103.00	161.00	132.32	138.00	22230.00
chr19	54966129	54966271	142	142	266.00	420.00	369.33	384.00	52445.00
chr12	57995027	57995131	104	104	94.00	125.00	107.23	104.00	11152.00
chr1	27428875	27429049	174	174	34.00	81.00	57.36	61.00	9980.00
chr2	27688277	27688385	108	108	40.00	89.00	64.69	65.50	6987.00
chr16	2691449	2692254	805	805	0.00	32.00	3.07	2.00	2470.00
chr9	131503813	131503933	120	120	295.00	372.00	326.37	324.00	39164.00
chr16	2347766	2347922	156	156	141.00	200.00	170.83	170.00	26650.00
chr17	80039884	80040036	152	152	340.00	412.00	367.59	363.00	55874.00
chr1	32204432	32204538	106	106	342.00	591.00	455.53	437.00	48286.00
chr12	9242951	9243078	127	127	277.00	364.00	323.87	325.00	41131.00
chr3	49702661	49702751	90	90	144.00	209.00	187.02	197.00	16832.00
chr19	35820359	35820837	478	478	46.00	128.00	83.74	83.50	40026.00
chr1	201456762	201457615	853	853	60.00	143.00	106.33	107.00	90701.00
chr16	2334279	2334438	159	159	146.00	238.00	195.46	196.00	31078.00
chr10	73578373	73578481	108	108	3871.00	4899.00	4393.69	4409.50	474519.00
chr16	18530550	18530756	206	206	16.00	511.00	250.93	349.50	51691.00
chr16	16369094	16369300	206	206	16.00	519.00	254.26	356.50	52377.00
chr13	113975636	113975785	149	149	15.00	907.00	399.07	21.00	59461.00
chr11	119293822	119294227	405	405	2.00	3818.00	338.96	24.00	137280.00
chr5	150505962	150506041	79	79	680.00	1071.00	874.16	861.00	69059.00
chr22	44224939	44225078	139	139	538.00	668.00	614.71	622.00	85445.00
chr15	41865199	41865309	110	110	263.00	357.00	307.96	305.00	33876.00
chr17	25633807	25636298	2491	2491	59.00	1257.00	629.58	774.00	1568273.00
chr15	72495155	72495529	374	374	21.00	2064.00	827.59	42.50	309518.00
chr9	42540272	42542124	1852	1852	1.00	25.00	11.85	12.00	21951.00
chr11	119290760	119291704	944	944	1.00	4845.00	1157.22	11.00	1092413.00
chr19	5219949	5220165	216	216	161.00	246.00	201.22	197.00	43463.00
chr15	63910769	63911153	384	384	3.00	37.00	17.08	13.00	6559.00
chr17	74393879	74393969	90	90	120.00	198.00	149.92	136.00	13493.00
chr10	104129467	104129532	65	65	107.00	129.00	120.11	121.00	7807.00
chr3	142454224	142454620	396	396	14.00	57.00	28.95	21.50	11464.00
chr12	121205196	121205396	200	200	174.00	228.00	200.15	198.50	40030.00
chr3	31705570	31705724	154	154	10.00	18.00	14.45	14.00	2226.00
chr6	118635190	118636593	1403	1403	20.00	194.00	117.96	117.00	165493.00
chr8	10339867	10340829	962	962	1.00	20.00	9.80	9.00	9431.00
chr19	16952578	16952779	201	201	94.00	139.00	118.10	118.00	23739.00
chr8	110984486	110985016	530	530	34.00	73.00	54.75	54.00	29020.00
chr9	128001219	128001610	391	391	359.00	776.00	620.07	652.00	242449.00
chr11	73070878	73070997	119	119	103.00	136.00	123.69	124.00	14719.00
chr10	104130140	104130235	95	95	78.00	111.00	93.73	90.00	8904.00
chr5	95733039	95733173	134	134	83.00	127.00	99.59	97.00	13345.00
chr19	59059400	59059547	147	147	306.00	386.00	335.20	334.00	49275.00
chr5	139943169	139943255	86	86	40.00	127.00	104.92	112.50	9023.00
chr17	73487771	73487981	210	210	102.00	187.00	134.63	134.00	28272.00
chr1	154315588	154315777	189	189	21.00	51.00	37.96	40.00	7175.00
chr14	95652726	95653070	344	344	31.00	66.00	44.19	44.00	15203.00
chr12	123639801	123640772	971	971	15.00	49.00	31.06	32.00	30159.00
chr22	47064870	47065171	301	301	1.00	11.00	5.21	6.00	1569.00
chr5	24535220	24535388	168	168	52.00	80.00	67.06	68.00	11266.00
chr12	6806452	6806958	506	506	102.00	270.00	185.99	193.00	94109.00
chr22	29881711	29881836	125	125	175.00	248.00	206.75	210.00	25844.00
chr7	75894681	75894786	105	105	31.00	69.00	51.47	50.00	5404.00
chr12	121089007	121095893	6886	6886	4.00	99.00	34.85	32.00	239960.00
chr1	207940357	207942365	2008	2008	9.00	307.00	166.06	159.00	333453.00
chr7	154681166	154681240	74	74	317.00	387.00	352.16	351.00	26060.00
chr5	131696513	131697529	1016	1016	6.00	27.00	15.44	15.00	15691.00
chr11	1776135	1776258	123	123	379.00	1010.00	659.76	630.00	81151.00
chr8	11706554	11706673	119	119	739.00	878.00	810.51	816.00	96451.00
chr11	18759426	18759511	85	85	172.00	200.00	185.01	185.00	15726.00
chr16	61689373	61689625	252	252	38.00	62.00	51.29	51.00	12924.00
chr15	51750702	51750824	122	122	147.00	244.00	201.35	209.00	24565.00
chr9	35555056	35555698	642	642	197.00	407.00	277.08	271.00	177886.00
chr2	198356200	198356621	421	421	9.00	36.00	23.69	27.00	9972.00
chr9	131001723	131001794	71	71	1508.00	1962.00	1741.44	1754.00	123642.00
chr19	5214371	5214491	120	120	333.00	487.00	406.72	407.50	48806.00
chr22	35719488	35719623	135	135	131.00	163.00	148.94	150.00	20107.00
chr12	121678738	121679829	1091	1091	6.00	55.00	20.78	19.00	22669.00
chr14	23820960	23821064	104	104	1208.00	1717.00	1509.26	1546.50	156963.00
chr1	32205710	32205779	69	69	338.00	476.00	405.65	404.00	27990.00
chr3	33420176	33420326	150	150	9.00	179.00	66.31	19.00	9947.00
chr9	114820707	114820966	259	259	31.00	51.00	41.49	41.00	10747.00
chr15	41865876	41866023	147	147	45.00	660.00	484.80	532.00	71265.00
chr19	55554308	55554637	329	329	2.00	15.00	9.31	10.00	3063.00
chr1	116933403	116933513	110	110	1218.00	1531.00	1381.27	1366.50	151940.00
chr19	15374230	15374359	129	129	75.00	162.00	124.09	134.00	16008.00
chr12	56090682	56090852	170	170	72.00	100.00	85.75	85.00	14577.00
chr14	69445668	69445876	208	208	44.00	157.00	103.83	116.50	21597.00
chr12	57603474	57603651	177	177	203.00	409.00	310.80	311.00	55011.00
chr22	32897492	32898946	1454	1454	10.00	117.00	44.02	39.00	64010.00
chr16	16367702	16367764	62	62	5.00	404.00	202.27	227.00	12541.00
chr19	5245786	5246056	270	270	93.00	301.00	187.63	179.50	50660.00
chr16	74345440	74345829	389	389	12.00	28.00	19.50	19.00	7585.00
chr6	107096899	107097076	177	177	56.00	86.00	70.26	70.00	12436.00
chr1	29641883	29642019	136	136	34.00	55.00	44.18	43.00	6009.00
chr8	97342440	97342509	69	69	146.00	185.00	162.54	161.00	11215.00
chr8	68116914	68117054	140	140	68.00	98.00	84.05	89.00	11767.00
chr22	22037470	22037546	76	76	49.00	74.00	62.33	60.00	4737.00
chr22	50682147	50683420	1273	1273	11.00	165.00	95.77	99.00	121920.00
chr20	44048971	44049069	98	98	316.00	395.00	352.52	354.00	34547.00
chr1	36904356	36904511	155	155	33.00	61.00	46.66	46.00	7233.00
chr12	71054719	71054877	158	158	45.00	117.00	65.94	58.00	10418.00
chr15	50654364	50655515	1151	1151	14.00	66.00	30.35	29.00	34937.00
chr2	234198499	234198620	121	121	49.00	82.00	69.96	75.00	8465.00
chr9	128001699	128001812	113	113	378.00	472.00	417.30	411.00	47155.00
chr8	38272296	38272419	123	123	69.00	104.00	95.07	98.00	11693.00
chr11	73068069	73068179	110	110	69.00	137.00	100.89	102.50	11098.00
chr16	28123137	28123327	190	190	172.00	315.00	247.84	259.00	47089.00
chr12	49424062	49424222	160	160	28.00	51.00	39.98	43.00	6396.00
chr19	50302885	50303023	138	138	286.00	470.00	371.33	337.50	51243.00
chr19	42480567	42480718	151	151	1801.00	2899.00	2337.68	2334.00	352989.00
chr3	197904395	197905301	906	906	0.00	39.00	14.76	15.00	13370.00
chr13	100189992	100190117	125	125	237.00	300.00	261.90	261.00	32738.00
chr19	14268062	14268272	210	210	186.00	327.00	263.52	263.00	55339.00
chr10	93786886	93787057	171	171	117.00	189.00	154.71	151.00	26455.00
chr1	109808726	109808828	102	102	145.00	215.00	173.58	168.00	17705.00
chr4	134075461	134075520	59	59	211.00	307.00	246.78	241.00	14560.00
chr1	22052268	22053864	1596	1596	16.00	122.00	47.77	46.00	76236.00
chr9	140056855	140056968	113	113	715.00	1057.00	898.09	929.00	101484.00
chr19	42482087	42482224	137	137	1797.00	2677.00	2189.32	2234.00	299937.00
chr19	4556962	4557025	63	63	309.00	396.00	355.44	359.00	22393.00
chr19	14266921	14267013	92	92	208.00	308.00	263.07	261.50	24202.00
chr22	42273851	42274127	276	276	16.00	775.00	388.79	425.50	107307.00
chr1	205549788	205550049	261	261	91.00	175.00	139.20	140.00	36331.00
chr1	110765585	110766522	937	937	41.00	113.00	79.63	80.00	74613.00
chr19	55553595	55554158	563	563	6.00	20.00	11.03	10.00	6211.00
chr7	150929881	150931360	1479	1479	21.00	104.00	44.65	38.00	66031.00
chr3	124215157	124215260	103	103	210.00	341.00	278.52	281.00	28688.00
chr16	58220658	58220760	102	102	99.00	146.00	116.84	117.50	11918.00
chr3	10381925	10382033	108	108	252.00	349.00	310.70	316.50	33556.00
chr10	11356101	11356221	120	120	72.00	102.00	88.42	90.00	10611.00
chr22	42294652	42294785	133	133	423.00	603.00	542.08	565.00	72096.00
chr1	2005531	2005714	183	183	8.00	51.00	29.02	27.00	5310.00
chr12	113722522	113722576	54	54	68.00	75.00	71.19	71.00	3844.00
chr9	131502198	131502398	200	200	7.00	400.00	343.88	360.00	68776.00
chr19	40873602	40873786	184	184	881.00	1342.00	1142.03	1174.00	210133.00
chr2	220162606	220162825	219	219	237.00	437.00	335.34	328.00	73440.00
chr16	28270027	28270355	328	328	6.00	38.00	21.39	23.00	7015.00
chr4	3225718	3225858	140	140	103.00	180.00	145.08	150.00	20311.00
chr17	44127898	44128070	172	172	54.00	83.00	69.76	71.00	11998.00
chr3	47462043	47462262	219	219	70.00	233.00	119.90	92.00	26258.00
chr6	99873090	99873182	92	92	12.00	416.00	173.73	143.50	15983.00
chr7	142561723	142562504	781	781	152.00	453.00	281.55	278.00	219891.00
chr1	159169540	159169666	126	126	664.00	803.00	722.55	720.00	91041.00
chr19	7606869	7606953	84	84	74.00	99.00	86.04	87.00	7227.00
chr16	2811561	2818298	6737	6737	16.00	712.00	425.18	438.00	2864428.00
chr3	47450652	47450807	155	155	69.00	128.00	104.37	111.00	16177.00
chr11	118403631	118403922	291	291	91.00	133.00	107.99	106.00	31424.00
chr1	205555161	205555335	174	174	125.00	160.00	142.87	143.50	24859.00
chr12	125603186	125603311	125	125	83.00	103.00	93.86	94.00	11732.00
chr11	86658288	86659498	1210	1210	7.00	39.00	18.70	18.00	22629.00
chr22	37764946	37768745	3799	3799	5.00	307.00	122.22	114.00	464306.00
chr10	46345664	46346215	551	551	13.00	74.00	37.02	35.00	20396.00
chr22	33673045	33673241	196	196	125.00	365.00	218.64	194.50	42854.00
chr9	140042599	140042666	67	67	6.00	101.00	75.16	78.00	5036.00
chr3	48717233	48717320	87	87	117.00	177.00	153.91	159.00	13390.00
chr11	60681600	60681740	140	140	24.00	180.00	95.81	88.00	13413.00
chr10	93784512	93784724	212	212	76.00	117.00	96.00	93.00	20353.00
chr12	7289424	7290372	948	948	5.00	478.00	129.58	17.00	122841.00
chr3	132387062	132387526	464	464	16.00	33.00	25.21	25.00	11698.00
chr16	2335442	2335647	205	205	143.00	255.00	209.98	217.00	43046.00
chr16	1794782	1797276	2494	2494	17.00	477.00	75.21	46.00	187567.00
chr16	3786036	3786204	168	168	95.00	142.00	120.53	123.50	20249.00
chr9	141131209	141131766	557	557	0.00	24.00	8.50	7.00	4737.00
chr14	92965028	92966015	987	987	3.00	33.00	16.90	17.00	16679.00
chr19	54692070	54692200	130	130	129.00	356.00	228.99	204.00	29769.00
chr15	43866006	43866230	224	224	96.00	148.00	119.94	119.00	26866.00
chr3	40231316	40231954	638	638	39.00	90.00	65.40	65.00	41725.00
chr3	50148937	50149455	518	518	15.00	66.00	35.13	32.50	18196.00
chr4	81117505	81117755	250	250	42.00	70.00	54.98	54.00	13745.00
chr10	46740404	46740638	234	234	0.00	20.00	10.82	13.00	2531.00
chr3	124210169	124210271	102	102	213.00	293.00	250.67	251.00	25568.00
chr11	107488830	107488932	102	102	158.00	219.00	180.62	176.00	18423.00
chr9	130591965	130592106	141	141	57.00	73.00	64.28	64.00	9063.00
chr1	20981932	20982027	95	95	305.00	400.00	355.24	358.00	33748.00
chr12	75875613	75875859	246	246	32.00	58.00	44.78	45.00	11015.00
chr22	32046684	32046764	80	80	52.00	78.00	66.22	65.00	5298.00
chr11	70331418	70331658	240	240	24.00	94.00	57.20	56.00	13728.00
chr14	51079976	51080069	93	93	279.00	357.00	318.75	319.00	29644.00
chr17	80041077	80041301	224	224	264.00	611.00	441.77	463.50	98957.00
chr7	158540884	158540971	87	87	112.00	156.00	133.17	129.00	11586.00
chr1	21553651	21553719	68	68	97.00	117.00	107.85	109.00	7334.00
chr2	219206256	219206349	93	93	50.00	66.00	57.43	57.00	5341.00
chr17	18444211	18445242	1031	1031	2.00	41.00	16.92	13.00	17444.00
chr12	57599340	57599460	120	120	236.00	311.00	277.83	284.50	33340.00
chr11	64417919	64418110	191	191	265.00	428.00	359.91	373.00	68743.00
chr19	3274926	3275650	724	724	5.00	34.00	18.73	20.50	13561.00
chr16	18532086	18532305	219	219	415.00	869.00	591.49	589.00	129537.00
chr17	3776702	3776756	54	54	301.00	405.00	378.52	381.00	20440.00
chr1	116932670	116933033	363	363	13.00	1695.00	803.82	1242.00	291786.00
chr16	1505731	1505796	65	65	184.00	227.00	213.26	216.00	13862.00
chr1	9794029	9794200	171	171	1427.00	1681.00	1547.78	1548.00	264670.00
chr10	73579221	73579379	158	158	2888.00	4619.00	3650.08	3796.00	576712.00
chr11	6411684	6412146	462	462	34.00	219.00	157.09	160.00	72576.00
chr1	159163212	159163350	138	138	569.00	812.00	647.87	632.00	89406.00
chr16	1816723	1816804	81	81	405.00	554.00	491.47	505.00	39809.00
chr7	91722399	91722630	231	231	29.00	174.00	123.92	125.00	28625.00
chr7	44281816	44281939	123	123	492.00	602.00	541.59	541.00	66615.00
chr2	220467189	220467297	108	108	24.00	34.00	29.03	29.00	3135.00
chr16	4494664	4494729	65	65	140.00	166.00	152.75	152.00	9929.00
chr15	34681844	34681986	142	142	9.00	333.00	261.21	293.50	37092.00
chr9	139995935	139996124	189	189	75.00	137.00	109.87	111.00	20766.00
chr3	180324040	180324160	120	120	175.00	212.00	194.88	194.50	23386.00
chr3	42678359	42681242	2883	2883	76.00	289.00	163.19	152.00	470470.00
chr7	131812776	131815333	2557	2557	18.00	72.00	42.20	42.00	107902.00
chr20	1585387	1585522	135	135	22.00	335.00	193.96	204.00	26184.00
chr3	126751229	126751442	213	213	85.00	107.00	94.23	94.00	20070.00
chr15	63920875	63921014	139	139	102.00	220.00	145.53	149.00	20228.00
chr16	2040128	2040202	74	74	12.00	65.00	40.64	42.00	3007.00
chr9	74324174	74324390	216	216	25.00	45.00	34.23	33.00	7393.00
chr20	44521858	44521950	92	92	214.00	252.00	234.76	233.00	21598.00
chr9	139911647	139911798	151	151	1026.00	1586.00	1351.46	1354.00	204070.00
chr9	140055507	140055649	142	142	855.00	1247.00	1034.44	944.50	146890.00
chr12	120148055	120148191	136	136	91.00	133.00	112.34	111.00	15278.00
chr12	50474280	50474372	92	92	102.00	142.00	121.23	120.00	11153.00
chr15	63125702	63125828	126	126	119.00	179.00	149.02	148.00	18776.00
chr9	20907148	20907241	93	93	52.00	64.00	57.33	57.00	5332.00
chr16	87874655	87874761	106	106	150.00	176.00	166.45	168.00	17644.00
chr2	162833269	162833460	191	191	6.00	493.00	275.62	417.00	52643.00
chr8	11704560	11704677	117	117	610.00	811.00	699.26	683.00	81813.00
chr15	63926931	63927087	156	156	115.00	156.00	139.42	140.00	21750.00
chr6	31668718	31668805	87	87	94.00	126.00	108.11	108.00	9406.00
chr7	148910792	148910906	114	114	20.00	57.00	44.24	50.50	5043.00
chr14	42355808	42357213	1405	1405	33.00	107.00	51.86	50.00	72866.00
chr10	88678928	88679226	298	298	43.00	72.00	58.53	60.00	17443.00
chr3	140998219	140998346	127	127	45.00	82.00	60.46	58.00	7679.00
chr1	144859758	144859998	240	240	95.00	155.00	120.22	121.00	28854.00
chr9	96054772	96055455	683	683	50.00	179.00	110.87	115.00	75721.00
chr19	7604803	7604944	141	141	79.00	140.00	104.93	101.00	14795.00
chr12	30906277	30907432	1155	1155	6.00	55.00	28.97	28.00	33466.00
chr9	131112762	131112854	92	92	95.00	189.00	139.62	135.00	12845.00
chr20	61981328	61982379	1051	1051	39.00	120.00	70.20	66.00	73782.00
chr7	38431348	38431618	270	270	185.00	398.00	272.81	265.00	73660.00
chr20	44521036	44521123	87	87	134.00	183.00	153.18	152.00	13327.00
chr11	64418726	64419108	382	382	211.00	413.00	314.96	320.50	120316.00
chr12	120148344	120150270	1926	1926	3.00	164.00	35.32	26.00	68032.00
chr12	6930971	6931066	95	95	13.00	428.00	226.23	216.00	21492.00
chr16	2339434	2339621	187	187	124.00	224.00	174.40	181.00	32612.00
chr2	27700083	27700187	104	104	45.00	61.00	53.38	54.00	5552.00
chr14	69805367	69805494	127	127	73.00	143.00	103.43	95.00	13136.00
chr12	9242497	9242619	122	122	286.00	492.00	402.32	439.00	49083.00
chr3	58256658	58256791	133	133	98.00	141.00	119.74	123.00	15925.00
chr10	79744927	79745098	171	171	47.00	94.00	68.61	67.00	11732.00
chr1	159161725	159161866	141	141	393.00	675.00	584.62	627.00	82431.00
chr16	31085202	31085519	317	317	15.00	43.00	29.33	33.00	9298.00
chr1	171755018	171755218	200	200	44.00	66.00	53.66	52.50	10731.00
chr9	130988124	130989280	1156	1156	4.00	1159.00	139.70	30.00	161497.00
chr15	63127935	63127998	63	63	130.00	176.00	152.17	149.00	9587.00
chr19	1917676	1917821	145	145	10.00	439.00	317.62	337.00	46055.00
chr22	25315792	25315960	168	168	56.00	83.00	70.91	71.00	11913.00
chr2	207943790	207945085	1295	1295	28.00	87.00	54.60	54.00	70705.00
chr11	47330706	47330952	246	246	7.00	432.00	198.10	22.00	48733.00
chr3	142743978	142746095	2117	2117	10.00	208.00	43.53	37.00	92162.00
chr7	44839492	44839694	202	202	17.00	43.00	31.10	33.00	6283.00
chr22	31688260	31688471	211	211	10.00	264.00	153.54	173.00	32397.00
chr11	66333492	66333638	146	146	378.00	465.00	426.85	430.00	62320.00
chr9	131114916	131115026	110	110	171.00	198.00	183.34	184.00	20167.00
chr1	20206	21013	807	807	49.00	276.00	166.46	182.00	134335.00
chr11	108216469	108216635	166	166	71.00	102.00	86.76	86.00	14402.00
chr1	209778880	209779019	139	139	100.00	152.00	124.58	122.00	17317.00
chr1	202935876	202936026	150	150	168.00	268.00	203.69	197.00	30554.00
chr12	57600255	57600524	269	269	225.00	337.00	293.22	296.00	78876.00
chr19	15233503	15233615	112	112	95.00	167.00	114.76	103.00	12853.00
chr8	68115317	68115486	169	169	85.00	155.00	126.24	131.00	21335.00
chr19	13419229	13419342	113	113	29.00	84.00	61.42	62.00	6940.00
chr6	33266815	33267130	315	315	8.00	49.00	24.99	21.00	7873.00
chr16	89780611	89781646	1035	1035	7.00	64.00	26.32	23.00	27245.00
chr12	109964162	109964221	59	59	79.00	101.00	90.15	92.00	5319.00
chr22	24491893	24492045	152	152	32.00	90.00	63.45	68.00	9644.00
chr2	242592926	242593025	99	99	187.00	251.00	213.13	209.00	21100.00
chr1	21937944	21938074	130	130	448.00	836.00	655.89	718.50	85266.00
chr2	223789173	223789313	140	140	255.00	375.00	319.24	326.00	44694.00
chr20	3772318	3772535	217	217	2.00	17.00	10.46	11.00	2269.00
chr16	18531918	18532001	83	83	746.00	983.00	857.45	878.00	71168.00
chr1	43396296	43396537	241	241	189.00	296.00	246.57	249.00	59423.00
chr2	100037960	100038115	155	155	62.00	96.00	79.32	81.00	12295.00
chr16	1500497	1500770	273	273	14.00	209.00	120.42	166.00	32876.00
chr19	40876016	40876144	128	128	1028.00	1372.00	1185.88	1190.00	151792.00
chr5	168112691	168112932	241	241	34.00	53.00	41.89	42.00	10096.00
chr2	127825738	127825831	93	93	282.00	375.00	321.03	316.00	29856.00
chr1	19232015	19234990	2975	2975	6.00	123.00	48.02	44.00	142855.00
chr16	1391129	1391196	67	67	205.00	261.00	226.30	222.00	15162.00
chr6	33410665	33411689	1024	1024	4.00	302.00	150.52	149.00	154134.00
chr9	95872033	95872266	233	233	16.00	31.00	22.12	21.00	5154.00
chr1	53378627	53378839	212	212	9.00	28.00	18.83	19.00	3991.00
chr2	80531276	80531693	417	417	17.00	54.00	37.92	41.00	15814.00
chr7	44286718	44286791	73	73	471.00	566.00	516.18	515.00	37681.00
chr7	157369304	157369471	167	167	273.00	372.00	330.27	330.00	55155.00
chr11	18755079	18755191	112	112	4.00	193.00	121.70	154.00	13630.00
chr6	86237979	86238080	101	101	139.00	174.00	160.79	162.00	16240.00
chr8	145000951	145001050	99	99	86.00	117.00	101.40	102.00	10039.00
chr19	45167680	45167966	286	286	5.00	19.00	10.70	10.00	3061.00
chr10	48930165	48930400	235	235	0.00	26.00	13.35	13.00	3138.00
chr16	87871450	87871547	97	97	186.00	222.00	203.72	204.00	19761.00
chr1	109815454	109815649	195	195	224.00	345.00	272.06	274.00	53052.00
chr1	208215442	208215711	269	269	36.00	85.00	56.38	55.00	15165.00
chr2	260866	261451	585	585	8.00	33.00	18.60	18.00	10879.00
chr5	180481266	180481724	458	458	5.00	45.00	29.86	32.00	13678.00
chr7	73119479	73119631	152	152	5.00	992.00	420.14	7.00	63861.00
chr15	34677248	34677358	110	110	426.00	624.00	509.87	486.00	56086.00
chr16	57687114	57687247	133	133	140.00	199.00	171.47	174.00	22806.00
chr15	50649406	50649592	186	186	19.00	39.00	30.59	30.00	5690.00
chr22	21071995	21072066	71	71	1003.00	1148.00	1074.11	1073.00	76262.00
chr5	179200882	179201561	679	679	22.00	65.00	45.76	47.00	31071.00
chr10	98763824	98763979	155	155	143.00	188.00	166.41	168.00	25793.00
chr14	102963315	102963457	142	142	84.00	142.00	104.44	98.00	14831.00
chr1	21932558	21933138	580	580	6.00	710.00	147.82	26.00	85736.00
chr16	28118842	28118998	156	156	251.00	346.00	301.37	299.00	47013.00
chr1	241767561	241767881	320	320	24.00	46.00	33.47	33.00	10711.00
chr11	66812063	66812184	121	121	75.00	118.00	91.73	90.00	11099.00
chr11	12248571	12248678	107	107	229.00	322.00	281.29	290.00	30098.00
chr9	130588788	130588951	163	163	43.00	67.00	54.48	55.00	8880.00
chr22	21068915	21068988	73	73	894.00	1191.00	1055.33	1065.00	77039.00
chr1	43424304	43424531	227	227	27.00	390.00	268.04	283.00	60845.00
chr14	105852021	105853670	1649	1649	45.00	143.00	73.59	71.00	121353.00
chr15	34823469	34823579	110	110	438.00	624.00	520.58	497.50	57264.00
chr11	171365	172282	917	917	0.00	39.00	15.69	17.00	14391.00
chr22	24493976	24494155	179	179	59.00	112.00	83.47	85.00	14942.00
chr15	79291060	79291167	107	107	294.00	362.00	324.33	320.00	34703.00
chr16	2145904	2146194	290	290	24.00	44.00	32.31	32.00	9369.00
chr9	131503050	131503166	116	116	295.00	425.00	355.38	352.00	41224.00
chr11	61301983	61302579	596	596	8.00	41.00	23.01	21.00	13714.00
chr22	25308609	25308719	110	110	55.00	78.00	67.95	69.50	7475.00
chr12	63977826	63979986	2160	2160	3.00	38.00	13.95	13.00	30138.00
chr19	46928844	46930933	2089	2089	11.00	325.00	142.22	139.00	297105.00
chr16	56969146	56969224	78	78	176.00	213.00	195.06	196.50	15215.00
chr17	40665787	40665996	209	209	16.00	1200.00	507.78	685.00	106126.00
chr9	131669435	131671600	2165	2165	63.00	222.00	134.10	136.00	290322.00
chr2	220164026	220164271	245	245	9.00	524.00	168.59	14.00	41305.00
chr19	7589846	7590052	206	206	45.00	99.00	67.22	63.00	13847.00
chr6	91260186	91260268	82	82	95.00	127.00	110.54	110.00	9064.00
chr9	124543742	124543830	88	88	216.00	278.00	245.70	243.00	21622.00
chr12	54071005	54071170	165	165	11.00	39.00	26.53	26.00	4378.00
chr2	40443	41212	769	769	16.00	48.00	28.70	27.00	22071.00
chr11	67852159	67852747	588	588	26.00	81.00	55.49	55.00	32629.00
chr8	8233762	8234810	1048	1048	7.00	43.00	20.33	19.00	21305.00
chr2	175671113	175672148	1035	1035	1.00	14.00	7.26	7.00	7519.00
chr7	138984922	138985438	516	516	8.00	26.00	15.01	15.00	7747.00
chr22	40816850	40817104	254	254	68.00	135.00	104.79	103.00	26617.00
chr19	14263120	14263249	129	129	213.00	285.00	244.25	246.00	31508.00
chr19	16962222	16962345	123	123	92.00	272.00	203.10	215.00	24981.00
chr1	109813838	109813918	80	80	200.00	278.00	224.32	216.00	17946.00
chr3	49898148	49898562	414	414	2.00	608.00	309.73	477.50	128229.00
chr17	17131202	17131510	308	308	7.00	122.00	78.22	81.50	24093.00
chr1	21936067	21936139	72	72	289.00	435.00	365.03	343.50	26282.00
chr3	130424404	130424615	211	211	62.00	90.00	79.53	79.00	16781.00
chr12	56532710	56532797	87	87	81.00	93.00	88.10	89.00	7665.00
chr16	29888591	29888788	197	197	307.00	540.00	405.57	396.00	79897.00
chr2	114394588	114396196	1608	1608	2.00	65.00	28.21	26.50	45360.00
chr3	124180736	124180803	67	67	152.00	170.00	160.42	161.00	10748.00
chr9	111798485	111798660	175	175	95.00	148.00	119.93	122.00	20988.00
chr10	73847897	73848372	475	475	26.00	982.00	346.01	337.00	164357.00
chr22	21075585	21075706	121	121	457.00	1024.00	827.01	892.00	100068.00
chr22	20920753	20921104	351	351	50.00	166.00	94.08	93.00	33023.00
chr9	140953020	140953185	165	165	35.00	79.00	58.82	62.00	9706.00
chr22	41620970	41621075	105	105	59.00	88.00	78.03	78.00	8193.00
chr11	6243671	6243839	168	168	55.00	94.00	76.07	77.00	12780.00
chr15	74704225	74704353	128	128	128.00	201.00	175.19	185.00	22424.00
chr3	48719780	48719985	205	205	123.00	172.00	144.67	145.00	29658.00
chr1	222833247	222833348	101	101	95.00	177.00	138.65	138.00	14004.00
chr1	6583675	6584824	1149	1149	9.00	62.00	40.00	41.00	45956.00
chr11	126135857	126135976	119	119	156.00	198.00	174.71	173.00	20790.00
chr8	75156763	75157410	647	647	38.00	80.00	56.30	56.00	36425.00
chr15	83345212	83345389	177	177	107.00	165.00	139.45	143.00	24683.00
chr14	68031638	68032561	923	923	41.00	168.00	102.78	105.00	94862.00
chr19	42479780	42479949	169	169	1833.00	2657.00	2241.55	2184.00	378822.00
chr16	31503329	31503407	78	78	186.00	287.00	230.60	226.50	17987.00
chr17	1564564	1564700	136	136	232.00	342.00	271.15	259.00	36876.00
chr16	58717858	58718082	224	224	27.00	53.00	39.15	41.00	8769.00
chr14	71575320	71575763	443	443	45.00	104.00	74.24	78.00	32890.00
chr1	202934498	202934628	130	130	121.00	225.00	158.10	148.00	20553.00
chr7	73118477	73118586	109	109	524.00	685.00	601.76	605.00	65592.00
chr19	13365908	13366073	165	165	50.00	77.00	59.53	58.00	9823.00
chr10	102265117	102265958	841	841	13.00	51.00	32.12	33.00	27016.00
chr9	139983320	139983457	137	137	78.00	117.00	93.39	91.00	12794.00
chr18	29206245	29206347	102	102	101.00	164.00	136.47	138.50	13920.00
chr12	120578662	120578827	165	165	72.00	92.00	79.92	78.00	13187.00
chr5	757516	758226	710	710	6.00	21.00	11.55	11.00	8200.00
chr8	21632483	21632567	84	84	38.00	48.00	41.92	42.00	3521.00
chr4	54011499	54011749	250	250	25.00	64.00	38.14	33.00	9536.00
chr8	141680613	141681365	752	752	10.00	106.00	65.54	66.00	49283.00
chr11	57367351	57367850	499	499	44.00	195.00	105.64	101.00	52714.00
chr12	63980009	63980784	775	775	4.00	19.00	12.29	13.00	9521.00
chr9	140057042	140057203	161	161	9.00	1088.00	932.20	1004.00	150084.00
chr2	7055953	7056098	145	145	12.00	22.00	17.26	18.00	2503.00
chr12	52387768	52389043	1275	1275	10.00	340.00	120.06	98.00	153075.00
chr19	50104931	50105175	244	244	17.00	137.00	55.39	36.00	13514.00
chr19	5218430	5218543	113	113	299.00	399.00	360.41	366.00	40726.00
chr16	29898969	29899138	169	169	248.00	348.00	289.39	279.00	48907.00
chr7	99030900	99031041	141	141	25.00	39.00	31.26	31.00	4408.00
chr17	36692926	36693212	286	286	14.00	40.00	27.41	27.00	7838.00
chr15	73857770	73859335	1565	1565	10.00	78.00	41.25	39.00	64556.00
chr6	44104085	44104176	91	91	112.00	168.00	137.76	137.00	12536.00
chr1	21938518	21938602	84	84	448.00	623.00	547.32	556.00	45975.00
chr19	13423482	13423595	113	113	23.00	35.00	30.90	32.00	3492.00
chr16	70292882	70293089	207	207	591.00	825.00	722.54	736.00	149566.00
chr18	61060641	61060782	141	141	136.00	177.00	161.35	164.00	22750.00
chr16	22269814	22270016	202	202	13.00	30.00	20.57	21.00	4155.00
chr1	21554423	21554534	111	111	75.00	111.00	95.89	99.00	10644.00
chr9	140057255	140057455	200	200	18.00	1149.00	800.88	970.50	160177.00
chr7	1488255	1488397	142	142	37.00	67.00	57.89	60.00	8221.00
chr14	100166351	100166438	87	87	260.00	301.00	283.23	285.00	24641.00
chr9	101065522	101065705	183	183	205.00	311.00	262.67	265.00	48068.00
chr5	68411752	68412041	289	289	41.00	87.00	61.43	61.00	17753.00
chr1	2452539	2452754	215	215	40.00	145.00	72.10	64.00	15502.00
chr1	21564626	21564737	111	111	82.00	100.00	90.11	91.00	10002.00
chr13	42037713	42039066	1353	1353	17.00	98.00	60.55	61.00	81920.00
chr2	114350236	114350443	207	207	18.00	112.00	67.29	69.00	13930.00
chr1	21939668	21939722	54	54	486.00	579.00	532.80	535.50	28771.00
chr9	139353895	139354007	112	112	52.00	86.00	63.80	60.00	7146.00
chr7	102176367	102176618	251	251	8.00	25.00	17.43	17.00	4376.00
chr3	51411753	51412018	265	265	8.00	218.00	83.78	18.00	22202.00
chr17	73888091	73888266	175	175	36.00	52.00	44.53	44.00	7793.00
chr13	103297258	103297435	177	177	15.00	95.00	51.15	64.00	9054.00
chr15	63922664	63922834	170	170	136.00	225.00	167.75	153.00	28517.00
chr3	33400774	33400849	75	75	109.00	140.00	128.24	130.00	9618.00
chr22	50671744	50671955	211	211	63.00	104.00	83.11	84.00	17536.00
chr1	21190968	21191205	237	237	195.00	341.00	268.89	274.00	63728.00
chr5	14481649	14481727	78	78	112.00	161.00	134.08	132.00	10458.00
chr15	101605556	101606410	854	854	8.00	47.00	27.40	27.00	23397.00
chr17	80040402	80040554	152	152	359.00	518.00	430.16	406.00	65385.00
chr2	132269293	132270897	1604	1604	13.00	151.00	73.39	77.00	117723.00
chr11	1778553	1778786	233	233	900.00	1393.00	1147.97	1152.00	267477.00
chr11	1469616	1469808	192	192	10.00	30.00	17.61	15.00	3381.00
chr12	120138549	120138630	81	81	133.00	159.00	148.67	149.00	12042.00
chr7	901016	901101	85	85	140.00	260.00	193.69	195.00	16464.00
chr19	13372263	13372424	161	161	81.00	131.00	106.75	114.00	17187.00
chr17	40843154	40843311	157	157	201.00	307.00	254.22	255.00	39912.00
chr17	80039476	80039719	243	243	313.00	565.00	418.47	409.00	101688.00
chr17	16681109	16687365	6256	6256	1.00	100.00	30.31	25.00	189598.00
chr1	116935475	116935610	135	135	1189.00	1683.00	1466.92	1518.00	198034.00
chr6	128294808	128294972	164	164	113.00	228.00	184.76	185.00	30300.00
chr5	109189927	109190617	690	690	49.00	156.00	94.28	92.50	65053.00
chr15	40757533	40757634	101	101	26.00	78.00	63.02	65.00	6365.00
chr2	220164706	220164981	275	275	366.00	781.00	555.31	525.00	152709.00
chr3	164905164	164908639	3475	3475	4.00	87.00	36.05	32.00	125286.00
chr11	60699157	60699356	199	199	74.00	328.00	269.36	287.00	53602.00
chr2	96680301	96680717	416	416	31.00	66.00	46.75	45.00	19449.00
chr17	40845314	40845554	240	240	233.00	362.00	292.62	285.00	70229.00
chr12	125264513	125265391	878	878	26.00	132.00	73.18	66.00	64255.00
chr1	156623704	156624158	454	454	10.00	35.00	26.23	26.00	11907.00
chr6	108370456	108370622	166	166	95.00	156.00	135.20	138.00	22444.00
chr11	19180486	19180587	101	101	7.00	23.00	13.47	12.00	1360.00
chr19	42489069	42489338	269	269	578.00	1143.00	933.32	992.00	251063.00
chr2	198274493	198274731	238	238	192.00	389.00	292.33	301.00	69574.00
chr6	47220991	47221257	266	266	243.00	417.00	327.77	326.00	87187.00
chr19	40872679	40872822	143	143	1276.00	1872.00	1593.35	1628.00	227849.00
chr19	54693278	54693627	349	349	6.00	105.00	47.10	50.00	16438.00
chr12	81929	82174	245	245	3.00	56.00	30.47	33.00	7464.00
chr21	45513943	45514114	171	171	121.00	163.00	145.25	146.00	24838.00
chr3	124201630	124201747	117	117	3.00	241.00	173.04	213.00	20246.00
chr17	79805118	79805223	105	105	360.00	416.00	386.87	387.00	40621.00
chr20	46307419	46307548	129	129	98.00	166.00	122.45	119.00	15796.00
chr17	38187790	38187873	83	83	137.00	176.00	154.87	152.00	12854.00
chr2	207452814	207452878	64	64	181.00	213.00	196.09	197.00	12550.00
chr17	45695715	45695823	108	108	272.00	397.00	336.06	341.00	36295.00
chr7	44283023	44283126	103	103	408.00	515.00	472.02	475.00	48618.00
chr20	62274975	62275284	309	309	6.00	1789.00	844.88	1132.00	261068.00
chr11	108202605	108202764	159	159	55.00	78.00	69.05	71.00	10979.00
chr9	140051314	140051489	175	175	413.00	638.00	514.74	511.00	90080.00
chr22	45574118	45574781	663	663	42.00	96.00	59.75	57.00	39612.00
chr15	79312382	79312446	64	64	191.00	228.00	206.36	206.50	13207.00
chr1	21940120	21940199	79	79	470.00	544.00	497.75	497.00	39322.00
chr17	3775847	3775921	74	74	246.00	406.00	345.31	375.50	25553.00
chr7	73133931	73134019	88	88	7.00	883.00	292.73	226.00	25760.00
chr11	72292920	72292991	71	71	350.00	410.00	381.39	382.00	27079.00
chr7	43547616	43547730	114	114	71.00	103.00	83.76	83.50	9549.00
chr16	58713760	58714145	385	385	29.00	57.00	43.59	43.00	16783.00
chr22	21083600	21083794	194	194	593.00	908.00	734.94	741.50	142578.00
chr11	66457275	66457414	139	139	366.00	481.00	415.96	416.00	57819.00
chr15	91561034	91561115	81	81	27.00	58.00	41.10	44.00	3329.00
chr11	2968525	2969001	476	476	13.00	45.00	25.64	24.00	12203.00
chr19	34869838	34869910	72	72	1148.00	1448.00	1271.14	1262.50	91522.00
chr9	121970996	121971219	223	223	132.00	209.00	178.33	185.00	39767.00
chr3	47449772	47449980	208	208	16.00	120.00	78.97	96.00	16425.00
chr12	57601820	57601999	179	179	254.00	552.00	385.78	345.00	69055.00
chr16	2345590	2345741	151	151	150.00	224.00	186.26	191.00	28126.00
chr12	50471782	50471910	128	128	76.00	126.00	104.52	106.00	13379.00
chr1	109814221	109814344	123	123	263.00	362.00	333.12	340.00	40974.00
chr19	16942304	16942458	154	154	70.00	124.00	101.65	106.50	15654.00
chr11	66333301	66333398	97	97	368.00	482.00	417.56	409.00	40503.00
chr5	74026084	74026223	139	139	88.00	124.00	107.20	107.00	14901.00
chr5	68417520	68417722	202	202	44.00	86.00	64.23	66.00	12974.00
chr19	15272262	15272525	263	263	26.00	86.00	57.08	55.00	15012.00
chr3	45872404	45872482	78	78	134.00	173.00	154.85	160.00	12078.00
chr7	73123374	73123452	78	78	899.00	1202.00	1073.41	1104.00	83726.00
chr5	14498197	14498360	163	163	125.00	205.00	172.21	186.00	28071.00
chr14	93180167	93180230	63	63	136.00	204.00	169.30	159.00	10666.00
chr9	130984739	130984875	136	136	1486.00	2198.00	1786.76	1689.00	242999.00
chr13	31216764	31216894	130	130	39.00	59.00	48.90	48.50	6357.00
chr12	112614399	112614506	107	107	94.00	230.00	212.93	216.00	22783.00
chr12	57602865	57602982	117	117	359.00	542.00	432.06	413.00	50551.00
chr14	72976861	72976987	126	126	38.00	59.00	50.02	51.00	6302.00
chr1	155209406	155209553	147	147	103.00	160.00	130.79	130.00	19226.00
chr10	49633930	49634113	183	183	105.00	139.00	122.74	124.00	22462.00
chr16	84100093	84100218	125	125	104.00	189.00	149.99	155.00	18749.00
chr1	155207924	155208097	173	173	113.00	172.00	135.39	130.00	23422.00
chr12	2786898	2787033	135	135	20.00	38.00	27.27	25.00	3681.00
chr2	233755457	233756197	740	740	2.00	505.00	88.26	9.00	65312.00
chr14	60631894	60632099	205	205	75.00	280.00	196.40	215.00	40262.00
chr1	11151549	11151654	105	105	101.00	168.00	129.70	122.00	13618.00
chr4	134076071	134076178	107	107	216.00	330.00	284.32	282.00	30422.00
chr15	91420364	91420441	77	77	96.00	110.00	102.01	102.00	7855.00
chr5	114961533	114961755	222	222	22.00	114.00	79.48	85.00	17645.00
chr16	1814047	1814211	164	164	21.00	477.00	242.04	362.00	39694.00
chr18	44250463	44252581	2118	2118	12.00	119.00	55.41	53.00	117365.00
chr6	158049380	158049518	138	138	83.00	113.00	100.41	102.00	13856.00
chr19	7675585	7675679	94	94	26.00	39.00	32.54	33.00	3059.00
chr13	99461604	99461719	115	115	13.00	302.00	220.91	208.00	25405.00
chr11	130010829	130011467	638	638	16.00	1389.00	160.27	25.00	102252.00
chr11	107526658	107526792	134	134	256.00	315.00	286.69	289.00	38416.00
chr16	1391294	1391490	196	196	123.00	207.00	158.42	154.50	31050.00
chr1	38182716	38184158	1442	1442	8.00	85.00	47.66	48.00	68725.00
chr5	179231023	179231323	300	300	6.00	17.00	11.60	12.00	3480.00
chr14	69814593	69814719	126	126	94.00	169.00	128.98	135.50	16251.00
chr14	69349174	69349309	135	135	167.00	223.00	195.07	195.00	26335.00
chr19	7614792	7614998	206	206	142.00	208.00	179.61	182.00	37000.00
chr1	228270375	228270466	91	91	6.00	1436.00	483.60	239.00	44008.00
chr1	38186022	38186315	293	293	7.00	39.00	24.21	28.00	7093.00
chr13	77641715	77641999	284	284	211.00	296.00	256.07	260.00	72724.00
chr14	100157417	100157498	81	81	99.00	213.00	148.57	149.00	12034.00
chr13	32978280	32979333	1053	1053	17.00	96.00	51.38	49.00	54107.00
chr12	7301567	7301794	227	227	362.00	608.00	489.78	484.00	111181.00
chr9	123583116	123583257	141	141	59.00	80.00	70.84	70.00	9989.00
chr17	26883183	26883284	101	101	78.00	141.00	100.99	94.00	10200.00
chr12	6972993	6973137	144	144	284.00	349.00	316.52	321.00	45579.00
chr20	34322310	34322637	327	327	10.00	25.00	16.08	16.00	5258.00
chr19	7606407	7606570	163	163	98.00	162.00	128.18	126.00	20893.00
chr16	2333186	2333373	187	187	8.00	263.00	206.14	228.00	38549.00
chr12	113825548	113825711	163	163	99.00	283.00	184.76	185.00	30116.00
chr7	4802013	4807749	5736	5736	5.00	136.00	67.50	66.00	387153.00
chr1	43394880	43394985	105	105	260.00	341.00	299.17	304.00	31413.00
chr19	4554399	4554488	89	89	233.00	355.00	316.06	335.00	28129.00
chr16	31719139	31719372	233	233	4.00	19.00	9.78	10.00	2278.00
chr5	134060669	134061744	1075	1075	21.00	59.00	37.18	37.00	39968.00
chr1	202936318	202936371	53	53	18.00	182.00	103.34	127.00	5477.00
chr2	220087366	220087615	249	249	164.00	240.00	197.75	200.00	49240.00
chr2	36764494	36764689	195	195	65.00	115.00	94.82	101.00	18490.00
chr7	43519208	43519343	135	135	55.00	99.00	79.22	80.00	10695.00
chr10	51249585	51249993	408	408	3.00	38.00	17.70	15.00	7223.00
chr6	32123647	32123755	108	108	79.00	133.00	110.83	113.50	11970.00
chr3	118624442	118624692	250	250	29.00	103.00	61.15	43.00	15288.00
chr1	190129797	190130020	223	223	35.00	58.00	46.55	47.00	10380.00
chr9	131004491	131004624	133	133	3.00	1889.00	1538.00	1782.00	204554.00
chr22	33679187	33679334	147	147	126.00	173.00	144.65	145.00	21264.00
chr15	74709931	74710016	85	85	163.00	279.00	202.19	183.00	17186.00
chr7	6470110	6470238	128	128	22.00	40.00	33.70	35.00	4314.00
chr1	6640600	6641359	759	759	6.00	48.00	26.26	28.00	19930.00
chr16	31510622	31510728	106	106	171.00	195.00	182.93	183.00	19391.00
chr4	103710287	103711803	1516	1516	11.00	46.00	28.03	28.00	42488.00
chr19	2862339	2862746	407	407	9.00	31.00	19.41	19.00	7901.00
chr2	15467873	15467994	121	121	48.00	75.00	62.38	64.00	7548.00
chr2	36780721	36781492	771	771	10.00	39.00	25.74	26.00	19845.00
chr10	81070680	81070941	261	261	74.00	163.00	102.62	90.00	26784.00
chr2	217234866	217235986	1120	1120	12.00	50.00	27.05	25.00	30297.00
chr10	93786348	93786508	160	160	73.00	146.00	105.10	96.00	16816.00
chr17	20268785	20269076	291	291	8.00	24.00	15.21	14.00	4426.00
chr9	131002006	131002062	56	56	3.00	1967.00	1735.23	1868.00	97173.00
chr1	155208307	155208441	134	134	164.00	195.00	180.17	182.00	24143.00
chr2	162833877	162834373	496	496	1.00	463.00	45.04	15.00	22339.00
chr9	35799614	35799728	114	114	34.00	47.00	39.19	39.00	4468.00
chr20	62517856	62519234	1378	1378	21.00	199.00	90.55	88.00	124780.00
chr22	35942847	35943127	280	280	28.00	148.00	100.89	110.00	28248.00
chr13	26436438	26436546	108	108	43.00	63.00	51.94	51.00	5609.00
chr14	69371371	69371453	82	82	162.00	273.00	212.49	203.50	17424.00
chr7	44031274	44031581	307	307	4.00	34.00	17.94	18.00	5507.00
chr11	12274988	12275291	303	303	6.00	34.00	19.74	20.00	5982.00
chr5	1334403	1334498	95	95	121.00	143.00	132.57	133.00	12594.00
chr19	34868639	34868786	147	147	1420.00	1872.00	1594.61	1581.00	234408.00
chr16	1815960	1816143	183	183	285.00	483.00	396.26	397.00	72516.00
chr10	73578787	73578868	81	81	3294.00	4614.00	3909.49	3934.00	316669.00
chr17	37420427	37420640	213	213	27.00	46.00	37.02	36.00	7886.00
chr5	60835422	60835586	164	164	46.00	78.00	62.02	63.00	10171.00
chr15	79296143	79296517	374	374	225.00	331.00	274.46	271.00	102648.00
chr19	13039568	13039661	93	93	359.00	540.00	460.04	470.00	42784.00
chr12	49421585	49421713	128	128	89.00	149.00	124.09	122.50	15884.00
chr1	1661057	1662583	1526	1526	3.00	265.00	89.88	61.00	137157.00
chr2	207457340	207457460	120	120	186.00	264.00	231.19	246.00	27743.00
chr11	64542462	64543441	979	979	29.00	93.00	63.29	62.00	61957.00
chr20	61910250	61910347	97	97	146.00	210.00	176.74	172.00	17144.00
chr11	62394042	62394156	114	114	294.00	349.00	323.75	324.00	36908.00
chr5	37301538	37301652	114	114	29.00	53.00	38.66	35.50	4407.00
chr16	4733843	4733933	90	90	173.00	237.00	210.89	206.50	18980.00
chr15	43693913	43694048	135	135	46.00	63.00	55.44	56.00	7485.00
chr11	18764538	18764622	84	84	131.00	164.00	151.94	155.00	12763.00
chr17	57842331	57842499	168	168	137.00	227.00	176.92	181.50	29722.00
chr9	96076729	96078064	1335	1335	8.00	35.00	20.04	19.00	26756.00
chr11	12246219	12246367	148	148	219.00	287.00	254.50	253.00	37666.00
chr12	7030743	7031565	822	822	18.00	3019.00	1052.67	37.00	865292.00
chr3	14523178	14523349	171	171	22.00	41.00	32.30	33.00	5524.00
chr5	758508	759483	975	975	2.00	22.00	10.40	10.00	10142.00
chr12	22635490	22635677	187	187	59.00	85.00	71.21	70.00	13317.00
chr5	14479369	14479459	90	90	182.00	218.00	199.46	199.00	17951.00
chr6	143655214	143656079	865	865	9.00	30.00	17.06	15.00	14753.00
chr7	75508360	75508578	218	218	47.00	797.00	609.15	713.00	132794.00
chr11	60697981	60698131	150	150	122.00	186.00	152.13	151.50	22819.00
chr1	151400598	151400889	291	291	139.00	264.00	205.26	216.00	59731.00
chr5	172196431	172197309	878	878	69.00	648.00	230.78	123.00	202624.00
chr3	49152660	49152794	134	134	73.00	102.00	90.09	90.00	12072.00
chr7	5518281	5519950	1669	1669	11.00	83.00	49.20	49.00	82122.00
chr17	16691106	16691449	343	343	1.00	69.00	24.09	25.00	8264.00
chr2	220086993	220087172	179	179	157.00	250.00	205.92	208.00	36860.00
chr10	51746916	51748006	1090	1090	2.00	157.00	67.94	59.00	74051.00
chr12	7302118	7302289	171	171	484.00	638.00	576.13	581.00	98519.00
chr11	59562844	59562955	111	111	28.00	68.00	53.41	60.00	5928.00
chr12	6100984	6101184	200	200	45.00	79.00	61.09	61.50	12219.00
chr19	5683274	5683627	353	353	6.00	28.00	18.21	20.00	6428.00
chr12	2786259	2786387	128	128	33.00	51.00	41.70	41.00	5338.00
chr15	26812727	26812880	153	153	166.00	276.00	206.36	202.00	31573.00
chr1	149007980	149008798	818	818	1.00	27.00	10.24	9.00	8380.00
chr19	54965608	54965861	253	253	176.00	362.00	255.70	245.00	64693.00
chr8	27293259	27293310	51	51	206.00	248.00	229.31	228.00	11695.00
chr15	23014437	23014528	91	91	132.00	159.00	145.27	144.00	13220.00
chr1	111717500	111717585	85	85	89.00	140.00	117.61	118.00	9997.00
chr6	150157220	150157433	213	213	180.00	277.00	237.95	244.00	50683.00
chr13	114566547	114566670	123	123	30.00	119.00	72.35	63.00	8899.00
chr16	58539291	58539605	314	314	4.00	46.00	29.41	32.00	9236.00
chr1	21936612	21936768	156	156	375.00	880.00	589.74	610.00	91999.00
chr1	17322880	17322991	111	111	216.00	323.00	269.63	291.00	29929.00
chr11	60699455	60699599	144	144	227.00	335.00	280.37	283.50	40373.00
chr5	6749669	6749770	101	101	38.00	57.00	45.02	42.00	4547.00
chr16	2156805	2156949	144	144	170.00	226.00	195.82	189.00	28198.00
chr15	34690834	34690930	96	96	145.00	230.00	208.77	212.00	20042.00
chr3	11074933	11075425	492	492	15.00	661.00	136.57	30.00	67190.00
chr5	74655222	74655381	159	159	122.00	225.00	163.09	156.00	25931.00
chr20	20022968	20023160	192	192	39.00	93.00	63.48	57.00	12188.00
chr2	39055481	39055578	97	97	23.00	42.00	30.51	28.00	2959.00
chr19	16793231	16793528	297	297	2.00	127.00	38.54	9.00	11447.00
chr2	219205450	219205509	59	59	47.00	64.00	57.66	60.00	3402.00
chr17	74087429	74087729	300	300	16.00	71.00	51.89	54.00	15566.00
chr3	184058150	184060036	1886	1886	12.00	525.00	98.13	42.00	185078.00
chr6	90333128	90333263	135	135	76.00	104.00	88.90	88.00	12001.00
chr12	125267019	125267429	410	410	47.00	116.00	75.82	66.50	31086.00
chr1	207942580	207943104	524	524	48.00	264.00	191.75	205.00	100477.00
chr4	89356876	89357043	167	167	75.00	102.00	90.72	90.00	15151.00
chr7	101995498	101995736	238	238	12.00	78.00	36.63	26.00	8717.00
chr3	11067458	11067562	104	104	491.00	667.00	592.61	602.00	61631.00
chr5	95734582	95734740	158	158	110.00	170.00	136.99	137.00	21644.00
chr6	152529106	152529341	235	235	112.00	181.00	146.89	146.00	34520.00
chr5	102295578	102295763	185	185	152.00	214.00	186.02	186.00	34414.00
chr22	21072980	21073110	130	130	720.00	1120.00	935.14	971.50	121568.00
chr12	121855306	121855714	408	408	87.00	196.00	121.01	115.00	49371.00
chr1	160326389	160326544	155	155	182.00	236.00	211.32	212.00	32755.00
chr11	60670930	60671007	77	77	329.00	391.00	353.42	353.00	27213.00
chr17	79804822	79804948	126	126	368.00	522.00	449.29	459.50	56610.00
chr16	18527204	18527332	128	128	474.00	659.00	587.44	598.50	75192.00
chr16	16372518	16372646	128	128	514.00	704.00	634.63	648.00	81233.00
chr2	32750530	32750695	165	165	58.00	85.00	72.27	74.00	11924.00
chr14	69369193	69369279	86	86	222.00	294.00	252.95	250.50	21754.00
chr7	66418212	66418356	144	144	200.00	332.00	274.31	271.50	39501.00
chr6	44107988	44108097	109	109	107.00	164.00	138.11	142.00	15054.00
chr7	70885893	70886091	198	198	210.00	509.00	322.49	276.00	63854.00
chr8	27295281	27295397	116	116	217.00	252.00	229.48	228.00	26620.00
chr7	73122918	73123018	100	100	942.00	1144.00	1035.75	1044.50	103575.00
chr15	34698874	34699071	197	197	203.00	324.00	264.67	260.00	52140.00
chr8	22009343	22009513	170	170	388.00	760.00	549.76	546.50	93460.00
chr7	1526557	1526737	180	180	47.00	162.00	89.71	83.00	16148.00
chr5	178053946	178054065	119	119	18.00	181.00	94.14	84.00	11203.00
chr12	6103027	6103369	342	342	53.00	85.00	71.51	72.00	24456.00
chr2	3479491	3480482	991	991	9.00	43.00	28.44	28.00	28186.00
chr3	33883388	33883566	178	178	202.00	325.00	268.86	271.00	47857.00
chr19	11019778	11019883	105	105	110.00	156.00	128.90	130.00	13534.00
chr7	98446205	98446318	113	113	834.00	1491.00	1172.60	1161.00	132504.00
chr8	106813274	106813932	658	658	9.00	27.00	18.11	17.00	11918.00
chr2	223795338	223795530	192	192	358.00	589.00	448.06	435.00	86027.00
chr7	75511146	75511554	408	408	569.00	926.00	742.38	747.00	302889.00
chr21	40184926	40185038	112	112	80.00	167.00	136.21	151.50	15255.00
chr19	53383575	53385236	1661	1661	11.00	44.00	26.47	27.00	43968.00
chr19	14208130	14208295	165	165	2.00	502.00	312.90	394.00	51629.00
chr15	91461013	91461618	605	605	36.00	667.00	233.50	68.00	141266.00
chr8	145278010	145278133	123	123	47.00	72.00	54.97	53.00	6761.00
chr16	28132990	28133083	93	93	220.00	328.00	260.97	261.00	24270.00
chr11	125280091	125280221	130	130	49.00	69.00	58.33	57.00	7583.00
chr15	63128089	63128317	228	228	31.00	207.00	150.25	171.00	34258.00
chr9	131181435	131181557	122	122	41.00	1452.00	1227.36	1299.00	149738.00
chr19	3281196	3281343	147	147	169.00	279.00	229.88	243.00	33793.00
chr11	6240200	6240280	80	80	40.00	58.00	48.02	48.00	3842.00
chr20	31019123	31019287	164	164	47.00	82.00	60.12	58.00	9859.00
chr6	46825865	46827260	1395	1395	43.00	117.00	78.47	75.00	109469.00
chr12	1672006	1672666	660	660	3.00	51.00	19.50	15.00	12869.00
chr12	9098824	9099001	177	177	206.00	296.00	254.79	258.00	45097.00
chr7	121738503	121738630	127	127	81.00	125.00	100.05	96.00	12706.00
chr19	40875814	40875935	121	121	763.00	1091.00	935.93	930.00	113248.00
chr20	3581592	3581671	79	79	104.00	158.00	132.57	135.00	10473.00
chr17	7226965	7227042	77	77	87.00	107.00	95.17	95.00	7328.00
chr2	74331800	74332809	1009	1009	16.00	61.00	38.20	39.00	38547.00
chr1	209785136	209785610	474	474	2.00	167.00	110.93	117.50	52580.00
chr9	35546426	35548532	2106	2106	110.00	269.00	183.35	182.00	386131.00
chr17	80040198	80040290	92	92	358.00	433.00	393.48	397.00	36200.00
chr11	73074791	73075284	493	493	10.00	155.00	57.02	26.00	28113.00
chr20	44674976	44675075	99	99	186.00	244.00	212.79	208.00	21066.00
chr20	5892091	5892328	237	237	47.00	303.00	197.30	240.00	46761.00
chr17	20316581	20317594	1013	1013	7.00	48.00	25.14	23.00	25464.00
chr12	99478702	99478801	99	99	113.00	140.00	127.87	127.00	12659.00
chr17	40842756	40842960	204	204	235.00	406.00	320.21	320.00	65322.00
chr11	107501142	107501288	146	146	191.00	264.00	238.66	241.50	34845.00
chr11	85429236	85429532	296	296	3.00	30.00	14.56	12.00	4311.00
chr20	9449217	9449319	102	102	24.00	36.00	29.42	29.00	3001.00
chr14	23371395	23371591	196	196	89.00	157.00	130.07	136.00	25493.00
chr7	716865	716957	92	92	1032.00	1446.00	1305.53	1308.50	120109.00
chr10	48862360	48862682	322	322	1.00	143.00	82.69	103.00	26627.00
chr10	68686678	68688210	1532	1532	20.00	88.00	41.84	38.00	64095.00
chr5	179674854	179674926	72	72	217.00	294.00	251.04	252.00	18075.00
chr1	209773327	209773456	129	129	115.00	211.00	163.07	167.00	21036.00
chr17	45691034	45691091	57	57	342.00	421.00	376.44	375.00	21457.00
chr1	19669871	19670118	247	247	25.00	45.00	33.54	33.00	8284.00
chr17	45664025	45664710	685	685	12.00	359.00	74.72	40.00	51186.00
chr19	2337634	2338840	1206	1206	15.00	137.00	48.25	47.00	58193.00
chr8	22011480	22011552	72	72	615.00	712.00	676.92	679.50	48738.00
