#chrom	start	end	size	num_data	min	max	mean	median	sum
chr12	1940100	1940691	591	591	1.00	16.00	5.12	5.00	3027.00
chr1	27480473	27481381	908	908	6.00	27.00	16.92	17.00	15366.00
chr15	63112684	63112809	125	125	122.00	173.00	143.75	138.00	17969.00
chr5	149231737	149232254	517	517	0.00	7.00	2.62	2.00	1354.00
chr5	140865429	140867182	1753	1753	0.00	19.00	5.11	4.00	8950.00
chr1	32209793	32209958	165	165	82.00	147.00	114.13	112.00	18831.00
chr16	87873307	87873431	124	124	89.00	150.00	120.32	118.00	14920.00
chr17	34157438	34158175	737	737	10.00	38.00	27.08	28.00	19957.00
chr2	127815619	127816088	469	469	26.00	138.00	73.76	63.00	34595.00
chr1	208212965	208213112	147	147	13.00	39.00	28.48	29.00	4187.00
chr22	19703883	19704666	783	783	2.00	13.00	6.12	6.00	4795.00
chr16	87872319	87872423	104	104	94.00	157.00	127.58	125.00	13268.00
chr9	140055740	140055868	128	128	255.00	332.00	288.59	285.00	36940.00
chr22	21096515	21096643	128	128	103.00	148.00	119.75	117.00	15328.00
chr9	140056321	140056540	219	219	4.00	507.00	306.44	378.00	67111.00
chr11	78379981	78380253	272	272	1.00	13.00	3.68	2.00	1002.00
chr3	11070420	11070533	113	113	218.00	255.00	240.35	240.00	27159.00
chr1	109812554	109813222	668	668	14.00	413.00	150.10	161.50	100270.00
chr2	220161954	220162155	201	201	164.00	219.00	189.15	187.00	38020.00
chr15	74706887	74707086	199	199	150.00	238.00	176.43	171.00	35110.00
chr17	7318829	7319426	597	597	100.00	264.00	184.04	193.00	109872.00
chr1	21560050	21560154	104	104	72.00	90.00	81.16	80.50	8441.00
chr1	25573799	25573952	153	153	4.00	162.00	111.13	118.00	17003.00
chr14	93198993	93199160	167	167	67.00	95.00	82.35	83.00	13752.00
chr1	205554003	205554119	116	116	28.00	45.00	33.84	31.00	3925.00
chr1	9795005	9795232	227	227	434.00	653.00	542.53	547.00	123154.00
chr17	42426525	42426670	145	145	52.00	119.00	94.57	105.00	13713.00
chr18	70205887	70206179	292	292	2.00	43.00	17.14	6.00	5005.00
chr1	205553082	205553251	169	169	46.00	89.00	73.37	75.00	12400.00
chr9	140056623	140056766	143	143	3.00	353.00	236.80	267.00	33863.00
chr6	33412147	33412394	247	247	6.00	161.00	85.79	97.00	21189.00
chr12	89992366	89992547	181	181	8.00	137.00	94.31	106.00	17071.00
chr2	220088827	220089576	749	749	45.00	110.00	79.04	79.00	59202.00
chr14	100763073	100765222	2149	2149	13.00	171.00	40.58	38.00	87199.00
chr1	110740697	110742543	1846	1846	0.00	157.00	91.28	95.00	168502.00
chr1	149878201	149879758	1557	1557	3.00	287.00	78.85	25.00	122763.00
chr3	197264139	197265259	1120	1120	0.00	19.00	6.98	6.00	7821.00
chr8	56449623	56450530	907	907	0.00	13.00	4.49	4.00	4072.00
chr9	139354208	139354326	118	118	55.00	83.00	70.60	71.00	8331.00
chr1	32204908	32205236	328	328	175.00	300.00	235.42	232.50	77219.00
chr7	75608768	75608897	129	129	70.00	87.00	76.73	76.00	9898.00
chr19	45161029	45161178	149	149	15.00	22.00	18.99	19.00	2829.00
chr19	5243911	5244493	582	582	54.00	139.00	79.98	76.00	46547.00
chr6	32119585	32119717	132	132	3.00	187.00	85.04	77.50	11225.00
chr3	42670878	42672067	1189	1189	6.00	50.00	28.66	30.00	34078.00
chr11	45892392	45892485	93	93	69.00	86.00	77.39	77.00	7197.00
chr17	80040789	80040991	202	202	240.00	344.00	289.11	283.00	58401.00
chr2	74902875	74903036	161	161	6.00	18.00	10.40	9.00	1674.00
chr17	38335969	38337946	1977	1977	1.00	52.00	11.57	8.00	22883.00
chr16	87870103	87870253	150	150	84.00	119.00	106.37	108.00	15956.00
chr1	32205947	32206142	195	195	137.00	188.00	161.02	160.00	31398.00
chr6	44117553	44117702	149	149	1.00	147.00	78.32	89.00	11669.00
chr1	159163659	159163830	171	171	189.00	269.00	224.35	223.00	38363.00
chr3	445565	446023	458	458	1.00	14.00	5.29	5.00	2425.00
chr2	25048913	25048995	82	82	156.00	196.00	179.17	178.00	14692.00
chr10	99504485	99504672	187	187	43.00	66.00	53.18	53.00	9945.00
chr4	54364807	54365010	203	203	9.00	29.00	16.05	15.00	3258.00
chr17	1634367	1634552	185	185	33.00	76.00	56.06	56.00	10372.00
chr7	72416124	72416247	123	123	63.00	81.00	72.67	73.00	8938.00
chr1	208212169	208212329	160	160	22.00	31.00	25.88	26.00	4141.00
chr9	140952500	140952702	202	202	13.00	25.00	18.44	18.00	3725.00
chr6	44197325	44197528	203	203	10.00	19.00	13.83	13.00	2807.00
chr6	44197643	44198218	575	575	2.00	16.00	10.07	11.00	5793.00
chr11	118981972	118982084	112	112	61.00	76.00	69.43	70.00	7776.00
chr5	150503846	150503952	106	106	1.00	447.00	331.30	423.00	35118.00
chr11	118981761	118981878	117	117	56.00	80.00	67.43	67.00	7889.00
chr11	126314873	126315000	127	127	64.00	84.00	74.46	75.00	9457.00
chr1	159165808	159166244	436	436	3.00	244.00	46.50	10.00	20274.00
chr7	134893542	134893750	208	208	28.00	70.00	42.97	40.50	8938.00
chr9	121976196	121976433	237	237	34.00	77.00	56.06	56.00	13287.00
chr19	54691042	54691169	127	127	53.00	96.00	70.68	65.00	8976.00
chr22	38621430	38621600	170	170	179.00	427.00	294.29	305.00	50030.00
chr13	42035681	42036205	524	524	130.00	285.00	226.53	229.50	118701.00
chr20	1915360	1915413	53	53	2.00	749.00	544.17	690.00	28841.00
chr5	14496987	14497126	139	139	51.00	93.00	71.83	71.00	9984.00
chr12	56528125	56528212	87	87	41.00	53.00	48.44	49.00	4214.00
chr3	47466974	47467101	127	127	45.00	62.00	51.99	51.00	6603.00
chr17	7415476	7415663	187	187	163.00	212.00	190.79	190.00	35678.00
chr3	33588037	33589252	1215	1215	50.00	168.00	110.79	111.00	134604.00
chr7	887833	888615	782	782	3.00	28.00	12.22	10.00	9553.00
chr10	24813251	24813693	442	442	2.00	14.00	6.69	6.00	2956.00
chr1	109812045	109812213	168	168	135.00	284.00	191.14	160.50	32111.00
chr19	15276597	15276902	305	305	7.00	21.00	13.58	12.00	4142.00
chr16	2334779	2334999	220	220	77.00	154.00	117.65	117.50	25884.00
chr16	68404761	68405261	500	500	1.00	16.00	6.32	6.00	3158.00
chr4	110969111	110969871	760	760	9.00	35.00	21.64	23.00	16450.00
chr1	145693161	145693996	835	835	6.00	54.00	28.65	28.00	23924.00
chr7	44282848	44282932	84	84	130.00	202.00	163.50	161.50	13734.00
chr2	220164315	220164508	193	193	3.00	137.00	60.32	12.00	11641.00
chr12	50472203	50472360	157	157	54.00	80.00	69.32	71.00	10884.00
chr2	220163768	220163833	65	65	97.00	145.00	119.74	124.00	7783.00
chr2	222289928	222290862	934	934	13.00	41.00	26.15	26.00	24420.00
chr12	57599133	57599268	135	135	148.00	195.00	169.65	169.00	22903.00
chr7	157475416	157475629	213	213	52.00	87.00	73.16	73.00	15584.00
chr1	32203800	32203927	127	127	129.00	311.00	227.74	246.00	28923.00
chr1	109811731	109811912	181	181	154.00	327.00	245.67	270.00	44467.00
chr9	140052830	140052975	145	145	214.00	405.00	326.38	336.00	47325.00
chr2	220161706	220161854	148	148	170.00	326.00	260.41	278.00	38540.00
chr16	29896906	29897070	164	164	173.00	258.00	221.66	230.50	36353.00
chr16	47143393	47143622	229	229	6.00	13.00	9.02	9.00	2066.00
chr11	993753	993985	232	232	68.00	148.00	105.68	108.50	24518.00
chr9	124059698	124061137	1439	1439	7.00	98.00	42.07	37.00	60543.00
chr9	140350140	140350634	494	494	6.00	41.00	20.67	17.00	10210.00
chr11	14504577	14504697	120	120	41.00	86.00	63.55	67.00	7626.00
chr3	49898612	49898733	121	121	58.00	121.00	87.05	82.00	10533.00
chr9	131811659	131811777	118	118	30.00	53.00	36.18	34.00	4269.00
chr9	131810705	131810818	113	113	30.00	60.00	50.26	54.00	5679.00
chr1	223400935	223401080	145	145	31.00	67.00	49.61	49.00	7193.00
chr12	125612185	125612820	635	635	5.00	55.00	15.50	11.00	9843.00
chr2	220088590	220088744	154	154	95.00	122.00	105.42	104.00	16234.00
chr9	70888487	70888750	263	263	2.00	45.00	27.06	29.00	7118.00
chr14	69813756	69813898	142	142	61.00	113.00	85.13	79.50	12089.00
chr2	47399145	47399890	745	745	8.00	238.00	24.50	23.00	18253.00
chr11	62688689	62689041	352	352	0.00	27.00	6.57	5.00	2314.00
chr6	43745205	43745407	202	202	0.00	36.00	28.60	30.00	5777.00
chr3	11072492	11072997	505	505	16.00	450.00	126.39	66.00	63827.00
chr7	2696031	2696168	137	137	66.00	109.00	91.88	96.00	12587.00
chr16	14969196	14969279	83	83	214.00	327.00	280.54	298.00	23285.00
chr17	7377847	7378026	179	179	2.00	13.00	8.38	9.00	1500.00
chr12	65639640	65639719	79	79	27.00	64.00	46.27	44.00	3655.00
chr12	50294912	50295108	196	196	435.00	824.00	576.03	546.00	112901.00
chr19	42485653	42485788	135	135	304.00	537.00	447.36	461.00	60394.00
chr10	99509230	99509343	113	113	64.00	106.00	82.73	82.00	9349.00
chr22	38883877	38888120	4243	4243	53.00	1147.00	401.45	381.00	1703367.00
chr12	49416372	49416658	286	286	56.00	101.00	70.97	67.00	20298.00
chr6	24843089	24843782	693	693	5.00	26.00	12.75	12.00	8839.00
chr5	176295561	176295665	104	104	54.00	75.00	60.78	59.50	6321.00
chr10	99510087	99510227	140	140	91.00	112.00	104.31	104.50	14604.00
chr1	159173658	159174770	1112	1112	4.00	70.00	23.72	17.00	26379.00
chr11	1780745	1780869	124	124	860.00	1194.00	1051.83	1043.50	130427.00
chr19	42486059	42486258	199	199	177.00	270.00	225.63	227.00	44900.00
chr3	47465422	47465535	113	113	55.00	103.00	74.89	79.00	8463.00
chr1	21573713	21573856	143	143	51.00	83.00	69.20	71.00	9896.00
chr11	65320330	65320453	123	123	188.00	267.00	240.89	242.00	29630.00
chr3	47462420	47462519	99	99	120.00	143.00	131.17	132.00	12986.00
chr2	219204751	219204864	113	113	14.00	21.00	18.00	19.00	2034.00
chr1	43906123	43906257	134	134	29.00	50.00	38.37	37.00	5142.00
chr7	38785158	38785840	682	682	3.00	116.00	26.28	20.00	17923.00
chr2	153499932	153500058	126	126	35.00	54.00	43.75	44.00	5513.00
chr1	32203011	32203132	121	121	3.00	225.00	174.94	202.00	21168.00
chr22	42290823	42290941	118	118	187.00	245.00	215.50	211.50	25429.00
chr19	47940718	47940818	100	100	106.00	168.00	131.63	127.00	13163.00
chr4	119539150	119539274	124	124	12.00	45.00	34.30	36.00	4253.00
chr17	44117067	44117250	183	183	40.00	65.00	52.13	51.00	9540.00
chr19	42485873	42485983	110	110	169.00	302.00	223.93	216.50	24632.00
chr6	44114583	44114664	81	81	50.00	75.00	59.35	56.00	4807.00
chr19	47941105	47941292	187	187	0.00	173.00	91.97	113.00	17198.00
chr11	73074250	73074500	250	250	31.00	53.00	42.90	43.00	10726.00
chr3	33418764	33418825	61	61	31.00	51.00	37.05	35.00	2260.00
chr1	700258	700505	247	247	12.00	64.00	37.49	37.00	9260.00
chr9	74319510	74319719	209	209	7.00	23.00	11.49	10.00	2402.00
chr16	2336694	2336968	274	274	89.00	312.00	200.21	200.50	54857.00
chr20	3575125	3575219	94	94	47.00	69.00	53.15	52.00	4996.00
chr9	139231377	139231529	152	152	40.00	76.00	60.89	63.00	9255.00
chr5	140515951	140516498	547	547	4.00	27.00	16.17	16.00	8845.00
chr1	21938208	21938309	101	101	184.00	243.00	214.34	214.00	21648.00
chr3	155659188	155659936	748	748	0.00	44.00	24.41	26.00	18256.00
chr16	27483068	27483241	173	173	61.00	119.00	93.97	98.00	16256.00
chr11	994071	994245	174	174	62.00	93.00	82.26	84.00	14314.00
chr7	71175745	71175913	168	168	61.00	90.00	75.17	73.00	12629.00
chr12	121204065	121204175	110	110	100.00	146.00	122.95	124.00	13524.00
chr7	73118679	73118753	74	74	212.00	308.00	256.59	249.50	18988.00
chr9	140972565	140972710	145	145	15.00	21.00	17.86	18.00	2589.00
chr12	121683329	121684024	695	695	2.00	12.00	4.17	3.00	2899.00
chr16	74493579	74493687	108	108	151.00	252.00	204.88	198.50	22127.00
chr2	36771518	36771641	123	123	55.00	95.00	71.79	69.00	8830.00
chr7	94187181	94187996	815	815	4.00	30.00	17.34	17.00	14132.00
chr14	94156951	94157239	288	288	3.00	11.00	7.09	8.00	2041.00
chr7	121739000	121739524	524	524	15.00	103.00	58.82	59.00	30821.00
chr1	19549117	19549328	211	211	41.00	86.00	62.40	66.00	13167.00
chr19	5214571	5214747	176	176	69.00	250.00	123.77	115.50	21784.00
chr19	42557753	42557861	108	108	43.00	59.00	53.03	53.50	5727.00
chr15	102510686	102510925	239	239	1.00	46.00	28.52	32.00	6817.00
chr5	167673761	167675376	1615	1615	2.00	18.00	7.85	8.00	12678.00
chr7	44282158	44282253	95	95	213.00	328.00	274.28	277.00	26057.00
chr2	160621061	160621717	656	656	0.00	153.00	13.68	4.00	8973.00
chr5	10426501	10426634	133	133	158.00	265.00	215.98	222.00	28725.00
chr16	1814301	1814460	159	159	373.00	481.00	431.54	441.00	68615.00
chr11	21581734	21581928	194	194	10.00	22.00	13.86	13.00	2688.00
chr3	126749085	126749255	170	170	24.00	38.00	31.48	32.00	5352.00
chr11	12237765	12237866	101	101	95.00	147.00	119.16	116.00	12035.00
chr6	31750872	31750963	91	91	56.00	77.00	68.63	69.00	6245.00
chr3	53124201	53124398	197	197	15.00	32.00	23.43	24.00	4616.00
chr2	220161470	220161544	74	74	304.00	346.00	324.86	325.00	24040.00
chr2	128951046	128951785	739	739	12.00	66.00	30.19	26.00	22307.00
chr5	24535811	24535931	120	120	12.00	24.00	18.23	19.00	2188.00
chr1	44083406	44083582	176	176	149.00	274.00	197.22	192.00	34711.00
chr1	32207653	32207818	165	165	64.00	119.00	90.15	89.00	14875.00
chr12	7293754	7294000	246	246	2.00	206.00	106.59	132.00	26222.00
chr3	131442289	131442469	180	180	12.00	18.00	14.49	14.00	2608.00
chr3	49898871	49899298	427	427	8.00	141.00	68.07	87.00	29065.00
chr16	66432358	66432464	106	106	29.00	56.00	41.73	37.00	4423.00
chr1	20982593	20982680	87	87	110.00	171.00	148.30	149.00	12902.00
chr16	68398653	68398809	156	156	3.00	11.00	6.78	7.00	1057.00
chr17	16676818	16678279	1461	1461	0.00	20.00	7.07	7.00	10325.00
chr1	109814899	109815027	128	128	177.00	257.00	217.23	215.50	27805.00
chr1	21940478	21940582	104	104	291.00	347.00	318.95	320.00	33171.00
chr20	57468284	57468793	509	509	1.00	12.00	7.61	8.00	3874.00
chr3	127358087	127358366	279	279	69.00	290.00	168.30	164.00	46956.00
chr3	126735359	126735527	168	168	14.00	30.00	22.59	22.00	3795.00
chr10	103869140	103869264	124	124	130.00	182.00	153.94	159.50	19089.00
chr20	44520554	44520666	112	112	56.00	76.00	64.81	65.00	7259.00
chr1	32203252	32203356	104	104	144.00	212.00	177.31	183.50	18440.00
chr21	40186196	40186316	120	120	61.00	87.00	70.91	69.50	8509.00
chr5	111067153	111068349	1196	1196	0.00	14.00	6.18	5.00	7386.00
chr9	128002954	128003186	232	232	99.00	172.00	139.54	149.00	32373.00
chr1	43408896	43408992	96	96	276.00	373.00	324.84	324.50	31185.00
chr3	47463931	47464026	95	95	124.00	149.00	136.40	139.00	12958.00
chr2	220161160	220161238	78	78	250.00	307.00	277.03	277.00	21608.00
chr11	62472772	62473089	317	317	324.00	538.00	435.97	427.00	138203.00
chr9	130986341	130986906	565	565	3.00	151.00	39.82	11.00	22501.00
chr14	69358769	69359000	231	231	47.00	61.00	53.47	53.00	12351.00
chr11	64416205	64416379	174	174	126.00	189.00	146.96	140.00	25571.00
chr17	8398454	8398559	105	105	33.00	55.00	42.81	40.00	4495.00
chr12	53572943	53574193	1250	1250	9.00	64.00	36.90	38.00	46124.00
chr17	17696544	17701827	5283	5283	9.00	108.00	34.13	32.00	180329.00
chr8	11705187	11705331	144	144	237.00	496.00	413.48	435.50	59541.00
chr19	54963829	54963931	102	102	409.00	545.00	475.15	463.00	48465.00
chr2	70451682	70456295	4613	4613	0.00	112.00	21.86	19.00	100834.00
chr11	118873959	118874169	210	210	28.00	58.00	44.96	46.00	9441.00
chr10	75548427	75548581	154	154	43.00	59.00	50.11	50.00	7717.00
chr6	33414351	33414563	212	212	108.00	190.00	153.32	153.50	32504.00
chr17	80042910	80043032	122	122	102.00	165.00	141.89	147.00	17310.00
chr11	11470290	11470483	193	193	16.00	31.00	23.58	23.00	4551.00
chr8	23294446	23294771	325	325	38.00	80.00	54.97	53.00	17864.00
chr1	116932060	116932663	603	603	16.00	550.00	210.70	32.00	127055.00
chr15	83222627	83222741	114	114	57.00	78.00	67.77	67.00	7726.00
chr3	9841562	9841751	189	189	9.00	23.00	15.78	17.00	2983.00
chr1	116937731	116937907	176	176	418.00	789.00	526.22	473.00	92615.00
chr16	87868019	87868197	178	178	84.00	127.00	106.83	110.00	19016.00
chr3	124209540	124209731	191	191	58.00	80.00	70.42	70.00	13451.00
chr7	71142195	71142291	96	96	76.00	100.00	87.30	87.00	8381.00
chr5	130497324	130497584	260	260	10.00	24.00	17.36	18.00	4514.00
chr13	100199238	100199358	120	120	95.00	140.00	117.97	122.00	14156.00
chr5	139943336	139943506	170	170	8.00	104.00	75.62	79.00	12855.00
chr17	74395529	74396002	473	473	20.00	75.00	53.71	54.00	25403.00
chr14	93179149	93179216	67	67	101.00	120.00	112.15	113.00	7514.00
chr4	160277004	160277310	306	306	22.00	108.00	69.38	75.00	21230.00
chr17	40666306	40666478	172	172	251.00	390.00	318.12	331.50	54716.00
chr15	34828065	34828207	142	142	5.00	68.00	43.81	44.50	6221.00
chr14	100165802	100165876	74	74	84.00	100.00	90.76	91.00	6716.00
chr22	20128089	20128231	142	142	13.00	77.00	46.52	58.00	6606.00
chr12	3392210	3394421	2211	2211	1.00	22.00	9.96	10.00	22013.00
chr17	16687866	16690667	2801	2801	0.00	97.00	14.93	8.00	41830.00
chr6	31664724	31664810	86	86	55.00	94.00	72.59	71.00	6243.00
chr6	30627512	30627611	99	99	41.00	48.00	44.15	44.00	4371.00
chr11	18752834	18755060	2226	2226	2.00	191.00	21.27	11.00	47345.00
chr12	109332602	109332731	129	129	49.00	64.00	55.01	54.00	7096.00
chr6	90072884	90073110	226	226	1.00	13.00	8.06	8.00	1821.00
chr16	2689371	2689711	340	340	0.00	4.00	0.13	0.00	44.00
chr1	20987373	20987484	111	111	101.00	131.00	116.99	118.00	12986.00
chr14	85985300	85986667	1367	1367	0.00	9.00	2.77	2.00	3787.00
chr13	32863769	32863880	111	111	32.00	52.00	43.15	45.00	4790.00
chr16	1510418	1510528	110	110	85.00	112.00	103.72	106.00	11409.00
chr19	54963269	54963444	175	175	470.00	614.00	535.09	532.00	93640.00
chr6	44224078	44224233	155	155	59.00	111.00	77.81	72.00	12060.00
chr20	3151172	3152285	1113	1113	2.00	19.00	8.89	8.00	9890.00
chr1	892273	892405	132	132	64.00	119.00	89.75	87.00	11847.00
chr16	90192167	90192724	557	557	3.00	24.00	10.94	10.00	6096.00
chr9	111663704	111663810	106	106	42.00	57.00	49.64	50.00	5262.00
chr6	44108764	44108835	71	71	72.00	81.00	76.55	76.00	5435.00
chr1	36028802	36029027	225	225	309.00	760.00	553.37	587.00	124508.00
chr11	66807259	66807674	415	415	15.00	39.00	27.12	29.00	11256.00
chr1	178426817	178427679	862	862	5.00	20.00	11.69	12.00	10073.00
chr19	42482302	42482478	176	176	301.00	593.00	384.02	353.00	67587.00
chr1	44084718	44084873	155	155	85.00	267.00	157.07	146.00	24346.00
chr1	109812315	109812442	127	127	155.00	307.00	210.25	210.00	26702.00
chr3	180324268	180324391	123	123	79.00	108.00	96.41	97.00	11859.00
chr15	63933668	63933842	174	174	67.00	108.00	84.99	83.00	14788.00
chr20	44521363	44521519	156	156	100.00	132.00	113.26	113.00	17668.00
chr3	33416779	33416910	131	131	23.00	37.00	29.49	28.00	3863.00
chr1	21934624	21934843	219	219	2.00	317.00	108.69	119.00	23804.00
chr14	69799801	69799886	85	85	22.00	30.00	25.27	25.00	2148.00
chr1	116936134	116936345	211	211	4.00	601.00	495.25	531.00	104498.00
chr14	23634493	23634645	152	152	5.00	13.00	9.69	9.00	1473.00
chr16	1402538	1402947	409	409	10.00	37.00	27.25	28.00	11144.00
chr9	20331	25000	4669	4669	0.00	173.00	42.95	42.00	200512.00
chr17	43545574	43545959	385	385	10.00	53.00	27.68	24.00	10655.00
chr13	100201418	100201476	58	58	137.00	182.00	163.03	163.00	9456.00
chr15	41865505	41865665	160	160	160.00	364.00	249.33	264.00	39893.00
chr19	19641688	19642196	508	508	2.00	13.00	8.09	9.00	4108.00
chr11	134147593	134148159	566	566	0.00	7.00	1.99	1.00	1129.00
chr2	71656420	71657290	870	870	6.00	61.00	19.00	15.00	16532.00
chr7	97834775	97835016	241	241	19.00	42.00	30.46	30.00	7340.00
chr19	13363804	13363915	111	111	30.00	51.00	38.05	37.00	4224.00
chr18	31328383	31329011	628	628	1.00	9.00	5.16	5.00	3242.00
chr16	66431884	66432009	125	125	48.00	67.00	55.27	55.00	6909.00
chr19	47935155	47935702	547	547	3.00	275.00	89.58	68.00	49002.00
chr12	50291769	50291873	104	104	397.00	506.00	445.18	440.50	46299.00
chr11	1780198	1780317	119	119	591.00	864.00	714.44	691.00	85018.00
chr15	65392626	65393167	541	541	8.00	41.00	24.77	25.00	13402.00
chr2	86397871	86397967	96	96	43.00	74.00	64.12	67.00	6156.00
chr7	97866087	97866233	146	146	38.00	81.00	54.03	54.00	7889.00
chr11	60687157	60687402	245	245	61.00	93.00	77.19	76.00	18911.00
chr21	43307700	43309453	1753	1753	1.00	28.00	12.74	13.00	22329.00
chr14	24619269	24619657	388	388	19.00	56.00	32.09	30.00	12449.00
chr11	65320634	65320727	93	93	98.00	197.00	138.37	135.00	12868.00
chr16	29891184	29891385	201	201	145.00	219.00	191.59	193.00	38510.00
chr1	32207224	32207326	102	102	191.00	262.00	234.84	239.50	23954.00
chr11	72300218	72300394	176	176	0.00	109.00	36.09	4.00	6351.00
chr17	7608878	7609038	160	160	6.00	24.00	13.48	12.00	2157.00
chr19	7607646	7607814	168	168	74.00	137.00	99.58	101.50	16729.00
chr19	54966129	54966271	142	142	270.00	383.00	339.61	350.50	48224.00
chr12	57995027	57995131	104	104	55.00	69.00	62.46	63.00	6496.00
chr1	27428875	27429049	174	174	15.00	37.00	27.04	29.00	4705.00
chr2	27688277	27688385	108	108	26.00	40.00	33.67	34.50	3636.00
chr16	2691449	2692254	805	805	0.00	7.00	1.56	1.00	1253.00
chr9	131503813	131503933	120	120	178.00	248.00	210.32	206.00	25239.00
chr16	2347766	2347922	156	156	100.00	137.00	113.51	108.50	17707.00
chr17	80039884	80040036	152	152	199.00	254.00	221.06	220.00	33601.00
chr1	32204432	32204538	106	106	183.00	286.00	229.11	236.00	24286.00
chr12	9242951	9243078	127	127	33.00	59.00	42.36	41.00	5380.00
chr3	49702661	49702751	90	90	26.00	40.00	34.41	37.00	3097.00
chr19	35820359	35820837	478	478	45.00	155.00	89.74	86.00	42896.00
chr1	201456762	201457615	853	853	127.00	336.00	214.91	200.00	183319.00
chr16	2334279	2334438	159	159	86.00	154.00	111.06	108.00	17659.00
chr10	73578373	73578481	108	108	1933.00	2616.00	2275.79	2272.00	245785.00
chr16	18530550	18530756	206	206	30.00	298.00	153.00	201.00	31517.00
chr16	16369094	16369300	206	206	31.00	307.00	155.42	201.50	32017.00
chr13	113975636	113975785	149	149	10.00	969.00	394.02	18.00	58709.00
chr11	119293822	119294227	405	405	1.00	945.00	90.78	7.00	36767.00
chr5	150505962	150506041	79	79	275.00	421.00	336.16	330.00	26557.00
chr22	44224939	44225078	139	139	124.00	199.00	148.50	145.00	20641.00
chr15	41865199	41865309	110	110	152.00	209.00	168.76	166.00	18564.00
chr17	25633807	25636298	2491	2491	19.00	832.00	349.56	380.00	870753.00
chr15	72495155	72495529	374	374	13.00	1014.00	367.04	24.50	137272.00
chr9	42540272	42542124	1852	1852	0.00	12.00	2.65	2.00	4899.00
chr11	119290760	119291704	944	944	2.00	1282.00	377.81	20.00	356654.00
chr19	5219949	5220165	216	216	102.00	222.00	154.80	145.50	33436.00
chr15	63910769	63911153	384	384	16.00	80.00	42.67	37.00	16387.00
chr17	74393879	74393969	90	90	58.00	81.00	68.40	68.00	6156.00
chr10	104129467	104129532	65	65	47.00	66.00	53.89	53.00	3503.00
chr3	142454224	142454620	396	396	8.00	20.00	13.74	14.00	5442.00
chr12	121205196	121205396	200	200	133.00	183.00	157.47	157.50	31495.00
chr3	31705570	31705724	154	154	2.00	7.00	4.64	4.00	715.00
chr6	118635190	118636593	1403	1403	5.00	38.00	22.10	21.00	31013.00
chr8	10339867	10340829	962	962	0.00	14.00	5.75	6.00	5532.00
chr19	16952578	16952779	201	201	62.00	107.00	83.73	84.00	16829.00
chr8	110984486	110985016	530	530	1.00	20.00	7.12	6.00	3774.00
chr9	128001219	128001610	391	391	169.00	414.00	292.21	307.00	114254.00
chr11	73070878	73070997	119	119	52.00	74.00	64.24	65.00	7645.00
chr10	104130140	104130235	95	95	46.00	67.00	55.49	57.00	5272.00
chr5	95733039	95733173	134	134	10.00	32.00	21.74	20.00	2913.00
chr19	59059400	59059547	147	147	183.00	237.00	209.89	210.00	30854.00
chr5	139943169	139943255	86	86	8.00	86.00	59.56	63.00	5122.00
chr17	73487771	73487981	210	210	105.00	194.00	148.97	146.50	31284.00
chr1	154315588	154315777	189	189	16.00	26.00	21.34	21.00	4033.00
chr14	95652726	95653070	344	344	35.00	108.00	80.86	81.00	27817.00
chr12	123639801	123640772	971	971	6.00	34.00	20.97	21.00	20361.00
chr22	47064870	47065171	301	301	1.00	8.00	3.36	2.00	1011.00
chr5	24535220	24535388	168	168	8.00	22.00	14.20	14.00	2386.00
chr12	6806452	6806958	506	506	49.00	127.00	81.32	82.00	41148.00
chr22	29881711	29881836	125	125	30.00	47.00	35.88	36.00	4485.00
chr7	75894681	75894786	105	105	23.00	45.00	34.90	36.00	3665.00
chr12	121089007	121095893	6886	6886	1.00	44.00	12.31	11.00	84777.00
chr1	207940357	207942365	2008	2008	28.00	271.00	137.22	129.00	275532.00
chr7	154681166	154681240	74	74	144.00	169.00	156.92	158.00	11612.00
chr5	131696513	131697529	1016	1016	1.00	19.00	8.59	9.00	8729.00
chr11	1776135	1776258	123	123	306.00	713.00	473.72	470.00	58268.00
chr8	11706554	11706673	119	119	193.00	334.00	247.58	229.00	29462.00
chr11	18759426	18759511	85	85	65.00	89.00	75.62	74.00	6428.00
chr16	61689373	61689625	252	252	4.00	13.00	7.73	7.00	1947.00
chr15	51750702	51750824	122	122	26.00	45.00	33.53	34.00	4091.00
chr9	35555056	35555698	642	642	84.00	285.00	169.45	175.00	108790.00
chr2	198356200	198356621	421	421	12.00	35.00	22.13	23.00	9317.00
chr9	131001723	131001794	71	71	609.00	808.00	733.11	738.00	52051.00
chr19	5214371	5214491	120	120	211.00	283.00	262.27	266.00	31473.00
chr22	35719488	35719623	135	135	85.00	129.00	109.56	112.00	14790.00
chr12	121678738	121679829	1091	1091	1.00	16.00	7.24	7.00	7899.00
chr14	23820960	23821064	104	104	612.00	773.00	715.96	726.00	74460.00
chr1	32205710	32205779	69	69	152.00	226.00	185.25	185.00	12782.00
chr3	33420176	33420326	150	150	0.00	52.00	15.13	0.00	2270.00
chr9	114820707	114820966	259	259	6.00	16.00	9.88	10.00	2558.00
chr15	41865876	41866023	147	147	24.00	437.00	358.78	377.00	52740.00
chr19	55554308	55554637	329	329	1.00	6.00	3.22	3.00	1059.00
chr1	116933403	116933513	110	110	488.00	613.00	555.20	551.50	61072.00
chr19	15374230	15374359	129	129	65.00	109.00	93.02	95.00	12000.00
chr12	56090682	56090852	170	170	36.00	56.00	48.05	50.00	8169.00
chr14	69445668	69445876	208	208	11.00	47.00	30.92	33.00	6431.00
chr12	57603474	57603651	177	177	85.00	169.00	127.15	129.00	22506.00
chr22	32897492	32898946	1454	1454	6.00	61.00	28.31	27.00	41165.00
chr16	16367702	16367764	62	62	3.00	164.00	81.89	88.00	5077.00
chr19	5245786	5246056	270	270	34.00	179.00	101.33	115.00	27358.00
chr16	74345440	74345829	389	389	4.00	24.00	13.49	12.00	5246.00
chr6	107096899	107097076	177	177	30.00	46.00	38.87	39.00	6880.00
chr1	29641883	29642019	136	136	10.00	32.00	17.54	15.00	2385.00
chr8	97342440	97342509	69	69	71.00	88.00	78.41	79.00	5410.00
chr8	68116914	68117054	140	140	19.00	52.00	38.79	46.00	5431.00
chr22	22037470	22037546	76	76	42.00	58.00	49.91	51.00	3793.00
chr22	50682147	50683420	1273	1273	15.00	107.00	55.49	54.00	70639.00
chr20	44048971	44049069	98	98	430.00	517.00	473.30	476.00	46383.00
chr1	36904356	36904511	155	155	15.00	26.00	20.41	20.00	3163.00
chr12	71054719	71054877	158	158	6.00	14.00	10.16	10.00	1605.00
chr15	50654364	50655515	1151	1151	55.00	129.00	95.56	97.00	109985.00
chr2	234198499	234198620	121	121	34.00	55.00	45.12	45.00	5459.00
chr9	128001699	128001812	113	113	161.00	191.00	172.58	172.00	19501.00
chr8	38272296	38272419	123	123	55.00	77.00	66.59	67.00	8191.00
chr11	73068069	73068179	110	110	36.00	54.00	44.01	41.50	4841.00
chr16	28123137	28123327	190	190	215.00	261.00	238.13	237.00	45245.00
chr12	49424062	49424222	160	160	13.00	47.00	26.93	24.50	4308.00
chr19	50302885	50303023	138	138	134.00	258.00	198.75	197.50	27428.00
chr19	42480567	42480718	151	151	553.00	876.00	692.18	684.00	104519.00
chr3	197904395	197905301	906	906	0.00	30.00	11.56	11.00	10474.00
chr13	100189992	100190117	125	125	96.00	130.00	115.43	117.00	14429.00
chr19	14268062	14268272	210	210	90.00	158.00	117.71	114.50	24719.00
chr10	93786886	93787057	171	171	75.00	140.00	103.56	100.00	17708.00
chr1	109808726	109808828	102	102	87.00	117.00	105.23	106.00	10733.00
chr4	134075461	134075520	59	59	124.00	140.00	132.92	134.00	7842.00
chr1	22052268	22053864	1596	1596	4.00	80.00	28.50	24.00	45489.00
chr9	140056855	140056968	113	113	294.00	441.00	368.14	380.00	41600.00
chr19	42482087	42482224	137	137	601.00	878.00	790.36	804.00	108280.00
chr19	4556962	4557025	63	63	138.00	213.00	167.00	162.00	10521.00
chr19	14266921	14267013	92	92	136.00	209.00	172.65	179.00	15884.00
chr22	42273851	42274127	276	276	27.00	375.00	210.21	218.50	58019.00
chr1	205549788	205550049	261	261	23.00	52.00	36.75	39.00	9592.00
chr1	110765585	110766522	937	937	12.00	40.00	26.22	27.00	24564.00
chr19	55553595	55554158	563	563	1.00	16.00	7.89	8.00	4440.00
chr7	150929881	150931360	1479	1479	10.00	87.00	27.55	24.00	40745.00
chr3	124215157	124215260	103	103	72.00	103.00	89.50	91.00	9219.00
chr16	58220658	58220760	102	102	30.00	59.00	45.21	44.00	4611.00
chr3	10381925	10382033	108	108	64.00	90.00	80.33	82.50	8676.00
chr10	11356101	11356221	120	120	17.00	30.00	25.68	27.00	3082.00
chr22	42294652	42294785	133	133	188.00	361.00	287.24	288.00	38203.00
chr1	2005531	2005714	183	183	1.00	20.00	11.65	14.00	2132.00
chr12	113722522	113722576	54	54	71.00	92.00	81.26	83.00	4388.00
chr9	131502198	131502398	200	200	9.00	257.00	196.98	207.00	39396.00
chr19	40873602	40873786	184	184	311.00	779.00	586.83	625.50	107976.00
chr2	220162606	220162825	219	219	51.00	169.00	104.12	100.00	22802.00
chr16	28270027	28270355	328	328	0.00	3.00	1.88	2.00	617.00
chr4	3225718	3225858	140	140	70.00	93.00	81.27	81.00	11378.00
chr17	44127898	44128070	172	172	40.00	76.00	55.02	52.00	9463.00
chr3	47462043	47462262	219	219	51.00	121.00	74.54	68.00	16324.00
chr6	99873090	99873182	92	92	4.00	257.00	109.28	93.00	10054.00
chr7	142561723	142562504	781	781	35.00	157.00	92.36	89.00	72136.00
chr1	159169540	159169666	126	126	300.00	364.00	338.69	342.00	42675.00
chr19	7606869	7606953	84	84	57.00	89.00	71.21	66.00	5982.00
chr16	2811561	2818298	6737	6737	2.00	820.00	420.61	408.00	2833652.00
chr3	47450652	47450807	155	155	43.00	94.00	68.40	70.00	10602.00
chr11	118403631	118403922	291	291	42.00	71.00	56.16	56.00	16342.00
chr1	205555161	205555335	174	174	21.00	47.00	36.50	37.50	6351.00
chr12	125603186	125603311	125	125	14.00	29.00	18.78	18.00	2348.00
chr11	86658288	86659498	1210	1210	3.00	45.00	20.45	21.00	24742.00
chr22	37764946	37768745	3799	3799	0.00	104.00	34.52	28.00	131144.00
chr10	46345664	46346215	551	551	5.00	29.00	17.28	19.00	9519.00
chr22	33673045	33673241	196	196	47.00	181.00	95.65	73.50	18747.00
chr9	140042599	140042666	67	67	12.00	57.00	35.60	37.00	2385.00
chr3	48717233	48717320	87	87	67.00	105.00	78.41	76.00	6822.00
chr11	60681600	60681740	140	140	15.00	74.00	39.06	40.00	5469.00
chr10	93784512	93784724	212	212	65.00	111.00	86.17	78.00	18269.00
chr12	7289424	7290372	948	948	0.00	150.00	36.13	7.00	34253.00
chr3	132387062	132387526	464	464	1.00	23.00	11.34	12.00	5260.00
chr16	2335442	2335647	205	205	110.00	164.00	136.14	132.00	27909.00
chr16	1794782	1797276	2494	2494	5.00	367.00	51.76	28.00	129088.00
chr16	3786036	3786204	168	168	82.00	127.00	106.56	108.00	17902.00
chr9	141131209	141131766	557	557	0.00	21.00	5.46	1.00	3042.00
chr14	92965028	92966015	987	987	2.00	37.00	18.48	16.00	18236.00
chr19	54692070	54692200	130	130	59.00	118.00	93.46	92.00	12150.00
chr15	43866006	43866230	224	224	30.00	65.00	44.16	44.00	9892.00
chr3	40231316	40231954	638	638	19.00	57.00	33.70	33.00	21501.00
chr3	50148937	50149455	518	518	7.00	40.00	21.91	22.00	11349.00
chr4	81117505	81117755	250	250	7.00	17.00	12.40	13.00	3100.00
chr10	46740404	46740638	234	234	0.00	6.00	2.03	2.00	474.00
chr3	124210169	124210271	102	102	53.00	72.00	62.45	62.00	6370.00
chr11	107488830	107488932	102	102	24.00	37.00	30.94	31.00	3156.00
chr9	130591965	130592106	141	141	77.00	125.00	105.47	104.00	14871.00
chr1	20981932	20982027	95	95	211.00	249.00	231.52	231.00	21994.00
chr12	75875613	75875859	246	246	5.00	12.00	7.09	6.00	1744.00
chr22	32046684	32046764	80	80	22.00	32.00	26.32	26.50	2106.00
chr11	70331418	70331658	240	240	3.00	24.00	13.20	12.00	3168.00
chr14	51079976	51080069	93	93	110.00	158.00	137.63	138.00	12800.00
chr17	80041077	80041301	224	224	186.00	369.00	277.50	293.00	62161.00
chr7	158540884	158540971	87	87	40.00	72.00	53.08	51.00	4618.00
chr1	21553651	21553719	68	68	65.00	92.00	76.75	75.00	5219.00
chr2	219206256	219206349	93	93	13.00	28.00	21.45	21.00	1995.00
chr17	18444211	18445242	1031	1031	1.00	16.00	6.01	5.00	6201.00
chr12	57599340	57599460	120	120	126.00	177.00	157.93	165.00	18952.00
chr11	64417919	64418110	191	191	182.00	352.00	296.73	317.00	56675.00
chr19	3274926	3275650	724	724	2.00	11.00	6.17	6.00	4467.00
chr16	18532086	18532305	219	219	176.00	320.00	227.10	218.00	49735.00
chr17	3776702	3776756	54	54	144.00	206.00	184.17	189.50	9945.00
chr1	116932670	116933033	363	363	12.00	631.00	314.53	516.00	114176.00
chr16	1505731	1505796	65	65	182.00	219.00	205.20	209.00	13338.00
chr1	9794029	9794200	171	171	598.00	712.00	651.50	647.00	111406.00
chr10	73579221	73579379	158	158	1881.00	2440.00	2098.03	2077.50	331489.00
chr11	6411684	6412146	462	462	51.00	140.00	100.47	99.00	46419.00
chr1	159163212	159163350	138	138	140.00	225.00	166.01	163.00	22909.00
chr16	1816723	1816804	81	81	318.00	414.00	363.43	361.00	29438.00
chr7	91722399	91722630	231	231	18.00	88.00	68.16	70.00	15745.00
chr7	44281816	44281939	123	123	280.00	331.00	305.75	304.00	37607.00
chr2	220467189	220467297	108	108	28.00	45.00	38.60	40.00	4169.00
chr16	4494664	4494729	65	65	72.00	98.00	87.38	87.00	5680.00
chr15	34681844	34681986	142	142	5.00	103.00	60.89	65.00	8647.00
chr9	139995935	139996124	189	189	40.00	79.00	56.37	56.00	10653.00
chr3	180324040	180324160	120	120	74.00	114.00	95.47	95.00	11456.00
chr3	42678359	42681242	2883	2883	65.00	217.00	140.20	136.00	404186.00
chr7	131812776	131815333	2557	2557	1.00	19.00	7.86	7.00	20099.00
chr20	1585387	1585522	135	135	12.00	222.00	114.16	113.00	15412.00
chr3	126751229	126751442	213	213	30.00	51.00	40.73	41.00	8675.00
chr15	63920875	63921014	139	139	75.00	100.00	88.35	88.00	12281.00
chr16	2040128	2040202	74	74	35.00	55.00	46.01	47.00	3405.00
chr9	74324174	74324390	216	216	3.00	10.00	6.41	7.00	1384.00
chr20	44521858	44521950	92	92	117.00	161.00	135.35	133.00	12452.00
chr9	139911647	139911798	151	151	1362.00	2283.00	1880.04	1907.00	283886.00
chr9	140055507	140055649	142	142	308.00	450.00	369.61	345.50	52485.00
chr12	120148055	120148191	136	136	44.00	71.00	62.66	64.00	8522.00
chr12	50474280	50474372	92	92	71.00	87.00	78.09	79.00	7184.00
chr15	63125702	63125828	126	126	65.00	124.00	93.11	95.00	11732.00
chr9	20907148	20907241	93	93	19.00	28.00	24.41	24.00	2270.00
chr16	87874655	87874761	106	106	91.00	134.00	110.49	108.50	11712.00
chr2	162833269	162833460	191	191	0.00	122.00	62.72	95.00	11979.00
chr8	11704560	11704677	117	117	197.00	286.00	240.58	239.00	28148.00
chr15	63926931	63927087	156	156	73.00	118.00	100.37	106.00	15657.00
chr6	31668718	31668805	87	87	60.00	94.00	79.79	77.00	6942.00
chr7	148910792	148910906	114	114	15.00	38.00	26.23	27.00	2990.00
chr14	42355808	42357213	1405	1405	1.00	30.00	10.78	11.00	15150.00
chr10	88678928	88679226	298	298	13.00	49.00	24.90	22.00	7419.00
chr3	140998219	140998346	127	127	9.00	15.00	12.36	13.00	1570.00
chr1	144859758	144859998	240	240	34.00	90.00	55.47	55.00	13312.00
chr9	96054772	96055455	683	683	11.00	53.00	31.69	32.00	21643.00
chr19	7604803	7604944	141	141	42.00	108.00	72.39	70.00	10207.00
chr12	30906277	30907432	1155	1155	2.00	41.00	20.98	20.00	24234.00
chr9	131112762	131112854	92	92	67.00	117.00	97.65	100.50	8984.00
chr20	61981328	61982379	1051	1051	7.00	36.00	20.39	20.00	21434.00
chr7	38431348	38431618	270	270	39.00	91.00	68.36	70.00	18458.00
chr20	44521036	44521123	87	87	95.00	117.00	107.07	107.00	9315.00
chr11	64418726	64419108	382	382	146.00	317.00	219.61	230.00	83892.00
chr12	120148344	120150270	1926	1926	2.00	121.00	22.64	15.00	43605.00
chr12	6930971	6931066	95	95	5.00	105.00	64.12	70.00	6091.00
chr16	2339434	2339621	187	187	65.00	99.00	80.82	77.00	15113.00
chr2	27700083	27700187	104	104	23.00	43.00	32.11	32.00	3339.00
chr14	69805367	69805494	127	127	33.00	80.00	59.11	57.00	7507.00
chr12	9242497	9242619	122	122	44.00	87.00	62.83	65.00	7665.00
chr3	58256658	58256791	133	133	62.00	113.00	80.32	73.00	10683.00
chr10	79744927	79745098	171	171	41.00	75.00	61.72	62.00	10554.00
chr1	159161725	159161866	141	141	71.00	169.00	126.41	131.00	17824.00
chr16	31085202	31085519	317	317	3.00	24.00	15.18	15.00	4811.00
chr1	171755018	171755218	200	200	20.00	37.00	27.29	27.00	5457.00
chr9	130988124	130989280	1156	1156	0.00	435.00	61.27	17.00	70824.00
chr15	63127935	63127998	63	63	62.00	78.00	68.87	69.00	4339.00
chr19	1917676	1917821	145	145	9.00	336.00	262.70	283.00	38091.00
chr22	25315792	25315960	168	168	19.00	38.00	28.75	28.00	4830.00
chr2	207943790	207945085	1295	1295	13.00	74.00	39.37	39.00	50989.00
chr11	47330706	47330952	246	246	10.00	201.00	91.65	14.50	22546.00
chr3	142743978	142746095	2117	2117	0.00	101.00	10.30	6.00	21808.00
chr7	44839492	44839694	202	202	24.00	54.00	40.81	40.00	8244.00
chr22	31688260	31688471	211	211	10.00	194.00	112.28	131.00	23692.00
chr11	66333492	66333638	146	146	379.00	484.00	426.10	424.00	62211.00
chr9	131114916	131115026	110	110	107.00	149.00	128.90	135.00	14179.00
chr1	20206	21013	807	807	5.00	136.00	67.12	68.00	54168.00
chr11	108216469	108216635	166	166	62.00	109.00	77.33	73.00	12836.00
chr1	209778880	209779019	139	139	49.00	90.00	74.91	75.00	10412.00
chr1	202935876	202936026	150	150	45.00	93.00	75.79	79.00	11368.00
chr12	57600255	57600524	269	269	118.00	212.00	164.19	163.00	44167.00
chr19	15233503	15233615	112	112	80.00	116.00	94.74	95.00	10611.00
chr8	68115317	68115486	169	169	41.00	78.00	61.14	64.00	10333.00
chr19	13419229	13419342	113	113	13.00	22.00	17.71	18.00	2001.00
chr6	33266815	33267130	315	315	0.00	19.00	9.56	9.00	3011.00
chr16	89780611	89781646	1035	1035	0.00	24.00	11.94	11.00	12361.00
chr12	109964162	109964221	59	59	63.00	82.00	72.17	71.00	4258.00
chr22	24491893	24492045	152	152	29.00	65.00	45.16	45.00	6864.00
chr2	242592926	242593025	99	99	102.00	157.00	124.64	122.00	12339.00
chr1	21937944	21938074	130	130	218.00	412.00	338.37	353.00	43988.00
chr2	223789173	223789313	140	140	93.00	124.00	110.59	110.00	15483.00
chr20	3772318	3772535	217	217	0.00	3.00	2.19	2.00	476.00
chr16	18531918	18532001	83	83	284.00	374.00	334.84	348.00	27792.00
chr1	43396296	43396537	241	241	230.00	367.00	287.77	282.00	69353.00
chr2	100037960	100038115	155	155	32.00	49.00	38.48	39.00	5964.00
chr16	1500497	1500770	273	273	2.00	188.00	106.22	157.00	28997.00
chr19	40876016	40876144	128	128	465.00	722.00	594.22	580.00	76060.00
chr5	168112691	168112932	241	241	4.00	19.00	9.26	8.00	2232.00
chr2	127825738	127825831	93	93	321.00	455.00	361.26	358.00	33597.00
chr1	19232015	19234990	2975	2975	3.00	88.00	27.50	22.00	81809.00
chr16	1391129	1391196	67	67	99.00	122.00	107.18	105.00	7181.00
chr6	33410665	33411689	1024	1024	3.00	89.00	39.96	41.00	40922.00
chr9	95872033	95872266	233	233	8.00	13.00	10.73	11.00	2499.00
chr1	53378627	53378839	212	212	11.00	45.00	27.00	27.00	5723.00
chr2	80531276	80531693	417	417	1.00	13.00	5.85	5.00	2438.00
chr7	44286718	44286791	73	73	138.00	197.00	177.55	182.00	12961.00
chr7	157369304	157369471	167	167	96.00	145.00	121.43	118.00	20279.00
chr11	18755079	18755191	112	112	1.00	71.00	44.47	56.00	4981.00
chr6	86237979	86238080	101	101	88.00	117.00	104.91	106.00	10596.00
chr8	145000951	145001050	99	99	51.00	98.00	68.64	63.00	6795.00
chr19	45167680	45167966	286	286	0.00	10.00	5.29	5.00	1514.00
chr10	48930165	48930400	235	235	0.00	5.00	2.90	3.00	682.00
chr16	87871450	87871547	97	97	108.00	146.00	128.68	132.00	12482.00
chr1	109815454	109815649	195	195	141.00	224.00	178.53	177.00	34813.00
chr1	208215442	208215711	269	269	24.00	55.00	43.60	44.00	11729.00
chr2	260866	261451	585	585	2.00	25.00	10.82	9.00	6330.00
chr5	180481266	180481724	458	458	0.00	5.00	1.97	2.00	900.00
chr7	73119479	73119631	152	152	0.00	368.00	149.43	0.00	22714.00
chr15	34677248	34677358	110	110	107.00	189.00	129.96	124.00	14296.00
chr16	57687114	57687247	133	133	95.00	132.00	111.36	112.00	14811.00
chr15	50649406	50649592	186	186	33.00	106.00	76.33	81.00	14197.00
chr22	21071995	21072066	71	71	437.00	561.00	503.69	514.00	35762.00
chr5	179200882	179201561	679	679	6.00	48.00	26.51	27.00	18000.00
chr10	98763824	98763979	155	155	22.00	64.00	41.30	35.00	6401.00
chr14	102963315	102963457	142	142	88.00	141.00	109.06	107.00	15487.00
chr1	21932558	21933138	580	580	1.00	369.00	74.34	10.00	43120.00
chr16	28118842	28118998	156	156	188.00	278.00	229.38	226.50	35784.00
chr1	241767561	241767881	320	320	5.00	19.00	12.03	12.00	3848.00
chr11	66812063	66812184	121	121	30.00	47.00	36.05	35.00	4362.00
chr11	12248571	12248678	107	107	124.00	160.00	140.79	138.00	15065.00
chr9	130588788	130588951	163	163	30.00	84.00	48.56	42.00	7915.00
chr22	21068915	21068988	73	73	265.00	467.00	379.07	388.00	27672.00
chr1	43424304	43424531	227	227	24.00	371.00	249.69	303.00	56680.00
chr14	105852021	105853670	1649	1649	15.00	91.00	35.46	32.00	58472.00
chr15	34823469	34823579	110	110	111.00	170.00	132.15	128.50	14536.00
chr11	171365	172282	917	917	0.00	29.00	11.53	11.00	10574.00
chr22	24493976	24494155	179	179	18.00	69.00	43.26	46.00	7743.00
chr15	79291060	79291167	107	107	85.00	112.00	102.67	105.00	10986.00
chr16	2145904	2146194	290	290	4.00	23.00	11.15	11.00	3233.00
chr9	131503050	131503166	116	116	160.00	273.00	221.16	241.00	25655.00
chr11	61301983	61302579	596	596	0.00	6.00	3.40	3.00	2026.00
chr22	25308609	25308719	110	110	20.00	34.00	27.27	28.00	3000.00
chr12	63977826	63979986	2160	2160	0.00	16.00	6.10	6.00	13181.00
chr19	46928844	46930933	2089	2089	0.00	90.00	42.49	40.00	88759.00
chr16	56969146	56969224	78	78	89.00	130.00	107.49	110.00	8384.00
chr17	40665787	40665996	209	209	23.00	530.00	229.13	280.00	47889.00
chr9	131669435	131671600	2165	2165	77.00	302.00	156.35	136.00	338496.00
chr2	220164026	220164271	245	245	1.00	152.00	46.65	3.00	11429.00
chr19	7589846	7590052	206	206	28.00	72.00	43.42	40.00	8944.00
chr6	91260186	91260268	82	82	53.00	69.00	62.09	61.50	5091.00
chr9	124543742	124543830	88	88	128.00	172.00	151.78	153.50	13357.00
chr12	54071005	54071170	165	165	1.00	13.00	7.82	8.00	1291.00
chr2	40443	41212	769	769	1.00	19.00	8.89	8.00	6836.00
chr11	67852159	67852747	588	588	14.00	68.00	39.68	39.00	23330.00
chr8	8233762	8234810	1048	1048	0.00	13.00	5.55	6.00	5816.00
chr2	175671113	175672148	1035	1035	1.00	10.00	5.05	5.00	5226.00
chr7	138984922	138985438	516	516	3.00	14.00	7.84	7.00	4047.00
chr22	40816850	40817104	254	254	36.00	73.00	51.96	47.00	13197.00
chr19	14263120	14263249	129	129	123.00	218.00	161.83	165.00	20876.00
chr19	16962222	16962345	123	123	72.00	190.00	144.29	153.00	17748.00
chr1	109813838	109813918	80	80	173.00	237.00	189.80	184.00	15184.00
chr3	49898148	49898562	414	414	1.00	181.00	88.86	117.00	36789.00
chr17	17131202	17131510	308	308	10.00	71.00	49.01	47.00	15094.00
chr1	21936067	21936139	72	72	94.00	210.00	155.44	169.50	11192.00
chr3	130424404	130424615	211	211	32.00	55.00	43.04	42.00	9081.00
chr12	56532710	56532797	87	87	33.00	46.00	38.41	37.00	3342.00
chr16	29888591	29888788	197	197	105.00	198.00	153.87	162.00	30312.00
chr2	114394588	114396196	1608	1608	1.00	36.00	13.19	12.00	21215.00
chr3	124180736	124180803	67	67	29.00	45.00	36.33	36.00	2434.00
chr9	111798485	111798660	175	175	37.00	57.00	47.84	48.00	8372.00
chr10	73847897	73848372	475	475	5.00	317.00	90.22	72.00	42853.00
chr22	21075585	21075706	121	121	178.00	390.00	286.81	293.00	34704.00
chr22	20920753	20921104	351	351	31.00	80.00	61.79	64.00	21690.00
chr9	140953020	140953185	165	165	10.00	17.00	13.98	15.00	2306.00
chr22	41620970	41621075	105	105	32.00	56.00	43.76	44.00	4595.00
chr11	6243671	6243839	168	168	18.00	38.00	29.42	29.00	4943.00
chr15	74704225	74704353	128	128	172.00	342.00	272.76	294.00	34913.00
chr3	48719780	48719985	205	205	50.00	85.00	67.87	69.00	13913.00
chr1	222833247	222833348	101	101	48.00	80.00	61.90	58.00	6252.00
chr1	6583675	6584824	1149	1149	9.00	83.00	49.68	50.00	57077.00
chr11	126135857	126135976	119	119	125.00	149.00	135.61	135.00	16138.00
chr8	75156763	75157410	647	647	3.00	25.00	13.62	14.00	8810.00
chr15	83345212	83345389	177	177	42.00	68.00	52.99	52.00	9379.00
chr14	68031638	68032561	923	923	41.00	127.00	87.25	90.00	80531.00
chr19	42479780	42479949	169	169	579.00	1125.00	787.18	716.00	133034.00
chr16	31503329	31503407	78	78	157.00	197.00	178.31	183.50	13908.00
chr17	1564564	1564700	136	136	125.00	202.00	152.32	141.00	20715.00
chr16	58717858	58718082	224	224	14.00	34.00	22.20	21.00	4973.00
chr14	71575320	71575763	443	443	35.00	81.00	54.17	52.00	23997.00
chr1	202934498	202934628	130	130	59.00	134.00	94.05	96.00	12227.00
chr7	73118477	73118586	109	109	165.00	219.00	192.46	194.00	20978.00
chr19	13365908	13366073	165	165	24.00	37.00	29.52	29.00	4871.00
chr10	102265117	102265958	841	841	17.00	56.00	31.84	30.00	26774.00
chr9	139983320	139983457	137	137	45.00	82.00	58.18	52.00	7971.00
chr18	29206245	29206347	102	102	17.00	25.00	20.29	20.00	2070.00
chr12	120578662	120578827	165	165	43.00	82.00	61.88	60.00	10210.00
chr5	757516	758226	710	710	1.00	18.00	6.74	5.00	4786.00
chr8	21632483	21632567	84	84	8.00	16.00	12.54	12.00	1053.00
chr4	54011499	54011749	250	250	15.00	28.00	20.46	21.00	5116.00
chr8	141680613	141681365	752	752	10.00	104.00	71.73	71.00	53943.00
chr11	57367351	57367850	499	499	24.00	118.00	58.50	53.00	29193.00
chr12	63980009	63980784	775	775	0.00	14.00	5.11	5.00	3960.00
chr9	140057042	140057203	161	161	11.00	446.00	374.22	398.00	60250.00
chr2	7055953	7056098	145	145	0.00	2.00	0.61	0.00	88.00
chr12	52387768	52389043	1275	1275	5.00	88.00	46.09	46.00	58765.00
chr19	50104931	50105175	244	244	14.00	92.00	37.73	27.00	9207.00
chr19	5218430	5218543	113	113	211.00	354.00	282.41	285.00	31912.00
chr16	29898969	29899138	169	169	87.00	179.00	108.04	104.00	18258.00
chr7	99030900	99031041	141	141	12.00	22.00	16.57	16.00	2337.00
chr17	36692926	36693212	286	286	13.00	34.00	23.84	25.00	6818.00
chr15	73857770	73859335	1565	1565	4.00	40.00	18.67	19.00	29212.00
chr6	44104085	44104176	91	91	72.00	97.00	87.15	89.00	7931.00
chr1	21938518	21938602	84	84	180.00	245.00	219.75	230.00	18459.00
chr19	13423482	13423595	113	113	10.00	18.00	13.63	14.00	1540.00
chr16	70292882	70293089	207	207	269.00	484.00	388.29	393.00	80375.00
chr18	61060641	61060782	141	141	59.00	82.00	70.78	72.00	9980.00
chr16	22269814	22270016	202	202	16.00	32.00	23.54	24.00	4755.00
chr1	21554423	21554534	111	111	62.00	84.00	72.25	72.00	8020.00
chr9	140057255	140057455	200	200	15.00	609.00	365.27	422.00	73055.00
chr7	1488255	1488397	142	142	32.00	63.00	50.50	54.00	7171.00
chr14	100166351	100166438	87	87	91.00	130.00	111.77	116.00	9724.00
chr9	101065522	101065705	183	183	99.00	144.00	125.52	128.00	22971.00
chr5	68411752	68412041	289	289	11.00	34.00	22.88	23.00	6611.00
chr1	2452539	2452754	215	215	19.00	33.00	26.07	26.00	5606.00
chr1	21564626	21564737	111	111	73.00	112.00	92.66	94.00	10285.00
chr13	42037713	42039066	1353	1353	101.00	434.00	263.44	268.00	356440.00
chr2	114350236	114350443	207	207	3.00	81.00	42.93	44.00	8886.00
chr1	21939668	21939722	54	54	234.00	262.00	246.87	246.00	13331.00
chr9	139353895	139354007	112	112	43.00	75.00	52.86	50.50	5920.00
chr7	102176367	102176618	251	251	5.00	17.00	10.36	9.00	2600.00
chr3	51411753	51412018	265	265	11.00	130.00	60.84	22.00	16122.00
chr17	73888091	73888266	175	175	14.00	31.00	23.55	24.00	4121.00
chr13	103297258	103297435	177	177	7.00	59.00	34.27	49.00	6065.00
chr15	63922664	63922834	170	170	71.00	110.00	90.21	87.50	15336.00
chr3	33400774	33400849	75	75	15.00	31.00	21.09	17.00	1582.00
chr22	50671744	50671955	211	211	40.00	69.00	54.36	54.00	11470.00
chr1	21190968	21191205	237	237	96.00	171.00	138.09	140.00	32727.00
chr5	14481649	14481727	78	78	53.00	77.00	64.01	67.50	4993.00
chr15	101605556	101606410	854	854	2.00	16.00	8.96	9.00	7653.00
chr17	80040402	80040554	152	152	170.00	250.00	212.16	204.50	32248.00
chr2	132269293	132270897	1604	1604	10.00	89.00	48.77	51.00	78235.00
chr11	1778553	1778786	233	233	730.00	1225.00	998.16	1040.00	232572.00
chr11	1469616	1469808	192	192	9.00	30.00	18.71	19.00	3593.00
chr12	120138549	120138630	81	81	73.00	97.00	86.91	89.00	7040.00
chr7	901016	901101	85	85	110.00	150.00	132.82	135.00	11290.00
chr19	13372263	13372424	161	161	15.00	32.00	24.48	25.00	3942.00
chr17	40843154	40843311	157	157	32.00	69.00	49.73	48.00	7808.00
chr17	80039476	80039719	243	243	171.00	302.00	244.35	246.00	59376.00
chr17	16681109	16687365	6256	6256	0.00	43.00	13.26	10.00	82969.00
chr1	116935475	116935610	135	135	500.00	651.00	562.87	561.00	75987.00
chr6	128294808	128294972	164	164	62.00	145.00	113.37	121.50	18593.00
chr5	109189927	109190617	690	690	25.00	60.00	42.79	42.00	29524.00
chr15	40757533	40757634	101	101	11.00	41.00	30.75	32.00	3106.00
chr2	220164706	220164981	275	275	91.00	269.00	165.95	173.00	45637.00
chr3	164905164	164908639	3475	3475	1.00	39.00	9.41	7.00	32692.00
chr11	60699157	60699356	199	199	34.00	173.00	134.01	135.00	26667.00
chr2	96680301	96680717	416	416	23.00	59.00	39.33	39.00	16362.00
chr17	40845314	40845554	240	240	38.00	95.00	65.08	64.00	15618.00
chr12	125264513	125265391	878	878	5.00	26.00	13.83	13.00	12146.00
chr1	156623704	156624158	454	454	5.00	17.00	10.42	11.00	4731.00
chr6	108370456	108370622	166	166	54.00	80.00	69.95	70.50	11612.00
chr11	19180486	19180587	101	101	8.00	15.00	10.63	10.00	1074.00
chr19	42489069	42489338	269	269	80.00	223.00	166.28	186.00	44729.00
chr2	198274493	198274731	238	238	145.00	274.00	211.45	218.50	50324.00
chr6	47220991	47221257	266	266	141.00	235.00	190.10	190.00	50567.00
chr19	40872679	40872822	143	143	686.00	1085.00	936.65	990.00	133941.00
chr19	54693278	54693627	349	349	3.00	55.00	28.82	34.00	10057.00
chr12	81929	82174	245	245	5.00	48.00	26.67	28.00	6534.00
chr21	45513943	45514114	171	171	73.00	145.00	110.11	103.00	18828.00
chr3	124201630	124201747	117	117	6.00	102.00	68.70	82.00	8038.00
chr17	79805118	79805223	105	105	304.00	373.00	341.00	339.00	35805.00
chr20	46307419	46307548	129	129	18.00	43.00	30.78	33.00	3971.00
chr17	38187790	38187873	83	83	66.00	99.00	80.35	79.00	6669.00
chr2	207452814	207452878	64	64	44.00	57.00	52.09	53.00	3334.00
chr17	45695715	45695823	108	108	136.00	186.00	160.07	164.00	17288.00
chr7	44283023	44283126	103	103	132.00	176.00	156.53	155.00	16123.00
chr20	62274975	62275284	309	309	0.00	561.00	249.16	309.00	76990.00
chr11	108202605	108202764	159	159	62.00	125.00	92.28	91.00	14672.00
chr9	140051314	140051489	175	175	131.00	216.00	155.49	147.00	27210.00
chr22	45574118	45574781	663	663	20.00	41.00	28.06	27.00	18602.00
chr15	79312382	79312446	64	64	78.00	89.00	82.48	82.00	5279.00
chr1	21940120	21940199	79	79	225.00	308.00	275.78	290.00	21787.00
chr17	3775847	3775921	74	74	91.00	169.00	142.70	155.00	10560.00
chr7	73133931	73134019	88	88	5.00	225.00	78.49	58.00	6907.00
chr11	72292920	72292991	71	71	134.00	153.00	141.70	141.00	10061.00
chr7	43547616	43547730	114	114	14.00	25.00	19.99	20.00	2279.00
chr16	58713760	58714145	385	385	6.00	51.00	21.98	18.00	8464.00
chr22	21083600	21083794	194	194	299.00	454.00	367.69	362.00	71332.00
chr11	66457275	66457414	139	139	91.00	169.00	125.73	122.00	17476.00
chr15	91561034	91561115	81	81	25.00	38.00	32.15	34.00	2604.00
chr11	2968525	2969001	476	476	3.00	22.00	13.63	14.00	6490.00
chr19	34869838	34869910	72	72	505.00	618.00	558.50	552.00	40212.00
chr9	121970996	121971219	223	223	43.00	100.00	73.85	76.00	16469.00
chr3	47449772	47449980	208	208	10.00	116.00	71.20	90.00	14810.00
chr12	57601820	57601999	179	179	124.00	297.00	194.83	185.00	34874.00
chr16	2345590	2345741	151	151	77.00	124.00	95.44	94.00	14411.00
chr12	50471782	50471910	128	128	46.00	69.00	58.29	60.00	7461.00
chr1	109814221	109814344	123	123	265.00	324.00	295.12	298.00	36300.00
chr19	16942304	16942458	154	154	62.00	138.00	109.08	113.50	16799.00
chr11	66333301	66333398	97	97	392.00	458.00	424.40	421.00	41167.00
chr5	74026084	74026223	139	139	25.00	37.00	30.16	30.00	4192.00
chr5	68417520	68417722	202	202	23.00	63.00	42.87	44.50	8660.00
chr19	15272262	15272525	263	263	6.00	14.00	10.98	12.00	2888.00
chr3	45872404	45872482	78	78	30.00	52.00	42.69	44.50	3330.00
chr7	73123374	73123452	78	78	241.00	373.00	314.01	315.50	24493.00
chr5	14498197	14498360	163	163	48.00	87.00	66.36	66.00	10817.00
chr14	93180167	93180230	63	63	87.00	117.00	101.92	102.00	6421.00
chr9	130984739	130984875	136	136	420.00	555.00	493.92	507.00	67173.00
chr13	31216764	31216894	130	130	19.00	31.00	25.32	25.00	3291.00
chr12	112614399	112614506	107	107	54.00	112.00	77.98	72.00	8344.00
chr12	57602865	57602982	117	117	135.00	251.00	197.74	217.00	23135.00
chr14	72976861	72976987	126	126	9.00	15.00	12.40	12.00	1563.00
chr1	155209406	155209553	147	147	66.00	128.00	95.33	95.00	14013.00
chr10	49633930	49634113	183	183	41.00	62.00	52.09	53.00	9533.00
chr16	84100093	84100218	125	125	67.00	108.00	92.51	95.00	11564.00
chr1	155207924	155208097	173	173	77.00	145.00	96.43	92.00	16682.00
chr12	2786898	2787033	135	135	6.00	12.00	8.60	8.00	1161.00
chr2	233755457	233756197	740	740	0.00	240.00	35.94	0.00	26597.00
chr14	60631894	60632099	205	205	24.00	143.00	102.35	122.00	20982.00
chr1	11151549	11151654	105	105	93.00	123.00	109.54	110.00	11502.00
chr4	134076071	134076178	107	107	98.00	153.00	132.47	134.00	14174.00
chr15	91420364	91420441	77	77	68.00	84.00	77.39	79.00	5959.00
chr5	114961533	114961755	222	222	11.00	93.00	59.24	75.00	13152.00
chr16	1814047	1814211	164	164	16.00	442.00	201.73	271.50	33083.00
chr18	44250463	44252581	2118	2118	0.00	38.00	17.08	18.00	36173.00
chr6	158049380	158049518	138	138	45.00	81.00	66.25	68.00	9142.00
chr19	7675585	7675679	94	94	12.00	20.00	16.88	17.00	1587.00
chr13	99461604	99461719	115	115	6.00	344.00	267.43	269.00	30755.00
chr11	130010829	130011467	638	638	4.00	508.00	65.16	14.00	41574.00
chr11	107526658	107526792	134	134	30.00	58.00	48.07	52.50	6441.00
chr16	1391294	1391490	196	196	63.00	101.00	77.84	76.00	15257.00
chr1	38182716	38184158	1442	1442	3.00	37.00	15.85	16.00	22853.00
chr5	179231023	179231323	300	300	0.00	10.00	4.17	4.00	1250.00
chr14	69814593	69814719	126	126	51.00	111.00	77.10	71.00	9714.00
chr14	69349174	69349309	135	135	68.00	91.00	78.39	78.00	10583.00
chr19	7614792	7614998	206	206	116.00	194.00	157.57	156.00	32460.00
chr1	228270375	228270466	91	91	1.00	510.00	156.71	59.00	14261.00
chr1	38186022	38186315	293	293	0.00	11.00	4.78	5.00	1400.00
chr13	77641715	77641999	284	284	70.00	113.00	95.71	99.00	27182.00
chr14	100157417	100157498	81	81	14.00	45.00	25.94	21.00	2101.00
chr13	32978280	32979333	1053	1053	5.00	67.00	18.91	16.00	19910.00
chr12	7301567	7301794	227	227	144.00	176.00	159.88	160.00	36293.00
chr9	123583116	123583257	141	141	40.00	62.00	50.67	52.00	7144.00
chr17	26883183	26883284	101	101	75.00	89.00	83.27	84.00	8410.00
chr12	6972993	6973137	144	144	158.00	238.00	206.03	210.00	29668.00
chr20	34322310	34322637	327	327	7.00	24.00	14.84	15.00	4853.00
chr19	7606407	7606570	163	163	81.00	129.00	110.55	115.00	18019.00
chr16	2333186	2333373	187	187	4.00	234.00	163.79	189.00	30628.00
chr12	113825548	113825711	163	163	71.00	278.00	160.34	163.00	26135.00
chr7	4802013	4807749	5736	5736	8.00	115.00	42.01	36.00	240944.00
chr1	43394880	43394985	105	105	341.00	416.00	383.52	383.00	40270.00
chr19	4554399	4554488	89	89	104.00	162.00	135.08	140.00	12022.00
chr16	31719139	31719372	233	233	1.00	7.00	3.77	3.00	878.00
chr5	134060669	134061744	1075	1075	7.00	32.00	16.94	17.00	18210.00
chr1	202936318	202936371	53	53	5.00	43.00	27.40	35.00	1452.00
chr2	220087366	220087615	249	249	123.00	180.00	150.19	148.00	37398.00
chr2	36764494	36764689	195	195	40.00	72.00	56.74	56.00	11064.00
chr7	43519208	43519343	135	135	10.00	19.00	14.56	15.00	1966.00
chr10	51249585	51249993	408	408	0.00	26.00	7.44	2.00	3037.00
chr6	32123647	32123755	108	108	83.00	131.00	101.19	98.00	10929.00
chr3	118624442	118624692	250	250	34.00	144.00	83.42	52.50	20854.00
chr1	190129797	190130020	223	223	5.00	24.00	14.05	14.00	3134.00
chr9	131004491	131004624	133	133	0.00	912.00	722.65	835.00	96112.00
chr22	33679187	33679334	147	147	64.00	87.00	75.41	74.00	11086.00
chr15	74709931	74710016	85	85	223.00	352.00	275.47	254.00	23415.00
chr7	6470110	6470238	128	128	16.00	28.00	23.59	24.00	3019.00
chr1	6640600	6641359	759	759	9.00	38.00	22.02	21.00	16713.00
chr16	31510622	31510728	106	106	96.00	135.00	121.52	126.00	12881.00
chr4	103710287	103711803	1516	1516	4.00	26.00	13.45	13.00	20388.00
chr19	2862339	2862746	407	407	10.00	47.00	30.83	32.00	12548.00
chr2	15467873	15467994	121	121	29.00	47.00	37.49	36.00	4536.00
chr2	36780721	36781492	771	771	0.00	19.00	8.14	8.00	6278.00
chr10	81070680	81070941	261	261	53.00	107.00	69.28	62.00	18081.00
chr2	217234866	217235986	1120	1120	1.00	12.00	4.68	4.50	5240.00
chr10	93786348	93786508	160	160	64.00	101.00	81.14	82.00	12983.00
chr17	20268785	20269076	291	291	8.00	26.00	17.32	16.00	5039.00
chr9	131002006	131002062	56	56	1.00	919.00	796.00	847.00	44576.00
chr1	155208307	155208441	134	134	133.00	179.00	156.95	159.00	21031.00
chr2	162833877	162834373	496	496	0.00	80.00	8.75	3.00	4341.00
chr9	35799614	35799728	114	114	6.00	15.00	10.14	9.00	1156.00
chr20	62517856	62519234	1378	1378	9.00	127.00	55.08	51.00	75897.00
chr22	35942847	35943127	280	280	5.00	21.00	14.03	14.00	3929.00
chr13	26436438	26436546	108	108	8.00	20.00	14.55	16.00	1571.00
chr14	69371371	69371453	82	82	57.00	73.00	65.83	67.00	5398.00
chr7	44031274	44031581	307	307	4.00	16.00	9.16	9.00	2812.00
chr11	12274988	12275291	303	303	0.00	8.00	3.56	3.00	1078.00
chr5	1334403	1334498	95	95	74.00	103.00	87.75	88.00	8336.00
chr19	34868639	34868786	147	147	633.00	912.00	808.78	838.00	118891.00
chr16	1815960	1816143	183	183	239.00	400.00	308.71	300.00	56494.00
chr10	73578787	73578868	81	81	2162.00	2352.00	2263.83	2265.00	183370.00
chr17	37420427	37420640	213	213	7.00	22.00	16.71	17.00	3559.00
chr5	60835422	60835586	164	164	38.00	76.00	60.84	62.00	9978.00
chr15	79296143	79296517	374	374	94.00	139.00	112.92	112.00	42233.00
chr19	13039568	13039661	93	93	249.00	351.00	292.02	284.00	27158.00
chr12	49421585	49421713	128	128	93.00	167.00	140.36	148.00	17966.00
chr1	1661057	1662583	1526	1526	3.00	105.00	34.65	23.00	52874.00
chr2	207457340	207457460	120	120	58.00	88.00	71.96	73.00	8635.00
chr11	64542462	64543441	979	979	18.00	72.00	53.81	55.00	52683.00
chr20	61910250	61910347	97	97	111.00	178.00	146.21	144.00	14182.00
chr11	62394042	62394156	114	114	191.00	286.00	233.28	217.00	26594.00
chr5	37301538	37301652	114	114	12.00	31.00	23.98	25.00	2734.00
chr16	4733843	4733933	90	90	129.00	154.00	141.73	141.50	12756.00
chr15	43693913	43694048	135	135	17.00	27.00	21.90	22.00	2956.00
chr11	18764538	18764622	84	84	38.00	60.00	51.82	51.50	4353.00
chr17	57842331	57842499	168	168	76.00	114.00	90.55	86.00	15212.00
chr9	96076729	96078064	1335	1335	0.00	15.00	7.27	7.00	9710.00
chr11	12246219	12246367	148	148	86.00	143.00	109.80	111.50	16250.00
chr12	7030743	7031565	822	822	12.00	1317.00	421.23	24.00	346249.00
chr3	14523178	14523349	171	171	32.00	59.00	43.72	41.00	7476.00
chr5	758508	759483	975	975	0.00	13.00	5.62	5.00	5475.00
chr12	22635490	22635677	187	187	22.00	35.00	28.04	28.00	5244.00
chr5	14479369	14479459	90	90	68.00	99.00	77.20	76.00	6948.00
chr6	143655214	143656079	865	865	0.00	8.00	3.77	4.00	3257.00
chr7	75508360	75508578	218	218	21.00	450.00	266.27	292.00	58046.00
chr11	60697981	60698131	150	150	75.00	139.00	101.45	92.50	15218.00
chr1	151400598	151400889	291	291	134.00	373.00	236.92	239.00	68944.00
chr5	172196431	172197309	878	878	4.00	180.00	62.49	32.00	54863.00
chr3	49152660	49152794	134	134	55.00	87.00	71.48	72.00	9578.00
chr7	5518281	5519950	1669	1669	5.00	35.00	19.36	20.00	32320.00
chr17	16691106	16691449	343	343	0.00	49.00	12.85	11.00	4406.00
chr2	220086993	220087172	179	179	114.00	188.00	160.58	170.00	28743.00
chr10	51746916	51748006	1090	1090	3.00	52.00	25.75	23.00	28063.00
chr12	7302118	7302289	171	171	154.00	196.00	172.35	173.00	29471.00
chr11	59562844	59562955	111	111	19.00	33.00	23.86	22.00	2649.00
chr12	6100984	6101184	200	200	51.00	100.00	72.92	72.00	14583.00
chr19	5683274	5683627	353	353	1.00	18.00	8.08	7.00	2851.00
chr12	2786259	2786387	128	128	6.00	11.00	9.08	9.00	1162.00
chr15	26812727	26812880	153	153	33.00	51.00	40.78	40.00	6239.00
chr1	149007980	149008798	818	818	0.00	6.00	1.45	0.00	1188.00
chr19	54965608	54965861	253	253	175.00	395.00	266.55	260.00	67437.00
chr8	27293259	27293310	51	51	82.00	100.00	94.47	95.00	4818.00
chr15	23014437	23014528	91	91	29.00	58.00	42.86	40.00	3900.00
chr1	111717500	111717585	85	85	41.00	76.00	60.20	58.00	5117.00
chr6	150157220	150157433	213	213	80.00	130.00	104.34	104.00	22225.00
chr13	114566547	114566670	123	123	7.00	57.00	24.94	20.00	3068.00
chr16	58539291	58539605	314	314	4.00	29.00	15.68	15.00	4924.00
chr1	21936612	21936768	156	156	190.00	397.00	310.76	320.50	48478.00
chr1	17322880	17322991	111	111	85.00	180.00	131.50	137.00	14597.00
chr11	60699455	60699599	144	144	137.00	190.00	165.76	168.00	23869.00
chr5	6749669	6749770	101	101	44.00	52.00	48.52	49.00	4901.00
chr16	2156805	2156949	144	144	74.00	106.00	88.33	88.50	12719.00
chr15	34690834	34690930	96	96	65.00	92.00	79.50	79.00	7632.00
chr3	11074933	11075425	492	492	37.00	421.00	127.05	78.00	62509.00
chr5	74655222	74655381	159	159	33.00	60.00	43.23	43.00	6874.00
chr20	20022968	20023160	192	192	29.00	57.00	44.62	45.00	8568.00
chr2	39055481	39055578	97	97	24.00	38.00	30.07	30.00	2917.00
chr19	16793231	16793528	297	297	2.00	39.00	12.88	4.00	3826.00
chr2	219205450	219205509	59	59	11.00	16.00	14.03	14.00	828.00
chr17	74087429	74087729	300	300	15.00	36.00	24.27	24.00	7280.00
chr3	184058150	184060036	1886	1886	0.00	215.00	45.00	24.00	84867.00
chr6	90333128	90333263	135	135	16.00	29.00	23.19	25.00	3131.00
chr12	125267019	125267429	410	410	1.00	28.00	12.37	10.00	5070.00
chr1	207942580	207943104	524	524	25.00	248.00	142.15	144.00	74488.00
chr4	89356876	89357043	167	167	9.00	32.00	19.46	20.00	3250.00
chr7	101995498	101995736	238	238	6.00	23.00	14.66	14.00	3489.00
chr3	11067458	11067562	104	104	312.00	421.00	368.84	366.50	38359.00
chr5	95734582	95734740	158	158	16.00	36.00	27.26	29.00	4307.00
chr6	152529106	152529341	235	235	43.00	75.00	62.40	61.00	14663.00
chr5	102295578	102295763	185	185	20.00	34.00	27.31	27.00	5053.00
chr22	21072980	21073110	130	130	288.00	510.00	397.46	428.00	51670.00
chr12	121855306	121855714	408	408	37.00	91.00	64.25	62.00	26216.00
chr1	160326389	160326544	155	155	147.00	203.00	171.17	170.00	26532.00
chr11	60670930	60671007	77	77	156.00	199.00	175.27	177.00	13496.00
chr17	79804822	79804948	126	126	336.00	493.00	423.86	436.00	53406.00
chr16	18527204	18527332	128	128	285.00	421.00	354.81	353.00	45416.00
chr16	16372518	16372646	128	128	300.00	443.00	373.86	375.00	47854.00
chr2	32750530	32750695	165	165	51.00	86.00	69.27	72.00	11429.00
chr14	69369193	69369279	86	86	59.00	75.00	66.51	65.00	5720.00
chr7	66418212	66418356	144	144	70.00	93.00	77.69	78.00	11187.00
chr6	44107988	44108097	109	109	65.00	79.00	71.23	72.00	7764.00
chr7	70885893	70886091	198	198	35.00	106.00	65.40	60.00	12949.00
chr8	27295281	27295397	116	116	95.00	116.00	103.13	102.00	11963.00
chr7	73122918	73123018	100	100	351.00	411.00	383.35	381.00	38335.00
chr15	34698874	34699071	197	197	71.00	130.00	99.16	99.00	19534.00
chr8	22009343	22009513	170	170	485.00	845.00	604.94	588.50	102839.00
chr7	1526557	1526737	180	180	37.00	110.00	69.03	70.00	12426.00
chr5	178053946	178054065	119	119	8.00	87.00	46.11	46.00	5487.00
chr12	6103027	6103369	342	342	44.00	97.00	80.54	80.00	27545.00
chr2	3479491	3480482	991	991	1.00	30.00	10.58	10.00	10482.00
chr3	33883388	33883566	178	178	83.00	172.00	128.62	130.00	22894.00
chr19	11019778	11019883	105	105	48.00	81.00	67.56	70.00	7094.00
chr7	98446205	98446318	113	113	287.00	556.00	419.88	390.00	47447.00
chr8	106813274	106813932	658	658	1.00	13.00	6.53	6.00	4300.00
chr2	223795338	223795530	192	192	146.00	232.00	186.50	181.00	35808.00
chr7	75511146	75511554	408	408	315.00	534.00	428.14	454.00	174680.00
chr21	40184926	40185038	112	112	52.00	95.00	75.10	82.00	8411.00
chr19	53383575	53385236	1661	1661	4.00	38.00	16.18	15.00	26871.00
chr19	14208130	14208295	165	165	7.00	272.00	178.81	228.00	29504.00
chr15	91461013	91461618	605	605	20.00	784.00	206.12	42.00	124704.00
chr8	145278010	145278133	123	123	21.00	28.00	24.31	24.00	2990.00
chr16	28132990	28133083	93	93	228.00	270.00	246.55	245.00	22929.00
chr11	125280091	125280221	130	130	8.00	15.00	12.16	13.00	1581.00
chr15	63128089	63128317	228	228	6.00	120.00	84.53	102.00	19273.00
chr9	131181435	131181557	122	122	41.00	1461.00	1243.96	1263.50	151763.00
chr19	3281196	3281343	147	147	71.00	103.00	87.88	88.00	12919.00
chr11	6240200	6240280	80	80	16.00	26.00	21.31	22.00	1705.00
chr20	31019123	31019287	164	164	25.00	54.00	38.13	39.00	6254.00
chr6	46825865	46827260	1395	1395	5.00	55.00	25.25	25.00	35228.00
chr12	1672006	1672666	660	660	8.00	57.00	23.70	21.00	15642.00
chr12	9098824	9099001	177	177	98.00	132.00	113.93	114.00	20166.00
chr7	121738503	121738630	127	127	86.00	127.00	104.72	101.00	13300.00
chr19	40875814	40875935	121	121	326.00	480.00	392.86	383.00	47536.00
chr20	3581592	3581671	79	79	56.00	80.00	69.20	71.00	5467.00
chr17	7226965	7227042	77	77	43.00	54.00	50.79	52.00	3911.00
chr2	74331800	74332809	1009	1009	11.00	40.00	25.11	25.00	25341.00
chr1	209785136	209785610	474	474	1.00	157.00	77.69	68.00	36827.00
chr9	35546426	35548532	2106	2106	42.00	146.00	81.93	82.00	172548.00
chr17	80040198	80040290	92	92	233.00	278.00	253.78	253.00	23348.00
chr11	73074791	73075284	493	493	3.00	54.00	23.39	18.00	11532.00
chr20	44674976	44675075	99	99	38.00	55.00	49.02	49.00	4853.00
chr20	5892091	5892328	237	237	9.00	99.00	49.81	48.00	11806.00
chr17	20316581	20317594	1013	1013	9.00	69.00	32.14	30.00	32560.00
chr12	99478702	99478801	99	99	15.00	30.00	23.21	23.00	2298.00
chr17	40842756	40842960	204	204	44.00	85.00	66.48	68.00	13561.00
chr11	107501142	107501288	146	146	24.00	55.00	34.38	31.00	5020.00
chr11	85429236	85429532	296	296	1.00	10.00	4.29	3.00	1270.00
chr20	9449217	9449319	102	102	3.00	7.00	4.44	4.00	453.00
chr14	23371395	23371591	196	196	49.00	83.00	68.76	68.00	13477.00
chr7	716865	716957	92	92	435.00	562.00	525.80	528.00	48374.00
chr10	48862360	48862682	322	322	0.00	19.00	8.37	7.00	2696.00
chr10	68686678	68688210	1532	1532	0.00	27.00	9.57	8.00	14661.00
chr5	179674854	179674926	72	72	30.00	51.00	40.15	40.00	2891.00
chr1	209773327	209773456	129	129	47.00	64.00	55.90	56.00	7211.00
chr17	45691034	45691091	57	57	150.00	175.00	161.74	161.00	9219.00
chr1	19669871	19670118	247	247	6.00	27.00	17.52	18.00	4327.00
chr17	45664025	45664710	685	685	4.00	119.00	39.49	32.00	27053.00
chr19	2337634	2338840	1206	1206	13.00	99.00	41.03	38.00	49483.00
chr8	22011480	22011552	72	72	590.00	821.00	680.50	657.00	48996.00
