#chrom	start	end	size	num_data	min	max	mean	median	sum
chr12	1940100	1940691	591	591	32.00	65.00	45.40	44.00	26831.00
chr1	27480473	27481381	908	908	11.00	49.00	23.38	23.00	21226.00
chr15	63112684	63112809	125	125	202.00	299.00	255.09	261.00	31886.00
chr5	149231737	149232254	517	517	5.00	25.00	12.09	11.00	6252.00
chr5	140865429	140867182	1753	1753	53.00	162.00	96.60	93.00	169332.00
chr1	32209793	32209958	165	165	167.00	287.00	222.42	217.00	36699.00
chr16	87873307	87873431	124	124	95.00	271.00	189.52	183.00	23500.00
chr17	34157438	34158175	737	737	4.00	21.00	11.80	12.00	8697.00
chr2	127815619	127816088	469	469	14.00	44.00	28.65	28.00	13438.00
chr1	208212965	208213112	147	147	37.00	54.00	45.99	45.00	6760.00
chr22	19703883	19704666	783	783	8.00	84.00	43.99	43.00	34447.00
chr16	87872319	87872423	104	104	107.00	191.00	149.86	148.00	15585.00
chr9	140055740	140055868	128	128	1076.00	1314.00	1216.23	1234.50	155678.00
chr22	21096515	21096643	128	128	125.00	167.00	143.62	145.00	18383.00
chr9	140056321	140056540	219	219	3.00	1882.00	1125.76	1333.00	246541.00
chr11	78379981	78380253	272	272	14.00	29.00	21.05	22.00	5726.00
chr3	11070420	11070533	113	113	477.00	569.00	521.91	525.00	58976.00
chr1	109812554	109813222	668	668	5.00	400.00	166.29	192.00	111079.00
chr2	220161954	220162155	201	201	338.00	561.00	471.83	473.00	94838.00
chr15	74706887	74707086	199	199	57.00	90.00	70.91	68.00	14111.00
chr17	7318829	7319426	597	597	198.00	625.00	376.81	359.00	224957.00
chr1	21560050	21560154	104	104	31.00	48.00	39.80	39.00	4139.00
chr1	25573799	25573952	153	153	14.00	580.00	382.39	424.00	58505.00
chr14	93198993	93199160	167	167	109.00	171.00	141.37	142.00	23609.00
chr1	205554003	205554119	116	116	76.00	121.00	102.97	105.50	11945.00
chr1	9795005	9795232	227	227	1320.00	2116.00	1744.94	1739.00	396102.00
chr17	42426525	42426670	145	145	49.00	125.00	97.88	106.00	14192.00
chr18	70205887	70206179	292	292	7.00	379.00	143.68	20.50	41955.00
chr1	205553082	205553251	169	169	121.00	178.00	141.31	139.00	23881.00
chr9	140056623	140056766	143	143	14.00	1406.00	753.72	827.00	107782.00
chr6	33412147	33412394	247	247	9.00	1464.00	776.79	971.00	191868.00
chr12	89992366	89992547	181	181	0.00	539.00	331.60	347.00	60019.00
chr2	220088827	220089576	749	749	67.00	163.00	107.41	104.00	80452.00
chr14	100763073	100765222	2149	2149	12.00	123.00	41.48	40.00	89146.00
chr1	110740697	110742543	1846	1846	8.00	598.00	321.58	315.00	593643.00
chr1	149878201	149879758	1557	1557	13.00	1094.00	242.39	36.00	377400.00
chr3	197264139	197265259	1120	1120	3.00	30.00	12.48	13.00	13977.00
chr8	56449623	56450530	907	907	29.00	126.00	73.38	76.00	66559.00
chr9	139354208	139354326	118	118	54.00	84.00	62.95	60.00	7428.00
chr1	32204908	32205236	328	328	315.00	553.00	390.00	370.50	127920.00
chr7	75608768	75608897	129	129	113.00	184.00	159.74	168.00	20607.00
chr19	45161029	45161178	149	149	29.00	67.00	46.28	46.00	6896.00
chr19	5243911	5244493	582	582	66.00	161.00	116.58	118.00	67847.00
chr6	32119585	32119717	132	132	17.00	771.00	404.68	382.50	53418.00
chr3	42670878	42672067	1189	1189	2.00	32.00	12.85	12.00	15277.00
chr11	45892392	45892485	93	93	101.00	206.00	150.26	153.00	13974.00
chr17	80040789	80040991	202	202	341.00	566.00	401.30	382.00	81062.00
chr2	74902875	74903036	161	161	36.00	81.00	57.22	53.00	9212.00
chr17	38335969	38337946	1977	1977	6.00	283.00	29.27	18.00	57870.00
chr16	87870103	87870253	150	150	114.00	272.00	178.41	166.00	26762.00
chr1	32205947	32206142	195	195	370.00	603.00	472.89	448.00	92213.00
chr6	44117553	44117702	149	149	10.00	466.00	288.99	357.00	43059.00
chr1	159163659	159163830	171	171	964.00	1229.00	1101.62	1103.00	188377.00
chr3	445565	446023	458	458	1.00	18.00	8.00	6.00	3663.00
chr2	25048913	25048995	82	82	98.00	130.00	117.04	116.00	9597.00
chr10	99504485	99504672	187	187	52.00	97.00	74.09	73.00	13855.00
chr4	54364807	54365010	203	203	101.00	175.00	138.45	140.00	28106.00
chr17	1634367	1634552	185	185	9.00	29.00	20.22	21.00	3740.00
chr7	72416124	72416247	123	123	21.00	145.00	76.33	66.00	9388.00
chr1	208212169	208212329	160	160	46.00	67.00	57.36	58.00	9178.00
chr9	140952500	140952702	202	202	65.00	123.00	88.91	88.00	17960.00
chr6	44197325	44197528	203	203	53.00	77.00	67.17	69.00	13635.00
chr6	44197643	44198218	575	575	22.00	73.00	40.93	37.00	23532.00
chr11	118981972	118982084	112	112	200.00	323.00	256.82	252.50	28764.00
chr5	150503846	150503952	106	106	3.00	986.00	702.95	892.00	74513.00
chr11	118981761	118981878	117	117	317.00	428.00	366.13	368.00	42837.00
chr11	126314873	126315000	127	127	82.00	108.00	94.92	95.00	12055.00
chr1	159165808	159166244	436	436	15.00	1153.00	220.85	30.00	96291.00
chr7	134893542	134893750	208	208	14.00	26.00	20.34	21.00	4231.00
chr9	121976196	121976433	237	237	353.00	570.00	450.72	449.00	106820.00
chr19	54691042	54691169	127	127	153.00	421.00	268.69	237.00	34123.00
chr22	38621430	38621600	170	170	208.00	323.00	271.62	275.00	46175.00
chr13	42035681	42036205	524	524	5.00	26.00	17.12	19.00	8970.00
chr20	1915360	1915413	53	53	16.00	1195.00	852.42	1072.00	45178.00
chr5	14496987	14497126	139	139	293.00	443.00	346.14	344.00	48114.00
chr12	56528125	56528212	87	87	44.00	53.00	47.16	47.00	4103.00
chr3	47466974	47467101	127	127	78.00	142.00	115.05	111.00	14611.00
chr17	7415476	7415663	187	187	92.00	155.00	117.11	111.00	21900.00
chr3	33588037	33589252	1215	1215	3.00	24.00	11.54	12.00	14018.00
chr7	887833	888615	782	782	20.00	110.00	57.36	51.00	44859.00
chr10	24813251	24813693	442	442	26.00	88.00	52.61	48.50	23254.00
chr1	109812045	109812213	168	168	155.00	286.00	211.17	202.00	35476.00
chr19	15276597	15276902	305	305	62.00	127.00	86.96	86.00	26522.00
chr16	2334779	2334999	220	220	191.00	289.00	232.63	226.00	51179.00
chr16	68404761	68405261	500	500	62.00	121.00	90.43	90.00	45216.00
chr4	110969111	110969871	760	760	24.00	70.00	48.99	50.00	37236.00
chr1	145693161	145693996	835	835	12.00	91.00	39.87	35.00	33289.00
chr7	44282848	44282932	84	84	549.00	658.00	623.32	626.50	52359.00
chr2	220164315	220164508	193	193	22.00	369.00	167.61	31.00	32348.00
chr12	50472203	50472360	157	157	130.00	166.00	152.54	152.00	23948.00
chr2	220163768	220163833	65	65	388.00	558.00	473.62	477.00	30785.00
chr2	222289928	222290862	934	934	99.00	265.00	186.28	193.00	173985.00
chr12	57599133	57599268	135	135	246.00	434.00	307.70	286.00	41540.00
chr7	157475416	157475629	213	213	233.00	350.00	293.38	290.00	62489.00
chr1	32203800	32203927	127	127	268.00	599.00	457.50	492.00	58102.00
chr1	109811731	109811912	181	181	176.00	336.00	262.65	282.00	47539.00
chr9	140052830	140052975	145	145	576.00	2089.00	1394.31	1452.00	202175.00
chr2	220161706	220161854	148	148	355.00	690.00	524.50	547.00	77626.00
chr16	29896906	29897070	164	164	333.00	651.00	533.24	578.50	87451.00
chr16	47143393	47143622	229	229	143.00	265.00	205.59	201.00	47080.00
chr11	993753	993985	232	232	138.00	406.00	260.01	230.00	60322.00
chr9	124059698	124061137	1439	1439	0.00	7.00	2.20	2.00	3162.00
chr9	140350140	140350634	494	494	15.00	104.00	67.33	69.50	33260.00
chr11	14504577	14504697	120	120	67.00	94.00	80.80	82.00	9696.00
chr3	49898612	49898733	121	121	765.00	1316.00	1058.78	1059.00	128112.00
chr9	131811659	131811777	118	118	34.00	55.00	42.01	41.00	4957.00
chr9	131810705	131810818	113	113	27.00	46.00	36.39	36.00	4112.00
chr1	223400935	223401080	145	145	57.00	87.00	77.81	81.00	11282.00
chr12	125612185	125612820	635	635	1.00	110.00	23.31	7.00	14803.00
chr2	220088590	220088744	154	154	71.00	112.00	94.81	93.00	14600.00
chr9	70888487	70888750	263	263	4.00	33.00	16.07	16.00	4227.00
chr14	69813756	69813898	142	142	88.00	133.00	106.80	105.00	15165.00
chr2	47399145	47399890	745	745	9.00	766.00	49.47	33.00	36858.00
chr11	62688689	62689041	352	352	11.00	226.00	70.48	18.00	24809.00
chr6	43745205	43745407	202	202	28.00	216.00	175.23	180.00	35396.00
chr3	11072492	11072997	505	505	25.00	928.00	223.19	86.00	112709.00
chr7	2696031	2696168	137	137	402.00	587.00	504.84	512.00	69163.00
chr16	14969196	14969279	83	83	271.00	483.00	397.24	425.00	32971.00
chr17	7377847	7378026	179	179	2.00	6.00	4.60	5.00	824.00
chr12	65639640	65639719	79	79	59.00	151.00	104.34	110.00	8243.00
chr12	50294912	50295108	196	196	445.00	901.00	554.36	538.00	108654.00
chr19	42485653	42485788	135	135	1119.00	1919.00	1550.67	1535.00	209341.00
chr10	99509230	99509343	113	113	62.00	171.00	118.15	117.00	13351.00
chr22	38883877	38888120	4243	4243	47.00	1036.00	292.56	264.00	1241316.00
chr12	49416372	49416658	286	286	72.00	144.00	103.71	101.00	29661.00
chr6	24843089	24843782	693	693	53.00	109.00	81.42	81.00	56426.00
chr5	176295561	176295665	104	104	101.00	152.00	116.83	109.50	12150.00
chr10	99510087	99510227	140	140	109.00	203.00	147.21	139.00	20610.00
chr1	159173658	159174770	1112	1112	14.00	119.00	49.49	42.00	55038.00
chr11	1780745	1780869	124	124	438.00	778.00	644.71	695.50	79944.00
chr19	42486059	42486258	199	199	844.00	1548.00	1214.68	1221.00	241722.00
chr3	47465422	47465535	113	113	74.00	138.00	97.05	92.00	10967.00
chr1	21573713	21573856	143	143	35.00	62.00	49.94	52.00	7141.00
chr11	65320330	65320453	123	123	97.00	167.00	145.77	150.00	17930.00
chr3	47462420	47462519	99	99	124.00	161.00	145.38	147.00	14393.00
chr2	219204751	219204864	113	113	21.00	28.00	23.70	24.00	2678.00
chr1	43906123	43906257	134	134	11.00	27.00	17.70	18.00	2372.00
chr7	38785158	38785840	682	682	3.00	228.00	26.37	11.00	17986.00
chr2	153499932	153500058	126	126	68.00	135.00	100.94	102.50	12718.00
chr1	32203011	32203132	121	121	6.00	505.00	386.20	451.00	46730.00
chr22	42290823	42290941	118	118	394.00	781.00	622.11	634.50	73409.00
chr19	47940718	47940818	100	100	420.00	831.00	636.88	687.00	63688.00
chr4	119539150	119539274	124	124	12.00	37.00	28.52	32.00	3537.00
chr17	44117067	44117250	183	183	69.00	81.00	74.70	75.00	13671.00
chr19	42485873	42485983	110	110	962.00	1182.00	1100.67	1107.00	121074.00
chr6	44114583	44114664	81	81	176.00	229.00	203.75	203.00	16504.00
chr19	47941105	47941292	187	187	16.00	853.00	448.97	591.00	83958.00
chr11	73074250	73074500	250	250	73.00	121.00	94.12	90.00	23529.00
chr3	33418764	33418825	61	61	200.00	325.00	258.28	265.00	15755.00
chr1	700258	700505	247	247	9.00	16.00	12.45	13.00	3074.00
chr9	74319510	74319719	209	209	18.00	59.00	33.44	30.00	6989.00
chr16	2336694	2336968	274	274	142.00	369.00	243.17	234.00	66628.00
chr20	3575125	3575219	94	94	82.00	169.00	100.66	97.00	9462.00
chr9	139231377	139231529	152	152	168.00	236.00	199.24	199.00	30285.00
chr5	140515951	140516498	547	547	12.00	68.00	40.11	41.00	21939.00
chr1	21938208	21938309	101	101	330.00	445.00	384.66	379.00	38851.00
chr3	155659188	155659936	748	748	5.00	95.00	54.73	59.00	40936.00
chr16	27483068	27483241	173	173	77.00	122.00	97.18	97.00	16812.00
chr11	994071	994245	174	174	104.00	195.00	163.02	167.00	28365.00
chr7	71175745	71175913	168	168	172.00	335.00	245.35	236.50	41218.00
chr12	121204065	121204175	110	110	158.00	227.00	208.55	213.00	22941.00
chr7	73118679	73118753	74	74	965.00	1413.00	1180.31	1164.00	87343.00
chr9	140972565	140972710	145	145	64.00	108.00	84.99	85.00	12323.00
chr12	121683329	121684024	695	695	5.00	25.00	13.50	12.00	9383.00
chr16	74493579	74493687	108	108	116.00	189.00	155.96	149.00	16844.00
chr2	36771518	36771641	123	123	102.00	148.00	127.69	130.00	15706.00
chr7	94187181	94187996	815	815	9.00	27.00	17.16	17.00	13984.00
chr14	94156951	94157239	288	288	5.00	21.00	11.53	9.00	3322.00
chr7	121739000	121739524	524	524	4.00	20.00	10.71	10.00	5611.00
chr1	19549117	19549328	211	211	43.00	70.00	54.08	53.00	11411.00
chr19	5214571	5214747	176	176	174.00	466.00	254.95	232.50	44871.00
chr19	42557753	42557861	108	108	272.00	361.00	319.77	320.00	34535.00
chr15	102510686	102510925	239	239	0.00	40.00	23.85	23.00	5699.00
chr5	167673761	167675376	1615	1615	30.00	119.00	63.19	58.00	102045.00
chr7	44282158	44282253	95	95	581.00	912.00	705.64	665.00	67036.00
chr2	160621061	160621717	656	656	10.00	119.00	28.42	21.00	18646.00
chr5	10426501	10426634	133	133	226.00	332.00	290.58	296.00	38647.00
chr16	1814301	1814460	159	159	279.00	393.00	339.78	349.00	54025.00
chr11	21581734	21581928	194	194	89.00	175.00	118.83	108.00	23053.00
chr3	126749085	126749255	170	170	177.00	310.00	246.28	261.00	41867.00
chr11	12237765	12237866	101	101	241.00	286.00	264.74	265.00	26739.00
chr6	31750872	31750963	91	91	69.00	85.00	76.11	76.00	6926.00
chr3	53124201	53124398	197	197	7.00	23.00	15.87	18.00	3127.00
chr2	220161470	220161544	74	74	582.00	678.00	634.53	637.50	46955.00
chr2	128951046	128951785	739	739	5.00	94.00	43.88	44.00	32424.00
chr5	24535811	24535931	120	120	115.00	163.00	139.62	142.00	16755.00
chr1	44083406	44083582	176	176	148.00	342.00	218.05	191.00	38376.00
chr1	32207653	32207818	165	165	208.00	402.00	280.38	257.00	46263.00
chr12	7293754	7294000	246	246	2.00	608.00	356.40	504.50	87674.00
chr3	131442289	131442469	180	180	45.00	70.00	52.76	51.00	9496.00
chr3	49898871	49899298	427	427	81.00	1336.00	541.57	618.00	231252.00
chr16	66432358	66432464	106	106	32.00	49.00	40.20	40.00	4261.00
chr1	20982593	20982680	87	87	324.00	403.00	355.59	352.00	30936.00
chr16	68398653	68398809	156	156	90.00	126.00	106.08	105.00	16549.00
chr17	16676818	16678279	1461	1461	6.00	39.00	17.07	15.00	24934.00
chr1	109814899	109815027	128	128	219.00	309.00	264.69	275.00	33880.00
chr1	21940478	21940582	104	104	403.00	575.00	491.21	501.00	51086.00
chr20	57468284	57468793	509	509	18.00	53.00	30.61	27.00	15582.00
chr3	127358087	127358366	279	279	368.00	929.00	565.11	565.00	157665.00
chr3	126735359	126735527	168	168	71.00	129.00	92.74	87.00	15581.00
chr10	103869140	103869264	124	124	227.00	456.00	320.46	298.50	39737.00
chr20	44520554	44520666	112	112	67.00	93.00	79.91	80.00	8950.00
chr1	32203252	32203356	104	104	247.00	432.00	346.44	362.00	36030.00
chr21	40186196	40186316	120	120	73.00	135.00	95.51	86.00	11461.00
chr5	111067153	111068349	1196	1196	8.00	41.00	24.26	24.00	29013.00
chr9	128002954	128003186	232	232	241.00	482.00	360.65	360.00	83670.00
chr1	43408896	43408992	96	96	117.00	219.00	166.88	162.00	16020.00
chr3	47463931	47464026	95	95	128.00	163.00	148.24	152.00	14083.00
chr2	220161160	220161238	78	78	661.00	760.00	703.77	702.00	54894.00
chr11	62472772	62473089	317	317	456.00	1396.00	877.22	906.00	278079.00
chr9	130986341	130986906	565	565	9.00	485.00	117.29	26.00	66270.00
chr14	69358769	69359000	231	231	98.00	133.00	112.16	111.00	25908.00
chr11	64416205	64416379	174	174	295.00	550.00	435.05	456.00	75699.00
chr17	8398454	8398559	105	105	275.00	465.00	391.03	413.00	41058.00
chr12	53572943	53574193	1250	1250	13.00	78.00	42.92	40.00	53656.00
chr17	17696544	17701827	5283	5283	17.00	203.00	64.76	61.00	342129.00
chr8	11705187	11705331	144	144	733.00	1126.00	916.42	913.50	131965.00
chr19	54963829	54963931	102	102	212.00	265.00	238.35	239.00	24312.00
chr2	70451682	70456295	4613	4613	3.00	225.00	23.30	15.00	107476.00
chr11	118873959	118874169	210	210	6.00	16.00	11.42	10.00	2399.00
chr10	75548427	75548581	154	154	53.00	105.00	82.09	85.00	12642.00
chr6	33414351	33414563	212	212	756.00	1471.00	1224.87	1240.50	259672.00
chr17	80042910	80043032	122	122	193.00	232.00	216.80	217.50	26450.00
chr11	11470290	11470483	193	193	40.00	108.00	57.06	52.00	11012.00
chr8	23294446	23294771	325	325	54.00	117.00	78.14	74.00	25395.00
chr1	116932060	116932663	603	603	3.00	1176.00	397.83	10.00	239894.00
chr15	83222627	83222741	114	114	11.00	18.00	14.47	15.00	1650.00
chr3	9841562	9841751	189	189	28.00	52.00	41.72	44.00	7886.00
chr1	116937731	116937907	176	176	773.00	1462.00	958.50	888.00	168696.00
chr16	87868019	87868197	178	178	115.00	162.00	132.53	130.00	23591.00
chr3	124209540	124209731	191	191	277.00	469.00	364.13	357.00	69548.00
chr7	71142195	71142291	96	96	279.00	440.00	346.49	335.00	33263.00
chr5	130497324	130497584	260	260	1.00	19.00	9.67	10.00	2514.00
chr13	100199238	100199358	120	120	223.00	399.00	295.76	279.50	35491.00
chr5	139943336	139943506	170	170	18.00	125.00	96.01	95.00	16322.00
chr17	74395529	74396002	473	473	59.00	145.00	106.64	111.00	50441.00
chr14	93179149	93179216	67	67	155.00	184.00	173.07	175.00	11596.00
chr4	160277004	160277310	306	306	17.00	295.00	108.42	88.00	33178.00
chr17	40666306	40666478	172	172	308.00	530.00	416.44	416.00	71627.00
chr15	34828065	34828207	142	142	2.00	198.00	113.70	113.00	16146.00
chr14	100165802	100165876	74	74	291.00	363.00	329.50	340.00	24383.00
chr22	20128089	20128231	142	142	17.00	179.00	104.44	136.00	14831.00
chr12	3392210	3394421	2211	2211	11.00	90.00	45.78	44.00	101209.00
chr17	16687866	16690667	2801	2801	0.00	59.00	10.14	7.00	28394.00
chr6	31664724	31664810	86	86	104.00	144.00	128.83	129.00	11079.00
chr6	30627512	30627611	99	99	29.00	41.00	33.71	33.00	3337.00
chr11	18752834	18755060	2226	2226	4.00	314.00	51.24	32.00	114051.00
chr12	109332602	109332731	129	129	200.00	326.00	270.03	286.00	34834.00
chr6	90072884	90073110	226	226	10.00	24.00	16.64	16.00	3760.00
chr16	2689371	2689711	340	340	0.00	1.00	0.55	1.00	187.00
chr1	20987373	20987484	111	111	238.00	349.00	294.93	292.00	32737.00
chr14	85985300	85986667	1367	1367	2.00	17.00	9.57	10.00	13088.00
chr13	32863769	32863880	111	111	114.00	151.00	127.33	127.00	14134.00
chr16	1510418	1510528	110	110	55.00	86.00	67.80	67.00	7458.00
chr19	54963269	54963444	175	175	228.00	273.00	251.21	251.00	43962.00
chr6	44224078	44224233	155	155	46.00	71.00	53.70	54.00	8324.00
chr20	3151172	3152285	1113	1113	2.00	44.00	19.31	21.00	21489.00
chr1	892273	892405	132	132	124.00	198.00	146.55	137.00	19344.00
chr16	90192167	90192724	557	557	4.00	32.00	16.93	15.00	9429.00
chr9	111663704	111663810	106	106	54.00	73.00	63.57	64.00	6738.00
chr6	44108764	44108835	71	71	189.00	260.00	226.03	227.00	16048.00
chr1	36028802	36029027	225	225	707.00	1524.00	1012.53	896.00	227819.00
chr11	66807259	66807674	415	415	1.00	31.00	19.80	20.00	8218.00
chr1	178426817	178427679	862	862	16.00	63.00	38.74	41.00	33393.00
chr19	42482302	42482478	176	176	1105.00	2008.00	1321.85	1277.50	232645.00
chr1	44084718	44084873	155	155	118.00	436.00	235.59	205.00	36516.00
chr1	109812315	109812442	127	127	184.00	268.00	224.26	227.00	28481.00
chr3	180324268	180324391	123	123	114.00	173.00	152.13	156.00	18712.00
chr15	63933668	63933842	174	174	78.00	116.00	94.79	89.00	16494.00
chr20	44521363	44521519	156	156	126.00	178.00	148.15	146.50	23112.00
chr3	33416779	33416910	131	131	94.00	205.00	137.21	129.00	17974.00
chr1	21934624	21934843	219	219	7.00	476.00	243.57	341.00	53342.00
chr14	69799801	69799886	85	85	64.00	129.00	97.09	93.00	8253.00
chr1	116936134	116936345	211	211	7.00	1131.00	840.82	919.00	177414.00
chr14	23634493	23634645	152	152	30.00	45.00	38.03	38.00	5780.00
chr16	1402538	1402947	409	409	4.00	26.00	15.24	15.00	6233.00
chr9	20331	25000	4669	4669	0.00	164.00	37.78	29.00	176397.00
chr17	43545574	43545959	385	385	5.00	27.00	12.94	12.00	4980.00
chr13	100201418	100201476	58	58	265.00	380.00	302.16	304.50	17525.00
chr15	41865505	41865665	160	160	144.00	288.00	197.46	201.00	31594.00
chr19	19641688	19642196	508	508	6.00	27.00	16.39	17.00	8327.00
chr11	134147593	134148159	566	566	10.00	27.00	18.43	19.00	10431.00
chr2	71656420	71657290	870	870	1.00	21.00	10.55	10.00	9180.00
chr7	97834775	97835016	241	241	92.00	174.00	130.27	127.00	31395.00
chr19	13363804	13363915	111	111	104.00	153.00	130.48	133.00	14483.00
chr18	31328383	31329011	628	628	12.00	64.00	34.31	30.00	21549.00
chr16	66431884	66432009	125	125	22.00	37.00	26.95	26.00	3369.00
chr19	47935155	47935702	547	547	19.00	1011.00	321.79	326.00	176020.00
chr12	50291769	50291873	104	104	274.00	491.00	363.65	371.00	37820.00
chr11	1780198	1780317	119	119	363.00	681.00	466.18	432.00	55476.00
chr15	65392626	65393167	541	541	7.00	26.00	15.02	15.00	8127.00
chr2	86397871	86397967	96	96	83.00	156.00	124.49	126.50	11951.00
chr7	97866087	97866233	146	146	49.00	115.00	73.53	67.50	10736.00
chr11	60687157	60687402	245	245	56.00	93.00	78.86	79.00	19321.00
chr21	43307700	43309453	1753	1753	1.00	22.00	11.12	12.00	19487.00
chr14	24619269	24619657	388	388	21.00	60.00	39.14	36.00	15185.00
chr11	65320634	65320727	93	93	75.00	98.00	82.51	82.00	7673.00
chr16	29891184	29891385	201	201	419.00	612.00	501.60	498.00	100821.00
chr1	32207224	32207326	102	102	605.00	848.00	718.90	725.50	73328.00
chr11	72300218	72300394	176	176	11.00	467.00	151.42	18.00	26650.00
chr17	7608878	7609038	160	160	36.00	194.00	129.96	149.00	20794.00
chr19	7607646	7607814	168	168	56.00	102.00	80.28	88.00	13487.00
chr19	54966129	54966271	142	142	128.00	218.00	182.32	193.50	25889.00
chr12	57995027	57995131	104	104	43.00	55.00	50.75	51.00	5278.00
chr1	27428875	27429049	174	174	32.00	63.00	50.80	52.00	8839.00
chr2	27688277	27688385	108	108	29.00	42.00	36.97	38.00	3993.00
chr16	2691449	2692254	805	805	0.00	38.00	8.13	5.00	6541.00
chr9	131503813	131503933	120	120	282.00	376.00	331.52	337.00	39782.00
chr16	2347766	2347922	156	156	131.00	211.00	163.80	162.00	25553.00
chr17	80039884	80040036	152	152	317.00	549.00	428.38	448.00	65113.00
chr1	32204432	32204538	106	106	320.00	624.00	480.71	522.50	50955.00
chr12	9242951	9243078	127	127	84.00	114.00	98.06	98.00	12453.00
chr3	49702661	49702751	90	90	121.00	154.00	140.59	141.00	12653.00
chr19	35820359	35820837	478	478	0.00	3.00	1.00	1.00	476.00
chr1	201456762	201457615	853	853	8.00	36.00	18.84	17.00	16067.00
chr16	2334279	2334438	159	159	203.00	272.00	236.43	238.00	37593.00
chr10	73578373	73578481	108	108	1768.00	2229.00	2022.61	2042.50	218442.00
chr16	18530550	18530756	206	206	4.00	238.00	115.95	168.00	23886.00
chr16	16369094	16369300	206	206	4.00	243.00	114.00	160.00	23484.00
chr13	113975636	113975785	149	149	5.00	345.00	146.71	10.00	21860.00
chr11	119293822	119294227	405	405	7.00	2457.00	220.93	17.00	89477.00
chr5	150505962	150506041	79	79	615.00	840.00	694.04	684.00	54829.00
chr22	44224939	44225078	139	139	543.00	850.00	641.83	607.00	89214.00
chr15	41865199	41865309	110	110	112.00	149.00	131.85	133.00	14503.00
chr17	25633807	25636298	2491	2491	16.00	566.00	187.39	167.00	466792.00
chr15	72495155	72495529	374	374	14.00	1164.00	450.24	23.00	168391.00
chr9	42540272	42542124	1852	1852	1.00	31.00	11.63	12.00	21539.00
chr11	119290760	119291704	944	944	7.00	3420.00	926.31	25.00	874440.00
chr19	5219949	5220165	216	216	122.00	190.00	152.71	148.00	32986.00
chr15	63910769	63911153	384	384	1.00	9.00	5.13	5.00	1971.00
chr17	74393879	74393969	90	90	105.00	138.00	117.21	113.00	10549.00
chr10	104129467	104129532	65	65	100.00	122.00	107.66	106.00	6998.00
chr3	142454224	142454620	396	396	0.00	15.00	6.32	6.00	2502.00
chr12	121205196	121205396	200	200	191.00	233.00	212.88	212.00	42577.00
chr3	31705570	31705724	154	154	9.00	38.00	20.46	17.00	3151.00
chr6	118635190	118636593	1403	1403	35.00	309.00	176.60	169.00	247770.00
chr8	10339867	10340829	962	962	6.00	41.00	24.91	28.00	23963.00
chr19	16952578	16952779	201	201	126.00	228.00	179.52	184.00	36084.00
chr8	110984486	110985016	530	530	82.00	174.00	126.88	132.50	67248.00
chr9	128001219	128001610	391	391	356.00	999.00	709.34	760.00	277351.00
chr11	73070878	73070997	119	119	82.00	114.00	100.52	104.00	11962.00
chr10	104130140	104130235	95	95	81.00	114.00	100.84	102.00	9580.00
chr5	95733039	95733173	134	134	53.00	96.00	70.34	65.00	9425.00
chr19	59059400	59059547	147	147	263.00	412.00	331.82	334.00	48778.00
chr5	139943169	139943255	86	86	21.00	97.00	79.71	85.00	6855.00
chr17	73487771	73487981	210	210	80.00	104.00	92.41	93.50	19407.00
chr1	154315588	154315777	189	189	25.00	47.00	36.59	37.00	6915.00
chr14	95652726	95653070	344	344	0.00	7.00	2.85	2.00	980.00
chr12	123639801	123640772	971	971	7.00	35.00	20.67	21.00	20067.00
chr22	47064870	47065171	301	301	7.00	24.00	15.25	15.00	4591.00
chr5	24535220	24535388	168	168	104.00	168.00	134.49	132.00	22595.00
chr12	6806452	6806958	506	506	74.00	359.00	206.83	222.00	104654.00
chr22	29881711	29881836	125	125	37.00	61.00	46.52	48.00	5815.00
chr7	75894681	75894786	105	105	53.00	100.00	83.90	88.00	8810.00
chr12	121089007	121095893	6886	6886	1.00	53.00	18.98	17.00	130697.00
chr1	207940357	207942365	2008	2008	4.00	134.00	33.96	23.00	68197.00
chr7	154681166	154681240	74	74	287.00	335.00	309.74	309.00	22921.00
chr5	131696513	131697529	1016	1016	6.00	25.00	15.94	16.00	16193.00
chr11	1776135	1776258	123	123	263.00	539.00	395.51	396.00	48648.00
chr8	11706554	11706673	119	119	479.00	816.00	626.52	610.00	74556.00
chr11	18759426	18759511	85	85	125.00	155.00	143.48	143.00	12196.00
chr16	61689373	61689625	252	252	79.00	119.00	93.56	91.00	23577.00
chr15	51750702	51750824	122	122	129.00	171.00	145.07	142.50	17699.00
chr9	35555056	35555698	642	642	169.00	383.00	264.91	263.00	170075.00
chr2	198356200	198356621	421	421	6.00	18.00	10.76	10.00	4529.00
chr9	131001723	131001794	71	71	1140.00	1540.00	1364.23	1390.00	96860.00
chr19	5214371	5214491	120	120	281.00	472.00	407.83	407.50	48940.00
chr22	35719488	35719623	135	135	62.00	89.00	79.36	80.00	10713.00
chr12	121678738	121679829	1091	1091	5.00	20.00	12.00	11.00	13088.00
chr14	23820960	23821064	104	104	720.00	997.00	903.51	936.00	93965.00
chr1	32205710	32205779	69	69	464.00	565.00	518.62	526.00	35785.00
chr3	33420176	33420326	150	150	12.00	323.00	111.73	17.00	16760.00
chr9	114820707	114820966	259	259	28.00	54.00	40.31	38.00	10441.00
chr15	41865876	41866023	147	147	11.00	322.00	260.06	283.00	38229.00
chr19	55554308	55554637	329	329	6.00	18.00	12.89	12.00	4241.00
chr1	116933403	116933513	110	110	835.00	1209.00	1048.01	1012.50	115281.00
chr19	15374230	15374359	129	129	62.00	102.00	83.95	83.00	10830.00
chr12	56090682	56090852	170	170	108.00	141.00	122.85	123.00	20885.00
chr14	69445668	69445876	208	208	20.00	129.00	78.90	86.00	16412.00
chr12	57603474	57603651	177	177	261.00	474.00	352.36	351.00	62367.00
chr22	32897492	32898946	1454	1454	8.00	168.00	59.30	57.00	86227.00
chr16	16367702	16367764	62	62	5.00	238.00	119.00	138.00	7378.00
chr19	5245786	5246056	270	270	71.00	201.00	130.24	117.00	35164.00
chr16	74345440	74345829	389	389	6.00	26.00	14.11	13.00	5490.00
chr6	107096899	107097076	177	177	43.00	58.00	50.05	50.00	8858.00
chr1	29641883	29642019	136	136	37.00	69.00	50.67	51.00	6891.00
chr8	97342440	97342509	69	69	213.00	244.00	230.04	230.00	15873.00
chr8	68116914	68117054	140	140	60.00	106.00	86.43	87.50	12100.00
chr22	22037470	22037546	76	76	64.00	93.00	79.08	81.00	6010.00
chr22	50682147	50683420	1273	1273	9.00	165.00	69.59	70.00	88582.00
chr20	44048971	44049069	98	98	134.00	165.00	151.10	153.00	14808.00
chr1	36904356	36904511	155	155	24.00	46.00	33.45	33.00	5185.00
chr12	71054719	71054877	158	158	101.00	263.00	145.81	128.00	23038.00
chr15	50654364	50655515	1151	1151	7.00	32.00	17.15	16.00	19735.00
chr2	234198499	234198620	121	121	66.00	82.00	73.34	73.00	8874.00
chr9	128001699	128001812	113	113	414.00	543.00	483.79	489.00	54668.00
chr8	38272296	38272419	123	123	78.00	111.00	94.97	96.00	11681.00
chr11	73068069	73068179	110	110	55.00	92.00	68.75	69.00	7563.00
chr16	28123137	28123327	190	190	90.00	167.00	128.86	123.00	24484.00
chr12	49424062	49424222	160	160	19.00	69.00	35.69	27.00	5710.00
chr19	50302885	50303023	138	138	198.00	383.00	264.22	251.50	36462.00
chr19	42480567	42480718	151	151	2309.00	3325.00	2790.76	2901.00	421405.00
chr3	197904395	197905301	906	906	0.00	16.00	7.58	8.00	6868.00
chr13	100189992	100190117	125	125	189.00	235.00	209.98	209.00	26248.00
chr19	14268062	14268272	210	210	274.00	511.00	405.25	414.50	85103.00
chr10	93786886	93787057	171	171	69.00	114.00	82.77	82.00	14154.00
chr1	109808726	109808828	102	102	109.00	171.00	131.12	132.00	13374.00
chr4	134075461	134075520	59	59	275.00	404.00	322.24	329.00	19012.00
chr1	22052268	22053864	1596	1596	0.00	17.00	6.92	6.00	11038.00
chr9	140056855	140056968	113	113	762.00	1005.00	850.21	843.00	96074.00
chr19	42482087	42482224	137	137	2048.00	3051.00	2683.93	2748.00	367699.00
chr19	4556962	4557025	63	63	590.00	723.00	660.57	654.00	41616.00
chr19	14266921	14267013	92	92	328.00	452.00	392.37	382.00	36098.00
chr22	42273851	42274127	276	276	3.00	622.00	327.44	383.00	90373.00
chr1	205549788	205550049	261	261	86.00	157.00	113.81	113.00	29704.00
chr1	110765585	110766522	937	937	46.00	118.00	82.18	81.00	76998.00
chr19	55553595	55554158	563	563	17.00	54.00	32.00	32.00	18016.00
chr7	150929881	150931360	1479	1479	22.00	123.00	49.53	46.00	73254.00
chr3	124215157	124215260	103	103	321.00	431.00	381.83	394.00	39329.00
chr16	58220658	58220760	102	102	93.00	149.00	122.72	131.00	12517.00
chr3	10381925	10382033	108	108	289.00	345.00	317.49	317.00	34289.00
chr10	11356101	11356221	120	120	146.00	174.00	158.98	159.00	19078.00
chr22	42294652	42294785	133	133	325.00	731.00	569.58	556.00	75754.00
chr1	2005531	2005714	183	183	5.00	21.00	14.80	16.00	2708.00
chr12	113722522	113722576	54	54	47.00	58.00	55.22	56.00	2982.00
chr9	131502198	131502398	200	200	20.00	409.00	306.50	315.00	61300.00
chr19	40873602	40873786	184	184	900.00	1186.00	1054.97	1059.00	194115.00
chr2	220162606	220162825	219	219	169.00	386.00	267.33	252.00	58546.00
chr16	28270027	28270355	328	328	21.00	76.00	38.63	34.00	12671.00
chr4	3225718	3225858	140	140	126.00	152.00	140.93	141.00	19730.00
chr17	44127898	44128070	172	172	58.00	81.00	70.23	71.00	12080.00
chr3	47462043	47462262	219	219	81.00	144.00	99.05	94.00	21691.00
chr6	99873090	99873182	92	92	15.00	417.00	213.73	206.00	19663.00
chr7	142561723	142562504	781	781	92.00	292.00	191.63	198.00	149661.00
chr1	159169540	159169666	126	126	1057.00	1413.00	1250.79	1267.50	157599.00
chr19	7606869	7606953	84	84	43.00	68.00	55.74	56.00	4682.00
chr16	2811561	2818298	6737	6737	7.00	424.00	232.56	235.00	1566761.00
chr3	47450652	47450807	155	155	33.00	81.00	58.32	59.00	9040.00
chr11	118403631	118403922	291	291	44.00	76.00	59.34	59.00	17267.00
chr1	205555161	205555335	174	174	72.00	120.00	96.17	95.00	16734.00
chr12	125603186	125603311	125	125	64.00	91.00	81.71	82.00	10214.00
chr11	86658288	86659498	1210	1210	19.00	61.00	38.43	38.00	46505.00
chr22	37764946	37768745	3799	3799	14.00	712.00	213.65	170.00	811673.00
chr10	46345664	46346215	551	551	4.00	39.00	16.13	15.00	8886.00
chr22	33673045	33673241	196	196	146.00	419.00	230.44	186.00	45166.00
chr9	140042599	140042666	67	67	6.00	59.00	46.12	49.00	3090.00
chr3	48717233	48717320	87	87	26.00	57.00	40.25	41.00	3502.00
chr11	60681600	60681740	140	140	4.00	77.00	38.32	36.00	5365.00
chr10	93784512	93784724	212	212	35.00	86.00	60.02	62.00	12725.00
chr12	7289424	7290372	948	948	5.00	450.00	126.44	18.00	119869.00
chr3	132387062	132387526	464	464	11.00	26.00	17.95	18.00	8331.00
chr16	2335442	2335647	205	205	179.00	285.00	234.89	227.00	48153.00
chr16	1794782	1797276	2494	2494	7.00	351.00	58.20	38.00	145154.00
chr16	3786036	3786204	168	168	155.00	233.00	191.33	193.00	32144.00
chr9	141131209	141131766	557	557	0.00	13.00	4.40	4.00	2451.00
chr14	92965028	92966015	987	987	2.00	20.00	9.44	10.00	9317.00
chr19	54692070	54692200	130	130	153.00	414.00	259.43	181.00	33726.00
chr15	43866006	43866230	224	224	42.00	66.00	54.71	54.00	12256.00
chr3	40231316	40231954	638	638	57.00	138.00	78.85	72.00	50306.00
chr3	50148937	50149455	518	518	15.00	54.00	32.91	36.00	17049.00
chr4	81117505	81117755	250	250	31.00	76.00	55.41	56.00	13853.00
chr10	46740404	46740638	234	234	3.00	45.00	24.39	23.00	5707.00
chr3	124210169	124210271	102	102	238.00	446.00	315.63	292.00	32194.00
chr11	107488830	107488932	102	102	191.00	306.00	240.97	241.00	24579.00
chr9	130591965	130592106	141	141	32.00	60.00	49.52	53.00	6983.00
chr1	20981932	20982027	95	95	281.00	360.00	320.01	317.00	30401.00
chr12	75875613	75875859	246	246	6.00	14.00	10.23	10.00	2516.00
chr22	32046684	32046764	80	80	51.00	104.00	83.92	92.50	6714.00
chr11	70331418	70331658	240	240	59.00	263.00	155.88	173.00	37411.00
chr14	51079976	51080069	93	93	211.00	265.00	238.30	234.00	22162.00
chr17	80041077	80041301	224	224	280.00	572.00	419.72	412.00	94017.00
chr7	158540884	158540971	87	87	116.00	163.00	133.06	130.00	11576.00
chr1	21553651	21553719	68	68	49.00	75.00	60.01	57.00	4081.00
chr2	219206256	219206349	93	93	24.00	41.00	32.81	34.00	3051.00
chr17	18444211	18445242	1031	1031	7.00	38.00	22.09	23.00	22775.00
chr12	57599340	57599460	120	120	271.00	349.00	303.69	294.50	36443.00
chr11	64417919	64418110	191	191	443.00	877.00	692.96	698.00	132356.00
chr19	3274926	3275650	724	724	10.00	40.00	23.34	22.00	16899.00
chr16	18532086	18532305	219	219	175.00	487.00	295.75	279.00	64769.00
chr17	3776702	3776756	54	54	107.00	153.00	138.46	143.50	7477.00
chr1	116932670	116933033	363	363	3.00	1370.00	641.67	1026.00	232927.00
chr16	1505731	1505796	65	65	90.00	156.00	131.45	134.00	8544.00
chr1	9794029	9794200	171	171	1577.00	2126.00	1863.29	1846.00	318622.00
chr10	73579221	73579379	158	158	1297.00	2047.00	1596.33	1609.50	252220.00
chr11	6411684	6412146	462	462	6.00	89.00	51.80	50.00	23931.00
chr1	159163212	159163350	138	138	904.00	1170.00	974.55	953.50	134488.00
chr16	1816723	1816804	81	81	247.00	343.00	298.95	313.00	24215.00
chr7	91722399	91722630	231	231	1.00	104.00	83.49	88.00	19287.00
chr7	44281816	44281939	123	123	830.00	1075.00	932.67	933.00	114718.00
chr2	220467189	220467297	108	108	19.00	29.00	21.90	21.00	2365.00
chr16	4494664	4494729	65	65	124.00	150.00	138.45	139.00	8999.00
chr15	34681844	34681986	142	142	2.00	238.00	169.42	184.00	24057.00
chr9	139995935	139996124	189	189	57.00	118.00	97.79	103.00	18483.00
chr3	180324040	180324160	120	120	68.00	132.00	106.40	114.00	12768.00
chr3	42678359	42681242	2883	2883	37.00	144.00	75.95	72.00	218975.00
chr7	131812776	131815333	2557	2557	25.00	165.00	61.93	53.00	158366.00
chr20	1585387	1585522	135	135	14.00	239.00	117.93	113.00	15920.00
chr3	126751229	126751442	213	213	228.00	310.00	262.98	262.00	56014.00
chr15	63920875	63921014	139	139	73.00	166.00	110.28	115.00	15329.00
chr16	2040128	2040202	74	74	34.00	113.00	74.05	80.50	5480.00
chr9	74324174	74324390	216	216	20.00	59.00	39.94	41.00	8627.00
chr20	44521858	44521950	92	92	126.00	168.00	145.03	145.00	13343.00
chr9	139911647	139911798	151	151	78.00	115.00	89.68	87.00	13541.00
chr9	140055507	140055649	142	142	1223.00	1825.00	1510.11	1452.00	214436.00
chr12	120148055	120148191	136	136	57.00	104.00	90.95	94.00	12369.00
chr12	50474280	50474372	92	92	201.00	298.00	258.57	271.50	23788.00
chr15	63125702	63125828	126	126	146.00	235.00	176.10	169.00	22189.00
chr9	20907148	20907241	93	93	41.00	61.00	50.13	49.00	4662.00
chr16	87874655	87874761	106	106	170.00	249.00	208.98	203.00	22152.00
chr2	162833269	162833460	191	191	3.00	392.00	221.42	344.00	42291.00
chr8	11704560	11704677	117	117	632.00	763.00	686.98	676.00	80377.00
chr15	63926931	63927087	156	156	123.00	187.00	155.81	162.00	24307.00
chr6	31668718	31668805	87	87	104.00	137.00	122.25	122.00	10636.00
chr7	148910792	148910906	114	114	40.00	101.00	76.18	87.50	8684.00
chr14	42355808	42357213	1405	1405	32.00	182.00	70.98	72.00	99730.00
chr10	88678928	88679226	298	298	34.00	70.00	44.14	41.00	13153.00
chr3	140998219	140998346	127	127	41.00	96.00	63.17	62.00	8022.00
chr1	144859758	144859998	240	240	78.00	187.00	123.34	133.00	29601.00
chr9	96054772	96055455	683	683	49.00	173.00	111.38	116.00	76075.00
chr19	7604803	7604944	141	141	60.00	101.00	73.92	71.00	10423.00
chr12	30906277	30907432	1155	1155	4.00	79.00	37.28	30.00	43062.00
chr9	131112762	131112854	92	92	64.00	111.00	90.86	96.50	8359.00
chr20	61981328	61982379	1051	1051	63.00	195.00	113.87	112.00	119676.00
chr7	38431348	38431618	270	270	105.00	294.00	180.94	178.50	48853.00
chr20	44521036	44521123	87	87	116.00	145.00	133.79	135.00	11640.00
chr11	64418726	64419108	382	382	291.00	702.00	505.20	484.00	192988.00
chr12	120148344	120150270	1926	1926	2.00	138.00	24.13	14.00	46479.00
chr12	6930971	6931066	95	95	24.00	508.00	275.85	275.00	26206.00
chr16	2339434	2339621	187	187	97.00	244.00	150.33	130.00	28111.00
chr2	27700083	27700187	104	104	42.00	61.00	52.04	52.50	5412.00
chr14	69805367	69805494	127	127	74.00	159.00	111.39	96.00	14147.00
chr12	9242497	9242619	122	122	102.00	139.00	121.56	124.00	14830.00
chr3	58256658	58256791	133	133	42.00	87.00	59.98	56.00	7978.00
chr10	79744927	79745098	171	171	50.00	72.00	61.73	62.00	10556.00
chr1	159161725	159161866	141	141	514.00	809.00	714.79	732.00	100785.00
chr16	31085202	31085519	317	317	11.00	26.00	19.57	20.00	6205.00
chr1	171755018	171755218	200	200	30.00	46.00	37.05	37.00	7409.00
chr9	130988124	130989280	1156	1156	10.00	529.00	97.32	48.00	112505.00
chr15	63127935	63127998	63	63	138.00	166.00	150.71	150.00	9495.00
chr19	1917676	1917821	145	145	11.00	228.00	138.90	134.00	20140.00
chr22	25315792	25315960	168	168	66.00	85.00	75.51	75.00	12686.00
chr2	207943790	207945085	1295	1295	36.00	165.00	84.87	82.00	109908.00
chr11	47330706	47330952	246	246	12.00	580.00	274.49	31.50	67525.00
chr3	142743978	142746095	2117	2117	6.00	107.00	23.65	19.00	50059.00
chr7	44839492	44839694	202	202	10.00	49.00	29.89	28.50	6038.00
chr22	31688260	31688471	211	211	8.00	138.00	90.69	105.00	19136.00
chr11	66333492	66333638	146	146	355.00	468.00	408.01	410.00	59569.00
chr9	131114916	131115026	110	110	104.00	148.00	123.76	123.00	13614.00
chr1	20206	21013	807	807	15.00	176.00	81.68	71.00	65912.00
chr11	108216469	108216635	166	166	28.00	55.00	42.21	44.00	7007.00
chr1	209778880	209779019	139	139	72.00	168.00	123.88	128.00	17220.00
chr1	202935876	202936026	150	150	72.00	122.00	93.05	89.00	13958.00
chr12	57600255	57600524	269	269	276.00	438.00	358.68	354.00	96485.00
chr19	15233503	15233615	112	112	51.00	83.00	69.84	74.00	7822.00
chr8	68115317	68115486	169	169	84.00	141.00	114.71	118.00	19386.00
chr19	13419229	13419342	113	113	66.00	143.00	112.12	106.00	12670.00
chr6	33266815	33267130	315	315	13.00	70.00	40.15	35.00	12646.00
chr16	89780611	89781646	1035	1035	5.00	35.00	17.99	16.00	18620.00
chr12	109964162	109964221	59	59	51.00	60.00	55.34	55.00	3265.00
chr22	24491893	24492045	152	152	29.00	87.00	50.17	47.00	7626.00
chr2	242592926	242593025	99	99	117.00	192.00	142.12	138.00	14070.00
chr1	21937944	21938074	130	130	383.00	815.00	643.88	697.50	83705.00
chr2	223789173	223789313	140	140	142.00	234.00	191.76	197.00	26847.00
chr20	3772318	3772535	217	217	1.00	12.00	4.94	4.00	1071.00
chr16	18531918	18532001	83	83	275.00	511.00	413.78	450.00	34344.00
chr1	43396296	43396537	241	241	107.00	156.00	127.94	126.00	30834.00
chr2	100037960	100038115	155	155	57.00	91.00	72.74	72.00	11275.00
chr16	1500497	1500770	273	273	4.00	96.00	54.15	77.00	14784.00
chr19	40876016	40876144	128	128	968.00	1360.00	1160.97	1163.00	148604.00
chr5	168112691	168112932	241	241	38.00	63.00	50.17	49.00	12090.00
chr2	127825738	127825831	93	93	459.00	546.00	511.65	520.00	47583.00
chr1	19232015	19234990	2975	2975	16.00	209.00	54.34	46.00	161649.00
chr16	1391129	1391196	67	67	30.00	51.00	42.01	42.00	2815.00
chr6	33410665	33411689	1024	1024	33.00	958.00	479.97	437.00	491493.00
chr9	95872033	95872266	233	233	10.00	24.00	15.72	16.00	3663.00
chr1	53378627	53378839	212	212	13.00	28.00	20.24	20.00	4290.00
chr2	80531276	80531693	417	417	19.00	153.00	97.31	98.00	40577.00
chr7	44286718	44286791	73	73	680.00	810.00	755.73	772.00	55168.00
chr7	157369304	157369471	167	167	334.00	480.00	407.09	414.00	67984.00
chr11	18755079	18755191	112	112	4.00	155.00	102.38	138.50	11466.00
chr6	86237979	86238080	101	101	131.00	197.00	163.16	161.00	16479.00
chr8	145000951	145001050	99	99	74.00	130.00	104.48	101.00	10344.00
chr19	45167680	45167966	286	286	5.00	18.00	10.53	9.50	3011.00
chr10	48930165	48930400	235	235	2.00	39.00	20.83	21.00	4894.00
chr16	87871450	87871547	97	97	145.00	267.00	212.31	231.00	20594.00
chr1	109815454	109815649	195	195	231.00	335.00	271.33	269.00	52910.00
chr1	208215442	208215711	269	269	39.00	76.00	55.71	55.00	14986.00
chr2	260866	261451	585	585	10.00	47.00	28.57	29.00	16714.00
chr5	180481266	180481724	458	458	0.00	11.00	4.38	4.00	2005.00
chr7	73119479	73119631	152	152	19.00	1776.00	751.32	27.50	114201.00
chr15	34677248	34677358	110	110	261.00	438.00	333.09	312.50	36640.00
chr16	57687114	57687247	133	133	316.00	574.00	459.57	487.00	61123.00
chr15	50649406	50649592	186	186	10.00	23.00	17.01	17.00	3164.00
chr22	21071995	21072066	71	71	397.00	479.00	435.62	432.00	30929.00
chr5	179200882	179201561	679	679	15.00	50.00	33.98	33.00	23073.00
chr10	98763824	98763979	155	155	213.00	340.00	275.28	259.00	42668.00
chr14	102963315	102963457	142	142	82.00	140.00	100.09	94.00	14213.00
chr1	21932558	21933138	580	580	6.00	591.00	130.12	22.00	75472.00
chr16	28118842	28118998	156	156	147.00	189.00	170.19	170.00	26549.00
chr1	241767561	241767881	320	320	22.00	35.00	28.74	29.00	9198.00
chr11	66812063	66812184	121	121	14.00	27.00	20.78	22.00	2514.00
chr11	12248571	12248678	107	107	266.00	362.00	314.90	312.00	33694.00
chr9	130588788	130588951	163	163	19.00	50.00	28.82	27.00	4698.00
chr22	21068915	21068988	73	73	376.00	495.00	441.04	448.00	32196.00
chr1	43424304	43424531	227	227	16.00	204.00	141.86	143.00	32203.00
chr14	105852021	105853670	1649	1649	10.00	111.00	28.69	27.00	47317.00
chr15	34823469	34823579	110	110	258.00	387.00	318.29	304.50	35012.00
chr11	171365	172282	917	917	0.00	16.00	8.58	10.00	7869.00
chr22	24493976	24494155	179	179	54.00	99.00	76.43	70.00	13681.00
chr15	79291060	79291167	107	107	332.00	424.00	380.84	383.00	40750.00
chr16	2145904	2146194	290	290	11.00	44.00	31.66	31.00	9181.00
chr9	131503050	131503166	116	116	308.00	376.00	343.31	348.50	39824.00
chr11	61301983	61302579	596	596	3.00	21.00	10.23	9.00	6097.00
chr22	25308609	25308719	110	110	51.00	69.00	61.50	63.00	6765.00
chr12	63977826	63979986	2160	2160	0.00	112.00	28.39	24.00	61331.00
chr19	46928844	46930933	2089	2089	7.00	296.00	126.28	124.00	263803.00
chr16	56969146	56969224	78	78	99.00	157.00	128.24	129.50	10003.00
chr17	40665787	40665996	209	209	7.00	939.00	353.33	393.00	73845.00
chr9	131669435	131671600	2165	2165	99.00	307.00	169.46	162.00	366885.00
chr2	220164026	220164271	245	245	14.00	531.00	173.86	25.00	42596.00
chr19	7589846	7590052	206	206	52.00	152.00	103.43	109.00	21306.00
chr6	91260186	91260268	82	82	68.00	106.00	84.49	81.00	6928.00
chr9	124543742	124543830	88	88	423.00	576.00	496.18	496.50	43664.00
chr12	54071005	54071170	165	165	8.00	44.00	27.50	26.00	4537.00
chr2	40443	41212	769	769	11.00	37.00	24.21	25.00	18615.00
chr11	67852159	67852747	588	588	3.00	18.00	11.18	11.00	6572.00
chr8	8233762	8234810	1048	1048	2.00	24.00	13.28	15.00	13917.00
chr2	175671113	175672148	1035	1035	5.00	27.00	14.40	14.00	14907.00
chr7	138984922	138985438	516	516	6.00	27.00	14.04	12.00	7247.00
chr22	40816850	40817104	254	254	68.00	223.00	166.51	171.00	42293.00
chr19	14263120	14263249	129	129	291.00	635.00	417.28	393.00	53829.00
chr19	16962222	16962345	123	123	99.00	209.00	154.33	145.00	18983.00
chr1	109813838	109813918	80	80	177.00	239.00	196.70	194.50	15736.00
chr3	49898148	49898562	414	414	12.00	1222.00	587.69	831.50	243303.00
chr17	17131202	17131510	308	308	0.00	66.00	44.70	51.00	13768.00
chr1	21936067	21936139	72	72	170.00	257.00	219.60	221.00	15811.00
chr3	130424404	130424615	211	211	19.00	32.00	25.91	27.00	5467.00
chr12	56532710	56532797	87	87	22.00	31.00	25.28	26.00	2199.00
chr16	29888591	29888788	197	197	364.00	720.00	527.80	521.00	103976.00
chr2	114394588	114396196	1608	1608	2.00	42.00	18.86	18.00	30328.00
chr3	124180736	124180803	67	67	200.00	219.00	209.69	209.00	14049.00
chr9	111798485	111798660	175	175	53.00	96.00	74.09	71.00	12965.00
chr10	73847897	73848372	475	475	17.00	1036.00	382.79	360.00	181827.00
chr22	21075585	21075706	121	121	258.00	376.00	312.36	310.00	37795.00
chr22	20920753	20921104	351	351	53.00	115.00	81.00	81.00	28432.00
chr9	140953020	140953185	165	165	70.00	148.00	110.81	110.00	18284.00
chr22	41620970	41621075	105	105	75.00	100.00	87.63	86.00	9201.00
chr11	6243671	6243839	168	168	52.00	82.00	69.77	71.50	11721.00
chr15	74704225	74704353	128	128	81.00	119.00	101.17	99.00	12950.00
chr3	48719780	48719985	205	205	24.00	47.00	33.47	32.00	6861.00
chr1	222833247	222833348	101	101	59.00	105.00	77.63	69.00	7841.00
chr1	6583675	6584824	1149	1149	14.00	62.00	36.80	37.00	42285.00
chr11	126135857	126135976	119	119	107.00	143.00	124.01	124.00	14757.00
chr8	75156763	75157410	647	647	11.00	41.00	25.59	27.00	16559.00
chr15	83345212	83345389	177	177	191.00	260.00	237.58	239.00	42052.00
chr14	68031638	68032561	923	923	0.00	18.00	5.98	4.00	5521.00
chr19	42479780	42479949	169	169	1685.00	3308.00	2316.36	2196.00	391465.00
chr16	31503329	31503407	78	78	136.00	221.00	186.87	200.00	14576.00
chr17	1564564	1564700	136	136	127.00	292.00	186.52	149.00	25367.00
chr16	58717858	58718082	224	224	20.00	63.00	42.91	44.00	9611.00
chr14	71575320	71575763	443	443	41.00	91.00	61.76	61.00	27358.00
chr1	202934498	202934628	130	130	69.00	129.00	90.56	82.00	11773.00
chr7	73118477	73118586	109	109	865.00	1075.00	953.15	933.00	103893.00
chr19	13365908	13366073	165	165	99.00	155.00	122.14	117.00	20153.00
chr10	102265117	102265958	841	841	11.00	40.00	24.76	25.00	20821.00
chr9	139983320	139983457	137	137	79.00	117.00	97.07	97.00	13298.00
chr18	29206245	29206347	102	102	102.00	135.00	111.61	110.00	11384.00
chr12	120578662	120578827	165	165	70.00	90.00	79.44	79.00	13108.00
chr5	757516	758226	710	710	7.00	30.00	18.58	18.00	13194.00
chr8	21632483	21632567	84	84	41.00	79.00	55.57	54.00	4668.00
chr4	54011499	54011749	250	250	22.00	72.00	42.66	43.00	10664.00
chr8	141680613	141681365	752	752	2.00	21.00	11.28	11.00	8483.00
chr11	57367351	57367850	499	499	14.00	54.00	29.49	27.00	14716.00
chr12	63980009	63980784	775	775	10.00	30.00	18.56	18.00	14384.00
chr9	140057042	140057203	161	161	7.00	1302.00	1059.94	1148.00	170650.00
chr2	7055953	7056098	145	145	8.00	34.00	18.34	14.00	2659.00
chr12	52387768	52389043	1275	1275	23.00	515.00	157.78	124.00	201164.00
chr19	50104931	50105175	244	244	25.00	110.00	48.78	39.00	11903.00
chr19	5218430	5218543	113	113	332.00	581.00	473.60	487.00	53517.00
chr16	29898969	29899138	169	169	258.00	420.00	317.54	296.00	53665.00
chr7	99030900	99031041	141	141	21.00	38.00	30.10	29.00	4244.00
chr17	36692926	36693212	286	286	1.00	23.00	10.22	12.00	2924.00
chr15	73857770	73859335	1565	1565	11.00	73.00	34.48	32.00	53957.00
chr6	44104085	44104176	91	91	252.00	411.00	340.77	347.00	31010.00
chr1	21938518	21938602	84	84	326.00	456.00	394.80	386.00	33163.00
chr19	13423482	13423595	113	113	58.00	87.00	72.34	71.00	8174.00
chr16	70292882	70293089	207	207	348.00	521.00	429.26	419.00	88856.00
chr18	61060641	61060782	141	141	44.00	56.00	49.71	50.00	7009.00
chr16	22269814	22270016	202	202	11.00	47.00	28.77	28.00	5811.00
chr1	21554423	21554534	111	111	50.00	79.00	68.37	70.00	7589.00
chr9	140057255	140057455	200	200	15.00	1332.00	961.03	1198.00	192207.00
chr7	1488255	1488397	142	142	10.00	34.00	25.74	29.00	3655.00
chr14	100166351	100166438	87	87	268.00	353.00	302.63	291.00	26329.00
chr9	101065522	101065705	183	183	356.00	593.00	492.02	515.00	90039.00
chr5	68411752	68412041	289	289	46.00	68.00	54.80	54.00	15838.00
chr1	2452539	2452754	215	215	41.00	108.00	72.63	68.00	15615.00
chr1	21564626	21564737	111	111	63.00	97.00	76.73	74.00	8517.00
chr13	42037713	42039066	1353	1353	5.00	39.00	21.35	21.00	28880.00
chr2	114350236	114350443	207	207	12.00	89.00	52.17	54.00	10799.00
chr1	21939668	21939722	54	54	422.00	496.00	453.59	450.50	24494.00
chr9	139353895	139354007	112	112	50.00	63.00	55.81	55.00	6251.00
chr7	102176367	102176618	251	251	9.00	39.00	28.82	30.00	7235.00
chr3	51411753	51412018	265	265	11.00	173.00	70.91	18.00	18791.00
chr17	73888091	73888266	175	175	14.00	26.00	20.90	21.00	3657.00
chr13	103297258	103297435	177	177	6.00	81.00	41.51	60.00	7347.00
chr15	63922664	63922834	170	170	103.00	188.00	139.92	141.50	23786.00
chr3	33400774	33400849	75	75	142.00	173.00	158.28	158.00	11871.00
chr22	50671744	50671955	211	211	52.00	76.00	65.85	68.00	13895.00
chr1	21190968	21191205	237	237	163.00	343.00	259.70	266.00	61548.00
chr5	14481649	14481727	78	78	281.00	341.00	310.12	313.00	24189.00
chr15	101605556	101606410	854	854	5.00	42.00	21.19	19.00	18095.00
chr17	80040402	80040554	152	152	289.00	530.00	382.26	343.50	58103.00
chr2	132269293	132270897	1604	1604	8.00	57.00	29.43	28.00	47213.00
chr11	1778553	1778786	233	233	396.00	708.00	563.76	587.00	131355.00
chr11	1469616	1469808	192	192	4.00	14.00	10.37	11.00	1991.00
chr12	120138549	120138630	81	81	108.00	155.00	135.85	135.00	11004.00
chr7	901016	901101	85	85	168.00	252.00	211.24	215.00	17955.00
chr19	13372263	13372424	161	161	116.00	172.00	144.91	146.00	23330.00
chr17	40843154	40843311	157	157	76.00	133.00	102.55	99.00	16100.00
chr17	80039476	80039719	243	243	339.00	643.00	481.79	485.00	117075.00
chr17	16681109	16687365	6256	6256	1.00	99.00	30.77	29.00	192492.00
chr1	116935475	116935610	135	135	1037.00	1640.00	1339.14	1310.00	180784.00
chr6	128294808	128294972	164	164	96.00	188.00	142.59	147.00	23384.00
chr5	109189927	109190617	690	690	0.00	7.00	2.44	2.00	1682.00
chr15	40757533	40757634	101	101	40.00	115.00	94.79	96.00	9574.00
chr2	220164706	220164981	275	275	324.00	818.00	532.42	528.00	146415.00
chr3	164905164	164908639	3475	3475	16.00	177.00	72.33	65.00	251335.00
chr11	60699157	60699356	199	199	127.00	1014.00	593.93	483.00	118193.00
chr2	96680301	96680717	416	416	2.00	14.00	7.15	7.00	2974.00
chr17	40845314	40845554	240	240	125.00	191.00	157.24	154.00	37737.00
chr12	125264513	125265391	878	878	11.00	80.00	34.66	30.00	30432.00
chr1	156623704	156624158	454	454	82.00	148.00	112.46	109.00	51057.00
chr6	108370456	108370622	166	166	105.00	148.00	124.58	122.00	20681.00
chr11	19180486	19180587	101	101	20.00	29.00	24.58	24.00	2483.00
chr19	42489069	42489338	269	269	432.00	1019.00	762.83	814.00	205202.00
chr2	198274493	198274731	238	238	139.00	211.00	174.11	175.00	41437.00
chr6	47220991	47221257	266	266	114.00	242.00	178.86	179.00	47577.00
chr19	40872679	40872822	143	143	1219.00	2230.00	1823.99	1851.00	260830.00
chr19	54693278	54693627	349	349	3.00	72.00	34.48	32.00	12035.00
chr12	81929	82174	245	245	21.00	49.00	37.66	39.00	9226.00
chr21	45513943	45514114	171	171	37.00	79.00	62.34	64.00	10660.00
chr3	124201630	124201747	117	117	1.00	387.00	270.70	340.00	31672.00
chr17	79805118	79805223	105	105	333.00	425.00	369.10	359.00	38755.00
chr20	46307419	46307548	129	129	100.00	136.00	108.95	108.00	14055.00
chr17	38187790	38187873	83	83	157.00	240.00	190.10	186.00	15778.00
chr2	207452814	207452878	64	64	190.00	289.00	244.81	253.00	15668.00
chr17	45695715	45695823	108	108	366.00	463.00	418.19	421.50	45165.00
chr7	44283023	44283126	103	103	614.00	744.00	687.04	683.00	70765.00
chr20	62274975	62275284	309	309	8.00	2377.00	1128.10	1591.00	348584.00
chr11	108202605	108202764	159	159	26.00	48.00	37.19	38.00	5913.00
chr9	140051314	140051489	175	175	385.00	680.00	516.03	502.00	90306.00
chr22	45574118	45574781	663	663	39.00	112.00	76.85	80.00	50950.00
chr15	79312382	79312446	64	64	189.00	247.00	211.19	210.50	13516.00
chr1	21940120	21940199	79	79	385.00	478.00	447.95	453.00	35388.00
chr17	3775847	3775921	74	74	107.00	160.00	142.69	147.50	10559.00
chr7	73133931	73134019	88	88	14.00	1607.00	531.65	292.00	46785.00
chr11	72292920	72292991	71	71	418.00	476.00	450.34	450.00	31974.00
chr7	43547616	43547730	114	114	66.00	92.00	80.75	83.00	9206.00
chr16	58713760	58714145	385	385	30.00	54.00	39.19	39.00	15087.00
chr22	21083600	21083794	194	194	237.00	456.00	342.01	350.50	66350.00
chr11	66457275	66457414	139	139	292.00	495.00	358.07	346.00	49772.00
chr15	91561034	91561115	81	81	29.00	44.00	37.21	39.00	3014.00
chr11	2968525	2969001	476	476	10.00	21.00	15.59	16.00	7423.00
chr19	34869838	34869910	72	72	742.00	903.00	836.94	846.50	60260.00
chr9	121970996	121971219	223	223	395.00	621.00	489.69	477.00	109201.00
chr3	47449772	47449980	208	208	18.00	86.00	58.22	69.00	12109.00
chr12	57601820	57601999	179	179	281.00	604.00	438.18	430.00	78435.00
chr16	2345590	2345741	151	151	177.00	247.00	208.32	210.00	31456.00
chr12	50471782	50471910	128	128	126.00	176.00	151.10	156.00	19341.00
chr1	109814221	109814344	123	123	262.00	371.00	335.74	338.00	41296.00
chr19	16942304	16942458	154	154	92.00	151.00	124.74	135.00	19210.00
chr11	66333301	66333398	97	97	306.00	376.00	333.31	330.00	32331.00
chr5	74026084	74026223	139	139	78.00	117.00	104.66	109.00	14548.00
chr5	68417520	68417722	202	202	54.00	76.00	64.31	64.00	12990.00
chr19	15272262	15272525	263	263	33.00	116.00	69.47	64.00	18270.00
chr3	45872404	45872482	78	78	74.00	100.00	89.28	91.00	6964.00
chr7	73123374	73123452	78	78	1629.00	2106.00	1910.79	1946.00	149042.00
chr5	14498197	14498360	163	163	291.00	419.00	362.57	362.00	59099.00
chr14	93180167	93180230	63	63	137.00	176.00	157.48	160.00	9921.00
chr9	130984739	130984875	136	136	845.00	1342.00	1112.64	1088.50	151319.00
chr13	31216764	31216894	130	130	25.00	57.00	42.65	48.00	5545.00
chr12	112614399	112614506	107	107	95.00	246.00	215.11	218.00	23017.00
chr12	57602865	57602982	117	117	469.00	756.00	592.95	576.00	69375.00
chr14	72976861	72976987	126	126	30.00	50.00	42.40	43.00	5343.00
chr1	155209406	155209553	147	147	66.00	122.00	83.55	75.00	12282.00
chr10	49633930	49634113	183	183	191.00	297.00	254.73	254.00	46615.00
chr16	84100093	84100218	125	125	126.00	190.00	162.23	163.00	20279.00
chr1	155207924	155208097	173	173	81.00	133.00	98.38	99.00	17019.00
chr12	2786898	2787033	135	135	28.00	66.00	47.36	46.00	6393.00
chr2	233755457	233756197	740	740	14.00	550.00	103.99	30.00	76952.00
chr14	60631894	60632099	205	205	28.00	140.00	99.33	121.00	20363.00
chr1	11151549	11151654	105	105	80.00	124.00	104.29	104.00	10950.00
chr4	134076071	134076178	107	107	360.00	431.00	404.34	408.00	43264.00
chr15	91420364	91420441	77	77	141.00	177.00	157.61	155.00	12136.00
chr5	114961533	114961755	222	222	9.00	89.00	50.59	46.50	11231.00
chr16	1814047	1814211	164	164	7.00	365.00	145.67	173.00	23890.00
chr18	44250463	44252581	2118	2118	5.00	59.00	27.55	27.00	58356.00
chr6	158049380	158049518	138	138	46.00	89.00	73.51	76.00	10145.00
chr19	7675585	7675679	94	94	85.00	118.00	102.72	104.00	9656.00
chr13	99461604	99461719	115	115	5.00	359.00	180.79	155.00	20791.00
chr11	130010829	130011467	638	638	1.00	1913.00	201.58	17.00	128609.00
chr11	107526658	107526792	134	134	414.00	602.00	497.11	488.50	66613.00
chr16	1391294	1391490	196	196	18.00	44.00	25.52	23.00	5002.00
chr1	38182716	38184158	1442	1442	9.00	121.00	55.74	53.00	80371.00
chr5	179231023	179231323	300	300	17.00	36.00	26.21	26.00	7864.00
chr14	69814593	69814719	126	126	99.00	142.00	124.75	126.00	15718.00
chr14	69349174	69349309	135	135	126.00	175.00	147.53	148.00	19916.00
chr19	7614792	7614998	206	206	99.00	161.00	142.75	147.00	29407.00
chr1	228270375	228270466	91	91	10.00	1768.00	572.90	261.00	52134.00
chr1	38186022	38186315	293	293	11.00	56.00	31.26	29.00	9160.00
chr13	77641715	77641999	284	284	172.00	329.00	249.86	244.00	70961.00
chr14	100157417	100157498	81	81	108.00	237.00	162.30	142.00	13146.00
chr13	32978280	32979333	1053	1053	6.00	42.00	18.54	18.00	19520.00
chr12	7301567	7301794	227	227	378.00	715.00	546.57	529.00	124071.00
chr9	123583116	123583257	141	141	36.00	49.00	41.52	42.00	5854.00
chr17	26883183	26883284	101	101	79.00	146.00	106.44	102.00	10750.00
chr12	6972993	6973137	144	144	163.00	248.00	210.80	219.50	30355.00
chr20	34322310	34322637	327	327	0.00	16.00	7.74	7.00	2532.00
chr19	7606407	7606570	163	163	57.00	83.00	67.58	66.00	11016.00
chr16	2333186	2333373	187	187	3.00	308.00	232.99	237.00	43570.00
chr12	113825548	113825711	163	163	56.00	166.00	108.74	108.00	17725.00
chr7	4802013	4807749	5736	5736	6.00	262.00	59.86	51.00	343368.00
chr1	43394880	43394985	105	105	145.00	188.00	169.62	173.00	17810.00
chr19	4554399	4554488	89	89	472.00	692.00	588.24	606.00	52353.00
chr16	31719139	31719372	233	233	4.00	15.00	8.91	9.00	2077.00
chr5	134060669	134061744	1075	1075	10.00	63.00	33.02	32.00	35501.00
chr1	202936318	202936371	53	53	9.00	75.00	45.45	61.00	2409.00
chr2	220087366	220087615	249	249	132.00	223.00	158.80	151.00	39540.00
chr2	36764494	36764689	195	195	79.00	116.00	95.70	95.00	18662.00
chr7	43519208	43519343	135	135	77.00	164.00	126.36	128.00	17059.00
chr10	51249585	51249993	408	408	0.00	10.00	5.81	6.00	2372.00
chr6	32123647	32123755	108	108	100.00	135.00	116.47	116.50	12579.00
chr3	118624442	118624692	250	250	3.00	53.00	27.18	10.50	6795.00
chr1	190129797	190130020	223	223	160.00	223.00	189.04	186.00	42157.00
chr9	131004491	131004624	133	133	12.00	1806.00	1413.34	1606.00	187974.00
chr22	33679187	33679334	147	147	137.00	164.00	153.61	154.00	22580.00
chr15	74709931	74710016	85	85	64.00	114.00	83.00	76.00	7055.00
chr7	6470110	6470238	128	128	19.00	35.00	28.71	30.00	3675.00
chr1	6640600	6641359	759	759	18.00	50.00	33.16	33.00	25170.00
chr16	31510622	31510728	106	106	127.00	168.00	149.23	153.00	15818.00
chr4	103710287	103711803	1516	1516	4.00	28.00	13.05	12.00	19787.00
chr19	2862339	2862746	407	407	6.00	25.00	14.12	14.00	5747.00
chr2	15467873	15467994	121	121	54.00	75.00	62.12	61.00	7517.00
chr2	36780721	36781492	771	771	10.00	37.00	19.64	19.00	15141.00
chr10	81070680	81070941	261	261	40.00	79.00	58.87	59.00	15366.00
chr2	217234866	217235986	1120	1120	98.00	319.00	189.57	194.00	212322.00
chr10	93786348	93786508	160	160	43.00	130.00	86.28	91.00	13804.00
chr17	20268785	20269076	291	291	3.00	13.00	8.03	7.00	2337.00
chr9	131002006	131002062	56	56	6.00	1649.00	1458.18	1585.50	81658.00
chr1	155208307	155208441	134	134	129.00	184.00	153.80	154.50	20609.00
chr2	162833877	162834373	496	496	2.00	370.00	39.55	13.00	19617.00
chr9	35799614	35799728	114	114	45.00	61.00	53.53	54.00	6102.00
chr20	62517856	62519234	1378	1378	12.00	156.00	50.65	47.00	69800.00
chr22	35942847	35943127	280	280	35.00	154.00	100.16	105.00	28046.00
chr13	26436438	26436546	108	108	37.00	52.00	43.81	43.00	4732.00
chr14	69371371	69371453	82	82	82.00	128.00	106.51	108.50	8734.00
chr7	44031274	44031581	307	307	7.00	44.00	26.43	28.00	8115.00
chr11	12274988	12275291	303	303	15.00	58.00	34.13	32.00	10341.00
chr5	1334403	1334498	95	95	90.00	148.00	116.12	116.00	11031.00
chr19	34868639	34868786	147	147	930.00	1313.00	1134.81	1161.00	166817.00
chr16	1815960	1816143	183	183	178.00	288.00	224.87	224.00	41152.00
chr10	73578787	73578868	81	81	1506.00	2079.00	1773.12	1793.00	143623.00
chr17	37420427	37420640	213	213	24.00	35.00	29.29	29.00	6239.00
chr5	60835422	60835586	164	164	50.00	65.00	56.05	55.50	9192.00
chr15	79296143	79296517	374	374	221.00	452.00	304.02	284.50	113705.00
chr19	13039568	13039661	93	93	282.00	525.00	420.44	455.00	39101.00
chr12	49421585	49421713	128	128	117.00	180.00	143.21	133.00	18331.00
chr1	1661057	1662583	1526	1526	13.00	462.00	117.64	85.00	179514.00
chr2	207457340	207457460	120	120	207.00	305.00	265.92	265.00	31910.00
chr11	64542462	64543441	979	979	2.00	35.00	15.64	15.00	15314.00
chr20	61910250	61910347	97	97	120.00	165.00	140.97	138.00	13674.00
chr11	62394042	62394156	114	114	193.00	256.00	212.33	207.00	24206.00
chr5	37301538	37301652	114	114	22.00	34.00	27.48	27.00	3133.00
chr16	4733843	4733933	90	90	165.00	219.00	197.21	198.00	17749.00
chr15	43693913	43694048	135	135	31.00	50.00	39.60	41.00	5346.00
chr11	18764538	18764622	84	84	76.00	111.00	97.33	99.00	8176.00
chr17	57842331	57842499	168	168	108.00	155.00	132.29	132.50	22225.00
chr9	96076729	96078064	1335	1335	14.00	63.00	31.31	29.00	41805.00
chr11	12246219	12246367	148	148	191.00	249.00	221.31	223.50	32754.00
chr12	7030743	7031565	822	822	11.00	2246.00	770.90	33.00	633682.00
chr3	14523178	14523349	171	171	17.00	55.00	43.64	47.00	7462.00
chr5	758508	759483	975	975	6.00	25.00	15.84	16.00	15447.00
chr12	22635490	22635677	187	187	62.00	98.00	77.68	78.00	14526.00
chr5	14479369	14479459	90	90	266.00	324.00	284.76	283.50	25628.00
chr6	143655214	143656079	865	865	0.00	16.00	3.98	4.00	3439.00
chr7	75508360	75508578	218	218	46.00	456.00	351.93	422.00	76720.00
chr11	60697981	60698131	150	150	261.00	380.00	309.41	307.00	46411.00
chr1	151400598	151400889	291	291	64.00	234.00	135.29	135.00	39368.00
chr5	172196431	172197309	878	878	4.00	151.00	48.94	24.00	42971.00
chr3	49152660	49152794	134	134	56.00	78.00	65.91	66.00	8832.00
chr7	5518281	5519950	1669	1669	20.00	108.00	55.13	49.00	92008.00
chr17	16691106	16691449	343	343	0.00	25.00	6.91	7.00	2371.00
chr2	220086993	220087172	179	179	116.00	148.00	132.97	134.00	23801.00
chr10	51746916	51748006	1090	1090	3.00	99.00	34.85	30.00	37988.00
chr12	7302118	7302289	171	171	579.00	784.00	673.13	667.00	115105.00
chr11	59562844	59562955	111	111	51.00	79.00	68.59	72.00	7614.00
chr12	6100984	6101184	200	200	17.00	28.00	22.81	22.00	4562.00
chr19	5683274	5683627	353	353	13.00	38.00	26.97	28.00	9520.00
chr12	2786259	2786387	128	128	34.00	61.00	44.64	45.00	5714.00
chr15	26812727	26812880	153	153	210.00	405.00	299.27	286.00	45788.00
chr1	149007980	149008798	818	818	0.00	12.00	4.20	3.00	3434.00
chr19	54965608	54965861	253	253	63.00	202.00	128.60	120.00	32535.00
chr8	27293259	27293310	51	51	78.00	119.00	110.53	114.00	5637.00
chr15	23014437	23014528	91	91	103.00	163.00	129.27	124.00	11764.00
chr1	111717500	111717585	85	85	54.00	102.00	77.08	78.00	6552.00
chr6	150157220	150157433	213	213	165.00	254.00	216.15	220.00	46041.00
chr13	114566547	114566670	123	123	28.00	99.00	61.19	63.00	7526.00
chr16	58539291	58539605	314	314	17.00	76.00	45.74	49.50	14361.00
chr1	21936612	21936768	156	156	214.00	785.00	439.13	431.50	68505.00
chr1	17322880	17322991	111	111	228.00	432.00	342.23	392.00	37987.00
chr11	60699455	60699599	144	144	556.00	1060.00	734.73	652.00	105801.00
chr5	6749669	6749770	101	101	38.00	61.00	46.10	44.00	4656.00
chr16	2156805	2156949	144	144	29.00	105.00	54.28	51.00	7817.00
chr15	34690834	34690930	96	96	100.00	165.00	135.57	139.50	13015.00
chr3	11074933	11075425	492	492	11.00	858.00	164.71	21.00	81039.00
chr5	74655222	74655381	159	159	243.00	403.00	303.33	292.00	48230.00
chr20	20022968	20023160	192	192	51.00	118.00	80.03	75.00	15365.00
chr2	39055481	39055578	97	97	46.00	65.00	58.38	60.00	5663.00
chr19	16793231	16793528	297	297	6.00	198.00	59.27	13.00	17603.00
chr2	219205450	219205509	59	59	21.00	33.00	26.75	28.00	1578.00
chr17	74087429	74087729	300	300	9.00	50.00	34.79	38.00	10438.00
chr3	184058150	184060036	1886	1886	11.00	1007.00	165.45	62.00	312041.00
chr6	90333128	90333263	135	135	91.00	141.00	121.44	124.00	16394.00
chr12	125267019	125267429	410	410	15.00	50.00	28.47	23.00	11672.00
chr1	207942580	207943104	524	524	9.00	75.00	47.49	49.00	24887.00
chr4	89356876	89357043	167	167	35.00	62.00	49.95	50.00	8342.00
chr7	101995498	101995736	238	238	11.00	42.00	21.72	19.00	5169.00
chr3	11067458	11067562	104	104	645.00	984.00	840.39	836.00	87401.00
chr5	95734582	95734740	158	158	55.00	89.00	74.11	75.50	11710.00
chr6	152529106	152529341	235	235	106.00	190.00	146.88	141.00	34517.00
chr5	102295578	102295763	185	185	100.00	132.00	115.75	115.00	21414.00
chr22	21072980	21073110	130	130	199.00	462.00	318.96	362.50	41465.00
chr12	121855306	121855714	408	408	60.00	202.00	112.43	100.50	45872.00
chr1	160326389	160326544	155	155	122.00	163.00	140.77	141.00	21819.00
chr11	60670930	60671007	77	77	118.00	155.00	134.49	135.00	10356.00
chr17	79804822	79804948	126	126	394.00	601.00	492.19	490.00	62016.00
chr16	18527204	18527332	128	128	230.00	379.00	296.55	285.00	37959.00
chr16	16372518	16372646	128	128	244.00	386.00	307.82	302.50	39401.00
chr2	32750530	32750695	165	165	35.00	64.00	54.30	57.00	8959.00
chr14	69369193	69369279	86	86	99.00	141.00	120.23	122.00	10340.00
chr7	66418212	66418356	144	144	130.00	175.00	151.42	151.00	21804.00
chr6	44107988	44108097	109	109	233.00	276.00	254.65	254.00	27757.00
chr7	70885893	70886091	198	198	174.00	571.00	325.44	249.50	64437.00
chr8	27295281	27295397	116	116	92.00	111.00	100.61	101.50	11671.00
chr7	73122918	73123018	100	100	1484.00	1815.00	1653.72	1655.50	165372.00
chr15	34698874	34699071	197	197	154.00	236.00	201.60	197.00	39715.00
chr8	22009343	22009513	170	170	20.00	42.00	28.61	28.00	4863.00
chr7	1526557	1526737	180	180	22.00	97.00	54.62	52.00	9831.00
chr5	178053946	178054065	119	119	5.00	204.00	92.52	75.00	11010.00
chr12	6103027	6103369	342	342	12.00	37.00	21.37	22.00	7310.00
chr2	3479491	3480482	991	991	9.00	39.00	21.75	22.00	21557.00
chr3	33883388	33883566	178	178	70.00	138.00	111.04	119.00	19765.00
chr19	11019778	11019883	105	105	86.00	142.00	120.78	132.00	12682.00
chr7	98446205	98446318	113	113	467.00	1247.00	892.85	832.00	100892.00
chr8	106813274	106813932	658	658	6.00	25.00	15.68	16.00	10318.00
chr2	223795338	223795530	192	192	350.00	490.00	411.70	410.50	79047.00
chr7	75511146	75511554	408	408	391.00	894.00	592.80	579.00	241864.00
chr21	40184926	40185038	112	112	67.00	148.00	113.94	130.00	12761.00
chr19	53383575	53385236	1661	1661	18.00	61.00	33.79	33.00	56120.00
chr19	14208130	14208295	165	165	4.00	455.00	293.96	377.00	48504.00
chr15	91461013	91461618	605	605	8.00	152.00	50.70	19.00	30673.00
chr8	145278010	145278133	123	123	24.00	37.00	30.57	31.00	3760.00
chr16	28132990	28133083	93	93	97.00	173.00	133.94	133.00	12456.00
chr11	125280091	125280221	130	130	86.00	113.00	98.87	99.00	12853.00
chr15	63128089	63128317	228	228	30.00	214.00	144.63	166.00	32975.00
chr9	131181435	131181557	122	122	0.00	6.00	4.14	4.00	505.00
chr19	3281196	3281343	147	147	317.00	553.00	469.43	492.00	69006.00
chr11	6240200	6240280	80	80	59.00	75.00	66.72	67.00	5338.00
chr20	31019123	31019287	164	164	38.00	65.00	51.90	55.00	8511.00
chr6	46825865	46827260	1395	1395	22.00	74.00	47.06	48.00	65647.00
chr12	1672006	1672666	660	660	7.00	53.00	21.33	17.00	14081.00
chr12	9098824	9099001	177	177	114.00	177.00	142.99	144.00	25309.00
chr7	121738503	121738630	127	127	31.00	50.00	34.12	33.00	4333.00
chr19	40875814	40875935	121	121	849.00	1041.00	948.54	959.00	114773.00
chr20	3581592	3581671	79	79	85.00	137.00	112.76	121.00	8908.00
chr17	7226965	7227042	77	77	68.00	85.00	79.35	81.00	6110.00
chr2	74331800	74332809	1009	1009	49.00	203.00	96.89	88.00	97764.00
chr1	209785136	209785610	474	474	4.00	105.00	70.08	75.00	33218.00
chr9	35546426	35548532	2106	2106	111.00	296.00	183.55	182.00	386561.00
chr17	80040198	80040290	92	92	251.00	340.00	298.80	308.50	27490.00
chr11	73074791	73075284	493	493	9.00	93.00	43.43	33.00	21410.00
chr20	44674976	44675075	99	99	135.00	178.00	156.75	156.00	15518.00
chr20	5892091	5892328	237	237	82.00	427.00	275.85	330.00	65376.00
chr17	20316581	20317594	1013	1013	2.00	28.00	12.72	12.00	12885.00
chr12	99478702	99478801	99	99	197.00	220.00	209.19	209.00	20710.00
chr17	40842756	40842960	204	204	117.00	177.00	150.48	150.50	30698.00
chr11	107501142	107501288	146	146	240.00	361.00	294.69	292.00	43025.00
chr11	85429236	85429532	296	296	1.00	9.00	5.00	4.00	1479.00
chr20	9449217	9449319	102	102	26.00	33.00	30.53	31.00	3114.00
chr14	23371395	23371591	196	196	99.00	182.00	144.90	151.00	28401.00
chr7	716865	716957	92	92	994.00	1290.00	1205.32	1215.00	110889.00
chr10	48862360	48862682	322	322	5.00	312.00	180.56	212.50	58141.00
chr10	68686678	68688210	1532	1532	37.00	139.00	70.77	67.00	108414.00
chr5	179674854	179674926	72	72	179.00	237.00	204.03	206.50	14690.00
chr1	209773327	209773456	129	129	83.00	106.00	92.60	92.00	11945.00
chr17	45691034	45691091	57	57	380.00	431.00	406.19	408.00	23153.00
chr1	19669871	19670118	247	247	19.00	36.00	26.06	26.00	6437.00
chr17	45664025	45664710	685	685	10.00	331.00	77.31	45.00	52954.00
chr19	2337634	2338840	1206	1206	5.00	95.00	27.11	24.00	32696.00
chr8	22011480	22011552	72	72	32.00	47.00	40.33	40.50	2904.00
