#chrom	start	end	size	num_data	min	max	mean	median	sum
chr12	1940100	1940691	591	591	97.00	167.00	127.96	126.00	75625.00
chr1	27480473	27481381	908	908	30.00	90.00	66.75	69.00	60605.00
chr15	63112684	63112809	125	125	361.00	541.00	485.22	498.00	60652.00
chr5	149231737	149232254	517	517	9.00	33.00	24.99	25.00	12920.00
chr5	140865429	140867182	1753	1753	27.00	104.00	51.01	49.00	89415.00
chr1	32209793	32209958	165	165	394.00	699.00	552.12	558.00	91099.00
chr16	87873307	87873431	124	124	206.00	295.00	245.43	248.00	30433.00
chr17	34157438	34158175	737	737	4.00	14.00	9.23	9.00	6799.00
chr2	127815619	127816088	469	469	8.00	61.00	28.46	25.00	13347.00
chr1	208212965	208213112	147	147	95.00	141.00	116.54	116.00	17131.00
chr22	19703883	19704666	783	783	7.00	55.00	26.49	23.00	20741.00
chr16	87872319	87872423	104	104	193.00	229.00	212.81	214.50	22132.00
chr9	140055740	140055868	128	128	2588.00	3311.00	3039.66	3096.00	389076.00
chr22	21096515	21096643	128	128	902.00	1144.00	1003.48	1015.00	128446.00
chr9	140056321	140056540	219	219	2.00	3901.00	2347.98	2703.00	514208.00
chr11	78379981	78380253	272	272	13.00	47.00	31.81	36.00	8651.00
chr3	11070420	11070533	113	113	331.00	416.00	375.21	378.00	42399.00
chr1	109812554	109813222	668	668	2.00	708.00	289.38	346.00	193307.00
chr2	220161954	220162155	201	201	1167.00	1933.00	1614.08	1686.00	324431.00
chr15	74706887	74707086	199	199	193.00	263.00	217.59	218.00	43300.00
chr17	7318829	7319426	597	597	245.00	584.00	411.11	429.00	245435.00
chr1	21560050	21560154	104	104	52.00	70.00	62.01	61.50	6449.00
chr1	25573799	25573952	153	153	13.00	481.00	280.39	334.00	42900.00
chr14	93198993	93199160	167	167	254.00	329.00	293.65	298.00	49039.00
chr1	205554003	205554119	116	116	487.00	769.00	600.23	571.00	69627.00
chr1	9795005	9795232	227	227	3094.00	4643.00	3880.81	3870.00	880943.00
chr17	42426525	42426670	145	145	138.00	252.00	195.68	190.00	28373.00
chr18	70205887	70206179	292	292	1.00	486.00	175.26	10.00	51176.00
chr1	205553082	205553251	169	169	723.00	905.00	803.33	793.00	135762.00
chr9	140056623	140056766	143	143	4.00	3113.00	1958.18	2214.00	280020.00
chr6	33412147	33412394	247	247	10.00	1296.00	694.55	954.00	171555.00
chr12	89992366	89992547	181	181	3.00	1448.00	984.49	1075.00	178192.00
chr2	220088827	220089576	749	749	198.00	378.00	284.09	276.00	212787.00
chr14	100763073	100765222	2149	2149	16.00	131.00	45.48	45.00	97734.00
chr1	110740697	110742543	1846	1846	23.00	1531.00	837.01	783.00	1545117.00
chr1	149878201	149879758	1557	1557	11.00	2457.00	516.19	24.00	803709.00
chr3	197264139	197265259	1120	1120	5.00	48.00	14.42	11.00	16145.00
chr8	56449623	56450530	907	907	16.00	71.00	44.01	44.00	39921.00
chr9	139354208	139354326	118	118	80.00	126.00	97.46	95.50	11500.00
chr1	32204908	32205236	328	328	851.00	1205.00	1021.34	1006.50	334999.00
chr7	75608768	75608897	129	129	210.00	284.00	251.04	251.00	32384.00
chr19	45161029	45161178	149	149	81.00	118.00	97.97	101.00	14598.00
chr19	5243911	5244493	582	582	164.00	425.00	258.20	224.00	150275.00
chr6	32119585	32119717	132	132	23.00	1504.00	734.92	763.50	97010.00
chr3	42670878	42672067	1189	1189	2.00	28.00	8.35	8.00	9928.00
chr11	45892392	45892485	93	93	308.00	401.00	349.42	345.00	32496.00
chr17	80040789	80040991	202	202	488.00	834.00	597.59	591.50	120714.00
chr2	74902875	74903036	161	161	67.00	114.00	94.75	104.00	15254.00
chr17	38335969	38337946	1977	1977	7.00	339.00	37.21	24.00	73571.00
chr16	87870103	87870253	150	150	178.00	262.00	210.42	205.00	31563.00
chr1	32205947	32206142	195	195	769.00	1148.00	960.02	964.00	187204.00
chr6	44117553	44117702	149	149	7.00	536.00	325.34	392.00	48475.00
chr1	159163659	159163830	171	171	2105.00	3048.00	2648.71	2658.00	452929.00
chr3	445565	446023	458	458	2.00	10.00	5.69	5.00	2605.00
chr2	25048913	25048995	82	82	185.00	235.00	213.85	215.00	17536.00
chr10	99504485	99504672	187	187	101.00	223.00	161.22	159.00	30148.00
chr4	54364807	54365010	203	203	211.00	359.00	271.74	262.00	55164.00
chr17	1634367	1634552	185	185	9.00	37.00	26.42	28.00	4888.00
chr7	72416124	72416247	123	123	190.00	242.00	220.23	222.00	27088.00
chr1	208212169	208212329	160	160	121.00	150.00	136.00	136.00	21760.00
chr9	140952500	140952702	202	202	86.00	161.00	110.94	110.50	22409.00
chr6	44197325	44197528	203	203	138.00	218.00	185.00	180.00	37554.00
chr6	44197643	44198218	575	575	23.00	146.00	72.87	49.00	41900.00
chr11	118981972	118982084	112	112	414.00	549.00	480.58	477.50	53825.00
chr5	150503846	150503952	106	106	5.00	3453.00	2399.19	3041.50	254314.00
chr11	118981761	118981878	117	117	465.00	588.00	518.68	520.00	60685.00
chr11	126314873	126315000	127	127	152.00	187.00	172.13	173.00	21861.00
chr1	159165808	159166244	436	436	3.00	2479.00	460.29	9.00	200686.00
chr7	134893542	134893750	208	208	31.00	56.00	42.99	44.00	8942.00
chr9	121976196	121976433	237	237	383.00	808.00	589.41	618.00	139689.00
chr19	54691042	54691169	127	127	375.00	751.00	548.24	539.00	69627.00
chr22	38621430	38621600	170	170	301.00	519.00	419.42	441.00	71301.00
chr13	42035681	42036205	524	524	2.00	20.00	9.03	9.00	4733.00
chr20	1915360	1915413	53	53	5.00	2619.00	1759.94	2104.00	93277.00
chr5	14496987	14497126	139	139	193.00	296.00	232.47	226.00	32314.00
chr12	56528125	56528212	87	87	88.00	117.00	98.15	97.00	8539.00
chr3	47466974	47467101	127	127	139.00	172.00	155.70	154.00	19774.00
chr17	7415476	7415663	187	187	138.00	214.00	179.63	183.00	33591.00
chr3	33588037	33589252	1215	1215	3.00	23.00	11.75	12.00	14280.00
chr7	887833	888615	782	782	2.00	101.00	34.59	20.00	27052.00
chr10	24813251	24813693	442	442	70.00	201.00	127.59	139.00	56396.00
chr1	109812045	109812213	168	168	330.00	623.00	433.39	388.00	72810.00
chr19	15276597	15276902	305	305	36.00	67.00	50.56	49.00	15422.00
chr16	2334779	2334999	220	220	281.00	388.00	334.86	325.00	73669.00
chr16	68404761	68405261	500	500	58.00	110.00	82.26	81.00	41132.00
chr4	110969111	110969871	760	760	28.00	88.00	56.81	56.00	43177.00
chr1	145693161	145693996	835	835	12.00	98.00	52.03	50.00	43442.00
chr7	44282848	44282932	84	84	961.00	1385.00	1196.92	1271.00	100541.00
chr2	220164315	220164508	193	193	30.00	1297.00	559.62	40.00	108006.00
chr12	50472203	50472360	157	157	128.00	161.00	144.05	145.00	22616.00
chr2	220163768	220163833	65	65	1139.00	1665.00	1466.88	1500.00	95347.00
chr2	222289928	222290862	934	934	298.00	500.00	405.75	403.00	378972.00
chr12	57599133	57599268	135	135	234.00	344.00	272.75	266.00	36821.00
chr7	157475416	157475629	213	213	490.00	875.00	672.82	653.00	143311.00
chr1	32203800	32203927	127	127	699.00	1785.00	1120.53	1151.00	142307.00
chr1	109811731	109811912	181	181	406.00	665.00	534.02	524.00	96657.00
chr9	140052830	140052975	145	145	1787.00	5127.00	3370.94	3674.00	488786.00
chr2	220161706	220161854	148	148	1460.00	2628.00	2003.10	2006.00	296459.00
chr16	29896906	29897070	164	164	677.00	1365.00	1121.70	1149.00	183958.00
chr16	47143393	47143622	229	229	163.00	251.00	205.75	202.00	47116.00
chr11	993753	993985	232	232	357.00	643.00	528.81	534.00	122684.00
chr9	124059698	124061137	1439	1439	1.00	34.00	14.11	12.00	20311.00
chr9	140350140	140350634	494	494	8.00	43.00	26.20	26.00	12942.00
chr11	14504577	14504697	120	120	113.00	160.00	137.54	141.00	16505.00
chr3	49898612	49898733	121	121	1182.00	2114.00	1737.68	1789.00	210259.00
chr9	131811659	131811777	118	118	97.00	133.00	110.88	108.00	13084.00
chr9	131810705	131810818	113	113	113.00	137.00	125.04	124.00	14130.00
chr1	223400935	223401080	145	145	161.00	210.00	187.84	185.00	27237.00
chr12	125612185	125612820	635	635	5.00	358.00	65.92	10.00	41862.00
chr2	220088590	220088744	154	154	279.00	366.00	327.07	326.00	50369.00
chr9	70888487	70888750	263	263	3.00	32.00	16.02	16.00	4213.00
chr14	69813756	69813898	142	142	122.00	191.00	145.45	136.00	20654.00
chr2	47399145	47399890	745	745	4.00	669.00	34.34	23.00	25582.00
chr11	62688689	62689041	352	352	36.00	462.00	148.24	65.00	52180.00
chr6	43745205	43745407	202	202	5.00	106.00	71.66	72.00	14475.00
chr3	11072492	11072997	505	505	1.00	671.00	128.31	16.00	64797.00
chr7	2696031	2696168	137	137	384.00	544.00	487.79	504.00	66827.00
chr16	14969196	14969279	83	83	907.00	1426.00	1158.86	1163.00	96185.00
chr17	7377847	7378026	179	179	5.00	19.00	12.88	14.00	2306.00
chr12	65639640	65639719	79	79	81.00	164.00	121.39	116.00	9590.00
chr12	50294912	50295108	196	196	2589.00	5255.00	3258.26	3054.50	638618.00
chr19	42485653	42485788	135	135	2782.00	4201.00	3561.61	3518.00	480817.00
chr10	99509230	99509343	113	113	167.00	325.00	231.35	232.00	26143.00
chr22	38883877	38888120	4243	4243	26.00	899.00	181.05	146.00	768175.00
chr12	49416372	49416658	286	286	92.00	139.00	112.76	109.00	32248.00
chr6	24843089	24843782	693	693	60.00	122.00	87.62	90.00	60720.00
chr5	176295561	176295665	104	104	488.00	680.00	567.03	557.00	58971.00
chr10	99510087	99510227	140	140	245.00	379.00	294.67	284.00	41254.00
chr1	159173658	159174770	1112	1112	46.00	318.00	102.65	78.00	114144.00
chr11	1780745	1780869	124	124	1460.00	2224.00	1884.28	1997.00	233651.00
chr19	42486059	42486258	199	199	2044.00	3840.00	2955.28	3052.00	588101.00
chr3	47465422	47465535	113	113	154.00	198.00	170.56	168.00	19273.00
chr1	21573713	21573856	143	143	37.00	61.00	45.41	45.00	6494.00
chr11	65320330	65320453	123	123	98.00	127.00	114.09	114.00	14033.00
chr3	47462420	47462519	99	99	210.00	341.00	284.08	301.00	28124.00
chr2	219204751	219204864	113	113	152.00	213.00	193.58	199.00	21874.00
chr1	43906123	43906257	134	134	23.00	35.00	29.43	30.00	3944.00
chr7	38785158	38785840	682	682	6.00	504.00	49.99	12.00	34094.00
chr2	153499932	153500058	126	126	148.00	211.00	185.45	190.50	23367.00
chr1	32203011	32203132	121	121	4.00	1112.00	824.72	965.00	99791.00
chr22	42290823	42290941	118	118	604.00	1043.00	889.64	912.50	104978.00
chr19	47940718	47940818	100	100	808.00	1573.00	1274.48	1260.00	127448.00
chr4	119539150	119539274	124	124	1.00	18.00	10.75	12.00	1333.00
chr17	44117067	44117250	183	183	69.00	108.00	90.45	90.00	16552.00
chr19	42485873	42485983	110	110	2365.00	2981.00	2670.65	2667.50	293771.00
chr6	44114583	44114664	81	81	190.00	257.00	233.27	234.00	18895.00
chr19	47941105	47941292	187	187	3.00	1701.00	947.62	1294.00	177205.00
chr11	73074250	73074500	250	250	175.00	288.00	230.29	225.00	57573.00
chr3	33418764	33418825	61	61	543.00	584.00	565.92	564.00	34521.00
chr1	700258	700505	247	247	21.00	41.00	28.98	28.00	7158.00
chr9	74319510	74319719	209	209	35.00	85.00	54.82	47.00	11457.00
chr16	2336694	2336968	274	274	186.00	693.00	419.05	429.50	114820.00
chr20	3575125	3575219	94	94	153.00	228.00	177.82	178.00	16715.00
chr9	139231377	139231529	152	152	118.00	149.00	133.68	133.00	20319.00
chr5	140515951	140516498	547	547	8.00	38.00	24.61	23.00	13459.00
chr1	21938208	21938309	101	101	850.00	1054.00	927.57	923.00	93685.00
chr3	155659188	155659936	748	748	21.00	169.00	113.93	126.00	85217.00
chr16	27483068	27483241	173	173	132.00	197.00	154.86	154.00	26790.00
chr11	994071	994245	174	174	195.00	430.00	347.41	374.00	60450.00
chr7	71175745	71175913	168	168	751.00	1087.00	954.74	970.50	160396.00
chr12	121204065	121204175	110	110	210.00	288.00	247.75	245.50	27252.00
chr7	73118679	73118753	74	74	2357.00	2973.00	2764.74	2795.50	204591.00
chr9	140972565	140972710	145	145	103.00	145.00	125.59	129.00	18210.00
chr12	121683329	121684024	695	695	4.00	33.00	14.22	15.00	9884.00
chr16	74493579	74493687	108	108	193.00	256.00	227.51	228.00	24571.00
chr2	36771518	36771641	123	123	147.00	218.00	177.90	178.00	21882.00
chr7	94187181	94187996	815	815	7.00	38.00	22.92	23.00	18680.00
chr14	94156951	94157239	288	288	2.00	12.00	8.07	8.00	2324.00
chr7	121739000	121739524	524	524	3.00	12.00	7.01	7.00	3674.00
chr1	19549117	19549328	211	211	133.00	188.00	157.34	153.00	33198.00
chr19	5214571	5214747	176	176	363.00	711.00	462.65	437.50	81426.00
chr19	42557753	42557861	108	108	322.00	373.00	349.60	351.00	37757.00
chr15	102510686	102510925	239	239	0.00	52.00	27.97	33.00	6684.00
chr5	167673761	167675376	1615	1615	48.00	160.00	88.58	86.00	143056.00
chr7	44282158	44282253	95	95	964.00	1682.00	1262.84	1185.00	119970.00
chr2	160621061	160621717	656	656	5.00	261.00	36.10	21.00	23683.00
chr5	10426501	10426634	133	133	257.00	387.00	323.56	331.00	43034.00
chr16	1814301	1814460	159	159	730.00	846.00	782.93	776.00	124486.00
chr11	21581734	21581928	194	194	207.00	260.00	234.45	233.00	45483.00
chr3	126749085	126749255	170	170	171.00	281.00	219.72	223.00	37352.00
chr11	12237765	12237866	101	101	648.00	832.00	733.27	725.00	74060.00
chr6	31750872	31750963	91	91	150.00	207.00	191.51	195.00	17427.00
chr3	53124201	53124398	197	197	18.00	32.00	24.15	24.00	4758.00
chr2	220161470	220161544	74	74	1846.00	2366.00	2171.88	2228.00	160719.00
chr2	128951046	128951785	739	739	19.00	127.00	81.44	86.00	60185.00
chr5	24535811	24535931	120	120	150.00	223.00	193.46	203.50	23215.00
chr1	44083406	44083582	176	176	279.00	502.00	375.57	358.00	66100.00
chr1	32207653	32207818	165	165	591.00	933.00	712.07	697.00	117491.00
chr12	7293754	7294000	246	246	6.00	1535.00	946.29	1381.50	232788.00
chr3	131442289	131442469	180	180	220.00	275.00	245.56	246.00	44200.00
chr3	49898871	49899298	427	427	43.00	2493.00	999.43	1345.00	426755.00
chr16	66432358	66432464	106	106	30.00	47.00	38.96	38.50	4130.00
chr1	20982593	20982680	87	87	449.00	600.00	507.41	503.00	44145.00
chr16	68398653	68398809	156	156	82.00	103.00	91.08	90.00	14208.00
chr17	16676818	16678279	1461	1461	13.00	50.00	28.86	29.00	42167.00
chr1	109814899	109815027	128	128	400.00	600.00	504.08	504.00	64522.00
chr1	21940478	21940582	104	104	1025.00	1313.00	1164.15	1190.00	121072.00
chr20	57468284	57468793	509	509	6.00	33.00	16.48	14.00	8386.00
chr3	127358087	127358366	279	279	349.00	619.00	524.94	531.00	146459.00
chr3	126735359	126735527	168	168	115.00	155.00	130.46	127.00	21917.00
chr10	103869140	103869264	124	124	449.00	612.00	515.17	500.00	63881.00
chr20	44520554	44520666	112	112	188.00	257.00	210.66	211.00	23594.00
chr1	32203252	32203356	104	104	710.00	959.00	830.67	846.50	86390.00
chr21	40186196	40186316	120	120	464.00	565.00	514.96	519.50	61795.00
chr5	111067153	111068349	1196	1196	14.00	53.00	30.81	31.00	36848.00
chr9	128002954	128003186	232	232	580.00	829.00	685.37	685.50	159005.00
chr1	43408896	43408992	96	96	173.00	238.00	211.48	218.50	20302.00
chr3	47463931	47464026	95	95	215.00	245.00	230.62	230.00	21909.00
chr2	220161160	220161238	78	78	1714.00	2038.00	1874.67	1890.50	146224.00
chr11	62472772	62473089	317	317	1945.00	3314.00	2497.74	2365.00	791785.00
chr9	130986341	130986906	565	565	12.00	1133.00	270.26	22.00	152699.00
chr14	69358769	69359000	231	231	362.00	511.00	437.29	440.00	101015.00
chr11	64416205	64416379	174	174	249.00	538.00	397.87	401.50	69229.00
chr17	8398454	8398559	105	105	502.00	677.00	594.82	586.00	62456.00
chr12	53572943	53574193	1250	1250	12.00	52.00	31.79	32.00	39741.00
chr17	17696544	17701827	5283	5283	31.00	254.00	107.50	102.00	567940.00
chr8	11705187	11705331	144	144	1922.00	2811.00	2559.15	2595.50	368517.00
chr19	54963829	54963931	102	102	201.00	332.00	248.87	234.00	25385.00
chr2	70451682	70456295	4613	4613	1.00	138.00	27.00	24.00	124570.00
chr11	118873959	118874169	210	210	5.00	11.00	8.80	9.00	1849.00
chr10	75548427	75548581	154	154	37.00	94.00	66.62	67.00	10260.00
chr6	33414351	33414563	212	212	680.00	1154.00	974.42	1038.50	206576.00
chr17	80042910	80043032	122	122	227.00	271.00	255.15	257.50	31128.00
chr11	11470290	11470483	193	193	130.00	181.00	153.49	153.00	29624.00
chr8	23294446	23294771	325	325	151.00	229.00	180.31	175.00	58602.00
chr1	116932060	116932663	603	603	4.00	3685.00	1216.88	9.00	733779.00
chr15	83222627	83222741	114	114	74.00	110.00	96.22	99.00	10969.00
chr3	9841562	9841751	189	189	35.00	56.00	44.02	43.00	8320.00
chr1	116937731	116937907	176	176	2454.00	4866.00	3030.42	2824.50	533354.00
chr16	87868019	87868197	178	178	167.00	231.00	194.94	194.00	34699.00
chr3	124209540	124209731	191	191	942.00	1412.00	1149.52	1123.00	219558.00
chr7	71142195	71142291	96	96	956.00	1194.00	1032.19	1006.00	99090.00
chr5	130497324	130497584	260	260	8.00	22.00	16.67	17.00	4333.00
chr13	100199238	100199358	120	120	493.00	771.00	614.62	574.00	73754.00
chr5	139943336	139943506	170	170	12.00	360.00	300.65	317.00	51111.00
chr17	74395529	74396002	473	473	126.00	239.00	186.24	192.00	88091.00
chr14	93179149	93179216	67	67	300.00	406.00	346.88	345.00	23241.00
chr4	160277004	160277310	306	306	66.00	518.00	273.96	286.50	83833.00
chr17	40666306	40666478	172	172	1202.00	1789.00	1492.40	1416.50	256693.00
chr15	34828065	34828207	142	142	2.00	155.00	108.30	119.50	15378.00
chr14	100165802	100165876	74	74	897.00	1158.00	1022.88	1028.00	75693.00
chr22	20128089	20128231	142	142	9.00	264.00	148.93	208.50	21148.00
chr12	3392210	3394421	2211	2211	3.00	147.00	65.84	65.00	145572.00
chr17	16687866	16690667	2801	2801	2.00	106.00	20.02	14.00	56079.00
chr6	31664724	31664810	86	86	255.00	353.00	287.98	285.00	24766.00
chr6	30627512	30627611	99	99	53.00	70.00	62.51	63.00	6188.00
chr11	18752834	18755060	2226	2226	1.00	1027.00	108.63	33.00	241801.00
chr12	109332602	109332731	129	129	708.00	990.00	841.69	863.00	108578.00
chr6	90072884	90073110	226	226	24.00	45.00	38.60	40.00	8724.00
chr16	2689371	2689711	340	340	0.00	4.00	1.09	1.00	372.00
chr1	20987373	20987484	111	111	434.00	578.00	523.40	528.00	58097.00
chr14	85985300	85986667	1367	1367	8.00	38.00	19.26	19.00	26326.00
chr13	32863769	32863880	111	111	110.00	216.00	160.24	170.00	17787.00
chr16	1510418	1510528	110	110	130.00	154.00	139.06	138.00	15297.00
chr19	54963269	54963444	175	175	265.00	375.00	315.11	319.00	55145.00
chr6	44224078	44224233	155	155	62.00	88.00	76.96	78.00	11929.00
chr20	3151172	3152285	1113	1113	10.00	44.00	24.83	24.00	27637.00
chr1	892273	892405	132	132	178.00	302.00	230.72	228.50	30455.00
chr16	90192167	90192724	557	557	2.00	25.00	14.44	16.00	8041.00
chr9	111663704	111663810	106	106	73.00	102.00	85.45	86.50	9058.00
chr6	44108764	44108835	71	71	238.00	319.00	274.30	275.00	19475.00
chr1	36028802	36029027	225	225	2818.00	4353.00	3507.44	3359.00	789175.00
chr11	66807259	66807674	415	415	10.00	308.00	216.96	224.00	90037.00
chr1	178426817	178427679	862	862	33.00	86.00	53.46	52.00	46082.00
chr19	42482302	42482478	176	176	2480.00	4222.00	3069.95	3001.50	540312.00
chr1	44084718	44084873	155	155	228.00	641.00	422.16	380.00	65435.00
chr1	109812315	109812442	127	127	387.00	480.00	430.62	428.00	54689.00
chr3	180324268	180324391	123	123	76.00	107.00	94.07	95.00	11571.00
chr15	63933668	63933842	174	174	146.00	251.00	189.22	177.00	32925.00
chr20	44521363	44521519	156	156	299.00	373.00	337.15	342.00	52596.00
chr3	33416779	33416910	131	131	254.00	536.00	363.69	360.00	47643.00
chr1	21934624	21934843	219	219	8.00	1332.00	570.24	770.00	124883.00
chr14	69799801	69799886	85	85	100.00	148.00	130.33	132.00	11078.00
chr1	116936134	116936345	211	211	0.00	3378.00	2774.36	3005.00	585391.00
chr14	23634493	23634645	152	152	53.00	100.00	80.60	86.00	12251.00
chr16	1402538	1402947	409	409	7.00	23.00	15.55	15.00	6361.00
chr9	20331	25000	4669	4669	0.00	178.00	43.87	43.00	204816.00
chr17	43545574	43545959	385	385	34.00	48.00	40.60	40.00	15632.00
chr13	100201418	100201476	58	58	496.00	576.00	540.45	538.00	31346.00
chr15	41865505	41865665	160	160	606.00	1065.00	823.17	819.50	131707.00
chr19	19641688	19642196	508	508	9.00	27.00	16.94	16.00	8608.00
chr11	134147593	134148159	566	566	27.00	60.00	39.91	39.00	22588.00
chr2	71656420	71657290	870	870	1.00	10.00	5.47	5.00	4757.00
chr7	97834775	97835016	241	241	178.00	302.00	235.47	247.00	56749.00
chr19	13363804	13363915	111	111	143.00	180.00	160.61	160.00	17828.00
chr18	31328383	31329011	628	628	4.00	27.00	13.13	12.00	8243.00
chr16	66431884	66432009	125	125	26.00	44.00	36.15	36.00	4519.00
chr19	47935155	47935702	547	547	6.00	2361.00	771.55	701.00	422037.00
chr12	50291769	50291873	104	104	1816.00	2605.00	2032.06	2031.50	211334.00
chr11	1780198	1780317	119	119	1114.00	1832.00	1357.20	1334.00	161507.00
chr15	65392626	65393167	541	541	5.00	17.00	9.94	10.00	5379.00
chr2	86397871	86397967	96	96	170.00	258.00	227.41	244.50	21831.00
chr7	97866087	97866233	146	146	215.00	282.00	248.09	248.00	36221.00
chr11	60687157	60687402	245	245	205.00	339.00	281.63	293.00	68999.00
chr21	43307700	43309453	1753	1753	13.00	58.00	32.33	33.00	56671.00
chr14	24619269	24619657	388	388	34.00	96.00	48.57	44.00	18845.00
chr11	65320634	65320727	93	93	91.00	111.00	99.48	98.00	9252.00
chr16	29891184	29891385	201	201	924.00	1256.00	1089.91	1097.00	219071.00
chr1	32207224	32207326	102	102	1157.00	1545.00	1370.68	1393.00	139809.00
chr11	72300218	72300394	176	176	4.00	959.00	306.23	13.00	53896.00
chr17	7608878	7609038	160	160	83.00	301.00	201.07	220.00	32172.00
chr19	7607646	7607814	168	168	149.00	273.00	211.11	222.00	35467.00
chr19	54966129	54966271	142	142	145.00	250.00	214.07	220.00	30398.00
chr12	57995027	57995131	104	104	274.00	359.00	322.35	326.00	33524.00
chr1	27428875	27429049	174	174	96.00	127.00	112.30	111.50	19541.00
chr2	27688277	27688385	108	108	57.00	80.00	70.27	69.50	7589.00
chr16	2691449	2692254	805	805	0.00	24.00	2.62	1.00	2111.00
chr9	131503813	131503933	120	120	565.00	716.00	630.04	628.50	75605.00
chr16	2347766	2347922	156	156	223.00	377.00	295.87	297.50	46155.00
chr17	80039884	80040036	152	152	382.00	502.00	442.82	446.00	67308.00
chr1	32204432	32204538	106	106	953.00	1737.00	1295.26	1216.50	137298.00
chr12	9242951	9243078	127	127	205.00	247.00	228.67	230.00	29041.00
chr3	49702661	49702751	90	90	336.00	416.00	383.79	387.00	34541.00
chr19	35820359	35820837	478	478	7.00	21.00	11.66	11.00	5573.00
chr1	201456762	201457615	853	853	5.00	17.00	10.55	10.00	8997.00
chr16	2334279	2334438	159	159	225.00	384.00	290.00	289.00	46110.00
chr10	73578373	73578481	108	108	4871.00	6156.00	5451.36	5462.50	588747.00
chr16	18530550	18530756	206	206	2.00	847.00	388.99	535.50	80132.00
chr16	16369094	16369300	206	206	2.00	872.00	394.03	542.00	81171.00
chr13	113975636	113975785	149	149	9.00	705.00	305.62	16.00	45538.00
chr11	119293822	119294227	405	405	24.00	13159.00	1082.50	126.00	438414.00
chr5	150505962	150506041	79	79	1695.00	2815.00	2259.62	2234.00	178510.00
chr22	44224939	44225078	139	139	1540.00	2078.00	1749.75	1701.00	243215.00
chr15	41865199	41865309	110	110	616.00	831.00	718.39	707.00	79023.00
chr17	25633807	25636298	2491	2491	21.00	449.00	175.02	196.00	435982.00
chr15	72495155	72495529	374	374	8.00	4952.00	2058.00	27.00	769692.00
chr9	42540272	42542124	1852	1852	1.00	11.00	5.29	5.00	9800.00
chr11	119290760	119291704	944	944	5.00	16724.00	3755.40	19.00	3545095.00
chr19	5219949	5220165	216	216	291.00	493.00	369.91	352.50	79900.00
chr15	63910769	63911153	384	384	0.00	11.00	5.02	5.00	1927.00
chr17	74393879	74393969	90	90	225.00	325.00	273.38	284.50	24604.00
chr10	104129467	104129532	65	65	104.00	129.00	117.05	116.00	7608.00
chr3	142454224	142454620	396	396	1.00	17.00	7.80	8.00	3087.00
chr12	121205196	121205396	200	200	236.00	327.00	285.86	290.00	57171.00
chr3	31705570	31705724	154	154	65.00	92.00	79.35	79.00	12220.00
chr6	118635190	118636593	1403	1403	34.00	336.00	211.35	206.00	296518.00
chr8	10339867	10340829	962	962	4.00	26.00	13.26	13.00	12752.00
chr19	16952578	16952779	201	201	223.00	397.00	311.61	320.00	62633.00
chr8	110984486	110985016	530	530	211.00	408.00	312.01	317.00	165365.00
chr9	128001219	128001610	391	391	635.00	1713.00	1235.23	1303.00	482976.00
chr11	73070878	73070997	119	119	195.00	225.00	209.22	208.00	24897.00
chr10	104130140	104130235	95	95	120.00	161.00	148.52	150.00	14109.00
chr5	95733039	95733173	134	134	231.00	332.00	275.26	280.00	36885.00
chr19	59059400	59059547	147	147	386.00	551.00	471.88	479.00	69367.00
chr5	139943169	139943255	86	86	20.00	230.00	188.37	203.50	16200.00
chr17	73487771	73487981	210	210	84.00	179.00	117.45	113.00	24665.00
chr1	154315588	154315777	189	189	38.00	64.00	49.58	47.00	9370.00
chr14	95652726	95653070	344	344	4.00	20.00	10.15	10.00	3490.00
chr12	123639801	123640772	971	971	10.00	32.00	19.05	19.00	18496.00
chr22	47064870	47065171	301	301	3.00	12.00	8.08	8.00	2432.00
chr5	24535220	24535388	168	168	131.00	208.00	163.71	161.00	27503.00
chr12	6806452	6806958	506	506	269.00	716.00	479.19	473.00	242472.00
chr22	29881711	29881836	125	125	294.00	421.00	343.50	337.00	42937.00
chr7	75894681	75894786	105	105	100.00	140.00	122.75	118.00	12889.00
chr12	121089007	121095893	6886	6886	10.00	180.00	46.54	43.00	320467.00
chr1	207940357	207942365	2008	2008	4.00	302.00	42.06	23.00	84461.00
chr7	154681166	154681240	74	74	635.00	779.00	721.42	735.50	53385.00
chr5	131696513	131697529	1016	1016	4.00	20.00	12.63	13.00	12832.00
chr11	1776135	1776258	123	123	745.00	1478.00	986.90	882.00	121389.00
chr8	11706554	11706673	119	119	1962.00	2380.00	2166.74	2167.00	257842.00
chr11	18759426	18759511	85	85	561.00	669.00	605.02	599.00	51427.00
chr16	61689373	61689625	252	252	149.00	253.00	204.09	206.00	51431.00
chr15	51750702	51750824	122	122	247.00	369.00	325.49	338.50	39710.00
chr9	35555056	35555698	642	642	322.00	742.00	528.95	547.50	339585.00
chr2	198356200	198356621	421	421	0.00	14.00	5.90	7.00	2484.00
chr9	131001723	131001794	71	71	4768.00	6005.00	5217.66	5131.00	370454.00
chr19	5214371	5214491	120	120	681.00	857.00	732.96	719.00	87955.00
chr22	35719488	35719623	135	135	209.00	291.00	263.40	271.00	35559.00
chr12	121678738	121679829	1091	1091	11.00	60.00	24.71	22.00	26955.00
chr14	23820960	23821064	104	104	2046.00	2583.00	2364.12	2395.00	245868.00
chr1	32205710	32205779	69	69	792.00	1078.00	946.45	950.00	65305.00
chr3	33420176	33420326	150	150	6.00	485.00	166.35	11.00	24952.00
chr9	114820707	114820966	259	259	41.00	87.00	61.35	63.00	15889.00
chr15	41865876	41866023	147	147	30.00	1626.00	1163.93	1285.00	171098.00
chr19	55554308	55554637	329	329	9.00	21.00	16.10	16.00	5296.00
chr1	116933403	116933513	110	110	2952.00	3840.00	3457.55	3388.50	380330.00
chr19	15374230	15374359	129	129	89.00	199.00	142.79	142.00	18420.00
chr12	56090682	56090852	170	170	27.00	49.00	39.50	42.00	6715.00
chr14	69445668	69445876	208	208	81.00	388.00	232.46	248.00	48352.00
chr12	57603474	57603651	177	177	237.00	421.00	317.22	312.00	56148.00
chr22	32897492	32898946	1454	1454	11.00	148.00	70.00	68.00	101777.00
chr16	16367702	16367764	62	62	23.00	577.00	295.87	315.00	18344.00
chr19	5245786	5246056	270	270	191.00	487.00	314.28	292.00	84856.00
chr16	74345440	74345829	389	389	2.00	15.00	7.31	7.00	2843.00
chr6	107096899	107097076	177	177	36.00	61.00	50.73	52.00	8979.00
chr1	29641883	29642019	136	136	63.00	101.00	80.04	78.00	10885.00
chr8	97342440	97342509	69	69	306.00	408.00	352.57	356.00	24327.00
chr8	68116914	68117054	140	140	102.00	214.00	151.13	156.50	21158.00
chr22	22037470	22037546	76	76	83.00	121.00	104.26	106.00	7924.00
chr22	50682147	50683420	1273	1273	9.00	193.00	110.40	109.00	140544.00
chr20	44048971	44049069	98	98	270.00	332.00	301.42	302.00	29539.00
chr1	36904356	36904511	155	155	76.00	114.00	90.83	88.00	14078.00
chr12	71054719	71054877	158	158	202.00	312.00	243.96	237.00	38546.00
chr15	50654364	50655515	1151	1151	5.00	24.00	13.40	13.00	15423.00
chr2	234198499	234198620	121	121	94.00	133.00	114.60	116.00	13866.00
chr9	128001699	128001812	113	113	779.00	971.00	855.71	844.00	96695.00
chr8	38272296	38272419	123	123	98.00	138.00	117.73	118.00	14481.00
chr11	73068069	73068179	110	110	150.00	192.00	169.41	171.00	18635.00
chr16	28123137	28123327	190	190	205.00	349.00	292.71	307.50	55614.00
chr12	49424062	49424222	160	160	23.00	56.00	36.61	30.50	5858.00
chr19	50302885	50303023	138	138	571.00	832.00	682.15	609.50	94137.00
chr19	42480567	42480718	151	151	4627.00	6647.00	5723.56	5751.00	864257.00
chr3	197904395	197905301	906	906	0.00	19.00	9.07	9.00	8213.00
chr13	100189992	100190117	125	125	442.00	553.00	501.42	502.00	62677.00
chr19	14268062	14268272	210	210	347.00	732.00	529.85	546.50	111268.00
chr10	93786886	93787057	171	171	53.00	82.00	69.13	70.00	11822.00
chr1	109808726	109808828	102	102	240.00	311.00	271.17	270.50	27659.00
chr4	134075461	134075520	59	59	397.00	553.00	466.44	473.00	27520.00
chr1	22052268	22053864	1596	1596	6.00	37.00	15.24	14.00	24328.00
chr9	140056855	140056968	113	113	2350.00	3134.00	2700.22	2766.00	305125.00
chr19	42482087	42482224	137	137	4274.00	6336.00	5087.21	5124.00	696948.00
chr19	4556962	4557025	63	63	861.00	1130.00	1034.00	1050.00	65142.00
chr19	14266921	14267013	92	92	389.00	525.00	465.74	482.00	42848.00
chr22	42273851	42274127	276	276	8.00	1531.00	751.66	854.50	207457.00
chr1	205549788	205550049	261	261	464.00	729.00	550.70	531.00	143734.00
chr1	110765585	110766522	937	937	85.00	246.00	172.84	169.00	161951.00
chr19	55553595	55554158	563	563	17.00	44.00	27.25	26.00	15342.00
chr7	150929881	150931360	1479	1479	40.00	197.00	85.70	82.00	126749.00
chr3	124215157	124215260	103	103	854.00	1415.00	1136.78	1212.00	117088.00
chr16	58220658	58220760	102	102	148.00	185.00	165.65	167.00	16896.00
chr3	10381925	10382033	108	108	951.00	1239.00	1155.75	1159.50	124821.00
chr10	11356101	11356221	120	120	140.00	161.00	151.32	153.00	18158.00
chr22	42294652	42294785	133	133	765.00	1093.00	957.75	1021.00	127381.00
chr1	2005531	2005714	183	183	35.00	112.00	78.21	79.00	14312.00
chr12	113722522	113722576	54	54	59.00	70.00	62.91	62.50	3397.00
chr9	131502198	131502398	200	200	11.00	764.00	645.25	684.00	129051.00
chr19	40873602	40873786	184	184	2356.00	3354.00	2920.95	3011.50	537455.00
chr2	220162606	220162825	219	219	707.00	1172.00	915.55	906.00	200506.00
chr16	28270027	28270355	328	328	14.00	218.00	119.15	117.00	39081.00
chr4	3225718	3225858	140	140	186.00	247.00	215.55	212.00	30177.00
chr17	44127898	44128070	172	172	66.00	93.00	79.12	79.00	13609.00
chr3	47462043	47462262	219	219	144.00	309.00	214.08	206.00	46883.00
chr6	99873090	99873182	92	92	11.00	333.00	122.17	96.50	11240.00
chr7	142561723	142562504	781	781	428.00	1131.00	686.76	659.00	536362.00
chr1	159169540	159169666	126	126	2047.00	2947.00	2569.29	2666.00	323730.00
chr19	7606869	7606953	84	84	84.00	118.00	99.35	96.00	8345.00
chr16	2811561	2818298	6737	6737	3.00	524.00	257.71	241.00	1736187.00
chr3	47450652	47450807	155	155	69.00	113.00	93.72	96.00	14527.00
chr11	118403631	118403922	291	291	202.00	301.00	238.73	236.00	69471.00
chr1	205555161	205555335	174	174	545.00	691.00	617.18	620.50	107390.00
chr12	125603186	125603311	125	125	229.00	286.00	251.06	249.00	31383.00
chr11	86658288	86659498	1210	1210	8.00	47.00	21.85	20.00	26439.00
chr22	37764946	37768745	3799	3799	8.00	737.00	265.47	234.00	1008507.00
chr10	46345664	46346215	551	551	3.00	23.00	12.83	11.00	7071.00
chr22	33673045	33673241	196	196	419.00	939.00	581.60	515.00	113994.00
chr9	140042599	140042666	67	67	8.00	349.00	283.34	292.00	18984.00
chr3	48717233	48717320	87	87	201.00	236.00	220.20	221.00	19157.00
chr11	60681600	60681740	140	140	24.00	281.00	146.54	121.00	20515.00
chr10	93784512	93784724	212	212	42.00	79.00	64.57	70.00	13689.00
chr12	7289424	7290372	948	948	4.00	1318.00	335.80	15.00	318339.00
chr3	132387062	132387526	464	464	5.00	12.00	9.05	9.00	4197.00
chr16	2335442	2335647	205	205	264.00	425.00	349.40	348.00	71627.00
chr16	1794782	1797276	2494	2494	11.00	819.00	88.60	29.00	220957.00
chr16	3786036	3786204	168	168	124.00	166.00	139.38	139.00	23415.00
chr9	141131209	141131766	557	557	0.00	14.00	4.96	3.00	2761.00
chr14	92965028	92966015	987	987	15.00	71.00	39.85	39.00	39331.00
chr19	54692070	54692200	130	130	343.00	867.00	556.30	479.00	72319.00
chr15	43866006	43866230	224	224	147.00	261.00	192.69	192.00	43163.00
chr3	40231316	40231954	638	638	86.00	196.00	120.36	114.00	76791.00
chr3	50148937	50149455	518	518	10.00	26.00	15.42	14.00	7986.00
chr4	81117505	81117755	250	250	63.00	152.00	104.95	106.00	26238.00
chr10	46740404	46740638	234	234	0.00	13.00	6.15	6.00	1438.00
chr3	124210169	124210271	102	102	852.00	1071.00	941.80	942.50	96064.00
chr11	107488830	107488932	102	102	556.00	652.00	606.23	607.50	61835.00
chr9	130591965	130592106	141	141	61.00	94.00	78.44	79.00	11060.00
chr1	20981932	20982027	95	95	482.00	586.00	542.41	548.00	51529.00
chr12	75875613	75875859	246	246	52.00	78.00	65.35	65.50	16075.00
chr22	32046684	32046764	80	80	112.00	164.00	145.68	146.00	11654.00
chr11	70331418	70331658	240	240	54.00	211.00	125.39	125.00	30093.00
chr14	51079976	51080069	93	93	803.00	940.00	861.69	859.00	80137.00
chr17	80041077	80041301	224	224	335.00	1057.00	660.23	599.50	147892.00
chr7	158540884	158540971	87	87	143.00	202.00	167.76	163.00	14595.00
chr1	21553651	21553719	68	68	68.00	82.00	75.38	75.50	5126.00
chr2	219206256	219206349	93	93	142.00	243.00	188.53	192.00	17533.00
chr17	18444211	18445242	1031	1031	0.00	44.00	17.48	18.00	18025.00
chr12	57599340	57599460	120	120	221.00	299.00	256.47	259.50	30776.00
chr11	64417919	64418110	191	191	485.00	707.00	619.68	645.00	118359.00
chr19	3274926	3275650	724	724	15.00	34.00	23.16	23.00	16767.00
chr16	18532086	18532305	219	219	722.00	1427.00	1031.87	1070.00	225980.00
chr17	3776702	3776756	54	54	1042.00	1328.00	1229.74	1230.00	66406.00
chr1	116932670	116933033	363	363	4.00	4262.00	1946.95	2997.00	706744.00
chr16	1505731	1505796	65	65	253.00	315.00	295.31	297.00	19195.00
chr1	9794029	9794200	171	171	4118.00	4789.00	4463.09	4488.00	763189.00
chr10	73579221	73579379	158	158	4070.00	6338.00	4963.89	5103.50	784294.00
chr11	6411684	6412146	462	462	32.00	189.00	129.98	134.00	60052.00
chr1	159163212	159163350	138	138	1863.00	2548.00	2047.42	2019.50	282544.00
chr16	1816723	1816804	81	81	700.00	851.00	785.68	793.00	63640.00
chr7	91722399	91722630	231	231	2.00	143.00	115.29	119.00	26631.00
chr7	44281816	44281939	123	123	1431.00	1774.00	1599.02	1620.00	196680.00
chr2	220467189	220467297	108	108	29.00	50.00	43.03	44.00	4647.00
chr16	4494664	4494729	65	65	275.00	378.00	328.46	327.00	21350.00
chr15	34681844	34681986	142	142	3.00	269.00	163.33	164.00	23193.00
chr9	139995935	139996124	189	189	123.00	296.00	228.65	250.00	43215.00
chr3	180324040	180324160	120	120	77.00	102.00	94.22	96.00	11307.00
chr3	42678359	42681242	2883	2883	22.00	103.00	58.45	57.00	168499.00
chr7	131812776	131815333	2557	2557	10.00	140.00	69.33	69.00	177281.00
chr20	1585387	1585522	135	135	51.00	829.00	456.85	461.00	61675.00
chr3	126751229	126751442	213	213	229.00	300.00	270.62	272.00	57643.00
chr15	63920875	63921014	139	139	181.00	377.00	282.03	306.00	39202.00
chr16	2040128	2040202	74	74	45.00	171.00	109.95	105.50	8136.00
chr9	74324174	74324390	216	216	62.00	91.00	75.16	75.00	16234.00
chr20	44521858	44521950	92	92	334.00	395.00	358.59	353.50	32990.00
chr9	139911647	139911798	151	151	330.00	434.00	390.12	398.00	58908.00
chr9	140055507	140055649	142	142	2814.00	4753.00	3774.13	3331.00	535926.00
chr12	120148055	120148191	136	136	205.00	304.00	254.10	258.00	34558.00
chr12	50474280	50474372	92	92	155.00	216.00	181.92	186.50	16737.00
chr15	63125702	63125828	126	126	295.00	432.00	340.29	338.00	42877.00
chr9	20907148	20907241	93	93	102.00	135.00	118.94	121.00	11061.00
chr16	87874655	87874761	106	106	186.00	274.00	237.57	233.50	25182.00
chr2	162833269	162833460	191	191	5.00	1181.00	602.93	902.00	115159.00
chr8	11704560	11704677	117	117	1639.00	2061.00	1862.50	1860.00	217912.00
chr15	63926931	63927087	156	156	240.00	373.00	324.53	327.50	50626.00
chr6	31668718	31668805	87	87	273.00	357.00	296.84	289.00	25825.00
chr7	148910792	148910906	114	114	35.00	69.00	56.89	61.00	6486.00
chr14	42355808	42357213	1405	1405	89.00	256.00	149.31	142.00	209778.00
chr10	88678928	88679226	298	298	20.00	52.00	33.99	33.00	10130.00
chr3	140998219	140998346	127	127	64.00	118.00	88.20	84.00	11201.00
chr1	144859758	144859998	240	240	103.00	227.00	148.15	152.00	35556.00
chr9	96054772	96055455	683	683	105.00	382.00	235.67	229.00	160960.00
chr19	7604803	7604944	141	141	136.00	220.00	156.76	148.00	22103.00
chr12	30906277	30907432	1155	1155	7.00	92.00	34.12	25.00	39412.00
chr9	131112762	131112854	92	92	133.00	325.00	247.65	250.00	22784.00
chr20	61981328	61982379	1051	1051	81.00	201.00	133.83	128.00	140654.00
chr7	38431348	38431618	270	270	417.00	956.00	619.72	568.00	167324.00
chr20	44521036	44521123	87	87	249.00	341.00	280.00	282.00	24360.00
chr11	64418726	64419108	382	382	318.00	682.00	502.78	507.00	192063.00
chr12	120148344	120150270	1926	1926	4.00	388.00	50.65	17.00	97550.00
chr12	6930971	6931066	95	95	14.00	1082.00	531.73	490.00	50514.00
chr16	2339434	2339621	187	187	149.00	327.00	214.06	207.00	40029.00
chr2	27700083	27700187	104	104	56.00	74.00	67.62	69.00	7033.00
chr14	69805367	69805494	127	127	110.00	184.00	149.63	146.00	19003.00
chr12	9242497	9242619	122	122	210.00	296.00	247.86	251.00	30239.00
chr3	58256658	58256791	133	133	126.00	245.00	171.87	154.00	22859.00
chr10	79744927	79745098	171	171	141.00	190.00	155.80	150.00	26641.00
chr1	159161725	159161866	141	141	1126.00	1822.00	1519.35	1587.00	214228.00
chr16	31085202	31085519	317	317	8.00	48.00	33.07	34.00	10483.00
chr1	171755018	171755218	200	200	85.00	129.00	105.69	104.50	21139.00
chr9	130988124	130989280	1156	1156	5.00	3068.00	365.43	36.00	422441.00
chr15	63127935	63127998	63	63	295.00	364.00	322.59	316.00	20323.00
chr19	1917676	1917821	145	145	6.00	339.00	228.14	233.00	33080.00
chr22	25315792	25315960	168	168	100.00	149.00	121.65	119.00	20437.00
chr2	207943790	207945085	1295	1295	37.00	93.00	59.97	59.00	77657.00
chr11	47330706	47330952	246	246	7.00	1125.00	493.15	14.00	121314.00
chr3	142743978	142746095	2117	2117	5.00	125.00	18.08	13.00	38279.00
chr7	44839492	44839694	202	202	4.00	12.00	8.42	8.00	1701.00
chr22	31688260	31688471	211	211	15.00	253.00	150.68	152.00	31793.00
chr11	66333492	66333638	146	146	693.00	918.00	829.16	839.50	121058.00
chr9	131114916	131115026	110	110	319.00	378.00	350.19	350.50	38521.00
chr1	20206	21013	807	807	7.00	143.00	67.23	66.00	54251.00
chr11	108216469	108216635	166	166	24.00	55.00	46.11	48.00	7654.00
chr1	209778880	209779019	139	139	337.00	515.00	433.47	456.00	60253.00
chr1	202935876	202936026	150	150	219.00	343.00	264.07	249.00	39611.00
chr12	57600255	57600524	269	269	211.00	336.00	288.32	295.00	77557.00
chr19	15233503	15233615	112	112	82.00	104.00	91.76	91.50	10277.00
chr8	68115317	68115486	169	169	127.00	202.00	173.12	182.00	29258.00
chr19	13419229	13419342	113	113	83.00	113.00	97.38	97.00	11004.00
chr6	33266815	33267130	315	315	7.00	73.00	36.31	35.00	11438.00
chr16	89780611	89781646	1035	1035	8.00	49.00	24.63	24.00	25488.00
chr12	109964162	109964221	59	59	91.00	109.00	101.41	101.00	5983.00
chr22	24491893	24492045	152	152	66.00	125.00	91.20	88.00	13863.00
chr2	242592926	242593025	99	99	282.00	393.00	332.86	332.00	32953.00
chr1	21937944	21938074	130	130	879.00	1799.00	1352.07	1474.00	175769.00
chr2	223789173	223789313	140	140	390.00	506.00	452.85	457.50	63399.00
chr20	3772318	3772535	217	217	3.00	10.00	5.57	6.00	1208.00
chr16	18531918	18532001	83	83	1051.00	1460.00	1260.00	1273.00	104580.00
chr1	43396296	43396537	241	241	151.00	286.00	216.65	211.00	52213.00
chr2	100037960	100038115	155	155	57.00	80.00	70.97	70.00	11000.00
chr16	1500497	1500770	273	273	6.00	266.00	142.12	190.00	38800.00
chr19	40876016	40876144	128	128	2434.00	3215.00	2870.18	2880.50	367383.00
chr5	168112691	168112932	241	241	45.00	82.00	63.49	63.00	15302.00
chr2	127825738	127825831	93	93	723.00	843.00	772.68	769.00	71859.00
chr1	19232015	19234990	2975	2975	13.00	218.00	52.87	45.00	157289.00
chr16	1391129	1391196	67	67	301.00	389.00	342.63	345.00	22956.00
chr6	33410665	33411689	1024	1024	23.00	882.00	410.22	396.00	420066.00
chr9	95872033	95872266	233	233	2.00	8.00	5.00	5.00	1164.00
chr1	53378627	53378839	212	212	6.00	12.00	9.28	10.00	1967.00
chr2	80531276	80531693	417	417	75.00	169.00	141.25	144.00	58901.00
chr7	44286718	44286791	73	73	1335.00	1657.00	1480.30	1495.00	108062.00
chr7	157369304	157369471	167	167	704.00	994.00	829.81	847.00	138579.00
chr11	18755079	18755191	112	112	6.00	670.00	423.41	538.00	47422.00
chr6	86237979	86238080	101	101	216.00	263.00	240.73	242.00	24314.00
chr8	145000951	145001050	99	99	86.00	130.00	106.36	102.00	10530.00
chr19	45167680	45167966	286	286	17.00	36.00	26.84	27.00	7677.00
chr10	48930165	48930400	235	235	0.00	7.00	4.12	4.00	968.00
chr16	87871450	87871547	97	97	204.00	256.00	235.88	240.00	22880.00
chr1	109815454	109815649	195	195	399.00	599.00	457.58	447.00	89228.00
chr1	208215442	208215711	269	269	101.00	158.00	132.82	134.00	35729.00
chr2	260866	261451	585	585	5.00	34.00	19.50	19.00	11405.00
chr5	180481266	180481724	458	458	5.00	23.00	13.80	15.00	6319.00
chr7	73119479	73119631	152	152	19.00	4141.00	1727.62	27.00	262598.00
chr15	34677248	34677358	110	110	235.00	324.00	270.50	277.00	29755.00
chr16	57687114	57687247	133	133	88.00	127.00	108.59	108.00	14443.00
chr15	50649406	50649592	186	186	9.00	21.00	14.48	14.50	2693.00
chr22	21071995	21072066	71	71	2190.00	2505.00	2342.62	2347.00	166326.00
chr5	179200882	179201561	679	679	5.00	52.00	35.31	36.00	23978.00
chr10	98763824	98763979	155	155	317.00	399.00	355.42	352.00	55090.00
chr14	102963315	102963457	142	142	137.00	208.00	160.61	151.00	22807.00
chr1	21932558	21933138	580	580	6.00	1588.00	306.61	22.00	177833.00
chr16	28118842	28118998	156	156	231.00	358.00	289.64	291.00	45184.00
chr1	241767561	241767881	320	320	95.00	174.00	134.57	137.00	43064.00
chr11	66812063	66812184	121	121	265.00	436.00	325.55	299.00	39392.00
chr11	12248571	12248678	107	107	747.00	966.00	871.67	873.00	93269.00
chr9	130588788	130588951	163	163	38.00	94.00	68.67	71.00	11194.00
chr22	21068915	21068988	73	73	2058.00	2572.00	2352.00	2387.00	171696.00
chr1	43424304	43424531	227	227	10.00	286.00	185.69	223.00	42152.00
chr14	105852021	105853670	1649	1649	7.00	220.00	30.56	27.00	50387.00
chr15	34823469	34823579	110	110	252.00	343.00	293.51	305.00	32286.00
chr11	171365	172282	917	917	0.00	19.00	9.20	9.00	8436.00
chr22	24493976	24494155	179	179	72.00	138.00	108.73	113.00	19463.00
chr15	79291060	79291167	107	107	605.00	717.00	658.05	659.00	70411.00
chr16	2145904	2146194	290	290	11.00	30.00	19.49	20.00	5653.00
chr9	131503050	131503166	116	116	615.00	798.00	691.68	686.00	80235.00
chr11	61301983	61302579	596	596	8.00	36.00	21.60	22.00	12871.00
chr22	25308609	25308719	110	110	89.00	138.00	118.91	119.00	13080.00
chr12	63977826	63979986	2160	2160	0.00	39.00	10.42	10.00	22500.00
chr19	46928844	46930933	2089	2089	18.00	550.00	270.10	277.00	564242.00
chr16	56969146	56969224	78	78	202.00	249.00	224.68	223.50	17525.00
chr17	40665787	40665996	209	209	4.00	2527.00	1038.07	1513.00	216956.00
chr9	131669435	131671600	2165	2165	104.00	333.00	195.97	185.00	424269.00
chr2	220164026	220164271	245	245	29.00	1711.00	541.64	38.00	132702.00
chr19	7589846	7590052	206	206	80.00	217.00	130.95	128.00	26976.00
chr6	91260186	91260268	82	82	118.00	146.00	130.23	131.00	10679.00
chr9	124543742	124543830	88	88	335.00	428.00	377.81	379.50	33247.00
chr12	54071005	54071170	165	165	7.00	23.00	15.93	16.00	2629.00
chr2	40443	41212	769	769	19.00	55.00	37.22	36.00	28619.00
chr11	67852159	67852747	588	588	4.00	20.00	12.83	12.00	7544.00
chr8	8233762	8234810	1048	1048	9.00	158.00	77.56	65.00	81286.00
chr2	175671113	175672148	1035	1035	2.00	18.00	9.29	9.00	9612.00
chr7	138984922	138985438	516	516	3.00	16.00	8.87	8.00	4575.00
chr22	40816850	40817104	254	254	163.00	307.00	236.31	234.50	60024.00
chr19	14263120	14263249	129	129	428.00	628.00	504.62	485.00	65096.00
chr19	16962222	16962345	123	123	217.00	440.00	341.85	358.00	42047.00
chr1	109813838	109813918	80	80	312.00	412.00	356.38	349.00	28510.00
chr3	49898148	49898562	414	414	5.00	1728.00	811.42	1317.00	335928.00
chr17	17131202	17131510	308	308	10.00	146.00	104.46	112.00	32175.00
chr1	21936067	21936139	72	72	556.00	785.00	650.19	634.00	46814.00
chr3	130424404	130424615	211	211	80.00	115.00	97.27	96.00	20523.00
chr12	56532710	56532797	87	87	100.00	117.00	107.51	107.00	9353.00
chr16	29888591	29888788	197	197	823.00	1214.00	996.54	983.00	196318.00
chr2	114394588	114396196	1608	1608	4.00	40.00	18.31	17.00	29450.00
chr3	124180736	124180803	67	67	658.00	766.00	725.99	742.00	48641.00
chr9	111798485	111798660	175	175	103.00	150.00	122.02	121.00	21353.00
chr10	73847897	73848372	475	475	40.00	1761.00	497.66	363.00	236390.00
chr22	21075585	21075706	121	121	1140.00	2271.00	1862.88	2006.00	225409.00
chr22	20920753	20921104	351	351	66.00	246.00	151.47	159.00	53167.00
chr9	140953020	140953185	165	165	95.00	191.00	153.44	170.00	25317.00
chr22	41620970	41621075	105	105	124.00	182.00	154.76	154.00	16250.00
chr11	6243671	6243839	168	168	92.00	152.00	125.18	128.00	21031.00
chr15	74704225	74704353	128	128	196.00	363.00	278.70	301.00	35673.00
chr3	48719780	48719985	205	205	155.00	259.00	215.15	218.00	44105.00
chr1	222833247	222833348	101	101	105.00	172.00	140.94	138.00	14235.00
chr1	6583675	6584824	1149	1149	11.00	99.00	63.32	63.00	72751.00
chr11	126135857	126135976	119	119	337.00	405.00	378.60	382.00	45053.00
chr8	75156763	75157410	647	647	49.00	100.00	77.25	78.00	49982.00
chr15	83345212	83345389	177	177	323.00	436.00	375.37	373.00	66441.00
chr14	68031638	68032561	923	923	0.00	28.00	10.36	10.00	9565.00
chr19	42479780	42479949	169	169	3971.00	5719.00	4876.07	4818.00	824055.00
chr16	31503329	31503407	78	78	353.00	508.00	438.22	451.00	34181.00
chr17	1564564	1564700	136	136	235.00	359.00	286.38	265.00	38948.00
chr16	58717858	58718082	224	224	52.00	109.00	83.38	86.00	18677.00
chr14	71575320	71575763	443	443	60.00	96.00	78.09	78.00	34596.00
chr1	202934498	202934628	130	130	190.00	273.00	222.51	213.00	28926.00
chr7	73118477	73118586	109	109	2173.00	2678.00	2443.53	2454.00	266345.00
chr19	13365908	13366073	165	165	155.00	202.00	175.29	174.00	28923.00
chr10	102265117	102265958	841	841	9.00	37.00	20.39	18.00	17152.00
chr9	139983320	139983457	137	137	170.00	258.00	212.52	204.00	29115.00
chr18	29206245	29206347	102	102	228.00	325.00	268.51	252.50	27388.00
chr12	120578662	120578827	165	165	53.00	92.00	65.99	63.00	10889.00
chr5	757516	758226	710	710	1.00	12.00	8.09	8.00	5747.00
chr8	21632483	21632567	84	84	118.00	171.00	144.26	145.50	12118.00
chr4	54011499	54011749	250	250	51.00	144.00	86.55	83.00	21638.00
chr8	141680613	141681365	752	752	3.00	28.00	17.45	17.00	13122.00
chr11	57367351	57367850	499	499	33.00	119.00	70.58	69.00	35220.00
chr12	63980009	63980784	775	775	1.00	15.00	8.61	8.00	6670.00
chr9	140057042	140057203	161	161	7.00	3166.00	2699.29	2875.00	434585.00
chr2	7055953	7056098	145	145	64.00	96.00	82.39	84.00	11947.00
chr12	52387768	52389043	1275	1275	27.00	865.00	308.48	255.00	393312.00
chr19	50104931	50105175	244	244	34.00	169.00	71.19	55.50	17370.00
chr19	5218430	5218543	113	113	568.00	740.00	657.95	660.00	74348.00
chr16	29898969	29899138	169	169	694.00	923.00	779.21	761.00	131686.00
chr7	99030900	99031041	141	141	41.00	75.00	59.07	61.00	8329.00
chr17	36692926	36693212	286	286	5.00	26.00	15.89	17.00	4545.00
chr15	73857770	73859335	1565	1565	8.00	79.00	35.89	36.00	56164.00
chr6	44104085	44104176	91	91	230.00	382.00	304.87	316.00	27743.00
chr1	21938518	21938602	84	84	1037.00	1358.00	1217.25	1230.50	102249.00
chr19	13423482	13423595	113	113	75.00	100.00	88.21	89.00	9968.00
chr16	70292882	70293089	207	207	907.00	1325.00	1144.23	1173.00	236855.00
chr18	61060641	61060782	141	141	106.00	146.00	127.74	127.00	18012.00
chr16	22269814	22270016	202	202	20.00	52.00	35.93	37.00	7257.00
chr1	21554423	21554534	111	111	50.00	79.00	62.75	58.00	6965.00
chr9	140057255	140057455	200	200	11.00	3506.00	2287.61	2779.00	457521.00
chr7	1488255	1488397	142	142	24.00	33.00	28.27	28.00	4014.00
chr14	100166351	100166438	87	87	900.00	1105.00	1015.49	1019.00	88348.00
chr9	101065522	101065705	183	183	608.00	1032.00	825.56	830.00	151077.00
chr5	68411752	68412041	289	289	51.00	114.00	84.98	90.00	24560.00
chr1	2452539	2452754	215	215	116.00	274.00	187.09	169.00	40225.00
chr1	21564626	21564737	111	111	55.00	80.00	67.90	67.00	7537.00
chr13	42037713	42039066	1353	1353	2.00	28.00	12.40	12.00	16779.00
chr2	114350236	114350443	207	207	4.00	68.00	36.91	38.00	7640.00
chr1	21939668	21939722	54	54	1150.00	1314.00	1210.74	1203.50	65380.00
chr9	139353895	139354007	112	112	64.00	89.00	73.64	71.00	8248.00
chr7	102176367	102176618	251	251	2.00	13.00	8.45	9.00	2121.00
chr3	51411753	51412018	265	265	2.00	503.00	165.20	5.00	43778.00
chr17	73888091	73888266	175	175	13.00	34.00	20.41	20.00	3572.00
chr13	103297258	103297435	177	177	5.00	126.00	66.58	97.00	11784.00
chr15	63922664	63922834	170	170	239.00	381.00	304.36	304.00	51741.00
chr3	33400774	33400849	75	75	364.00	460.00	404.61	389.00	30346.00
chr22	50671744	50671955	211	211	74.00	102.00	88.42	88.00	18656.00
chr1	21190968	21191205	237	237	322.00	520.00	410.46	421.00	97278.00
chr5	14481649	14481727	78	78	287.00	313.00	301.14	302.00	23489.00
chr15	101605556	101606410	854	854	7.00	68.00	38.14	42.00	32570.00
chr17	80040402	80040554	152	152	429.00	635.00	533.70	516.00	81122.00
chr2	132269293	132270897	1604	1604	2.00	38.00	20.42	22.00	32751.00
chr11	1778553	1778786	233	233	1335.00	2002.00	1650.39	1683.00	384540.00
chr11	1469616	1469808	192	192	6.00	28.00	15.18	15.00	2915.00
chr12	120138549	120138630	81	81	290.00	337.00	317.32	320.00	25703.00
chr7	901016	901101	85	85	227.00	310.00	265.22	268.00	22544.00
chr19	13372263	13372424	161	161	139.00	203.00	174.53	174.00	28099.00
chr17	40843154	40843311	157	157	439.00	639.00	530.04	527.00	83216.00
chr17	80039476	80039719	243	243	385.00	666.00	510.73	503.00	124107.00
chr17	16681109	16687365	6256	6256	2.00	165.00	54.43	60.00	340507.00
chr1	116935475	116935610	135	135	3004.00	4034.00	3633.61	3701.00	490537.00
chr6	128294808	128294972	164	164	142.00	230.00	187.98	195.00	30829.00
chr5	109189927	109190617	690	690	1.00	9.00	6.13	6.00	4229.00
chr15	40757533	40757634	101	101	37.00	169.00	130.23	132.00	13153.00
chr2	220164706	220164981	275	275	1130.00	2562.00	1816.76	1723.00	499609.00
chr3	164905164	164908639	3475	3475	6.00	208.00	88.78	79.00	308508.00
chr11	60699157	60699356	199	199	172.00	972.00	661.31	659.00	131601.00
chr2	96680301	96680717	416	416	6.00	15.00	10.87	12.00	4520.00
chr17	40845314	40845554	240	240	393.00	744.00	534.78	494.50	128347.00
chr12	125264513	125265391	878	878	7.00	39.00	22.55	22.00	19795.00
chr1	156623704	156624158	454	454	7.00	30.00	17.77	18.00	8069.00
chr6	108370456	108370622	166	166	127.00	167.00	148.70	150.00	24684.00
chr11	19180486	19180587	101	101	33.00	57.00	41.63	38.00	4205.00
chr19	42489069	42489338	269	269	1146.00	2413.00	1923.92	2075.00	517535.00
chr2	198274493	198274731	238	238	179.00	248.00	209.47	207.00	49853.00
chr6	47220991	47221257	266	266	225.00	356.00	298.35	293.00	79361.00
chr19	40872679	40872822	143	143	3271.00	5021.00	4266.87	4461.00	610162.00
chr19	54693278	54693627	349	349	20.00	179.00	84.49	76.00	29487.00
chr12	81929	82174	245	245	8.00	53.00	33.83	36.00	8288.00
chr21	45513943	45514114	171	171	84.00	150.00	116.71	115.00	19957.00
chr3	124201630	124201747	117	117	2.00	1000.00	700.19	864.00	81922.00
chr17	79805118	79805223	105	105	551.00	692.00	630.14	653.00	66165.00
chr20	46307419	46307548	129	129	110.00	196.00	145.92	148.00	18824.00
chr17	38187790	38187873	83	83	169.00	253.00	213.23	200.00	17698.00
chr2	207452814	207452878	64	64	588.00	706.00	630.83	630.50	40373.00
chr17	45695715	45695823	108	108	581.00	704.00	657.13	671.50	70970.00
chr7	44283023	44283126	103	103	1289.00	1639.00	1445.63	1425.00	148900.00
chr20	62274975	62275284	309	309	5.00	4263.00	2074.84	3073.00	641126.00
chr11	108202605	108202764	159	159	29.00	48.00	40.10	42.00	6376.00
chr9	140051314	140051489	175	175	1395.00	1856.00	1624.71	1597.00	284325.00
chr22	45574118	45574781	663	663	68.00	222.00	135.71	131.00	89977.00
chr15	79312382	79312446	64	64	418.00	466.00	437.97	437.00	28030.00
chr1	21940120	21940199	79	79	1003.00	1216.00	1092.43	1080.00	86302.00
chr17	3775847	3775921	74	74	735.00	1168.00	1004.53	1079.00	74335.00
chr7	73133931	73134019	88	88	14.00	3953.00	1180.02	846.50	103842.00
chr11	72292920	72292991	71	71	1025.00	1186.00	1103.66	1094.00	78360.00
chr7	43547616	43547730	114	114	142.00	229.00	199.95	210.00	22794.00
chr16	58713760	58714145	385	385	54.00	86.00	66.62	65.00	25650.00
chr22	21083600	21083794	194	194	1312.00	1961.00	1626.05	1658.00	315453.00
chr11	66457275	66457414	139	139	687.00	952.00	808.93	786.00	112441.00
chr15	91561034	91561115	81	81	71.00	93.00	84.35	85.00	6832.00
chr11	2968525	2969001	476	476	4.00	15.00	8.63	9.00	4109.00
chr19	34869838	34869910	72	72	2506.00	3235.00	2739.44	2650.00	197240.00
chr9	121970996	121971219	223	223	544.00	662.00	609.29	614.00	135872.00
chr3	47449772	47449980	208	208	11.00	157.00	101.19	133.00	21047.00
chr12	57601820	57601999	179	179	252.00	651.00	444.19	426.00	79510.00
chr16	2345590	2345741	151	151	263.00	344.00	304.84	306.00	46031.00
chr12	50471782	50471910	128	128	137.00	235.00	183.38	181.00	23472.00
chr1	109814221	109814344	123	123	406.00	668.00	588.22	607.00	72351.00
chr19	16942304	16942458	154	154	145.00	242.00	201.12	215.50	30973.00
chr11	66333301	66333398	97	97	661.00	910.00	765.01	748.00	74206.00
chr5	74026084	74026223	139	139	163.00	227.00	196.62	196.00	27330.00
chr5	68417520	68417722	202	202	73.00	113.00	99.78	103.50	20155.00
chr19	15272262	15272525	263	263	12.00	49.00	26.51	21.00	6972.00
chr3	45872404	45872482	78	78	326.00	382.00	355.60	357.00	27737.00
chr7	73123374	73123452	78	78	4031.00	5485.00	4871.15	4988.00	379950.00
chr5	14498197	14498360	163	163	226.00	329.00	275.38	274.00	44887.00
chr14	93180167	93180230	63	63	334.00	440.00	381.06	381.00	24007.00
chr9	130984739	130984875	136	136	4144.00	6083.00	5067.54	4725.50	689185.00
chr13	31216764	31216894	130	130	40.00	75.00	60.98	61.00	7928.00
chr12	112614399	112614506	107	107	96.00	285.00	254.64	255.00	27246.00
chr12	57602865	57602982	117	117	396.00	608.00	494.38	490.00	57843.00
chr14	72976861	72976987	126	126	178.00	286.00	226.17	215.00	28497.00
chr1	155209406	155209553	147	147	143.00	230.00	172.90	160.00	25417.00
chr10	49633930	49634113	183	183	209.00	317.00	272.47	278.00	49862.00
chr16	84100093	84100218	125	125	242.00	315.00	272.82	276.00	34102.00
chr1	155207924	155208097	173	173	210.00	282.00	247.92	248.00	42890.00
chr12	2786898	2787033	135	135	38.00	78.00	55.86	53.00	7541.00
chr2	233755457	233756197	740	740	5.00	2228.00	357.88	41.00	264830.00
chr14	60631894	60632099	205	205	81.00	285.00	206.01	233.00	42233.00
chr1	11151549	11151654	105	105	79.00	123.00	100.37	98.00	10539.00
chr4	134076071	134076178	107	107	381.00	570.00	490.12	492.00	52443.00
chr15	91420364	91420441	77	77	228.00	301.00	277.08	276.00	21335.00
chr5	114961533	114961755	222	222	10.00	92.00	59.48	69.00	13205.00
chr16	1814047	1814211	164	164	9.00	801.00	382.09	588.50	62662.00
chr18	44250463	44252581	2118	2118	30.00	293.00	165.18	162.00	349857.00
chr6	158049380	158049518	138	138	109.00	163.00	129.28	127.00	17841.00
chr19	7675585	7675679	94	94	93.00	114.00	103.99	104.00	9775.00
chr13	99461604	99461719	115	115	2.00	339.00	272.93	262.00	31387.00
chr11	130010829	130011467	638	638	6.00	2709.00	290.88	16.00	185579.00
chr11	107526658	107526792	134	134	719.00	970.00	839.40	822.50	112479.00
chr16	1391294	1391490	196	196	206.00	330.00	256.89	256.00	50350.00
chr1	38182716	38184158	1442	1442	6.00	180.00	78.32	74.00	112937.00
chr5	179231023	179231323	300	300	8.00	28.00	20.24	20.00	6071.00
chr14	69814593	69814719	126	126	134.00	201.00	173.72	179.50	21889.00
chr14	69349174	69349309	135	135	410.00	562.00	478.24	478.00	64562.00
chr19	7614792	7614998	206	206	257.00	315.00	284.34	282.50	58574.00
chr1	228270375	228270466	91	91	5.00	3257.00	938.76	417.00	85427.00
chr1	38186022	38186315	293	293	5.00	62.00	38.22	48.00	11198.00
chr13	77641715	77641999	284	284	361.00	503.00	434.32	445.50	123346.00
chr14	100157417	100157498	81	81	413.00	721.00	512.60	458.00	41521.00
chr13	32978280	32979333	1053	1053	6.00	122.00	29.46	20.00	31021.00
chr12	7301567	7301794	227	227	1215.00	1711.00	1506.90	1540.00	342066.00
chr9	123583116	123583257	141	141	66.00	117.00	91.06	86.00	12840.00
chr17	26883183	26883284	101	101	117.00	228.00	155.31	149.00	15686.00
chr12	6972993	6973137	144	144	418.00	568.00	499.38	505.50	71910.00
chr20	34322310	34322637	327	327	3.00	10.00	7.04	7.00	2302.00
chr19	7606407	7606570	163	163	158.00	277.00	207.08	207.00	33754.00
chr16	2333186	2333373	187	187	8.00	557.00	404.67	480.00	75674.00
chr12	113825548	113825711	163	163	140.00	362.00	258.40	268.00	42120.00
chr7	4802013	4807749	5736	5736	18.00	198.00	71.03	66.00	407415.00
chr1	43394880	43394985	105	105	233.00	336.00	289.49	299.00	30396.00
chr19	4554399	4554488	89	89	699.00	966.00	858.80	863.00	76433.00
chr16	31719139	31719372	233	233	11.00	28.00	20.39	22.00	4750.00
chr5	134060669	134061744	1075	1075	13.00	45.00	30.25	32.00	32524.00
chr1	202936318	202936371	53	53	17.00	228.00	120.60	115.00	6392.00
chr2	220087366	220087615	249	249	356.00	496.00	421.89	419.00	105050.00
chr2	36764494	36764689	195	195	87.00	180.00	139.91	137.00	27283.00
chr7	43519208	43519343	135	135	157.00	269.00	222.18	221.00	29994.00
chr10	51249585	51249993	408	408	0.00	14.00	4.54	5.00	1854.00
chr6	32123647	32123755	108	108	201.00	309.00	228.70	220.50	24700.00
chr3	118624442	118624692	250	250	1.00	45.00	20.96	5.00	5240.00
chr1	190129797	190130020	223	223	115.00	183.00	146.10	143.00	32580.00
chr9	131004491	131004624	133	133	6.00	5678.00	4485.68	5162.00	596596.00
chr22	33679187	33679334	147	147	384.00	489.00	438.12	440.00	64404.00
chr15	74709931	74710016	85	85	250.00	458.00	315.84	283.00	26846.00
chr7	6470110	6470238	128	128	49.00	73.00	62.50	62.00	8000.00
chr1	6640600	6641359	759	759	20.00	82.00	39.91	33.00	30288.00
chr16	31510622	31510728	106	106	300.00	353.00	328.25	329.50	34794.00
chr4	103710287	103711803	1516	1516	13.00	47.00	30.15	30.00	45702.00
chr19	2862339	2862746	407	407	3.00	15.00	9.38	9.00	3816.00
chr2	15467873	15467994	121	121	64.00	96.00	79.45	80.00	9614.00
chr2	36780721	36781492	771	771	2.00	15.00	8.87	9.00	6839.00
chr10	81070680	81070941	261	261	59.00	159.00	89.43	74.00	23341.00
chr2	217234866	217235986	1120	1120	83.00	278.00	155.18	150.00	173797.00
chr10	93786348	93786508	160	160	31.00	80.00	58.05	63.00	9288.00
chr17	20268785	20269076	291	291	1.00	7.00	3.59	3.00	1044.00
chr9	131002006	131002062	56	56	2.00	6107.00	5266.36	5585.00	294916.00
chr1	155208307	155208441	134	134	225.00	345.00	286.51	284.50	38393.00
chr2	162833877	162834373	496	496	1.00	967.00	79.57	12.00	39465.00
chr9	35799614	35799728	114	114	47.00	69.00	58.39	60.00	6657.00
chr20	62517856	62519234	1378	1378	5.00	233.00	40.22	36.00	55427.00
chr22	35942847	35943127	280	280	121.00	485.00	314.60	321.00	88089.00
chr13	26436438	26436546	108	108	77.00	108.00	91.87	93.00	9922.00
chr14	69371371	69371453	82	82	318.00	557.00	427.76	398.00	35076.00
chr7	44031274	44031581	307	307	0.00	12.00	4.48	2.00	1376.00
chr11	12274988	12275291	303	303	10.00	64.00	35.16	36.00	10654.00
chr5	1334403	1334498	95	95	262.00	323.00	293.63	291.00	27895.00
chr19	34868639	34868786	147	147	3151.00	4236.00	3554.64	3560.00	522532.00
chr16	1815960	1816143	183	183	541.00	736.00	629.38	626.00	115177.00
chr10	73578787	73578868	81	81	4918.00	6036.00	5503.78	5509.00	445806.00
chr17	37420427	37420640	213	213	28.00	43.00	36.59	38.00	7793.00
chr5	60835422	60835586	164	164	40.00	59.00	49.03	49.00	8041.00
chr15	79296143	79296517	374	374	422.00	792.00	560.08	549.00	209469.00
chr19	13039568	13039661	93	93	876.00	1298.00	1138.59	1188.00	105889.00
chr12	49421585	49421713	128	128	91.00	172.00	141.26	141.00	18081.00
chr1	1661057	1662583	1526	1526	16.00	470.00	135.75	84.00	207148.00
chr2	207457340	207457460	120	120	680.00	798.00	752.67	757.00	90321.00
chr11	64542462	64543441	979	979	1.00	19.00	11.27	11.00	11038.00
chr20	61910250	61910347	97	97	217.00	271.00	242.89	240.00	23560.00
chr11	62394042	62394156	114	114	312.00	419.00	366.17	367.50	41743.00
chr5	37301538	37301652	114	114	27.00	56.00	41.46	41.00	4727.00
chr16	4733843	4733933	90	90	238.00	337.00	301.98	312.00	27178.00
chr15	43693913	43694048	135	135	74.00	114.00	96.95	102.00	13088.00
chr11	18764538	18764622	84	84	391.00	459.00	440.99	445.00	37043.00
chr17	57842331	57842499	168	168	245.00	300.00	272.92	270.00	45850.00
chr9	96076729	96078064	1335	1335	3.00	39.00	18.30	18.00	24427.00
chr11	12246219	12246367	148	148	648.00	819.00	727.45	713.00	107663.00
chr12	7030743	7031565	822	822	7.00	7680.00	2641.99	18.00	2171713.00
chr3	14523178	14523349	171	171	31.00	45.00	38.39	39.00	6564.00
chr5	758508	759483	975	975	1.00	16.00	6.14	6.00	5986.00
chr12	22635490	22635677	187	187	103.00	146.00	128.28	130.00	23989.00
chr5	14479369	14479459	90	90	293.00	337.00	316.22	316.00	28460.00
chr6	143655214	143656079	865	865	0.00	21.00	5.05	3.00	4371.00
chr7	75508360	75508578	218	218	56.00	2255.00	1534.98	1711.00	334626.00
chr11	60697981	60698131	150	150	359.00	600.00	441.25	427.50	66188.00
chr1	151400598	151400889	291	291	72.00	144.00	113.34	119.00	32983.00
chr5	172196431	172197309	878	878	9.00	482.00	124.02	30.00	108893.00
chr3	49152660	49152794	134	134	86.00	160.00	106.88	98.00	14322.00
chr7	5518281	5519950	1669	1669	42.00	187.00	104.73	105.00	174792.00
chr17	16691106	16691449	343	343	2.00	90.00	47.19	66.00	16185.00
chr2	220086993	220087172	179	179	316.00	471.00	398.43	395.00	71319.00
chr10	51746916	51748006	1090	1090	5.00	46.00	21.02	20.00	22911.00
chr12	7302118	7302289	171	171	1518.00	1877.00	1690.44	1718.00	289065.00
chr11	59562844	59562955	111	111	27.00	97.00	67.17	80.00	7456.00
chr12	6100984	6101184	200	200	27.00	46.00	35.34	34.00	7068.00
chr19	5683274	5683627	353	353	7.00	26.00	17.69	17.00	6246.00
chr12	2786259	2786387	128	128	35.00	67.00	48.98	45.00	6270.00
chr15	26812727	26812880	153	153	582.00	1075.00	729.23	666.00	111572.00
chr1	149007980	149008798	818	818	1.00	30.00	11.31	10.00	9249.00
chr19	54965608	54965861	253	253	89.00	192.00	138.77	137.00	35109.00
chr8	27293259	27293310	51	51	422.00	663.00	540.53	538.00	27567.00
chr15	23014437	23014528	91	91	186.00	318.00	255.47	259.00	23248.00
chr1	111717500	111717585	85	85	113.00	159.00	136.48	140.00	11601.00
chr6	150157220	150157433	213	213	389.00	479.00	433.23	434.00	92277.00
chr13	114566547	114566670	123	123	39.00	162.00	90.80	74.00	11169.00
chr16	58539291	58539605	314	314	5.00	31.00	20.28	22.00	6368.00
chr1	21936612	21936768	156	156	648.00	1807.00	1103.71	1121.00	172178.00
chr1	17322880	17322991	111	111	420.00	664.00	541.81	582.00	60141.00
chr11	60699455	60699599	144	144	614.00	971.00	775.80	746.00	111715.00
chr5	6749669	6749770	101	101	77.00	97.00	88.37	88.00	8925.00
chr16	2156805	2156949	144	144	244.00	316.00	279.78	281.00	40289.00
chr15	34690834	34690930	96	96	79.00	132.00	116.78	121.00	11211.00
chr3	11074933	11075425	492	492	2.00	676.00	122.59	6.00	60313.00
chr5	74655222	74655381	159	159	254.00	417.00	329.28	334.00	52356.00
chr20	20022968	20023160	192	192	78.00	181.00	120.83	108.00	23199.00
chr2	39055481	39055578	97	97	27.00	40.00	35.20	36.00	3414.00
chr19	16793231	16793528	297	297	12.00	610.00	170.12	20.00	50525.00
chr2	219205450	219205509	59	59	148.00	166.00	157.00	157.00	9263.00
chr17	74087429	74087729	300	300	0.00	38.00	21.79	19.00	6536.00
chr3	184058150	184060036	1886	1886	14.00	1770.00	260.76	41.00	491800.00
chr6	90333128	90333263	135	135	126.00	165.00	143.07	141.00	19314.00
chr12	125267019	125267429	410	410	8.00	39.00	18.76	16.00	7691.00
chr1	207942580	207943104	524	524	8.00	65.00	44.38	47.00	23254.00
chr4	89356876	89357043	167	167	61.00	85.00	73.57	74.00	12286.00
chr7	101995498	101995736	238	238	7.00	25.00	16.23	16.00	3862.00
chr3	11067458	11067562	104	104	465.00	708.00	591.08	599.00	61472.00
chr5	95734582	95734740	158	158	259.00	335.00	301.08	302.50	47570.00
chr6	152529106	152529341	235	235	108.00	194.00	149.62	137.00	35160.00
chr5	102295578	102295763	185	185	264.00	418.00	347.49	359.00	64285.00
chr22	21072980	21073110	130	130	1645.00	2451.00	2097.00	2191.00	272610.00
chr12	121855306	121855714	408	408	170.00	346.00	228.47	222.50	93214.00
chr1	160326389	160326544	155	155	145.00	180.00	160.24	159.00	24837.00
chr11	60670930	60671007	77	77	614.00	698.00	653.01	652.00	50282.00
chr17	79804822	79804948	126	126	645.00	850.00	763.81	767.00	96240.00
chr16	18527204	18527332	128	128	848.00	1196.00	1072.28	1092.00	137252.00
chr16	16372518	16372646	128	128	901.00	1247.00	1129.49	1154.00	144575.00
chr2	32750530	32750695	165	165	35.00	55.00	44.78	43.00	7389.00
chr14	69369193	69369279	86	86	479.00	706.00	582.41	599.00	50087.00
chr7	66418212	66418356	144	144	210.00	393.00	313.94	317.50	45208.00
chr6	44107988	44108097	109	109	285.00	367.00	326.84	328.00	35626.00
chr7	70885893	70886091	198	198	707.00	1790.00	1150.67	994.00	227832.00
chr8	27295281	27295397	116	116	519.00	630.00	587.69	592.00	68172.00
chr7	73122918	73123018	100	100	4055.00	4916.00	4373.68	4387.00	437368.00
chr15	34698874	34699071	197	197	64.00	139.00	99.85	102.00	19670.00
chr8	22009343	22009513	170	170	485.00	806.00	615.84	635.00	104692.00
chr7	1526557	1526737	180	180	98.00	271.00	179.79	193.00	32362.00
chr5	178053946	178054065	119	119	7.00	165.00	78.01	66.00	9283.00
chr12	6103027	6103369	342	342	29.00	51.00	39.47	39.00	13498.00
chr2	3479491	3480482	991	991	3.00	25.00	12.25	12.00	12140.00
chr3	33883388	33883566	178	178	149.00	214.00	186.08	189.00	33123.00
chr19	11019778	11019883	105	105	266.00	362.00	327.87	343.00	34426.00
chr7	98446205	98446318	113	113	2356.00	4627.00	3597.38	3992.00	406504.00
chr8	106813274	106813932	658	658	23.00	62.00	39.08	37.50	25713.00
chr2	223795338	223795530	192	192	621.00	935.00	720.66	699.00	138367.00
chr7	75511146	75511554	408	408	1221.00	2153.00	1750.08	1815.00	714032.00
chr21	40184926	40185038	112	112	246.00	506.00	401.70	445.00	44990.00
chr19	53383575	53385236	1661	1661	14.00	41.00	25.90	26.00	43027.00
chr19	14208130	14208295	165	165	10.00	1005.00	604.13	752.00	99682.00
chr15	91461013	91461618	605	605	10.00	388.00	127.16	24.00	76929.00
chr8	145278010	145278133	123	123	46.00	72.00	54.98	53.00	6762.00
chr16	28132990	28133083	93	93	234.00	345.00	271.76	270.00	25274.00
chr11	125280091	125280221	130	130	186.00	247.00	213.55	214.00	27761.00
chr15	63128089	63128317	228	228	67.00	412.00	301.88	350.00	68828.00
chr9	131181435	131181557	122	122	5.00	366.00	301.99	325.50	36843.00
chr19	3281196	3281343	147	147	542.00	830.00	695.35	730.00	102216.00
chr11	6240200	6240280	80	80	115.00	136.00	124.60	123.50	9968.00
chr20	31019123	31019287	164	164	29.00	54.00	39.41	36.00	6463.00
chr6	46825865	46827260	1395	1395	35.00	135.00	77.38	76.00	107946.00
chr12	1672006	1672666	660	660	20.00	146.00	61.50	55.00	40592.00
chr12	9098824	9099001	177	177	318.00	453.00	386.53	382.00	68415.00
chr7	121738503	121738630	127	127	12.00	21.00	16.12	16.00	2047.00
chr19	40875814	40875935	121	121	2030.00	2737.00	2410.40	2415.00	291658.00
chr20	3581592	3581671	79	79	173.00	225.00	196.20	197.00	15500.00
chr17	7226965	7227042	77	77	110.00	148.00	130.39	130.00	10040.00
chr2	74331800	74332809	1009	1009	20.00	85.00	42.87	41.00	43251.00
chr1	209785136	209785610	474	474	14.00	465.00	338.10	362.00	160258.00
chr9	35546426	35548532	2106	2106	213.00	565.00	332.13	322.00	699475.00
chr17	80040198	80040290	92	92	420.00	521.00	452.40	445.00	41621.00
chr11	73074791	73075284	493	493	7.00	237.00	75.20	14.00	37076.00
chr20	44674976	44675075	99	99	523.00	715.00	654.70	667.00	64815.00
chr20	5892091	5892328	237	237	103.00	976.00	582.69	685.00	138097.00
chr17	20316581	20317594	1013	1013	1.00	14.00	6.85	7.00	6935.00
chr12	99478702	99478801	99	99	316.00	395.00	347.75	344.00	34427.00
chr17	40842756	40842960	204	204	532.00	815.00	675.75	663.00	137852.00
chr11	107501142	107501288	146	146	628.00	815.00	708.60	711.50	103456.00
chr11	85429236	85429532	296	296	3.00	65.00	16.52	17.00	4891.00
chr20	9449217	9449319	102	102	86.00	112.00	97.35	96.50	9930.00
chr14	23371395	23371591	196	196	179.00	351.00	266.56	271.50	52245.00
chr7	716865	716957	92	92	3189.00	4292.00	3948.70	3972.00	363280.00
chr10	48862360	48862682	322	322	36.00	1039.00	561.02	649.00	180647.00
chr10	68686678	68688210	1532	1532	62.00	239.00	128.72	122.00	197203.00
chr5	179674854	179674926	72	72	503.00	621.00	560.79	569.00	40377.00
chr1	209773327	209773456	129	129	428.00	581.00	508.98	511.00	65659.00
chr17	45691034	45691091	57	57	496.00	640.00	563.95	560.00	32145.00
chr1	19669871	19670118	247	247	9.00	19.00	13.87	13.00	3426.00
chr17	45664025	45664710	685	685	6.00	610.00	102.31	28.00	70081.00
chr19	2337634	2338840	1206	1206	8.00	92.00	25.48	22.00	30727.00
chr8	22011480	22011552	72	72	696.00	831.00	744.81	729.50	53626.00
