#chrom	start	end	size	num_data	min	max	mean	median	sum
chr12	1940100	1940691	591	591	14.00	31.00	20.29	20.00	11991.00
chr1	27480473	27481381	908	908	12.00	49.00	28.68	27.00	26043.00
chr15	63112684	63112809	125	125	135.00	199.00	172.11	173.00	21514.00
chr5	149231737	149232254	517	517	1.00	11.00	5.26	5.00	2721.00
chr5	140865429	140867182	1753	1753	4.00	37.00	13.84	13.00	24262.00
chr1	32209793	32209958	165	165	105.00	212.00	157.63	155.00	26009.00
chr16	87873307	87873431	124	124	80.00	139.00	109.05	114.00	13522.00
chr17	34157438	34158175	737	737	3.00	21.00	12.27	13.00	9041.00
chr2	127815619	127816088	469	469	5.00	41.00	24.82	28.00	11639.00
chr1	208212965	208213112	147	147	48.00	66.00	57.15	57.00	8401.00
chr22	19703883	19704666	783	783	4.00	24.00	12.77	12.00	9995.00
chr16	87872319	87872423	104	104	94.00	142.00	118.72	120.00	12347.00
chr9	140055740	140055868	128	128	941.00	1212.00	1113.89	1126.00	142578.00
chr22	21096515	21096643	128	128	265.00	339.00	290.01	287.00	37121.00
chr9	140056321	140056540	219	219	1.00	1447.00	933.31	1113.00	204394.00
chr11	78379981	78380253	272	272	7.00	24.00	14.15	14.00	3850.00
chr3	11070420	11070533	113	113	209.00	294.00	251.08	256.00	28372.00
chr1	109812554	109813222	668	668	4.00	300.00	116.73	132.00	77974.00
chr2	220161954	220162155	201	201	338.00	446.00	393.82	393.00	79158.00
chr15	74706887	74707086	199	199	57.00	114.00	85.76	92.00	17067.00
chr17	7318829	7319426	597	597	161.00	358.00	249.58	246.00	148999.00
chr1	21560050	21560154	104	104	92.00	132.00	115.76	117.00	12039.00
chr1	25573799	25573952	153	153	5.00	303.00	188.36	213.00	28819.00
chr14	93198993	93199160	167	167	85.00	144.00	117.02	122.00	19543.00
chr1	205554003	205554119	116	116	43.00	120.00	81.22	80.00	9422.00
chr1	9795005	9795232	227	227	967.00	1480.00	1236.14	1256.00	280603.00
chr17	42426525	42426670	145	145	64.00	144.00	107.30	111.00	15559.00
chr18	70205887	70206179	292	292	10.00	237.00	99.58	22.00	29077.00
chr1	205553082	205553251	169	169	94.00	144.00	117.07	118.00	19784.00
chr9	140056623	140056766	143	143	6.00	1283.00	812.97	919.00	116255.00
chr6	33412147	33412394	247	247	3.00	289.00	165.63	222.00	40911.00
chr12	89992366	89992547	181	181	3.00	401.00	272.94	288.00	49402.00
chr2	220088827	220089576	749	749	83.00	173.00	122.07	117.00	91430.00
chr14	100763073	100765222	2149	2149	5.00	68.00	29.93	29.00	64322.00
chr1	110740697	110742543	1846	1846	5.00	417.00	210.44	186.00	388467.00
chr1	149878201	149879758	1557	1557	14.00	735.00	176.41	44.00	274665.00
chr3	197264139	197265259	1120	1120	0.00	29.00	14.47	16.00	16212.00
chr8	56449623	56450530	907	907	1.00	13.00	7.39	7.00	6700.00
chr9	139354208	139354326	118	118	30.00	52.00	40.60	40.00	4791.00
chr1	32204908	32205236	328	328	188.00	339.00	258.11	262.50	84661.00
chr7	75608768	75608897	129	129	129.00	201.00	174.35	180.00	22491.00
chr19	45161029	45161178	149	149	36.00	58.00	46.81	46.00	6974.00
chr19	5243911	5244493	582	582	41.00	104.00	69.02	65.00	40168.00
chr6	32119585	32119717	132	132	10.00	535.00	299.97	340.50	39596.00
chr3	42670878	42672067	1189	1189	3.00	27.00	13.82	14.00	16428.00
chr11	45892392	45892485	93	93	134.00	186.00	159.65	162.00	14847.00
chr17	80040789	80040991	202	202	282.00	469.00	360.50	352.50	72822.00
chr2	74902875	74903036	161	161	43.00	63.00	51.44	52.00	8282.00
chr17	38335969	38337946	1977	1977	2.00	109.00	14.27	10.00	28205.00
chr16	87870103	87870253	150	150	112.00	174.00	135.51	130.00	20326.00
chr1	32205947	32206142	195	195	210.00	274.00	238.25	236.00	46458.00
chr6	44117553	44117702	149	149	7.00	219.00	137.10	184.00	20428.00
chr1	159163659	159163830	171	171	843.00	993.00	924.18	937.00	158034.00
chr3	445565	446023	458	458	1.00	8.00	4.71	5.00	2158.00
chr2	25048913	25048995	82	82	119.00	158.00	143.76	148.00	11788.00
chr10	99504485	99504672	187	187	32.00	79.00	52.72	49.00	9858.00
chr4	54364807	54365010	203	203	60.00	106.00	82.03	83.00	16652.00
chr17	1634367	1634552	185	185	15.00	33.00	24.75	26.00	4579.00
chr7	72416124	72416247	123	123	49.00	107.00	71.46	58.00	8789.00
chr1	208212169	208212329	160	160	55.00	72.00	64.36	64.00	10297.00
chr9	140952500	140952702	202	202	25.00	37.00	29.97	29.00	6054.00
chr6	44197325	44197528	203	203	34.00	77.00	48.45	43.00	9835.00
chr6	44197643	44198218	575	575	9.00	46.00	22.80	19.00	13111.00
chr11	118981972	118982084	112	112	110.00	158.00	135.71	137.50	15199.00
chr5	150503846	150503952	106	106	10.00	1269.00	876.08	1091.00	92864.00
chr11	118981761	118981878	117	117	151.00	196.00	173.70	172.00	20323.00
chr11	126314873	126315000	127	127	53.00	76.00	60.56	59.00	7691.00
chr1	159165808	159166244	436	436	10.00	918.00	183.08	21.00	79825.00
chr7	134893542	134893750	208	208	23.00	40.00	29.98	29.00	6235.00
chr9	121976196	121976433	237	237	180.00	344.00	249.92	238.00	59231.00
chr19	54691042	54691169	127	127	185.00	360.00	270.76	268.00	34386.00
chr22	38621430	38621600	170	170	141.00	277.00	215.47	224.00	36630.00
chr13	42035681	42036205	524	524	6.00	26.00	13.62	12.00	7135.00
chr20	1915360	1915413	53	53	7.00	1226.00	807.89	981.00	42818.00
chr5	14496987	14497126	139	139	101.00	158.00	124.01	115.00	17238.00
chr12	56528125	56528212	87	87	62.00	79.00	68.47	68.00	5957.00
chr3	47466974	47467101	127	127	53.00	77.00	61.32	60.00	7788.00
chr17	7415476	7415663	187	187	132.00	196.00	162.51	159.00	30390.00
chr3	33588037	33589252	1215	1215	5.00	32.00	16.45	16.00	19986.00
chr7	887833	888615	782	782	3.00	54.00	19.98	13.00	15625.00
chr10	24813251	24813693	442	442	11.00	46.00	25.80	27.00	11403.00
chr1	109812045	109812213	168	168	112.00	205.00	153.81	146.00	25840.00
chr19	15276597	15276902	305	305	43.00	98.00	63.14	61.00	19259.00
chr16	2334779	2334999	220	220	114.00	211.00	158.23	148.50	34811.00
chr16	68404761	68405261	500	500	9.00	33.00	21.04	23.00	10520.00
chr4	110969111	110969871	760	760	11.00	40.00	23.60	23.00	17937.00
chr1	145693161	145693996	835	835	4.00	68.00	32.89	33.00	27463.00
chr7	44282848	44282932	84	84	357.00	439.00	410.82	414.00	34509.00
chr2	220164315	220164508	193	193	11.00	388.00	168.54	14.00	32529.00
chr12	50472203	50472360	157	157	48.00	74.00	61.65	62.00	9679.00
chr2	220163768	220163833	65	65	370.00	578.00	497.06	510.00	32309.00
chr2	222289928	222290862	934	934	61.00	140.00	90.91	88.00	84912.00
chr12	57599133	57599268	135	135	196.00	359.00	255.88	249.00	34544.00
chr7	157475416	157475629	213	213	131.00	233.00	177.11	170.00	37725.00
chr1	32203800	32203927	127	127	179.00	467.00	318.36	327.00	40432.00
chr1	109811731	109811912	181	181	141.00	222.00	172.67	174.00	31253.00
chr9	140052830	140052975	145	145	610.00	1817.00	1238.89	1346.00	179639.00
chr2	220161706	220161854	148	148	329.00	667.00	459.88	420.00	68062.00
chr16	29896906	29897070	164	164	228.00	314.00	280.29	284.50	45968.00
chr16	47143393	47143622	229	229	21.00	39.00	30.14	30.00	6903.00
chr11	993753	993985	232	232	145.00	296.00	218.94	209.50	50794.00
chr9	124059698	124061137	1439	1439	1.00	24.00	9.44	8.00	13578.00
chr9	140350140	140350634	494	494	3.00	84.00	43.23	44.00	21355.00
chr11	14504577	14504697	120	120	68.00	114.00	90.79	91.00	10895.00
chr3	49898612	49898733	121	121	313.00	544.00	432.33	437.00	52312.00
chr9	131811659	131811777	118	118	36.00	51.00	43.18	43.00	5095.00
chr9	131810705	131810818	113	113	34.00	60.00	45.65	44.00	5158.00
chr1	223400935	223401080	145	145	76.00	139.00	113.62	110.00	16475.00
chr12	125612185	125612820	635	635	5.00	80.00	22.89	12.00	14538.00
chr2	220088590	220088744	154	154	105.00	156.00	131.01	131.00	20176.00
chr9	70888487	70888750	263	263	4.00	38.00	19.93	19.00	5242.00
chr14	69813756	69813898	142	142	125.00	176.00	150.27	149.00	21339.00
chr2	47399145	47399890	745	745	10.00	340.00	55.16	52.00	41093.00
chr11	62688689	62689041	352	352	10.00	135.00	44.41	19.00	15631.00
chr6	43745205	43745407	202	202	5.00	126.00	96.52	95.00	19497.00
chr3	11072492	11072997	505	505	9.00	411.00	86.99	24.00	43928.00
chr7	2696031	2696168	137	137	131.00	196.00	169.73	172.00	23253.00
chr16	14969196	14969279	83	83	347.00	561.00	461.13	492.00	38274.00
chr17	7377847	7378026	179	179	9.00	17.00	13.87	14.00	2482.00
chr12	65639640	65639719	79	79	34.00	60.00	45.94	42.00	3629.00
chr12	50294912	50295108	196	196	904.00	2218.00	1266.71	1134.50	248275.00
chr19	42485653	42485788	135	135	966.00	1479.00	1219.73	1224.00	164664.00
chr10	99509230	99509343	113	113	79.00	158.00	117.76	120.00	13307.00
chr22	38883877	38888120	4243	4243	27.00	712.00	215.58	191.00	914727.00
chr12	49416372	49416658	286	286	40.00	71.00	53.93	54.00	15424.00
chr6	24843089	24843782	693	693	19.00	56.00	34.83	35.00	24137.00
chr5	176295561	176295665	104	104	135.00	182.00	149.30	146.00	15527.00
chr10	99510087	99510227	140	140	109.00	171.00	138.26	136.00	19357.00
chr1	159173658	159174770	1112	1112	8.00	254.00	41.90	25.00	46594.00
chr11	1780745	1780869	124	124	788.00	1092.00	969.80	1013.00	120255.00
chr19	42486059	42486258	199	199	859.00	1487.00	1165.10	1177.00	231855.00
chr3	47465422	47465535	113	113	60.00	99.00	77.90	79.00	8803.00
chr1	21573713	21573856	143	143	99.00	122.00	108.21	108.00	15474.00
chr11	65320330	65320453	123	123	124.00	204.00	167.15	175.00	20559.00
chr3	47462420	47462519	99	99	123.00	156.00	139.81	143.00	13841.00
chr2	219204751	219204864	113	113	68.00	102.00	91.48	93.00	10337.00
chr1	43906123	43906257	134	134	11.00	21.00	15.85	15.00	2124.00
chr7	38785158	38785840	682	682	3.00	141.00	24.33	15.00	16592.00
chr2	153499932	153500058	126	126	37.00	82.00	64.61	73.00	8141.00
chr1	32203011	32203132	121	121	2.00	392.00	290.09	337.00	35101.00
chr22	42290823	42290941	118	118	245.00	396.00	338.50	341.00	39943.00
chr19	47940718	47940818	100	100	126.00	348.00	241.66	236.50	24166.00
chr4	119539150	119539274	124	124	7.00	42.00	30.61	34.00	3796.00
chr17	44117067	44117250	183	183	55.00	73.00	64.96	66.00	11888.00
chr19	42485873	42485983	110	110	881.00	1116.00	1003.04	970.50	110334.00
chr6	44114583	44114664	81	81	86.00	119.00	106.53	108.00	8629.00
chr19	47941105	47941292	187	187	3.00	339.00	173.40	210.00	32425.00
chr11	73074250	73074500	250	250	86.00	140.00	116.60	115.00	29151.00
chr3	33418764	33418825	61	61	143.00	186.00	164.67	165.00	10045.00
chr1	700258	700505	247	247	18.00	52.00	34.01	34.00	8401.00
chr9	74319510	74319719	209	209	30.00	60.00	39.58	38.00	8273.00
chr16	2336694	2336968	274	274	94.00	265.00	167.44	171.00	45878.00
chr20	3575125	3575219	94	94	64.00	91.00	70.78	70.00	6653.00
chr9	139231377	139231529	152	152	69.00	98.00	82.05	82.00	12471.00
chr5	140515951	140516498	547	547	17.00	44.00	30.17	31.00	16503.00
chr1	21938208	21938309	101	101	234.00	321.00	266.65	255.00	26932.00
chr3	155659188	155659936	748	748	3.00	75.00	48.49	55.00	36268.00
chr16	27483068	27483241	173	173	80.00	117.00	96.54	95.00	16702.00
chr11	994071	994245	174	174	74.00	170.00	132.15	145.00	22994.00
chr7	71175745	71175913	168	168	183.00	294.00	238.69	249.00	40100.00
chr12	121204065	121204175	110	110	91.00	130.00	112.28	113.00	12351.00
chr7	73118679	73118753	74	74	356.00	481.00	423.97	424.50	31374.00
chr9	140972565	140972710	145	145	44.00	60.00	52.30	53.00	7583.00
chr12	121683329	121684024	695	695	6.00	29.00	14.12	13.00	9816.00
chr16	74493579	74493687	108	108	95.00	174.00	141.77	146.00	15311.00
chr2	36771518	36771641	123	123	83.00	121.00	99.69	98.00	12262.00
chr7	94187181	94187996	815	815	3.00	21.00	9.11	8.00	7424.00
chr14	94156951	94157239	288	288	1.00	12.00	6.68	6.00	1923.00
chr7	121739000	121739524	524	524	10.00	51.00	26.98	26.00	14136.00
chr1	19549117	19549328	211	211	42.00	72.00	58.59	60.00	12362.00
chr19	5214571	5214747	176	176	121.00	194.00	143.48	136.00	25252.00
chr19	42557753	42557861	108	108	93.00	115.00	106.69	108.00	11523.00
chr15	102510686	102510925	239	239	4.00	40.00	24.27	24.00	5800.00
chr5	167673761	167675376	1615	1615	14.00	94.00	35.09	30.00	56667.00
chr7	44282158	44282253	95	95	361.00	539.00	430.88	405.00	40934.00
chr2	160621061	160621717	656	656	4.00	168.00	23.30	14.00	15283.00
chr5	10426501	10426634	133	133	98.00	178.00	147.74	160.00	19649.00
chr16	1814301	1814460	159	159	313.00	425.00	364.08	368.00	57889.00
chr11	21581734	21581928	194	194	57.00	80.00	69.76	70.00	13533.00
chr3	126749085	126749255	170	170	47.00	106.00	61.74	55.00	10495.00
chr11	12237765	12237866	101	101	184.00	261.00	212.43	200.00	21455.00
chr6	31750872	31750963	91	91	80.00	109.00	98.31	100.00	8946.00
chr3	53124201	53124398	197	197	9.00	25.00	17.80	19.00	3506.00
chr2	220161470	220161544	74	74	578.00	738.00	677.59	685.00	50142.00
chr2	128951046	128951785	739	739	3.00	52.00	30.36	31.00	22438.00
chr5	24535811	24535931	120	120	46.00	67.00	54.06	52.00	6487.00
chr1	44083406	44083582	176	176	133.00	248.00	181.62	176.50	31965.00
chr1	32207653	32207818	165	165	128.00	251.00	169.44	157.00	27958.00
chr12	7293754	7294000	246	246	12.00	430.00	265.77	382.00	65380.00
chr3	131442289	131442469	180	180	44.00	78.00	56.71	53.50	10207.00
chr3	49898871	49899298	427	427	31.00	589.00	242.92	285.00	103728.00
chr16	66432358	66432464	106	106	32.00	49.00	38.47	36.00	4078.00
chr1	20982593	20982680	87	87	211.00	292.00	241.21	237.00	20985.00
chr16	68398653	68398809	156	156	16.00	22.00	18.29	18.00	2853.00
chr17	16676818	16678279	1461	1461	2.00	32.00	12.55	12.00	18334.00
chr1	109814899	109815027	128	128	175.00	227.00	201.18	205.00	25751.00
chr1	21940478	21940582	104	104	264.00	332.00	298.12	303.00	31004.00
chr20	57468284	57468793	509	509	2.00	10.00	6.01	6.00	3058.00
chr3	127358087	127358366	279	279	133.00	282.00	212.47	210.00	59280.00
chr3	126735359	126735527	168	168	30.00	47.00	37.86	38.00	6361.00
chr10	103869140	103869264	124	124	225.00	259.00	239.80	239.00	29735.00
chr20	44520554	44520666	112	112	132.00	171.00	151.68	150.00	16988.00
chr1	32203252	32203356	104	104	180.00	316.00	255.22	273.50	26543.00
chr21	40186196	40186316	120	120	204.00	272.00	239.94	241.50	28793.00
chr5	111067153	111068349	1196	1196	3.00	26.00	13.21	13.00	15797.00
chr9	128002954	128003186	232	232	355.00	570.00	472.86	477.00	109704.00
chr1	43408896	43408992	96	96	180.00	259.00	220.43	228.50	21161.00
chr3	47463931	47464026	95	95	103.00	137.00	119.64	117.00	11366.00
chr2	220161160	220161238	78	78	596.00	670.00	634.50	634.00	49491.00
chr11	62472772	62473089	317	317	561.00	1138.00	832.32	843.00	263846.00
chr9	130986341	130986906	565	565	4.00	404.00	99.67	10.00	56314.00
chr14	69358769	69359000	231	231	127.00	181.00	153.24	156.00	35399.00
chr11	64416205	64416379	174	174	85.00	147.00	117.66	120.50	20473.00
chr17	8398454	8398559	105	105	148.00	217.00	187.00	187.00	19635.00
chr12	53572943	53574193	1250	1250	7.00	36.00	20.31	20.00	25392.00
chr17	17696544	17701827	5283	5283	12.00	121.00	38.58	36.00	203841.00
chr8	11705187	11705331	144	144	935.00	1212.00	1120.88	1136.00	161406.00
chr19	54963829	54963931	102	102	201.00	277.00	230.28	220.50	23489.00
chr2	70451682	70456295	4613	4613	3.00	111.00	16.01	13.00	73869.00
chr11	118873959	118874169	210	210	7.00	24.00	15.33	16.00	3219.00
chr10	75548427	75548581	154	154	53.00	79.00	66.76	66.50	10281.00
chr6	33414351	33414563	212	212	171.00	345.00	280.36	293.00	59437.00
chr17	80042910	80043032	122	122	118.00	178.00	148.76	158.50	18149.00
chr11	11470290	11470483	193	193	65.00	119.00	79.02	81.00	15250.00
chr8	23294446	23294771	325	325	38.00	93.00	66.08	68.00	21475.00
chr1	116932060	116932663	603	603	5.00	1653.00	535.11	23.00	322673.00
chr15	83222627	83222741	114	114	45.00	68.00	58.02	59.00	6614.00
chr3	9841562	9841751	189	189	8.00	21.00	14.53	15.00	2747.00
chr1	116937731	116937907	176	176	1127.00	2343.00	1434.85	1293.00	252534.00
chr16	87868019	87868197	178	178	97.00	137.00	113.10	109.50	20132.00
chr3	124209540	124209731	191	191	212.00	285.00	250.05	250.00	47760.00
chr7	71142195	71142291	96	96	205.00	278.00	235.38	234.00	22596.00
chr5	130497324	130497584	260	260	3.00	13.00	7.92	8.00	2059.00
chr13	100199238	100199358	120	120	201.00	309.00	248.91	237.50	29869.00
chr5	139943336	139943506	170	170	10.00	146.00	123.81	132.00	21047.00
chr17	74395529	74396002	473	473	32.00	91.00	67.92	69.00	32125.00
chr14	93179149	93179216	67	67	135.00	169.00	159.49	160.00	10686.00
chr4	160277004	160277310	306	306	31.00	241.00	127.40	134.00	38985.00
chr17	40666306	40666478	172	172	446.00	735.00	588.57	566.00	101234.00
chr15	34828065	34828207	142	142	13.00	175.00	101.41	103.00	14400.00
chr14	100165802	100165876	74	74	329.00	409.00	368.55	373.50	27273.00
chr22	20128089	20128231	142	142	1.00	71.00	38.23	50.00	5428.00
chr12	3392210	3394421	2211	2211	1.00	80.00	30.96	30.00	68443.00
chr17	16687866	16690667	2801	2801	0.00	68.00	11.54	9.00	32319.00
chr6	31664724	31664810	86	86	82.00	122.00	100.13	98.50	8611.00
chr6	30627512	30627611	99	99	23.00	35.00	30.82	32.00	3051.00
chr11	18752834	18755060	2226	2226	1.00	475.00	48.83	18.00	108687.00
chr12	109332602	109332731	129	129	133.00	206.00	170.35	176.00	21975.00
chr6	90072884	90073110	226	226	7.00	19.00	12.65	11.00	2860.00
chr16	2689371	2689711	340	340	0.00	1.00	0.04	0.00	14.00
chr1	20987373	20987484	111	111	200.00	268.00	241.67	244.00	26825.00
chr14	85985300	85986667	1367	1367	3.00	20.00	9.73	9.00	13303.00
chr13	32863769	32863880	111	111	83.00	110.00	94.59	92.00	10499.00
chr16	1510418	1510528	110	110	60.00	87.00	70.67	69.00	7774.00
chr19	54963269	54963444	175	175	222.00	367.00	270.11	270.00	47270.00
chr6	44224078	44224233	155	155	60.00	81.00	71.57	73.00	11094.00
chr20	3151172	3152285	1113	1113	6.00	26.00	15.88	16.00	17670.00
chr1	892273	892405	132	132	115.00	195.00	143.52	133.00	18944.00
chr16	90192167	90192724	557	557	4.00	34.00	18.08	16.00	10068.00
chr9	111663704	111663810	106	106	40.00	71.00	55.74	56.00	5908.00
chr6	44108764	44108835	71	71	101.00	120.00	109.01	108.00	7740.00
chr1	36028802	36029027	225	225	1263.00	2389.00	1788.14	1700.00	402332.00
chr11	66807259	66807674	415	415	2.00	57.00	40.45	44.00	16785.00
chr1	178426817	178427679	862	862	8.00	35.00	21.79	22.00	18786.00
chr19	42482302	42482478	176	176	1068.00	1623.00	1269.11	1252.00	223363.00
chr1	44084718	44084873	155	155	124.00	292.00	187.75	167.00	29101.00
chr1	109812315	109812442	127	127	111.00	164.00	137.83	137.00	17504.00
chr3	180324268	180324391	123	123	61.00	107.00	91.11	94.00	11206.00
chr15	63933668	63933842	174	174	52.00	88.00	70.06	68.00	12190.00
chr20	44521363	44521519	156	156	189.00	237.00	213.74	211.50	33344.00
chr3	33416779	33416910	131	131	60.00	149.00	103.02	106.00	13495.00
chr1	21934624	21934843	219	219	6.00	444.00	211.85	274.00	46396.00
chr14	69799801	69799886	85	85	87.00	148.00	114.69	112.00	9749.00
chr1	116936134	116936345	211	211	2.00	1692.00	1328.45	1459.00	280303.00
chr14	23634493	23634645	152	152	18.00	39.00	25.42	25.00	3864.00
chr16	1402538	1402947	409	409	5.00	23.00	16.00	16.00	6546.00
chr9	20331	25000	4669	4669	0.00	95.00	22.46	21.00	104875.00
chr17	43545574	43545959	385	385	15.00	37.00	24.05	23.00	9258.00
chr13	100201418	100201476	58	58	219.00	256.00	234.31	230.00	13590.00
chr15	41865505	41865665	160	160	267.00	517.00	365.68	346.00	58509.00
chr19	19641688	19642196	508	508	11.00	26.00	17.68	19.00	8983.00
chr11	134147593	134148159	566	566	3.00	14.00	7.96	8.00	4506.00
chr2	71656420	71657290	870	870	0.00	33.00	20.03	22.00	17424.00
chr7	97834775	97835016	241	241	44.00	106.00	72.63	72.00	17504.00
chr19	13363804	13363915	111	111	57.00	103.00	81.32	81.00	9026.00
chr18	31328383	31329011	628	628	1.00	13.00	6.86	7.00	4307.00
chr16	66431884	66432009	125	125	38.00	59.00	49.03	49.00	6129.00
chr19	47935155	47935702	547	547	2.00	342.00	132.10	119.00	72257.00
chr12	50291769	50291873	104	104	643.00	1092.00	816.41	804.50	84907.00
chr11	1780198	1780317	119	119	521.00	985.00	663.47	633.00	78953.00
chr15	65392626	65393167	541	541	2.00	16.00	7.24	6.00	3917.00
chr2	86397871	86397967	96	96	85.00	118.00	106.60	108.00	10234.00
chr7	97866087	97866233	146	146	26.00	70.00	49.97	54.50	7296.00
chr11	60687157	60687402	245	245	79.00	164.00	123.93	129.00	30364.00
chr21	43307700	43309453	1753	1753	7.00	82.00	38.96	37.00	68298.00
chr14	24619269	24619657	388	388	33.00	87.00	49.16	45.00	19073.00
chr11	65320634	65320727	93	93	126.00	159.00	138.71	138.00	12900.00
chr16	29891184	29891385	201	201	299.00	475.00	381.39	369.00	76659.00
chr1	32207224	32207326	102	102	257.00	367.00	316.75	332.00	32309.00
chr11	72300218	72300394	176	176	6.00	231.00	76.52	10.00	13468.00
chr17	7608878	7609038	160	160	18.00	67.00	38.90	35.00	6224.00
chr19	7607646	7607814	168	168	67.00	135.00	96.41	98.00	16197.00
chr19	54966129	54966271	142	142	119.00	231.00	191.24	202.00	27156.00
chr12	57995027	57995131	104	104	115.00	145.00	132.15	133.50	13744.00
chr1	27428875	27429049	174	174	44.00	75.00	59.98	62.00	10436.00
chr2	27688277	27688385	108	108	21.00	48.00	35.12	38.00	3793.00
chr16	2691449	2692254	805	805	0.00	17.00	1.81	2.00	1461.00
chr9	131503813	131503933	120	120	288.00	349.00	316.83	317.00	38020.00
chr16	2347766	2347922	156	156	96.00	151.00	126.41	124.00	19720.00
chr17	80039884	80040036	152	152	307.00	384.00	343.62	344.50	52230.00
chr1	32204432	32204538	106	106	201.00	449.00	326.51	332.00	34610.00
chr12	9242951	9243078	127	127	120.00	146.00	131.41	132.00	16689.00
chr3	49702661	49702751	90	90	96.00	127.00	114.88	114.50	10339.00
chr19	35820359	35820837	478	478	3.00	15.00	10.55	11.00	5044.00
chr1	201456762	201457615	853	853	14.00	55.00	30.82	27.00	26288.00
chr16	2334279	2334438	159	159	132.00	191.00	163.33	165.00	25970.00
chr10	73578373	73578481	108	108	3098.00	3982.00	3538.35	3544.00	382142.00
chr16	18530550	18530756	206	206	4.00	396.00	193.91	273.50	39945.00
chr16	16369094	16369300	206	206	5.00	409.00	197.17	276.00	40617.00
chr13	113975636	113975785	149	149	12.00	560.00	246.63	16.00	36748.00
chr11	119293822	119294227	405	405	2.00	3276.00	287.31	15.00	116360.00
chr5	150505962	150506041	79	79	707.00	1044.00	847.76	843.00	66973.00
chr22	44224939	44225078	139	139	406.00	562.00	474.31	468.00	65929.00
chr15	41865199	41865309	110	110	265.00	367.00	314.65	300.00	34612.00
chr17	25633807	25636298	2491	2491	10.00	526.00	176.09	158.00	438637.00
chr15	72495155	72495529	374	374	10.00	2069.00	823.84	20.00	308118.00
chr9	42540272	42542124	1852	1852	2.00	19.00	8.90	8.00	16489.00
chr11	119290760	119291704	944	944	3.00	4566.00	1090.49	22.00	1029423.00
chr19	5219949	5220165	216	216	66.00	124.00	89.63	86.00	19360.00
chr15	63910769	63911153	384	384	0.00	44.00	18.55	14.50	7123.00
chr17	74393879	74393969	90	90	88.00	140.00	111.26	104.00	10013.00
chr10	104129467	104129532	65	65	83.00	104.00	95.97	97.00	6238.00
chr3	142454224	142454620	396	396	2.00	16.00	7.33	6.00	2902.00
chr12	121205196	121205396	200	200	95.00	135.00	114.82	116.50	22964.00
chr3	31705570	31705724	154	154	9.00	18.00	13.30	13.00	2048.00
chr6	118635190	118636593	1403	1403	19.00	150.00	62.75	57.00	88044.00
chr8	10339867	10340829	962	962	2.00	35.00	15.56	14.00	14966.00
chr19	16952578	16952779	201	201	79.00	166.00	127.61	130.00	25650.00
chr8	110984486	110985016	530	530	37.00	89.00	64.97	66.00	34432.00
chr9	128001219	128001610	391	391	501.00	1442.00	963.71	1018.00	376809.00
chr11	73070878	73070997	119	119	109.00	142.00	124.60	123.00	14827.00
chr10	104130140	104130235	95	95	94.00	109.00	102.88	104.00	9774.00
chr5	95733039	95733173	134	134	64.00	103.00	80.44	79.00	10779.00
chr19	59059400	59059547	147	147	248.00	334.00	286.21	280.00	42073.00
chr5	139943169	139943255	86	86	15.00	111.00	90.86	103.50	7814.00
chr17	73487771	73487981	210	210	98.00	188.00	130.10	127.00	27321.00
chr1	154315588	154315777	189	189	22.00	37.00	30.06	30.00	5681.00
chr14	95652726	95653070	344	344	4.00	27.00	14.71	13.00	5059.00
chr12	123639801	123640772	971	971	9.00	30.00	18.06	18.00	17534.00
chr22	47064870	47065171	301	301	1.00	5.00	2.98	3.00	897.00
chr5	24535220	24535388	168	168	41.00	59.00	49.77	51.00	8362.00
chr12	6806452	6806958	506	506	76.00	290.00	158.57	169.00	80238.00
chr22	29881711	29881836	125	125	291.00	347.00	316.06	314.00	39508.00
chr7	75894681	75894786	105	105	31.00	51.00	40.82	41.00	4286.00
chr12	121089007	121095893	6886	6886	6.00	165.00	32.86	28.00	226291.00
chr1	207940357	207942365	2008	2008	7.00	127.00	39.73	33.00	79773.00
chr7	154681166	154681240	74	74	316.00	375.00	347.65	349.00	25726.00
chr5	131696513	131697529	1016	1016	2.00	24.00	13.70	13.00	13918.00
chr11	1776135	1776258	123	123	386.00	967.00	621.07	561.00	76392.00
chr8	11706554	11706673	119	119	625.00	830.00	741.71	748.00	88263.00
chr11	18759426	18759511	85	85	158.00	213.00	182.94	182.00	15550.00
chr16	61689373	61689625	252	252	21.00	52.00	36.58	38.00	9219.00
chr15	51750702	51750824	122	122	104.00	151.00	128.96	132.50	15733.00
chr9	35555056	35555698	642	642	95.00	281.00	194.89	210.00	125118.00
chr2	198356200	198356621	421	421	63.00	263.00	153.41	145.00	64587.00
chr9	131001723	131001794	71	71	1850.00	2462.00	2196.80	2207.00	155973.00
chr19	5214371	5214491	120	120	194.00	250.00	217.48	212.00	26098.00
chr22	35719488	35719623	135	135	123.00	191.00	165.04	171.00	22280.00
chr12	121678738	121679829	1091	1091	1.00	32.00	10.42	9.00	11367.00
chr14	23820960	23821064	104	104	1067.00	1397.00	1261.40	1281.00	131186.00
chr1	32205710	32205779	69	69	206.00	286.00	244.81	243.00	16892.00
chr3	33420176	33420326	150	150	6.00	164.00	56.42	9.00	8463.00
chr9	114820707	114820966	259	259	15.00	50.00	33.79	35.00	8751.00
chr15	41865876	41866023	147	147	14.00	556.00	434.94	464.00	63936.00
chr19	55554308	55554637	329	329	7.00	16.00	11.68	11.00	3844.00
chr1	116933403	116933513	110	110	1275.00	1578.00	1446.15	1433.00	159077.00
chr19	15374230	15374359	129	129	75.00	126.00	100.40	100.00	12952.00
chr12	56090682	56090852	170	170	92.00	151.00	122.75	124.00	20867.00
chr14	69445668	69445876	208	208	30.00	135.00	85.81	94.00	17849.00
chr12	57603474	57603651	177	177	275.00	445.00	342.81	340.00	60678.00
chr22	32897492	32898946	1454	1454	7.00	151.00	90.58	100.00	131698.00
chr16	16367702	16367764	62	62	5.00	244.00	119.31	134.50	7397.00
chr19	5245786	5246056	270	270	53.00	122.00	81.18	81.50	21918.00
chr16	74345440	74345829	389	389	4.00	18.00	11.36	11.00	4418.00
chr6	107096899	107097076	177	177	26.00	45.00	34.89	35.00	6176.00
chr1	29641883	29642019	136	136	39.00	51.00	43.90	44.00	5970.00
chr8	97342440	97342509	69	69	137.00	191.00	158.04	157.00	10905.00
chr8	68116914	68117054	140	140	47.00	63.00	56.24	58.00	7874.00
chr22	22037470	22037546	76	76	34.00	49.00	41.28	40.00	3137.00
chr22	50682147	50683420	1273	1273	14.00	82.00	49.71	52.00	63283.00
chr20	44048971	44049069	98	98	185.00	209.00	197.85	199.00	19389.00
chr1	36904356	36904511	155	155	26.00	62.00	40.54	39.00	6283.00
chr12	71054719	71054877	158	158	27.00	49.00	34.82	34.00	5501.00
chr15	50654364	50655515	1151	1151	13.00	38.00	25.12	26.00	28911.00
chr2	234198499	234198620	121	121	37.00	59.00	49.64	52.00	6007.00
chr9	128001699	128001812	113	113	563.00	683.00	607.39	601.00	68635.00
chr8	38272296	38272419	123	123	99.00	134.00	116.60	116.00	14342.00
chr11	73068069	73068179	110	110	68.00	140.00	102.83	106.00	11311.00
chr16	28123137	28123327	190	190	103.00	162.00	127.94	118.50	24308.00
chr12	49424062	49424222	160	160	8.00	24.00	16.97	19.00	2715.00
chr19	50302885	50303023	138	138	275.00	407.00	336.21	327.00	46397.00
chr19	42480567	42480718	151	151	1757.00	2535.00	2195.85	2245.00	331574.00
chr3	197904395	197905301	906	906	0.00	30.00	12.03	12.00	10899.00
chr13	100189992	100190117	125	125	141.00	190.00	168.82	173.00	21102.00
chr19	14268062	14268272	210	210	123.00	195.00	162.71	163.00	34170.00
chr10	93786886	93787057	171	171	79.00	108.00	94.47	94.00	16154.00
chr1	109808726	109808828	102	102	67.00	108.00	82.16	79.00	8380.00
chr4	134075461	134075520	59	59	124.00	207.00	161.25	161.00	9514.00
chr1	22052268	22053864	1596	1596	5.00	26.00	14.13	14.00	22545.00
chr9	140056855	140056968	113	113	967.00	1396.00	1215.77	1277.00	137382.00
chr19	42482087	42482224	137	137	1643.00	2316.00	1885.05	1893.00	258252.00
chr19	4556962	4557025	63	63	252.00	296.00	270.08	268.00	17015.00
chr19	14266921	14267013	92	92	173.00	264.00	229.88	234.50	21149.00
chr22	42273851	42274127	276	276	7.00	466.00	234.68	267.50	64772.00
chr1	205549788	205550049	261	261	63.00	101.00	80.75	81.00	21077.00
chr1	110765585	110766522	937	937	28.00	119.00	73.49	74.00	68864.00
chr19	55553595	55554158	563	563	4.00	26.00	14.04	14.00	7906.00
chr7	150929881	150931360	1479	1479	11.00	92.00	28.43	25.00	42054.00
chr3	124215157	124215260	103	103	204.00	333.00	276.96	294.00	28527.00
chr16	58220658	58220760	102	102	54.00	81.00	68.97	71.00	7035.00
chr3	10381925	10382033	108	108	169.00	248.00	216.93	220.00	23428.00
chr10	11356101	11356221	120	120	23.00	46.00	30.12	27.00	3615.00
chr22	42294652	42294785	133	133	275.00	467.00	392.76	404.00	52237.00
chr1	2005531	2005714	183	183	6.00	36.00	23.68	25.00	4334.00
chr12	113722522	113722576	54	54	78.00	92.00	85.59	86.00	4622.00
chr9	131502198	131502398	200	200	6.00	395.00	332.00	353.00	66399.00
chr19	40873602	40873786	184	184	957.00	1225.00	1064.74	1063.50	195912.00
chr2	220162606	220162825	219	219	162.00	380.00	259.10	243.00	56743.00
chr16	28270027	28270355	328	328	3.00	26.00	14.58	16.00	4781.00
chr4	3225718	3225858	140	140	78.00	120.00	98.86	100.50	13840.00
chr17	44127898	44128070	172	172	45.00	70.00	57.76	58.00	9935.00
chr3	47462043	47462262	219	219	62.00	130.00	78.87	71.00	17272.00
chr6	99873090	99873182	92	92	6.00	407.00	161.35	129.00	14844.00
chr7	142561723	142562504	781	781	138.00	369.00	240.27	228.00	187652.00
chr1	159169540	159169666	126	126	889.00	1148.00	1001.04	998.00	126131.00
chr19	7606869	7606953	84	84	54.00	69.00	61.51	61.00	5167.00
chr16	2811561	2818298	6737	6737	5.00	453.00	224.11	214.00	1509862.00
chr3	47450652	47450807	155	155	41.00	65.00	57.45	59.00	8904.00
chr11	118403631	118403922	291	291	90.00	125.00	104.04	102.00	30277.00
chr1	205555161	205555335	174	174	52.00	101.00	86.34	90.00	15024.00
chr12	125603186	125603311	125	125	44.00	85.00	64.80	63.00	8100.00
chr11	86658288	86659498	1210	1210	13.00	66.00	34.23	32.00	41419.00
chr22	37764946	37768745	3799	3799	1.00	341.00	80.21	59.00	304719.00
chr10	46345664	46346215	551	551	8.00	42.00	18.86	17.00	10390.00
chr22	33673045	33673241	196	196	70.00	222.00	121.72	109.50	23858.00
chr9	140042599	140042666	67	67	17.00	216.00	179.75	188.00	12043.00
chr3	48717233	48717320	87	87	206.00	292.00	245.39	241.00	21349.00
chr11	60681600	60681740	140	140	18.00	122.00	65.74	48.00	9204.00
chr10	93784512	93784724	212	212	58.00	88.00	74.06	74.00	15700.00
chr12	7289424	7290372	948	948	2.00	376.00	99.55	11.00	94374.00
chr3	132387062	132387526	464	464	6.00	27.00	18.59	20.00	8626.00
chr16	2335442	2335647	205	205	132.00	197.00	169.41	175.00	34730.00
chr16	1794782	1797276	2494	2494	1.00	409.00	46.95	21.00	117102.00
chr16	3786036	3786204	168	168	70.00	93.00	83.20	84.00	13978.00
chr9	141131209	141131766	557	557	1.00	13.00	7.01	7.00	3902.00
chr14	92965028	92966015	987	987	12.00	53.00	29.56	30.00	29171.00
chr19	54692070	54692200	130	130	137.00	393.00	249.44	200.00	32427.00
chr15	43866006	43866230	224	224	33.00	72.00	52.34	52.00	11725.00
chr3	40231316	40231954	638	638	24.00	68.00	45.47	44.00	29011.00
chr3	50148937	50149455	518	518	5.00	35.00	21.62	21.00	11199.00
chr4	81117505	81117755	250	250	29.00	58.00	42.24	42.00	10560.00
chr10	46740404	46740638	234	234	0.00	22.00	11.83	14.00	2768.00
chr3	124210169	124210271	102	102	168.00	227.00	196.45	196.00	20038.00
chr11	107488830	107488932	102	102	120.00	154.00	138.58	141.50	14135.00
chr9	130591965	130592106	141	141	54.00	89.00	77.39	80.00	10912.00
chr1	20981932	20982027	95	95	300.00	403.00	339.07	339.00	32212.00
chr12	75875613	75875859	246	246	14.00	43.00	26.43	23.00	6503.00
chr22	32046684	32046764	80	80	45.00	61.00	53.61	54.00	4289.00
chr11	70331418	70331658	240	240	9.00	55.00	25.70	26.00	6167.00
chr14	51079976	51080069	93	93	193.00	254.00	225.25	228.00	20948.00
chr17	80041077	80041301	224	224	188.00	589.00	386.00	397.50	86463.00
chr7	158540884	158540971	87	87	78.00	117.00	92.33	89.00	8033.00
chr1	21553651	21553719	68	68	138.00	169.00	152.84	151.00	10393.00
chr2	219206256	219206349	93	93	62.00	86.00	74.39	74.00	6918.00
chr17	18444211	18445242	1031	1031	3.00	36.00	14.81	12.00	15274.00
chr12	57599340	57599460	120	120	245.00	365.00	293.52	282.50	35223.00
chr11	64417919	64418110	191	191	101.00	202.00	160.89	171.00	30730.00
chr19	3274926	3275650	724	724	5.00	21.00	13.01	14.00	9420.00
chr16	18532086	18532305	219	219	291.00	539.00	410.84	407.00	89973.00
chr17	3776702	3776756	54	54	381.00	469.00	440.26	446.00	23774.00
chr1	116932670	116933033	363	363	7.00	1897.00	866.57	1275.00	314564.00
chr16	1505731	1505796	65	65	139.00	183.00	171.12	174.00	11123.00
chr1	9794029	9794200	171	171	1235.00	1478.00	1358.10	1373.00	232235.00
chr10	73579221	73579379	158	158	2379.00	3823.00	3051.73	3142.50	482173.00
chr11	6411684	6412146	462	462	29.00	113.00	79.42	86.00	36693.00
chr1	159163212	159163350	138	138	730.00	959.00	795.15	786.00	109731.00
chr16	1816723	1816804	81	81	345.00	459.00	399.05	402.00	32323.00
chr7	91722399	91722630	231	231	10.00	88.00	67.52	71.00	15596.00
chr7	44281816	44281939	123	123	496.00	603.00	535.01	531.00	65806.00
chr2	220467189	220467297	108	108	19.00	29.00	24.20	24.00	2614.00
chr16	4494664	4494729	65	65	162.00	190.00	178.25	181.00	11586.00
chr15	34681844	34681986	142	142	14.00	192.00	132.73	143.00	18848.00
chr9	139995935	139996124	189	189	54.00	105.00	81.60	83.00	15422.00
chr3	180324040	180324160	120	120	81.00	97.00	88.76	89.00	10651.00
chr3	42678359	42681242	2883	2883	27.00	159.00	82.54	75.00	237957.00
chr7	131812776	131815333	2557	2557	0.00	55.00	18.24	17.00	46646.00
chr20	1585387	1585522	135	135	19.00	315.00	158.70	157.00	21424.00
chr3	126751229	126751442	213	213	72.00	106.00	94.97	96.00	20228.00
chr15	63920875	63921014	139	139	75.00	154.00	115.12	117.00	16002.00
chr16	2040128	2040202	74	74	18.00	66.00	44.86	45.00	3320.00
chr9	74324174	74324390	216	216	24.00	58.00	45.15	48.00	9753.00
chr20	44521858	44521950	92	92	201.00	259.00	231.80	235.00	21326.00
chr9	139911647	139911798	151	151	273.00	390.00	315.87	299.00	47696.00
chr9	140055507	140055649	142	142	978.00	2082.00	1562.15	1484.00	221826.00
chr12	120148055	120148191	136	136	143.00	187.00	157.98	156.00	21485.00
chr12	50474280	50474372	92	92	91.00	113.00	100.67	99.00	9262.00
chr15	63125702	63125828	126	126	92.00	159.00	123.73	125.00	15590.00
chr9	20907148	20907241	93	93	43.00	56.00	50.00	49.00	4650.00
chr16	87874655	87874761	106	106	97.00	151.00	127.79	127.00	13546.00
chr2	162833269	162833460	191	191	3.00	409.00	224.42	344.00	42865.00
chr8	11704560	11704677	117	117	689.00	930.00	805.17	808.00	94205.00
chr15	63926931	63927087	156	156	88.00	141.00	122.13	130.00	19053.00
chr6	31668718	31668805	87	87	106.00	125.00	115.00	115.00	10005.00
chr7	148910792	148910906	114	114	20.00	70.00	49.12	60.00	5600.00
chr14	42355808	42357213	1405	1405	19.00	136.00	51.65	46.00	72574.00
chr10	88678928	88679226	298	298	17.00	48.00	31.73	33.00	9457.00
chr3	140998219	140998346	127	127	40.00	56.00	48.62	49.00	6175.00
chr1	144859758	144859998	240	240	83.00	127.00	95.82	94.00	22996.00
chr9	96054772	96055455	683	683	25.00	120.00	72.45	77.00	49483.00
chr19	7604803	7604944	141	141	75.00	118.00	88.50	85.00	12478.00
chr12	30906277	30907432	1155	1155	6.00	57.00	21.99	19.00	25401.00
chr9	131112762	131112854	92	92	62.00	115.00	92.47	92.00	8507.00
chr20	61981328	61982379	1051	1051	17.00	65.00	34.60	32.00	36361.00
chr7	38431348	38431618	270	270	183.00	411.00	280.82	284.00	75821.00
chr20	44521036	44521123	87	87	148.00	208.00	174.13	181.00	15149.00
chr11	64418726	64419108	382	382	73.00	182.00	126.25	121.00	48226.00
chr12	120148344	120150270	1926	1926	10.00	270.00	47.08	29.00	90670.00
chr12	6930971	6931066	95	95	4.00	321.00	162.08	152.00	15398.00
chr16	2339434	2339621	187	187	84.00	142.00	106.03	97.00	19828.00
chr2	27700083	27700187	104	104	27.00	48.00	39.70	41.00	4129.00
chr14	69805367	69805494	127	127	94.00	213.00	150.17	138.00	19071.00
chr12	9242497	9242619	122	122	116.00	166.00	142.11	146.00	17338.00
chr3	58256658	58256791	133	133	38.00	114.00	61.64	51.00	8198.00
chr10	79744927	79745098	171	171	34.00	65.00	49.97	48.00	8545.00
chr1	159161725	159161866	141	141	344.00	592.00	491.65	514.00	69323.00
chr16	31085202	31085519	317	317	7.00	27.00	17.66	18.00	5597.00
chr1	171755018	171755218	200	200	21.00	46.00	34.11	33.00	6822.00
chr9	130988124	130989280	1156	1156	0.00	1152.00	146.68	21.00	169566.00
chr15	63127935	63127998	63	63	90.00	110.00	97.54	95.00	6145.00
chr19	1917676	1917821	145	145	5.00	213.00	147.08	153.00	21327.00
chr22	25315792	25315960	168	168	53.00	78.00	65.89	64.00	11069.00
chr2	207943790	207945085	1295	1295	13.00	72.00	42.42	41.00	54932.00
chr11	47330706	47330952	246	246	5.00	349.00	155.83	14.00	38333.00
chr3	142743978	142746095	2117	2117	0.00	106.00	17.80	14.00	37673.00
chr7	44839492	44839694	202	202	12.00	37.00	24.78	24.50	5006.00
chr22	31688260	31688471	211	211	8.00	302.00	182.30	229.00	38466.00
chr11	66333492	66333638	146	146	376.00	507.00	459.15	470.50	67036.00
chr9	131114916	131115026	110	110	104.00	127.00	116.26	117.00	12789.00
chr1	20206	21013	807	807	2.00	73.00	45.21	47.00	36486.00
chr11	108216469	108216635	166	166	28.00	54.00	42.96	43.00	7131.00
chr1	209778880	209779019	139	139	183.00	276.00	231.42	243.00	32167.00
chr1	202935876	202936026	150	150	124.00	231.00	162.02	147.00	24303.00
chr12	57600255	57600524	269	269	255.00	390.00	333.27	337.00	89649.00
chr19	15233503	15233615	112	112	68.00	93.00	82.36	83.00	9224.00
chr8	68115317	68115486	169	169	57.00	92.00	78.91	80.00	13335.00
chr19	13419229	13419342	113	113	23.00	37.00	32.64	34.00	3688.00
chr6	33266815	33267130	315	315	0.00	37.00	21.24	21.00	6691.00
chr16	89780611	89781646	1035	1035	3.00	79.00	29.73	23.00	30773.00
chr12	109964162	109964221	59	59	39.00	52.00	45.07	45.00	2659.00
chr22	24491893	24492045	152	152	35.00	74.00	54.68	57.50	8311.00
chr2	242592926	242593025	99	99	123.00	161.00	142.41	144.00	14099.00
chr1	21937944	21938074	130	130	243.00	575.00	431.77	483.50	56130.00
chr2	223789173	223789313	140	140	197.00	259.00	224.89	222.00	31484.00
chr20	3772318	3772535	217	217	2.00	18.00	8.94	6.00	1940.00
chr16	18531918	18532001	83	83	362.00	570.00	469.27	495.00	38949.00
chr1	43396296	43396537	241	241	123.00	202.00	161.17	159.00	38842.00
chr2	100037960	100038115	155	155	29.00	51.00	40.32	41.00	6249.00
chr16	1500497	1500770	273	273	8.00	137.00	79.83	112.00	21793.00
chr19	40876016	40876144	128	128	952.00	1350.00	1162.52	1138.00	148802.00
chr5	168112691	168112932	241	241	12.00	31.00	20.80	20.00	5014.00
chr2	127825738	127825831	93	93	305.00	378.00	337.65	338.00	31401.00
chr1	19232015	19234990	2975	2975	13.00	207.00	55.05	47.00	163774.00
chr16	1391129	1391196	67	67	183.00	208.00	194.21	194.00	13012.00
chr6	33410665	33411689	1024	1024	5.00	223.00	103.77	97.00	106258.00
chr9	95872033	95872266	233	233	10.00	19.00	15.18	16.00	3537.00
chr1	53378627	53378839	212	212	15.00	32.00	23.66	24.00	5016.00
chr2	80531276	80531693	417	417	11.00	45.00	23.98	20.00	10001.00
chr7	44286718	44286791	73	73	413.00	467.00	434.81	431.00	31741.00
chr7	157369304	157369471	167	167	256.00	326.00	293.13	297.00	48953.00
chr11	18755079	18755191	112	112	4.00	214.00	132.54	173.00	14844.00
chr6	86237979	86238080	101	101	115.00	153.00	133.58	133.00	13492.00
chr8	145000951	145001050	99	99	70.00	129.00	99.47	93.00	9848.00
chr19	45167680	45167966	286	286	5.00	19.00	10.76	10.00	3077.00
chr10	48930165	48930400	235	235	1.00	23.00	12.21	12.00	2869.00
chr16	87871450	87871547	97	97	115.00	169.00	148.62	154.00	14416.00
chr1	109815454	109815649	195	195	142.00	225.00	179.38	175.00	34980.00
chr1	208215442	208215711	269	269	56.00	91.00	77.06	79.00	20730.00
chr2	260866	261451	585	585	0.00	20.00	10.62	12.00	6210.00
chr5	180481266	180481724	458	458	3.00	18.00	12.00	12.00	5498.00
chr7	73119479	73119631	152	152	3.00	554.00	238.72	6.00	36286.00
chr15	34677248	34677358	110	110	215.00	385.00	289.03	274.50	31793.00
chr16	57687114	57687247	133	133	223.00	358.00	294.41	308.00	39156.00
chr15	50649406	50649592	186	186	6.00	36.00	23.98	28.00	4460.00
chr22	21071995	21072066	71	71	803.00	961.00	877.38	880.00	62294.00
chr5	179200882	179201561	679	679	7.00	42.00	25.76	25.00	17493.00
chr10	98763824	98763979	155	155	86.00	133.00	106.57	107.00	16518.00
chr14	102963315	102963457	142	142	72.00	126.00	89.70	83.00	12738.00
chr1	21932558	21933138	580	580	7.00	489.00	98.65	13.00	57216.00
chr16	28118842	28118998	156	156	111.00	160.00	131.71	131.50	20547.00
chr1	241767561	241767881	320	320	36.00	82.00	55.52	58.00	17766.00
chr11	66812063	66812184	121	121	34.00	69.00	46.71	41.00	5652.00
chr11	12248571	12248678	107	107	223.00	328.00	287.42	298.00	30754.00
chr9	130588788	130588951	163	163	29.00	61.00	41.35	40.00	6740.00
chr22	21068915	21068988	73	73	838.00	1063.00	960.78	974.00	70137.00
chr1	43424304	43424531	227	227	12.00	234.00	166.48	192.00	37792.00
chr14	105852021	105853670	1649	1649	5.00	98.00	18.37	16.00	30295.00
chr15	34823469	34823579	110	110	139.00	218.00	186.77	192.50	20545.00
chr11	171365	172282	917	917	1.00	30.00	12.17	12.00	11159.00
chr22	24493976	24494155	179	179	59.00	82.00	69.23	70.00	12393.00
chr15	79291060	79291167	107	107	151.00	184.00	164.98	164.00	17653.00
chr16	2145904	2146194	290	290	8.00	16.00	12.46	12.00	3613.00
chr9	131503050	131503166	116	116	294.00	409.00	349.27	345.50	40515.00
chr11	61301983	61302579	596	596	4.00	22.00	12.27	12.00	7313.00
chr22	25308609	25308719	110	110	38.00	51.00	46.15	47.00	5076.00
chr12	63977826	63979986	2160	2160	0.00	23.00	11.63	12.00	25128.00
chr19	46928844	46930933	2089	2089	10.00	255.00	130.71	128.00	273059.00
chr16	56969146	56969224	78	78	162.00	215.00	185.19	179.00	14445.00
chr17	40665787	40665996	209	209	19.00	1006.00	444.09	591.00	92815.00
chr9	131669435	131671600	2165	2165	154.00	463.00	299.90	297.00	649291.00
chr2	220164026	220164271	245	245	7.00	538.00	169.85	13.00	41614.00
chr19	7589846	7590052	206	206	28.00	82.00	52.18	52.00	10750.00
chr6	91260186	91260268	82	82	65.00	85.00	73.17	72.00	6000.00
chr9	124543742	124543830	88	88	141.00	171.00	155.23	153.00	13660.00
chr12	54071005	54071170	165	165	1.00	19.00	11.67	11.00	1926.00
chr2	40443	41212	769	769	7.00	31.00	18.09	18.00	13914.00
chr11	67852159	67852747	588	588	4.00	28.00	14.83	14.00	8721.00
chr8	8233762	8234810	1048	1048	15.00	56.00	31.43	30.00	32941.00
chr2	175671113	175672148	1035	1035	3.00	19.00	8.79	8.00	9093.00
chr7	138984922	138985438	516	516	3.00	14.00	7.34	7.00	3787.00
chr22	40816850	40817104	254	254	32.00	129.00	93.76	93.00	23814.00
chr19	14263120	14263249	129	129	181.00	237.00	208.05	206.00	26839.00
chr19	16962222	16962345	123	123	62.00	180.00	127.80	133.00	15720.00
chr1	109813838	109813918	80	80	117.00	154.00	128.07	125.00	10246.00
chr3	49898148	49898562	414	414	5.00	525.00	249.18	375.00	103159.00
chr17	17131202	17131510	308	308	3.00	64.00	45.13	48.00	13900.00
chr1	21936067	21936139	72	72	187.00	236.00	209.47	209.50	15082.00
chr3	130424404	130424615	211	211	31.00	76.00	58.93	66.00	12434.00
chr12	56532710	56532797	87	87	61.00	111.00	81.01	81.00	7048.00
chr16	29888591	29888788	197	197	288.00	418.00	348.90	344.00	68734.00
chr2	114394588	114396196	1608	1608	1.00	33.00	12.42	11.00	19975.00
chr3	124180736	124180803	67	67	120.00	135.00	127.12	126.00	8517.00
chr9	111798485	111798660	175	175	53.00	73.00	62.78	61.00	10987.00
chr10	73847897	73848372	475	475	28.00	939.00	316.90	289.00	150526.00
chr22	21075585	21075706	121	121	499.00	967.00	810.08	856.00	98020.00
chr22	20920753	20921104	351	351	43.00	115.00	75.49	74.00	26496.00
chr9	140953020	140953185	165	165	33.00	49.00	41.86	42.00	6907.00
chr22	41620970	41621075	105	105	65.00	106.00	85.15	84.00	8941.00
chr11	6243671	6243839	168	168	41.00	68.00	56.07	57.00	9420.00
chr15	74704225	74704353	128	128	62.00	163.00	116.27	122.00	14883.00
chr3	48719780	48719985	205	205	147.00	195.00	166.14	168.00	34059.00
chr1	222833247	222833348	101	101	70.00	139.00	106.92	108.00	10799.00
chr1	6583675	6584824	1149	1149	4.00	61.00	41.37	43.00	47538.00
chr11	126135857	126135976	119	119	147.00	184.00	164.11	164.00	19529.00
chr8	75156763	75157410	647	647	18.00	48.00	29.55	29.00	19121.00
chr15	83345212	83345389	177	177	135.00	192.00	170.41	170.00	30163.00
chr14	68031638	68032561	923	923	6.00	43.00	22.34	20.00	20621.00
chr19	42479780	42479949	169	169	1732.00	2516.00	2092.51	2019.00	353635.00
chr16	31503329	31503407	78	78	181.00	228.00	207.82	207.00	16210.00
chr17	1564564	1564700	136	136	177.00	291.00	221.18	203.00	30080.00
chr16	58717858	58718082	224	224	19.00	39.00	30.06	31.00	6733.00
chr14	71575320	71575763	443	443	23.00	72.00	45.69	47.00	20240.00
chr1	202934498	202934628	130	130	101.00	196.00	127.98	111.00	16638.00
chr7	73118477	73118586	109	109	307.00	397.00	346.58	343.00	37777.00
chr19	13365908	13366073	165	165	43.00	72.00	56.84	57.00	9379.00
chr10	102265117	102265958	841	841	0.00	39.00	19.61	19.00	16493.00
chr9	139983320	139983457	137	137	76.00	108.00	92.34	92.00	12650.00
chr18	29206245	29206347	102	102	50.00	88.00	68.71	73.00	7008.00
chr12	120578662	120578827	165	165	51.00	68.00	58.78	59.00	9699.00
chr5	757516	758226	710	710	2.00	8.00	5.49	5.00	3895.00
chr8	21632483	21632567	84	84	22.00	39.00	28.86	28.00	2424.00
chr4	54011499	54011749	250	250	39.00	80.00	59.07	58.00	14768.00
chr8	141680613	141681365	752	752	0.00	31.00	19.35	20.00	14550.00
chr11	57367351	57367850	499	499	111.00	301.00	193.29	203.00	96451.00
chr12	63980009	63980784	775	775	3.00	15.00	6.95	6.00	5389.00
chr9	140057042	140057203	161	161	15.00	1384.00	1164.94	1245.00	187555.00
chr2	7055953	7056098	145	145	21.00	35.00	25.14	24.00	3645.00
chr12	52387768	52389043	1275	1275	12.00	344.00	112.71	87.00	143711.00
chr19	50104931	50105175	244	244	18.00	95.00	37.93	29.00	9256.00
chr19	5218430	5218543	113	113	124.00	185.00	161.36	162.00	18234.00
chr16	29898969	29899138	169	169	181.00	279.00	223.08	213.00	37700.00
chr7	99030900	99031041	141	141	13.00	22.00	17.81	18.00	2511.00
chr17	36692926	36693212	286	286	1.00	8.00	4.67	5.00	1337.00
chr15	73857770	73859335	1565	1565	7.00	65.00	26.12	26.00	40872.00
chr6	44104085	44104176	91	91	93.00	132.00	112.02	111.00	10194.00
chr1	21938518	21938602	84	84	300.00	392.00	354.12	363.50	29746.00
chr19	13423482	13423595	113	113	15.00	25.00	18.56	18.00	2097.00
chr16	70292882	70293089	207	207	541.00	726.00	629.51	627.00	130308.00
chr18	61060641	61060782	141	141	61.00	86.00	73.54	74.00	10369.00
chr16	22269814	22270016	202	202	17.00	32.00	23.49	24.00	4744.00
chr1	21554423	21554534	111	111	95.00	161.00	121.43	112.00	13479.00
chr9	140057255	140057455	200	200	16.00	1867.00	1185.77	1469.50	237154.00
chr7	1488255	1488397	142	142	37.00	74.00	60.58	66.00	8602.00
chr14	100166351	100166438	87	87	319.00	383.00	347.43	347.00	30226.00
chr9	101065522	101065705	183	183	179.00	255.00	222.05	229.00	40636.00
chr5	68411752	68412041	289	289	26.00	56.00	35.91	35.00	10379.00
chr1	2452539	2452754	215	215	31.00	81.00	49.61	47.00	10666.00
chr1	21564626	21564737	111	111	128.00	161.00	143.79	144.00	15961.00
chr13	42037713	42039066	1353	1353	7.00	34.00	21.54	22.00	29142.00
chr2	114350236	114350443	207	207	7.00	33.00	20.00	20.00	4141.00
chr1	21939668	21939722	54	54	281.00	350.00	322.39	328.50	17409.00
chr9	139353895	139354007	112	112	41.00	55.00	47.50	47.00	5320.00
chr7	102176367	102176618	251	251	5.00	12.00	9.30	10.00	2334.00
chr3	51411753	51412018	265	265	7.00	111.00	45.19	11.00	11975.00
chr17	73888091	73888266	175	175	14.00	26.00	18.20	18.00	3185.00
chr13	103297258	103297435	177	177	6.00	66.00	38.72	51.00	6854.00
chr15	63922664	63922834	170	170	89.00	161.00	117.65	111.00	20001.00
chr3	33400774	33400849	75	75	76.00	95.00	88.12	90.00	6609.00
chr22	50671744	50671955	211	211	28.00	48.00	39.96	41.00	8432.00
chr1	21190968	21191205	237	237	98.00	165.00	127.86	128.00	30303.00
chr5	14481649	14481727	78	78	160.00	182.00	171.99	173.00	13415.00
chr15	101605556	101606410	854	854	5.00	28.00	15.76	16.00	13456.00
chr17	80040402	80040554	152	152	267.00	434.00	359.48	345.50	54641.00
chr2	132269293	132270897	1604	1604	7.00	33.00	19.62	19.00	31471.00
chr11	1778553	1778786	233	233	611.00	1201.00	935.58	979.00	217991.00
chr11	1469616	1469808	192	192	9.00	22.00	15.15	14.00	2909.00
chr12	120138549	120138630	81	81	220.00	259.00	244.07	246.00	19770.00
chr7	901016	901101	85	85	138.00	174.00	157.94	162.00	13425.00
chr19	13372263	13372424	161	161	51.00	71.00	59.64	59.00	9602.00
chr17	40843154	40843311	157	157	128.00	221.00	173.04	172.00	27167.00
chr17	80039476	80039719	243	243	279.00	537.00	394.49	399.00	95860.00
chr17	16681109	16687365	6256	6256	0.00	117.00	26.87	23.00	168097.00
chr1	116935475	116935610	135	135	1384.00	1935.00	1687.88	1695.00	227864.00
chr6	128294808	128294972	164	164	71.00	162.00	131.01	136.50	21485.00
chr5	109189927	109190617	690	690	4.00	30.00	12.80	11.50	8829.00
chr15	40757533	40757634	101	101	32.00	104.00	88.35	94.00	8923.00
chr2	220164706	220164981	275	275	297.00	609.00	442.39	422.00	121657.00
chr3	164905164	164908639	3475	3475	6.00	103.00	43.44	38.00	150947.00
chr11	60699157	60699356	199	199	122.00	440.00	345.60	340.00	68774.00
chr2	96680301	96680717	416	416	4.00	20.00	12.74	12.00	5298.00
chr17	40845314	40845554	240	240	145.00	251.00	184.25	172.00	44221.00
chr12	125264513	125265391	878	878	6.00	30.00	17.83	17.00	15653.00
chr1	156623704	156624158	454	454	2.00	17.00	7.45	6.00	3382.00
chr6	108370456	108370622	166	166	59.00	91.00	71.66	70.00	11895.00
chr11	19180486	19180587	101	101	26.00	37.00	32.48	33.00	3280.00
chr19	42489069	42489338	269	269	348.00	1011.00	748.92	828.00	201459.00
chr2	198274493	198274731	238	238	103.00	185.00	144.45	141.00	34378.00
chr6	47220991	47221257	266	266	86.00	170.00	122.74	114.00	32650.00
chr19	40872679	40872822	143	143	1219.00	1912.00	1616.12	1640.00	231105.00
chr19	54693278	54693627	349	349	5.00	106.00	50.87	49.00	17753.00
chr12	81929	82174	245	245	12.00	42.00	27.93	28.00	6842.00
chr21	45513943	45514114	171	171	50.00	72.00	61.59	63.00	10532.00
chr3	124201630	124201747	117	117	5.00	300.00	199.21	243.00	23308.00
chr17	79805118	79805223	105	105	341.00	389.00	364.30	362.00	38252.00
chr20	46307419	46307548	129	129	76.00	95.00	84.97	85.00	10961.00
chr17	38187790	38187873	83	83	86.00	108.00	95.19	94.00	7901.00
chr2	207452814	207452878	64	64	180.00	212.00	197.02	195.00	12609.00
chr17	45695715	45695823	108	108	264.00	316.00	291.26	290.50	31456.00
chr7	44283023	44283126	103	103	365.00	444.00	406.40	407.00	41859.00
chr20	62274975	62275284	309	309	4.00	1597.00	755.74	1010.00	233525.00
chr11	108202605	108202764	159	159	24.00	36.00	29.15	28.00	4635.00
chr9	140051314	140051489	175	175	394.00	745.00	549.50	525.00	96163.00
chr22	45574118	45574781	663	663	24.00	71.00	44.63	48.00	29592.00
chr15	79312382	79312446	64	64	72.00	87.00	81.66	83.00	5226.00
chr1	21940120	21940199	79	79	252.00	313.00	288.89	290.00	22822.00
chr17	3775847	3775921	74	74	362.00	477.00	413.68	414.00	30612.00
chr7	73133931	73134019	88	88	3.00	552.00	182.61	136.00	16070.00
chr11	72292920	72292991	71	71	270.00	328.00	295.30	293.00	20966.00
chr7	43547616	43547730	114	114	48.00	75.00	62.20	64.00	7091.00
chr16	58713760	58714145	385	385	12.00	31.00	19.93	20.00	7672.00
chr22	21083600	21083794	194	194	477.00	667.00	561.44	557.00	108920.00
chr11	66457275	66457414	139	139	222.00	295.00	259.89	261.00	36125.00
chr15	91561034	91561115	81	81	34.00	58.00	44.16	41.00	3577.00
chr11	2968525	2969001	476	476	4.00	28.00	15.69	15.00	7467.00
chr19	34869838	34869910	72	72	1230.00	1421.00	1309.06	1307.00	94252.00
chr9	121970996	121971219	223	223	197.00	264.00	234.33	238.00	52256.00
chr3	47449772	47449980	208	208	6.00	59.00	39.62	52.00	8242.00
chr12	57601820	57601999	179	179	305.00	706.00	492.09	447.00	88085.00
chr16	2345590	2345741	151	151	124.00	160.00	141.20	142.00	21321.00
chr12	50471782	50471910	128	128	46.00	81.00	62.00	60.00	7936.00
chr1	109814221	109814344	123	123	184.00	264.00	239.67	243.00	29480.00
chr19	16942304	16942458	154	154	60.00	91.00	77.08	78.00	11871.00
chr11	66333301	66333398	97	97	398.00	504.00	443.95	436.00	43063.00
chr5	74026084	74026223	139	139	58.00	83.00	71.23	71.00	9901.00
chr5	68417520	68417722	202	202	27.00	53.00	42.36	44.00	8557.00
chr19	15272262	15272525	263	263	14.00	56.00	35.77	35.00	9408.00
chr3	45872404	45872482	78	78	112.00	135.00	127.22	129.00	9923.00
chr7	73123374	73123452	78	78	563.00	770.00	700.10	720.50	54608.00
chr5	14498197	14498360	163	163	97.00	158.00	128.64	129.00	20969.00
chr14	93180167	93180230	63	63	108.00	136.00	122.38	124.00	7710.00
chr9	130984739	130984875	136	136	1415.00	2240.00	1770.93	1659.00	240846.00
chr13	31216764	31216894	130	130	29.00	61.00	40.33	37.50	5243.00
chr12	112614399	112614506	107	107	50.00	122.00	105.35	107.00	11272.00
chr12	57602865	57602982	117	117	403.00	616.00	499.26	498.00	58414.00
chr14	72976861	72976987	126	126	33.00	59.00	44.44	45.00	5599.00
chr1	155209406	155209553	147	147	45.00	96.00	66.53	64.00	9780.00
chr10	49633930	49634113	183	183	77.00	98.00	87.74	89.00	16057.00
chr16	84100093	84100218	125	125	115.00	180.00	148.84	150.00	18605.00
chr1	155207924	155208097	173	173	93.00	156.00	115.46	116.00	19974.00
chr12	2786898	2787033	135	135	16.00	30.00	21.91	21.00	2958.00
chr2	233755457	233756197	740	740	1.00	587.00	91.97	11.00	68060.00
chr14	60631894	60632099	205	205	62.00	265.00	199.00	231.00	40795.00
chr1	11151549	11151654	105	105	85.00	112.00	99.65	98.00	10463.00
chr4	134076071	134076178	107	107	141.00	216.00	190.97	195.00	20434.00
chr15	91420364	91420441	77	77	119.00	145.00	129.74	129.00	9990.00
chr5	114961533	114961755	222	222	14.00	60.00	40.27	41.00	8939.00
chr16	1814047	1814211	164	164	9.00	417.00	197.48	265.00	32387.00
chr18	44250463	44252581	2118	2118	4.00	56.00	28.41	26.00	60178.00
chr6	158049380	158049518	138	138	24.00	54.00	39.00	37.00	5382.00
chr19	7675585	7675679	94	94	30.00	52.00	39.17	39.00	3682.00
chr13	99461604	99461719	115	115	1.00	173.00	116.23	115.00	13367.00
chr11	130010829	130011467	638	638	7.00	1246.00	153.52	27.00	97946.00
chr11	107526658	107526792	134	134	209.00	274.00	244.47	243.50	32759.00
chr16	1391294	1391490	196	196	149.00	186.00	164.88	164.00	32316.00
chr1	38182716	38184158	1442	1442	0.00	103.00	38.16	36.00	55024.00
chr5	179231023	179231323	300	300	1.00	19.00	9.10	9.00	2731.00
chr14	69814593	69814719	126	126	139.00	190.00	170.96	173.00	21541.00
chr14	69349174	69349309	135	135	167.00	265.00	214.65	215.00	28978.00
chr19	7614792	7614998	206	206	125.00	185.00	156.83	154.50	32306.00
chr1	228270375	228270466	91	91	2.00	1525.00	480.24	206.00	43702.00
chr1	38186022	38186315	293	293	4.00	23.00	12.98	14.00	3804.00
chr13	77641715	77641999	284	284	134.00	219.00	173.17	174.00	49179.00
chr14	100157417	100157498	81	81	83.00	241.00	145.70	128.00	11802.00
chr13	32978280	32979333	1053	1053	12.00	78.00	37.97	38.00	39978.00
chr12	7301567	7301794	227	227	330.00	661.00	494.55	468.00	112263.00
chr9	123583116	123583257	141	141	52.00	71.00	61.16	62.00	8624.00
chr17	26883183	26883284	101	101	98.00	140.00	113.28	111.00	11441.00
chr12	6972993	6973137	144	144	168.00	252.00	216.15	221.00	31125.00
chr20	34322310	34322637	327	327	2.00	17.00	8.94	9.00	2923.00
chr19	7606407	7606570	163	163	65.00	125.00	87.56	84.00	14273.00
chr16	2333186	2333373	187	187	5.00	246.00	179.65	197.00	33595.00
chr12	113825548	113825711	163	163	55.00	159.00	98.74	87.00	16095.00
chr7	4802013	4807749	5736	5736	3.00	145.00	33.94	29.00	194695.00
chr1	43394880	43394985	105	105	235.00	293.00	263.61	262.00	27679.00
chr19	4554399	4554488	89	89	199.00	301.00	263.34	278.00	23437.00
chr16	31719139	31719372	233	233	4.00	13.00	9.65	10.00	2248.00
chr5	134060669	134061744	1075	1075	13.00	38.00	22.52	21.00	24211.00
chr1	202936318	202936371	53	53	6.00	152.00	83.87	117.00	4445.00
chr2	220087366	220087615	249	249	150.00	250.00	194.63	192.00	48462.00
chr2	36764494	36764689	195	195	54.00	93.00	79.79	81.00	15559.00
chr7	43519208	43519343	135	135	53.00	82.00	68.70	69.00	9275.00
chr10	51249585	51249993	408	408	0.00	17.00	8.34	7.00	3402.00
chr6	32123647	32123755	108	108	81.00	126.00	96.89	96.00	10464.00
chr3	118624442	118624692	250	250	8.00	72.00	32.72	15.00	8179.00
chr1	190129797	190130020	223	223	35.00	58.00	43.33	43.00	9662.00
chr9	131004491	131004624	133	133	3.00	2442.00	1987.83	2324.00	264381.00
chr22	33679187	33679334	147	147	79.00	100.00	87.71	86.00	12894.00
chr15	74709931	74710016	85	85	58.00	146.00	90.54	75.00	7696.00
chr7	6470110	6470238	128	128	33.00	48.00	41.17	42.00	5270.00
chr1	6640600	6641359	759	759	15.00	49.00	29.61	29.00	22474.00
chr16	31510622	31510728	106	106	143.00	183.00	163.87	167.00	17370.00
chr4	103710287	103711803	1516	1516	8.00	29.00	17.07	17.00	25871.00
chr19	2862339	2862746	407	407	5.00	34.00	16.34	13.00	6651.00
chr2	15467873	15467994	121	121	40.00	69.00	49.74	48.00	6018.00
chr2	36780721	36781492	771	771	4.00	16.00	9.38	9.00	7232.00
chr10	81070680	81070941	261	261	29.00	87.00	50.38	48.00	13148.00
chr2	217234866	217235986	1120	1120	5.00	31.00	13.53	12.00	15155.00
chr10	93786348	93786508	160	160	47.00	89.00	62.16	59.00	9946.00
chr17	20268785	20269076	291	291	3.00	18.00	10.67	11.00	3104.00
chr9	131002006	131002062	56	56	2.00	2570.00	2278.89	2459.00	127618.00
chr1	155208307	155208441	134	134	96.00	179.00	137.60	140.00	18438.00
chr2	162833877	162834373	496	496	5.00	379.00	36.23	9.00	17970.00
chr9	35799614	35799728	114	114	22.00	35.00	27.05	27.00	3084.00
chr20	62517856	62519234	1378	1378	1.00	140.00	30.40	28.00	41890.00
chr22	35942847	35943127	280	280	40.00	174.00	127.82	136.00	35789.00
chr13	26436438	26436546	108	108	23.00	32.00	27.30	27.00	2948.00
chr14	69371371	69371453	82	82	114.00	214.00	158.54	155.50	13000.00
chr7	44031274	44031581	307	307	5.00	18.00	9.04	8.00	2774.00
chr11	12274988	12275291	303	303	2.00	22.00	10.78	13.00	3265.00
chr5	1334403	1334498	95	95	87.00	108.00	98.29	98.00	9338.00
chr19	34868639	34868786	147	147	1289.00	1840.00	1538.59	1516.00	226172.00
chr16	1815960	1816143	183	183	260.00	445.00	350.03	349.00	64055.00
chr10	73578787	73578868	81	81	2759.00	3699.00	3154.67	3158.00	255528.00
chr17	37420427	37420640	213	213	17.00	31.00	23.81	23.00	5071.00
chr5	60835422	60835586	164	164	48.00	68.00	58.01	59.00	9514.00
chr15	79296143	79296517	374	374	103.00	161.00	129.02	128.00	48253.00
chr19	13039568	13039661	93	93	351.00	526.00	439.24	449.00	40849.00
chr12	49421585	49421713	128	128	35.00	65.00	51.38	49.00	6577.00
chr1	1661057	1662583	1526	1526	0.00	113.00	33.49	20.00	51104.00
chr2	207457340	207457460	120	120	216.00	271.00	246.24	249.50	29549.00
chr11	64542462	64543441	979	979	4.00	36.00	19.93	21.00	19515.00
chr20	61910250	61910347	97	97	105.00	134.00	119.22	119.00	11564.00
chr11	62394042	62394156	114	114	151.00	231.00	185.75	184.00	21176.00
chr5	37301538	37301652	114	114	17.00	26.00	21.51	21.00	2452.00
chr16	4733843	4733933	90	90	110.00	139.00	122.78	122.00	11050.00
chr15	43693913	43694048	135	135	28.00	61.00	43.01	39.00	5807.00
chr11	18764538	18764622	84	84	85.00	110.00	100.05	101.00	8404.00
chr17	57842331	57842499	168	168	95.00	156.00	128.58	136.50	21601.00
chr9	96076729	96078064	1335	1335	4.00	26.00	11.52	11.00	15374.00
chr11	12246219	12246367	148	148	199.00	265.00	235.94	232.00	34919.00
chr12	7030743	7031565	822	822	14.00	2616.00	907.40	26.00	745881.00
chr3	14523178	14523349	171	171	12.00	38.00	24.26	24.00	4148.00
chr5	758508	759483	975	975	1.00	13.00	5.28	5.00	5152.00
chr12	22635490	22635677	187	187	32.00	56.00	46.05	48.00	8612.00
chr5	14479369	14479459	90	90	119.00	151.00	133.76	134.00	12038.00
chr6	143655214	143656079	865	865	2.00	23.00	8.90	8.00	7701.00
chr7	75508360	75508578	218	218	6.00	727.00	459.22	538.00	100111.00
chr11	60697981	60698131	150	150	201.00	298.00	243.33	237.00	36499.00
chr1	151400598	151400889	291	291	48.00	111.00	82.43	89.00	23987.00
chr5	172196431	172197309	878	878	7.00	566.00	167.08	29.00	146698.00
chr3	49152660	49152794	134	134	41.00	63.00	49.00	46.00	6566.00
chr7	5518281	5519950	1669	1669	11.00	61.00	30.25	29.00	50486.00
chr17	16691106	16691449	343	343	3.00	63.00	25.65	30.00	8798.00
chr2	220086993	220087172	179	179	145.00	202.00	177.17	182.00	31713.00
chr10	51746916	51748006	1090	1090	3.00	80.00	30.34	25.00	33075.00
chr12	7302118	7302289	171	171	520.00	714.00	620.31	620.00	106073.00
chr11	59562844	59562955	111	111	11.00	38.00	27.25	30.00	3025.00
chr12	6100984	6101184	200	200	38.00	88.00	57.63	55.00	11526.00
chr19	5683274	5683627	353	353	7.00	20.00	12.20	12.00	4306.00
chr12	2786259	2786387	128	128	15.00	40.00	26.60	25.00	3405.00
chr15	26812727	26812880	153	153	90.00	160.00	108.65	104.00	16624.00
chr1	149007980	149008798	818	818	0.00	10.00	3.93	4.00	3216.00
chr19	54965608	54965861	253	253	61.00	186.00	120.42	112.00	30467.00
chr8	27293259	27293310	51	51	354.00	465.00	409.80	404.00	20900.00
chr15	23014437	23014528	91	91	76.00	128.00	98.22	87.00	8938.00
chr1	111717500	111717585	85	85	68.00	101.00	87.62	89.00	7448.00
chr6	150157220	150157433	213	213	124.00	193.00	164.40	166.00	35017.00
chr13	114566547	114566670	123	123	31.00	123.00	63.73	61.00	7839.00
chr16	58539291	58539605	314	314	3.00	53.00	31.16	33.00	9783.00
chr1	21936612	21936768	156	156	148.00	590.00	325.22	323.00	50735.00
chr1	17322880	17322991	111	111	170.00	277.00	225.18	238.00	24995.00
chr11	60699455	60699599	144	144	313.00	463.00	380.99	362.00	54862.00
chr5	6749669	6749770	101	101	33.00	43.00	38.62	38.00	3901.00
chr16	2156805	2156949	144	144	109.00	130.00	121.09	121.00	17437.00
chr15	34690834	34690930	96	96	100.00	260.00	192.98	180.50	18526.00
chr3	11074933	11075425	492	492	3.00	392.00	76.71	14.00	37741.00
chr5	74655222	74655381	159	159	109.00	143.00	120.75	120.00	19199.00
chr20	20022968	20023160	192	192	38.00	78.00	52.11	48.00	10006.00
chr2	39055481	39055578	97	97	29.00	50.00	42.24	44.00	4097.00
chr19	16793231	16793528	297	297	5.00	142.00	41.98	8.00	12467.00
chr2	219205450	219205509	59	59	73.00	81.00	76.81	77.00	4532.00
chr17	74087429	74087729	300	300	2.00	20.00	13.26	13.00	3979.00
chr3	184058150	184060036	1886	1886	14.00	397.00	86.65	52.00	163418.00
chr6	90333128	90333263	135	135	24.00	43.00	37.03	38.00	4999.00
chr12	125267019	125267429	410	410	9.00	72.00	30.18	18.00	12375.00
chr1	207942580	207943104	524	524	4.00	92.00	63.32	68.00	33182.00
chr4	89356876	89357043	167	167	53.00	78.00	66.50	66.00	11105.00
chr7	101995498	101995736	238	238	10.00	46.00	22.82	19.00	5431.00
chr3	11067458	11067562	104	104	314.00	435.00	378.32	381.00	39345.00
chr5	95734582	95734740	158	158	80.00	100.00	90.90	91.00	14362.00
chr6	152529106	152529341	235	235	87.00	158.00	119.06	115.00	27979.00
chr5	102295578	102295763	185	185	77.00	124.00	103.08	104.00	19069.00
chr22	21072980	21073110	130	130	634.00	883.00	758.09	776.50	98552.00
chr12	121855306	121855714	408	408	43.00	164.00	86.03	81.00	35100.00
chr1	160326389	160326544	155	155	114.00	150.00	136.25	138.00	21118.00
chr11	60670930	60671007	77	77	288.00	389.00	347.94	363.00	26791.00
chr17	79804822	79804948	126	126	348.00	500.00	433.83	442.00	54662.00
chr16	18527204	18527332	128	128	504.00	757.00	650.70	658.00	83290.00
chr16	16372518	16372646	128	128	521.00	786.00	676.46	686.50	86587.00
chr2	32750530	32750695	165	165	21.00	33.00	26.95	27.00	4446.00
chr14	69369193	69369279	86	86	191.00	257.00	222.51	220.00	19136.00
chr7	66418212	66418356	144	144	130.00	204.00	168.95	168.00	24329.00
chr6	44107988	44108097	109	109	88.00	129.00	104.50	102.00	11391.00
chr7	70885893	70886091	198	198	123.00	284.00	195.09	189.50	38627.00
chr8	27295281	27295397	116	116	430.00	577.00	499.39	498.00	57929.00
chr7	73122918	73123018	100	100	521.00	689.00	592.88	594.00	59288.00
chr15	34698874	34699071	197	197	173.00	220.00	196.61	199.00	38732.00
chr8	22009343	22009513	170	170	177.00	356.00	251.95	240.00	42831.00
chr7	1526557	1526737	180	180	25.00	111.00	69.28	77.00	12471.00
chr5	178053946	178054065	119	119	10.00	132.00	63.85	56.00	7598.00
chr12	6103027	6103369	342	342	46.00	91.00	64.82	66.00	22169.00
chr2	3479491	3480482	991	991	1.00	18.00	6.46	6.00	6399.00
chr3	33883388	33883566	178	178	88.00	144.00	113.18	109.00	20146.00
chr19	11019778	11019883	105	105	165.00	225.00	191.15	193.00	20071.00
chr7	98446205	98446318	113	113	836.00	1643.00	1266.41	1222.00	143104.00
chr8	106813274	106813932	658	658	14.00	28.00	21.01	21.00	13825.00
chr2	223795338	223795530	192	192	314.00	462.00	380.29	383.00	73016.00
chr7	75511146	75511554	408	408	432.00	975.00	727.99	775.50	297021.00
chr21	40184926	40185038	112	112	151.00	244.00	195.79	203.50	21928.00
chr19	53383575	53385236	1661	1661	10.00	45.00	23.08	23.00	38332.00
chr19	14208130	14208295	165	165	13.00	524.00	319.38	386.00	52698.00
chr15	91461013	91461618	605	605	4.00	261.00	75.83	10.00	45878.00
chr8	145278010	145278133	123	123	50.00	66.00	58.19	58.00	7157.00
chr16	28132990	28133083	93	93	104.00	141.00	121.72	121.00	11320.00
chr11	125280091	125280221	130	130	53.00	70.00	61.18	62.00	7953.00
chr15	63128089	63128317	228	228	37.00	161.00	100.89	107.50	23002.00
chr9	131181435	131181557	122	122	4.00	269.00	211.15	227.00	25760.00
chr19	3281196	3281343	147	147	110.00	149.00	131.92	135.00	19392.00
chr11	6240200	6240280	80	80	37.00	57.00	50.56	52.00	4045.00
chr20	31019123	31019287	164	164	26.00	46.00	34.71	35.00	5693.00
chr6	46825865	46827260	1395	1395	25.00	73.00	46.30	44.00	64590.00
chr12	1672006	1672666	660	660	5.00	39.00	20.13	18.00	13286.00
chr12	9098824	9099001	177	177	106.00	161.00	139.54	141.00	24699.00
chr7	121738503	121738630	127	127	59.00	99.00	73.29	73.00	9308.00
chr19	40875814	40875935	121	121	771.00	1052.00	893.44	870.00	108106.00
chr20	3581592	3581671	79	79	62.00	95.00	80.71	82.00	6376.00
chr17	7226965	7227042	77	77	45.00	60.00	53.38	54.00	4110.00
chr2	74331800	74332809	1009	1009	18.00	52.00	29.75	28.00	30021.00
chr1	209785136	209785610	474	474	7.00	274.00	200.95	224.00	95252.00
chr9	35546426	35548532	2106	2106	68.00	200.00	126.89	125.00	267239.00
chr17	80040198	80040290	92	92	279.00	375.00	332.92	330.00	30629.00
chr11	73074791	73075284	493	493	12.00	161.00	58.29	21.00	28737.00
chr20	44674976	44675075	99	99	154.00	226.00	205.60	209.00	20354.00
chr20	5892091	5892328	237	237	24.00	272.00	159.44	198.00	37788.00
chr17	20316581	20317594	1013	1013	4.00	25.00	11.95	12.00	12108.00
chr12	99478702	99478801	99	99	110.00	132.00	122.23	123.00	12101.00
chr17	40842756	40842960	204	204	151.00	243.00	194.98	187.00	39776.00
chr11	107501142	107501288	146	146	146.00	183.00	162.47	162.00	23720.00
chr11	85429236	85429532	296	296	2.00	16.00	5.51	4.00	1632.00
chr20	9449217	9449319	102	102	31.00	63.00	51.22	55.00	5224.00
chr14	23371395	23371591	196	196	93.00	137.00	120.76	122.00	23669.00
chr7	716865	716957	92	92	1011.00	1533.00	1374.77	1382.50	126479.00
chr10	48862360	48862682	322	322	1.00	58.00	29.27	35.00	9424.00
chr10	68686678	68688210	1532	1532	8.00	100.00	41.34	33.00	63328.00
chr5	179674854	179674926	72	72	117.00	143.00	131.78	132.00	9488.00
chr1	209773327	209773456	129	129	203.00	263.00	233.98	236.00	30184.00
chr17	45691034	45691091	57	57	241.00	292.00	265.23	265.00	15118.00
chr1	19669871	19670118	247	247	10.00	27.00	19.84	20.00	4901.00
chr17	45664025	45664710	685	685	10.00	214.00	53.98	36.00	36978.00
chr19	2337634	2338840	1206	1206	8.00	90.00	25.54	21.00	30799.00
chr8	22011480	22011552	72	72	305.00	359.00	334.79	343.00	24105.00
