#chrom	start	end	size	num_data	min	max	mean	median	sum
chr12	1940100	1940691	591	591	67.00	120.00	95.17	97.00	56245.00
chr1	27480473	27481381	908	908	33.00	96.00	62.40	59.00	56661.00
chr15	63112684	63112809	125	125	323.00	454.00	390.74	388.00	48842.00
chr5	149231737	149232254	517	517	14.00	61.00	36.89	34.00	19072.00
chr5	140865429	140867182	1753	1753	25.00	87.00	52.26	53.00	91620.00
chr1	32209793	32209958	165	165	306.00	513.00	391.22	381.00	64551.00
chr16	87873307	87873431	124	124	86.00	230.00	144.98	145.00	17977.00
chr17	34157438	34158175	737	737	3.00	32.00	19.80	22.00	14592.00
chr2	127815619	127816088	469	469	19.00	58.00	39.41	40.00	18483.00
chr1	208212965	208213112	147	147	83.00	113.00	98.00	98.00	14406.00
chr22	19703883	19704666	783	783	17.00	95.00	55.87	51.00	43745.00
chr16	87872319	87872423	104	104	91.00	194.00	145.78	147.00	15161.00
chr9	140055740	140055868	128	128	2168.00	2617.00	2362.19	2342.50	302360.00
chr22	21096515	21096643	128	128	677.00	984.00	769.90	754.00	98547.00
chr9	140056321	140056540	219	219	7.00	3587.00	2160.57	2540.00	473165.00
chr11	78379981	78380253	272	272	26.00	52.00	35.60	34.00	9682.00
chr3	11070420	11070533	113	113	376.00	468.00	427.14	430.00	48267.00
chr1	109812554	109813222	668	668	5.00	867.00	285.93	304.00	190999.00
chr2	220161954	220162155	201	201	968.00	1416.00	1232.01	1245.00	247635.00
chr15	74706887	74707086	199	199	130.00	220.00	160.01	155.00	31842.00
chr17	7318829	7319426	597	597	239.00	687.00	425.26	406.00	253880.00
chr1	21560050	21560154	104	104	24.00	34.00	29.12	30.00	3028.00
chr1	25573799	25573952	153	153	18.00	817.00	526.54	578.00	80561.00
chr14	93198993	93199160	167	167	181.00	239.00	210.92	208.00	35223.00
chr1	205554003	205554119	116	116	333.00	531.00	433.99	423.00	50343.00
chr1	9795005	9795232	227	227	2110.00	3517.00	2905.34	2965.00	659513.00
chr17	42426525	42426670	145	145	93.00	142.00	119.30	119.00	17299.00
chr18	70205887	70206179	292	292	12.00	530.00	201.63	23.00	58876.00
chr1	205553082	205553251	169	169	444.00	677.00	554.88	568.00	93774.00
chr9	140056623	140056766	143	143	18.00	2650.00	1519.55	1701.00	217296.00
chr6	33412147	33412394	247	247	3.00	841.00	453.81	590.00	112092.00
chr12	89992366	89992547	181	181	7.00	1256.00	861.80	955.00	155985.00
chr2	220088827	220089576	749	749	139.00	311.00	224.91	217.00	168456.00
chr14	100763073	100765222	2149	2149	8.00	91.00	42.36	41.00	91028.00
chr1	110740697	110742543	1846	1846	22.00	1593.00	765.99	726.00	1414018.00
chr1	149878201	149879758	1557	1557	33.00	2483.00	554.65	81.00	863596.00
chr3	197264139	197265259	1120	1120	5.00	54.00	28.30	28.00	31701.00
chr8	56449623	56450530	907	907	18.00	56.00	38.00	38.00	34466.00
chr9	139354208	139354326	118	118	61.00	124.00	84.32	77.00	9950.00
chr1	32204908	32205236	328	328	534.00	940.00	740.79	740.00	242980.00
chr7	75608768	75608897	129	129	102.00	162.00	129.57	128.00	16715.00
chr19	45161029	45161178	149	149	73.00	95.00	83.69	84.00	12470.00
chr19	5243911	5244493	582	582	81.00	190.00	131.83	135.00	76723.00
chr6	32119585	32119717	132	132	24.00	1241.00	629.25	628.50	83061.00
chr3	42670878	42672067	1189	1189	6.00	35.00	17.91	18.00	21296.00
chr11	45892392	45892485	93	93	173.00	266.00	204.22	201.00	18992.00
chr17	80040789	80040991	202	202	452.00	785.00	569.52	572.50	115043.00
chr2	74902875	74903036	161	161	75.00	132.00	92.76	89.00	14934.00
chr17	38335969	38337946	1977	1977	11.00	358.00	43.48	27.00	85959.00
chr16	87870103	87870253	150	150	111.00	190.00	142.47	138.00	21371.00
chr1	32205947	32206142	195	195	602.00	919.00	742.93	695.00	144872.00
chr6	44117553	44117702	149	149	23.00	352.00	225.84	283.00	33650.00
chr1	159163659	159163830	171	171	1393.00	1728.00	1563.12	1575.00	267294.00
chr3	445565	446023	458	458	8.00	26.00	17.20	17.00	7878.00
chr2	25048913	25048995	82	82	166.00	217.00	201.40	202.00	16515.00
chr10	99504485	99504672	187	187	115.00	195.00	158.25	162.00	29593.00
chr4	54364807	54365010	203	203	147.00	255.00	191.91	176.00	38957.00
chr17	1634367	1634552	185	185	29.00	49.00	39.52	38.00	7311.00
chr7	72416124	72416247	123	123	109.00	182.00	143.82	148.00	17690.00
chr1	208212169	208212329	160	160	98.00	137.00	114.30	114.00	18288.00
chr9	140952500	140952702	202	202	97.00	170.00	122.43	123.00	24731.00
chr6	44197325	44197528	203	203	166.00	256.00	218.42	221.00	44340.00
chr6	44197643	44198218	575	575	54.00	172.00	104.38	96.00	60018.00
chr11	118981972	118982084	112	112	284.00	356.00	327.48	333.50	36678.00
chr5	150503846	150503952	106	106	12.00	2495.00	1792.80	2272.50	190037.00
chr11	118981761	118981878	117	117	326.00	442.00	387.33	394.00	45318.00
chr11	126314873	126315000	127	127	81.00	101.00	94.71	95.00	12028.00
chr1	159165808	159166244	436	436	18.00	1594.00	313.98	33.50	136896.00
chr7	134893542	134893750	208	208	35.00	61.00	46.26	46.00	9623.00
chr9	121976196	121976433	237	237	240.00	619.00	419.49	435.00	99419.00
chr19	54691042	54691169	127	127	296.00	746.00	497.29	468.00	63156.00
chr22	38621430	38621600	170	170	275.00	477.00	386.11	410.50	65639.00
chr13	42035681	42036205	524	524	3.00	26.00	12.16	10.00	6373.00
chr20	1915360	1915413	53	53	13.00	2799.00	1818.83	2262.00	96398.00
chr5	14496987	14497126	139	139	224.00	353.00	279.71	274.00	38879.00
chr12	56528125	56528212	87	87	146.00	187.00	163.30	163.00	14207.00
chr3	47466974	47467101	127	127	83.00	112.00	96.87	95.00	12302.00
chr17	7415476	7415663	187	187	165.00	223.00	190.13	188.00	35554.00
chr3	33588037	33589252	1215	1215	6.00	37.00	18.04	17.00	21917.00
chr7	887833	888615	782	782	15.00	130.00	49.42	33.00	38644.00
chr10	24813251	24813693	442	442	47.00	96.00	71.48	75.00	31594.00
chr1	109812045	109812213	168	168	271.00	682.00	421.47	348.00	70807.00
chr19	15276597	15276902	305	305	74.00	126.00	91.96	90.00	28049.00
chr16	2334779	2334999	220	220	210.00	404.00	300.46	274.50	66101.00
chr16	68404761	68405261	500	500	23.00	70.00	48.36	50.00	24182.00
chr4	110969111	110969871	760	760	26.00	92.00	68.88	74.00	52349.00
chr1	145693161	145693996	835	835	7.00	107.00	60.37	56.00	50412.00
chr7	44282848	44282932	84	84	690.00	844.00	772.60	769.00	64898.00
chr2	220164315	220164508	193	193	20.00	839.00	372.93	64.00	71976.00
chr12	50472203	50472360	157	157	113.00	140.00	127.90	127.00	20081.00
chr2	220163768	220163833	65	65	1165.00	1464.00	1320.22	1315.00	85814.00
chr2	222289928	222290862	934	934	236.00	469.00	332.80	326.00	310838.00
chr12	57599133	57599268	135	135	239.00	378.00	295.29	292.00	39864.00
chr7	157475416	157475629	213	213	327.00	569.00	449.94	439.00	95838.00
chr1	32203800	32203927	127	127	506.00	983.00	762.13	790.00	96790.00
chr1	109811731	109811912	181	181	360.00	759.00	566.02	588.00	102450.00
chr9	140052830	140052975	145	145	1172.00	3700.00	2517.41	2703.00	365025.00
chr2	220161706	220161854	148	148	1015.00	1958.00	1412.50	1371.50	209050.00
chr16	29896906	29897070	164	164	601.00	983.00	808.26	822.00	132555.00
chr16	47143393	47143622	229	229	69.00	155.00	118.59	124.00	27156.00
chr11	993753	993985	232	232	249.00	534.00	370.86	356.50	86039.00
chr9	124059698	124061137	1439	1439	3.00	56.00	20.74	16.00	29840.00
chr9	140350140	140350634	494	494	22.00	76.00	50.41	50.00	24901.00
chr11	14504577	14504697	120	120	92.00	133.00	112.90	111.00	13548.00
chr3	49898612	49898733	121	121	989.00	1667.00	1341.82	1328.00	162360.00
chr9	131811659	131811777	118	118	65.00	99.00	78.01	77.00	9205.00
chr9	131810705	131810818	113	113	94.00	123.00	107.38	109.00	12134.00
chr1	223400935	223401080	145	145	223.00	315.00	267.82	271.00	38834.00
chr12	125612185	125612820	635	635	14.00	302.00	70.49	32.00	44764.00
chr2	220088590	220088744	154	154	182.00	240.00	212.01	212.00	32649.00
chr9	70888487	70888750	263	263	11.00	71.00	39.80	41.00	10467.00
chr14	69813756	69813898	142	142	177.00	278.00	215.68	201.00	30626.00
chr2	47399145	47399890	745	745	15.00	867.00	55.79	41.00	41565.00
chr11	62688689	62689041	352	352	14.00	374.00	125.63	50.00	44222.00
chr6	43745205	43745407	202	202	7.00	119.00	78.79	74.00	15915.00
chr3	11072492	11072997	505	505	12.00	710.00	156.52	48.00	79044.00
chr7	2696031	2696168	137	137	238.00	315.00	280.61	279.00	38444.00
chr16	14969196	14969279	83	83	543.00	1163.00	918.82	1009.00	76262.00
chr17	7377847	7378026	179	179	7.00	17.00	10.93	9.00	1956.00
chr12	65639640	65639719	79	79	106.00	176.00	137.46	141.00	10859.00
chr12	50294912	50295108	196	196	1820.00	4951.00	2499.79	2184.50	489958.00
chr19	42485653	42485788	135	135	2682.00	3948.00	3466.72	3502.00	468007.00
chr10	99509230	99509343	113	113	149.00	335.00	226.77	231.00	25625.00
chr22	38883877	38888120	4243	4243	51.00	1195.00	349.92	291.00	1484730.00
chr12	49416372	49416658	286	286	90.00	160.00	125.14	122.00	35789.00
chr6	24843089	24843782	693	693	41.00	106.00	70.83	68.00	49086.00
chr5	176295561	176295665	104	104	379.00	533.00	436.03	418.50	45347.00
chr10	99510087	99510227	140	140	221.00	356.00	280.03	266.00	39204.00
chr1	159173658	159174770	1112	1112	18.00	142.00	51.50	40.00	57270.00
chr11	1780745	1780869	124	124	1121.00	1727.00	1525.27	1587.00	189134.00
chr19	42486059	42486258	199	199	1906.00	3467.00	2692.21	2743.00	535749.00
chr3	47465422	47465535	113	113	96.00	165.00	122.62	123.00	13856.00
chr1	21573713	21573856	143	143	38.00	53.00	43.90	43.00	6277.00
chr11	65320330	65320453	123	123	106.00	183.00	160.89	171.00	19789.00
chr3	47462420	47462519	99	99	216.00	300.00	264.13	266.00	26149.00
chr2	219204751	219204864	113	113	176.00	227.00	203.75	203.00	23024.00
chr1	43906123	43906257	134	134	28.00	67.00	42.07	40.00	5637.00
chr7	38785158	38785840	682	682	15.00	485.00	68.27	34.00	46562.00
chr2	153499932	153500058	126	126	113.00	202.00	155.92	170.00	19646.00
chr1	32203011	32203132	121	121	16.00	798.00	608.58	696.00	73638.00
chr22	42290823	42290941	118	118	686.00	1014.00	877.62	862.50	103559.00
chr19	47940718	47940818	100	100	620.00	1157.00	866.22	875.50	86622.00
chr4	119539150	119539274	124	124	5.00	35.00	22.14	23.50	2745.00
chr17	44117067	44117250	183	183	65.00	123.00	97.04	101.00	17758.00
chr19	42485873	42485983	110	110	1996.00	2668.00	2362.01	2388.00	259821.00
chr6	44114583	44114664	81	81	124.00	165.00	145.67	144.00	11799.00
chr19	47941105	47941292	187	187	17.00	1317.00	718.73	953.00	134402.00
chr11	73074250	73074500	250	250	204.00	313.00	254.41	245.00	63602.00
chr3	33418764	33418825	61	61	417.00	561.00	482.87	490.00	29455.00
chr1	700258	700505	247	247	13.00	41.00	25.89	24.00	6395.00
chr9	74319510	74319719	209	209	19.00	51.00	32.95	30.00	6886.00
chr16	2336694	2336968	274	274	195.00	542.00	351.08	350.00	96197.00
chr20	3575125	3575219	94	94	120.00	219.00	142.80	138.00	13423.00
chr9	139231377	139231529	152	152	91.00	151.00	117.66	117.00	17885.00
chr5	140515951	140516498	547	547	8.00	40.00	28.37	31.00	15518.00
chr1	21938208	21938309	101	101	776.00	1064.00	918.18	909.00	92736.00
chr3	155659188	155659936	748	748	22.00	161.00	103.56	112.00	77462.00
chr16	27483068	27483241	173	173	133.00	181.00	155.93	153.00	26976.00
chr11	994071	994245	174	174	164.00	325.00	273.63	283.00	47611.00
chr7	71175745	71175913	168	168	519.00	866.00	698.27	686.50	117310.00
chr12	121204065	121204175	110	110	201.00	283.00	256.28	263.50	28191.00
chr7	73118679	73118753	74	74	1347.00	1983.00	1602.89	1524.50	118614.00
chr9	140972565	140972710	145	145	99.00	135.00	115.06	113.00	16684.00
chr12	121683329	121684024	695	695	18.00	82.00	39.31	38.00	27319.00
chr16	74493579	74493687	108	108	168.00	229.00	194.36	192.00	20991.00
chr2	36771518	36771641	123	123	166.00	214.00	187.40	187.00	23050.00
chr7	94187181	94187996	815	815	9.00	57.00	25.11	22.00	20466.00
chr14	94156951	94157239	288	288	11.00	28.00	20.71	22.00	5964.00
chr7	121739000	121739524	524	524	3.00	21.00	12.04	13.00	6309.00
chr1	19549117	19549328	211	211	91.00	151.00	109.98	104.00	23206.00
chr19	5214571	5214747	176	176	229.00	535.00	309.15	278.50	54411.00
chr19	42557753	42557861	108	108	201.00	240.00	218.94	218.00	23645.00
chr15	102510686	102510925	239	239	1.00	77.00	38.14	36.00	9116.00
chr5	167673761	167675376	1615	1615	39.00	157.00	85.67	89.00	138351.00
chr7	44282158	44282253	95	95	773.00	1333.00	1025.17	991.00	97391.00
chr2	160621061	160621717	656	656	10.00	210.00	38.60	26.00	25321.00
chr5	10426501	10426634	133	133	250.00	360.00	317.17	330.00	42184.00
chr16	1814301	1814460	159	159	661.00	850.00	756.19	767.00	120235.00
chr11	21581734	21581928	194	194	198.00	334.00	238.81	217.50	46330.00
chr3	126749085	126749255	170	170	149.00	225.00	191.79	200.00	32604.00
chr11	12237765	12237866	101	101	596.00	708.00	651.15	654.00	65766.00
chr6	31750872	31750963	91	91	145.00	200.00	170.04	167.00	15474.00
chr3	53124201	53124398	197	197	21.00	54.00	40.97	42.00	8072.00
chr2	220161470	220161544	74	74	1592.00	2010.00	1876.92	1919.00	138892.00
chr2	128951046	128951785	739	739	19.00	125.00	61.52	62.00	45465.00
chr5	24535811	24535931	120	120	127.00	173.00	146.52	145.00	17582.00
chr1	44083406	44083582	176	176	171.00	398.00	268.21	250.50	47205.00
chr1	32207653	32207818	165	165	349.00	664.00	459.96	425.00	75894.00
chr12	7293754	7294000	246	246	17.00	1313.00	772.52	1110.00	190039.00
chr3	131442289	131442469	180	180	106.00	158.00	138.57	144.00	24942.00
chr3	49898871	49899298	427	427	58.00	1783.00	670.68	786.00	286380.00
chr16	66432358	66432464	106	106	12.00	27.00	19.04	18.00	2018.00
chr1	20982593	20982680	87	87	410.00	486.00	444.25	441.00	38650.00
chr16	68398653	68398809	156	156	43.00	67.00	53.03	51.00	8273.00
chr17	16676818	16678279	1461	1461	4.00	27.00	14.31	15.00	20904.00
chr1	109814899	109815027	128	128	357.00	552.00	449.54	450.50	57541.00
chr1	21940478	21940582	104	104	921.00	1097.00	1018.94	1039.00	105970.00
chr20	57468284	57468793	509	509	12.00	30.00	19.62	19.00	9988.00
chr3	127358087	127358366	279	279	370.00	744.00	511.77	505.00	142784.00
chr3	126735359	126735527	168	168	70.00	108.00	85.57	82.50	14376.00
chr10	103869140	103869264	124	124	361.00	621.00	470.48	465.00	58340.00
chr20	44520554	44520666	112	112	162.00	285.00	214.89	184.00	24068.00
chr1	32203252	32203356	104	104	465.00	760.00	634.90	680.50	66030.00
chr21	40186196	40186316	120	120	304.00	395.00	344.68	338.00	41361.00
chr5	111067153	111068349	1196	1196	13.00	71.00	45.94	46.00	54940.00
chr9	128002954	128003186	232	232	329.00	507.00	412.97	411.00	95808.00
chr1	43408896	43408992	96	96	135.00	198.00	168.77	174.00	16202.00
chr3	47463931	47464026	95	95	172.00	225.00	196.05	197.00	18625.00
chr2	220161160	220161238	78	78	1626.00	1850.00	1705.92	1689.00	133062.00
chr11	62472772	62473089	317	317	1295.00	3470.00	2204.86	2164.00	698941.00
chr9	130986341	130986906	565	565	3.00	871.00	189.80	18.00	107235.00
chr14	69358769	69359000	231	231	222.00	324.00	284.99	288.00	65832.00
chr11	64416205	64416379	174	174	191.00	274.00	236.17	239.00	41094.00
chr17	8398454	8398559	105	105	402.00	630.00	519.09	511.00	54504.00
chr12	53572943	53574193	1250	1250	9.00	47.00	34.95	35.50	43682.00
chr17	17696544	17701827	5283	5283	31.00	328.00	101.81	93.00	537860.00
chr8	11705187	11705331	144	144	1254.00	1993.00	1677.09	1688.50	241501.00
chr19	54963829	54963931	102	102	274.00	420.00	329.98	304.00	33658.00
chr2	70451682	70456295	4613	4613	4.00	216.00	45.90	41.00	211732.00
chr11	118873959	118874169	210	210	10.00	31.00	22.31	23.00	4685.00
chr10	75548427	75548581	154	154	59.00	89.00	73.52	73.00	11322.00
chr6	33414351	33414563	212	212	454.00	885.00	741.49	744.00	157195.00
chr17	80042910	80043032	122	122	197.00	269.00	235.75	238.50	28761.00
chr11	11470290	11470483	193	193	83.00	146.00	109.06	107.00	21048.00
chr8	23294446	23294771	325	325	122.00	222.00	153.98	152.00	50044.00
chr1	116932060	116932663	603	603	8.00	3431.00	1147.75	37.00	692092.00
chr15	83222627	83222741	114	114	115.00	153.00	136.64	139.00	15577.00
chr3	9841562	9841751	189	189	31.00	64.00	45.02	43.00	8508.00
chr1	116937731	116937907	176	176	2118.00	4240.00	2644.49	2328.50	465431.00
chr16	87868019	87868197	178	178	125.00	205.00	158.37	151.00	28190.00
chr3	124209540	124209731	191	191	802.00	1415.00	1075.79	1013.00	205475.00
chr7	71142195	71142291	96	96	728.00	1066.00	856.40	845.00	82214.00
chr5	130497324	130497584	260	260	24.00	50.00	37.37	38.00	9717.00
chr13	100199238	100199358	120	120	371.00	541.00	457.35	453.00	54882.00
chr5	139943336	139943506	170	170	29.00	328.00	275.81	279.50	46887.00
chr17	74395529	74396002	473	473	92.00	215.00	168.43	171.00	79666.00
chr14	93179149	93179216	67	67	220.00	267.00	247.01	249.00	16550.00
chr4	160277004	160277310	306	306	32.00	547.00	233.59	206.00	71480.00
chr17	40666306	40666478	172	172	974.00	1931.00	1448.21	1475.50	249092.00
chr15	34828065	34828207	142	142	22.00	207.00	123.18	122.50	17491.00
chr14	100165802	100165876	74	74	623.00	775.00	715.03	730.00	52912.00
chr22	20128089	20128231	142	142	15.00	205.00	114.73	146.50	16292.00
chr12	3392210	3394421	2211	2211	10.00	118.00	64.78	62.00	143231.00
chr17	16687866	16690667	2801	2801	1.00	101.00	18.98	16.00	53173.00
chr6	31664724	31664810	86	86	175.00	264.00	224.77	222.50	19330.00
chr6	30627512	30627611	99	99	53.00	80.00	67.71	71.00	6703.00
chr11	18752834	18755060	2226	2226	12.00	1392.00	160.43	71.00	357128.00
chr12	109332602	109332731	129	129	444.00	707.00	587.91	622.00	75841.00
chr6	90072884	90073110	226	226	25.00	45.00	35.35	37.00	7990.00
chr16	2689371	2689711	340	340	0.00	0.00	0.00	0.00	0.00
chr1	20987373	20987484	111	111	349.00	472.00	413.57	414.00	45906.00
chr14	85985300	85986667	1367	1367	11.00	55.00	32.71	30.00	44713.00
chr13	32863769	32863880	111	111	172.00	217.00	192.62	193.00	21381.00
chr16	1510418	1510528	110	110	70.00	118.00	87.65	86.00	9642.00
chr19	54963269	54963444	175	175	399.00	563.00	453.09	452.00	79291.00
chr6	44224078	44224233	155	155	50.00	80.00	64.47	65.00	9993.00
chr20	3151172	3152285	1113	1113	10.00	67.00	35.65	36.00	39677.00
chr1	892273	892405	132	132	184.00	298.00	230.93	226.00	30483.00
chr16	90192167	90192724	557	557	12.00	107.00	63.86	64.00	35572.00
chr9	111663704	111663810	106	106	102.00	133.00	115.09	115.00	12200.00
chr6	44108764	44108835	71	71	146.00	202.00	168.90	172.00	11992.00
chr1	36028802	36029027	225	225	2354.00	3969.00	2999.78	2895.00	674951.00
chr11	66807259	66807674	415	415	12.00	222.00	146.24	151.00	60688.00
chr1	178426817	178427679	862	862	31.00	87.00	56.84	57.00	48998.00
chr19	42482302	42482478	176	176	2445.00	4034.00	2967.62	2873.00	522302.00
chr1	44084718	44084873	155	155	178.00	418.00	267.57	241.00	41473.00
chr1	109812315	109812442	127	127	313.00	548.00	406.59	415.00	51637.00
chr3	180324268	180324391	123	123	130.00	181.00	162.90	164.00	20037.00
chr15	63933668	63933842	174	174	213.00	324.00	259.32	241.00	45121.00
chr20	44521363	44521519	156	156	276.00	380.00	327.84	324.50	51143.00
chr3	33416779	33416910	131	131	186.00	455.00	281.92	263.00	36932.00
chr1	21934624	21934843	219	219	13.00	1489.00	628.21	775.00	137578.00
chr14	69799801	69799886	85	85	112.00	208.00	163.72	163.00	13916.00
chr1	116936134	116936345	211	211	8.00	2885.00	2274.64	2452.00	479949.00
chr14	23634493	23634645	152	152	46.00	94.00	74.97	80.00	11395.00
chr16	1402538	1402947	409	409	10.00	30.00	20.06	20.00	8205.00
chr9	20331	25000	4669	4669	0.00	229.00	53.59	47.00	250205.00
chr17	43545574	43545959	385	385	20.00	42.00	28.88	29.00	11120.00
chr13	100201418	100201476	58	58	455.00	535.00	499.95	500.50	28997.00
chr15	41865505	41865665	160	160	419.00	777.00	549.64	556.50	87943.00
chr19	19641688	19642196	508	508	11.00	42.00	21.65	21.50	10996.00
chr11	134147593	134148159	566	566	19.00	47.00	33.37	34.00	18888.00
chr2	71656420	71657290	870	870	11.00	70.00	39.65	38.00	34497.00
chr7	97834775	97835016	241	241	175.00	279.00	223.66	217.00	53901.00
chr19	13363804	13363915	111	111	138.00	187.00	161.95	163.00	17976.00
chr18	31328383	31329011	628	628	20.00	56.00	35.21	34.00	22110.00
chr16	66431884	66432009	125	125	16.00	29.00	23.53	25.00	2941.00
chr19	47935155	47935702	547	547	21.00	1468.00	489.02	467.00	267493.00
chr12	50291769	50291873	104	104	1342.00	2077.00	1672.24	1717.00	173913.00
chr11	1780198	1780317	119	119	760.00	1470.00	983.66	957.00	117056.00
chr15	65392626	65393167	541	541	23.00	38.00	29.69	30.00	16064.00
chr2	86397871	86397967	96	96	141.00	254.00	199.01	201.50	19105.00
chr7	97866087	97866233	146	146	95.00	210.00	144.55	148.50	21104.00
chr11	60687157	60687402	245	245	147.00	280.00	212.36	211.00	52029.00
chr21	43307700	43309453	1753	1753	29.00	123.00	65.39	62.00	114629.00
chr14	24619269	24619657	388	388	34.00	107.00	57.93	56.00	22475.00
chr11	65320634	65320727	93	93	61.00	107.00	81.23	80.00	7554.00
chr16	29891184	29891385	201	201	694.00	956.00	822.30	819.00	165282.00
chr1	32207224	32207326	102	102	895.00	1331.00	1138.42	1129.00	116119.00
chr11	72300218	72300394	176	176	16.00	640.00	216.02	22.00	38019.00
chr17	7608878	7609038	160	160	89.00	287.00	193.20	204.00	30912.00
chr19	7607646	7607814	168	168	133.00	209.00	178.47	185.00	29983.00
chr19	54966129	54966271	142	142	201.00	328.00	289.63	299.00	41128.00
chr12	57995027	57995131	104	104	301.00	340.00	319.32	320.00	33209.00
chr1	27428875	27429049	174	174	103.00	180.00	141.19	148.00	24567.00
chr2	27688277	27688385	108	108	57.00	110.00	95.43	104.00	10306.00
chr16	2691449	2692254	805	805	0.00	56.00	5.29	3.00	4255.00
chr9	131503813	131503933	120	120	509.00	663.00	583.25	588.00	69990.00
chr16	2347766	2347922	156	156	169.00	261.00	219.14	216.00	34186.00
chr17	80039884	80040036	152	152	405.00	519.00	466.03	469.50	70837.00
chr1	32204432	32204538	106	106	532.00	1046.00	775.32	805.50	82184.00
chr12	9242951	9243078	127	127	108.00	152.00	132.29	131.00	16801.00
chr3	49702661	49702751	90	90	261.00	343.00	314.97	318.00	28347.00
chr19	35820359	35820837	478	478	4.00	31.00	15.67	16.00	7491.00
chr1	201456762	201457615	853	853	9.00	32.00	17.45	16.00	14886.00
chr16	2334279	2334438	159	159	261.00	396.00	311.67	305.00	49556.00
chr10	73578373	73578481	108	108	4637.00	6266.00	5503.36	5426.00	594363.00
chr16	18530550	18530756	206	206	3.00	1273.00	587.26	761.00	120975.00
chr16	16369094	16369300	206	206	3.00	1293.00	594.39	772.00	122444.00
chr13	113975636	113975785	149	149	22.00	590.00	252.99	27.00	37695.00
chr11	119293822	119294227	405	405	40.00	10869.00	1050.95	135.00	425633.00
chr5	150505962	150506041	79	79	1673.00	2307.00	1848.27	1803.00	146013.00
chr22	44224939	44225078	139	139	1436.00	1883.00	1648.60	1641.00	229156.00
chr15	41865199	41865309	110	110	371.00	462.00	415.78	410.00	45736.00
chr17	25633807	25636298	2491	2491	31.00	866.00	353.13	363.00	879648.00
chr15	72495155	72495529	374	374	38.00	5221.00	1978.12	56.00	739817.00
chr9	42540272	42542124	1852	1852	3.00	40.00	15.89	14.00	29423.00
chr11	119290760	119291704	944	944	12.00	13892.00	3106.65	45.00	2932682.00
chr19	5219949	5220165	216	216	187.00	301.00	235.05	216.50	50770.00
chr15	63910769	63911153	384	384	0.00	93.00	32.99	29.00	12670.00
chr17	74393879	74393969	90	90	171.00	237.00	198.67	191.50	17880.00
chr10	104129467	104129532	65	65	156.00	186.00	173.63	176.00	11286.00
chr3	142454224	142454620	396	396	6.00	25.00	12.92	11.00	5115.00
chr12	121205196	121205396	200	200	206.00	289.00	238.68	238.00	47736.00
chr3	31705570	31705724	154	154	33.00	61.00	45.28	40.00	6973.00
chr6	118635190	118636593	1403	1403	35.00	275.00	166.10	157.00	233040.00
chr8	10339867	10340829	962	962	17.00	65.00	33.75	32.00	32466.00
chr19	16952578	16952779	201	201	177.00	349.00	262.58	272.00	52779.00
chr8	110984486	110985016	530	530	139.00	258.00	196.76	201.00	104284.00
chr9	128001219	128001610	391	391	478.00	1250.00	877.91	902.00	343264.00
chr11	73070878	73070997	119	119	187.00	250.00	224.72	227.00	26742.00
chr10	104130140	104130235	95	95	125.00	159.00	140.74	140.00	13370.00
chr5	95733039	95733173	134	134	198.00	280.00	239.30	235.00	32066.00
chr19	59059400	59059547	147	147	363.00	487.00	423.58	422.00	62266.00
chr5	139943169	139943255	86	86	33.00	270.00	212.95	232.50	18314.00
chr17	73487771	73487981	210	210	111.00	182.00	135.34	131.00	28421.00
chr1	154315588	154315777	189	189	38.00	69.00	53.28	53.00	10069.00
chr14	95652726	95653070	344	344	8.00	26.00	12.10	11.00	4163.00
chr12	123639801	123640772	971	971	18.00	72.00	39.06	37.00	37923.00
chr22	47064870	47065171	301	301	6.00	21.00	13.14	12.00	3955.00
chr5	24535220	24535388	168	168	79.00	151.00	99.69	87.00	16748.00
chr12	6806452	6806958	506	506	218.00	706.00	455.83	470.00	230650.00
chr22	29881711	29881836	125	125	367.00	549.00	430.30	432.00	53787.00
chr7	75894681	75894786	105	105	101.00	194.00	148.02	147.00	15542.00
chr12	121089007	121095893	6886	6886	18.00	286.00	78.64	67.00	541510.00
chr1	207940357	207942365	2008	2008	15.00	318.00	77.31	64.00	155247.00
chr7	154681166	154681240	74	74	554.00	649.00	615.45	620.50	45543.00
chr5	131696513	131697529	1016	1016	8.00	41.00	23.35	24.00	23727.00
chr11	1776135	1776258	123	123	558.00	1274.00	850.94	803.00	104666.00
chr8	11706554	11706673	119	119	1150.00	1556.00	1343.66	1347.00	159896.00
chr11	18759426	18759511	85	85	461.00	598.00	538.22	544.00	45749.00
chr16	61689373	61689625	252	252	94.00	141.00	118.22	119.00	29792.00
chr15	51750702	51750824	122	122	294.00	366.00	329.98	331.50	40257.00
chr9	35555056	35555698	642	642	255.00	728.00	475.57	464.00	305315.00
chr2	198356200	198356621	421	421	8.00	36.00	22.00	23.00	9263.00
chr9	131001723	131001794	71	71	3741.00	5193.00	4660.92	4778.00	330925.00
chr19	5214371	5214491	120	120	364.00	573.00	487.98	494.50	58558.00
chr22	35719488	35719623	135	135	168.00	246.00	216.30	222.00	29200.00
chr12	121678738	121679829	1091	1091	17.00	91.00	34.82	28.00	37984.00
chr14	23820960	23821064	104	104	1876.00	2376.00	2200.15	2250.50	228816.00
chr1	32205710	32205779	69	69	706.00	850.00	778.80	782.00	53737.00
chr3	33420176	33420326	150	150	13.00	504.00	169.37	20.00	25405.00
chr9	114820707	114820966	259	259	42.00	79.00	59.73	61.00	15470.00
chr15	41865876	41866023	147	147	39.00	966.00	787.09	855.00	115702.00
chr19	55554308	55554637	329	329	14.00	37.00	21.89	19.00	7201.00
chr1	116933403	116933513	110	110	2679.00	3413.00	3037.20	2998.00	334092.00
chr19	15374230	15374359	129	129	83.00	117.00	100.91	102.00	13017.00
chr12	56090682	56090852	170	170	56.00	90.00	71.19	70.00	12102.00
chr14	69445668	69445876	208	208	88.00	267.00	180.24	193.00	37490.00
chr12	57603474	57603651	177	177	295.00	495.00	377.47	364.00	66813.00
chr22	32897492	32898946	1454	1454	25.00	360.00	121.09	105.00	176071.00
chr16	16367702	16367764	62	62	9.00	775.00	394.69	437.50	24471.00
chr19	5245786	5246056	270	270	91.00	233.00	152.11	155.50	41070.00
chr16	74345440	74345829	389	389	6.00	29.00	17.02	15.00	6621.00
chr6	107096899	107097076	177	177	43.00	71.00	52.76	52.00	9338.00
chr1	29641883	29642019	136	136	50.00	92.00	68.82	68.50	9360.00
chr8	97342440	97342509	69	69	301.00	347.00	327.36	327.00	22588.00
chr8	68116914	68117054	140	140	91.00	171.00	141.34	142.50	19787.00
chr22	22037470	22037546	76	76	81.00	105.00	94.12	95.00	7153.00
chr22	50682147	50683420	1273	1273	23.00	222.00	117.98	115.00	150190.00
chr20	44048971	44049069	98	98	207.00	309.00	266.43	274.00	26110.00
chr1	36904356	36904511	155	155	55.00	105.00	70.95	67.00	10997.00
chr12	71054719	71054877	158	158	96.00	211.00	134.61	126.00	21269.00
chr15	50654364	50655515	1151	1151	9.00	42.00	23.48	22.00	27025.00
chr2	234198499	234198620	121	121	127.00	167.00	147.30	146.00	17823.00
chr9	128001699	128001812	113	113	475.00	584.00	522.39	521.00	59030.00
chr8	38272296	38272419	123	123	75.00	125.00	104.74	104.00	12883.00
chr11	73068069	73068179	110	110	135.00	223.00	178.22	190.00	19604.00
chr16	28123137	28123327	190	190	173.00	280.00	231.34	235.00	43954.00
chr12	49424062	49424222	160	160	21.00	64.00	35.23	28.50	5637.00
chr19	50302885	50303023	138	138	367.00	750.00	534.26	485.50	73728.00
chr19	42480567	42480718	151	151	4148.00	6002.00	4993.23	5102.00	753978.00
chr3	197904395	197905301	906	906	1.00	83.00	39.54	44.00	35827.00
chr13	100189992	100190117	125	125	245.00	336.00	277.35	272.00	34669.00
chr19	14268062	14268272	210	210	288.00	478.00	381.80	375.50	80178.00
chr10	93786886	93787057	171	171	102.00	173.00	131.65	134.00	22512.00
chr1	109808726	109808828	102	102	219.00	287.00	250.25	245.50	25526.00
chr4	134075461	134075520	59	59	245.00	307.00	267.71	269.00	15795.00
chr1	22052268	22053864	1596	1596	9.00	56.00	33.91	34.00	54116.00
chr9	140056855	140056968	113	113	1646.00	2292.00	2016.19	2038.00	227829.00
chr19	42482087	42482224	137	137	4098.00	5575.00	5017.96	5097.00	687461.00
chr19	4556962	4557025	63	63	693.00	805.00	741.71	737.00	46728.00
chr19	14266921	14267013	92	92	297.00	439.00	387.29	384.00	35631.00
chr22	42273851	42274127	276	276	9.00	1038.00	557.75	651.50	153938.00
chr1	205549788	205550049	261	261	284.00	460.00	339.66	319.00	88650.00
chr1	110765585	110766522	937	937	93.00	308.00	183.42	175.00	171868.00
chr19	55553595	55554158	563	563	12.00	51.00	27.10	25.00	15257.00
chr7	150929881	150931360	1479	1479	33.00	165.00	68.92	64.00	101932.00
chr3	124215157	124215260	103	103	690.00	1081.00	924.12	954.00	95184.00
chr16	58220658	58220760	102	102	121.00	175.00	156.75	155.00	15988.00
chr3	10381925	10382033	108	108	562.00	820.00	726.06	737.50	78415.00
chr10	11356101	11356221	120	120	73.00	118.00	92.39	88.00	11087.00
chr22	42294652	42294785	133	133	597.00	1014.00	849.25	854.00	112950.00
chr1	2005531	2005714	183	183	38.00	128.00	99.33	107.00	18178.00
chr12	113722522	113722576	54	54	65.00	79.00	75.19	75.00	4060.00
chr9	131502198	131502398	200	200	13.00	765.00	625.59	673.50	125118.00
chr19	40873602	40873786	184	184	1654.00	2307.00	2054.77	2079.00	378078.00
chr2	220162606	220162825	219	219	461.00	1176.00	752.38	707.00	164771.00
chr16	28270027	28270355	328	328	22.00	83.00	51.92	51.50	17029.00
chr4	3225718	3225858	140	140	182.00	258.00	227.07	229.00	31790.00
chr17	44127898	44128070	172	172	75.00	101.00	84.55	85.00	14543.00
chr3	47462043	47462262	219	219	88.00	235.00	131.69	123.00	28840.00
chr6	99873090	99873182	92	92	21.00	767.00	314.13	233.00	28900.00
chr7	142561723	142562504	781	781	266.00	1123.00	681.41	651.00	532180.00
chr1	159169540	159169666	126	126	1531.00	1907.00	1726.97	1728.50	217598.00
chr19	7606869	7606953	84	84	59.00	102.00	79.20	80.00	6653.00
chr16	2811561	2818298	6737	6737	17.00	671.00	340.25	354.00	2292238.00
chr3	47450652	47450807	155	155	58.00	128.00	88.37	83.00	13698.00
chr11	118403631	118403922	291	291	187.00	296.00	220.97	219.00	64301.00
chr1	205555161	205555335	174	174	297.00	438.00	363.15	363.00	63188.00
chr12	125603186	125603311	125	125	145.00	220.00	180.49	180.00	22561.00
chr11	86658288	86659498	1210	1210	10.00	55.00	26.88	26.00	32519.00
chr22	37764946	37768745	3799	3799	39.00	849.00	270.93	220.00	1029263.00
chr10	46345664	46346215	551	551	8.00	34.00	20.50	20.00	11298.00
chr22	33673045	33673241	196	196	237.00	883.00	450.01	349.50	88202.00
chr9	140042599	140042666	67	67	17.00	389.00	343.06	364.00	22985.00
chr3	48717233	48717320	87	87	216.00	296.00	266.20	273.00	23159.00
chr11	60681600	60681740	140	140	35.00	248.00	107.13	86.50	14998.00
chr10	93784512	93784724	212	212	73.00	130.00	99.29	97.00	21049.00
chr12	7289424	7290372	948	948	9.00	1005.00	276.16	42.00	261804.00
chr3	132387062	132387526	464	464	11.00	30.00	21.47	22.00	9963.00
chr16	2335442	2335647	205	205	192.00	370.00	303.11	317.00	62137.00
chr16	1794782	1797276	2494	2494	12.00	712.00	91.06	43.00	227115.00
chr16	3786036	3786204	168	168	93.00	173.00	130.29	128.50	21888.00
chr9	141131209	141131766	557	557	1.00	66.00	26.00	24.00	14484.00
chr14	92965028	92966015	987	987	15.00	70.00	45.32	47.00	44728.00
chr19	54692070	54692200	130	130	284.00	726.00	481.73	374.50	62625.00
chr15	43866006	43866230	224	224	115.00	196.00	147.03	144.00	32935.00
chr3	40231316	40231954	638	638	77.00	135.00	101.95	100.00	65041.00
chr3	50148937	50149455	518	518	12.00	54.00	29.77	28.00	15423.00
chr4	81117505	81117755	250	250	70.00	136.00	111.70	111.00	27925.00
chr10	46740404	46740638	234	234	2.00	11.00	5.91	5.00	1383.00
chr3	124210169	124210271	102	102	572.00	893.00	740.81	730.00	75563.00
chr11	107488830	107488932	102	102	340.00	444.00	388.37	383.00	39614.00
chr9	130591965	130592106	141	141	14.00	35.00	26.18	29.00	3692.00
chr1	20981932	20982027	95	95	345.00	494.00	414.01	418.00	39331.00
chr12	75875613	75875859	246	246	45.00	80.00	63.96	64.00	15733.00
chr22	32046684	32046764	80	80	150.00	252.00	208.15	219.00	16652.00
chr11	70331418	70331658	240	240	45.00	282.00	119.84	105.00	28762.00
chr14	51079976	51080069	93	93	622.00	792.00	702.54	697.00	65336.00
chr17	80041077	80041301	224	224	363.00	1056.00	693.20	698.00	155277.00
chr7	158540884	158540971	87	87	127.00	188.00	155.66	152.00	13542.00
chr1	21553651	21553719	68	68	59.00	82.00	69.40	65.00	4719.00
chr2	219206256	219206349	93	93	145.00	232.00	185.59	174.00	17260.00
chr17	18444211	18445242	1031	1031	6.00	27.00	16.71	18.00	17227.00
chr12	57599340	57599460	120	120	290.00	401.00	330.68	322.50	39682.00
chr11	64417919	64418110	191	191	254.00	510.00	405.34	442.00	77420.00
chr19	3274926	3275650	724	724	9.00	52.00	25.89	27.00	18744.00
chr16	18532086	18532305	219	219	792.00	1578.00	1110.81	1102.00	243268.00
chr17	3776702	3776756	54	54	796.00	1079.00	994.70	1019.50	53714.00
chr1	116932670	116933033	363	363	12.00	4196.00	1926.74	2998.00	699407.00
chr16	1505731	1505796	65	65	192.00	282.00	248.95	261.00	16182.00
chr1	9794029	9794200	171	171	3080.00	3980.00	3460.87	3428.00	591808.00
chr10	73579221	73579379	158	158	3711.00	5033.00	4223.42	4117.50	667301.00
chr11	6411684	6412146	462	462	17.00	166.00	106.51	110.00	49206.00
chr1	159163212	159163350	138	138	1273.00	1633.00	1410.30	1367.00	194622.00
chr16	1816723	1816804	81	81	585.00	800.00	692.86	687.00	56122.00
chr7	91722399	91722630	231	231	4.00	122.00	96.79	102.00	22358.00
chr7	44281816	44281939	123	123	1109.00	1320.00	1204.89	1197.00	148201.00
chr2	220467189	220467297	108	108	22.00	36.00	29.75	30.00	3213.00
chr16	4494664	4494729	65	65	262.00	325.00	303.28	307.00	19713.00
chr15	34681844	34681986	142	142	15.00	266.00	182.82	198.00	25960.00
chr9	139995935	139996124	189	189	126.00	233.00	175.85	172.00	33236.00
chr3	180324040	180324160	120	120	122.00	161.00	139.47	139.00	16737.00
chr3	42678359	42681242	2883	2883	60.00	208.00	115.06	104.00	331712.00
chr7	131812776	131815333	2557	2557	1.00	143.00	59.49	53.00	152118.00
chr20	1585387	1585522	135	135	30.00	629.00	320.99	297.00	43334.00
chr3	126751229	126751442	213	213	170.00	233.00	197.99	199.00	42172.00
chr15	63920875	63921014	139	139	183.00	402.00	272.18	282.00	37833.00
chr16	2040128	2040202	74	74	89.00	213.00	151.92	156.50	11242.00
chr9	74324174	74324390	216	216	29.00	55.00	41.58	40.00	8982.00
chr20	44521858	44521950	92	92	299.00	381.00	353.34	361.00	32507.00
chr9	139911647	139911798	151	151	242.00	304.00	269.05	269.00	40626.00
chr9	140055507	140055649	142	142	2165.00	3799.00	2937.49	2720.50	417123.00
chr12	120148055	120148191	136	136	233.00	328.00	284.71	291.00	38720.00
chr12	50474280	50474372	92	92	135.00	190.00	160.12	159.00	14731.00
chr15	63125702	63125828	126	126	218.00	341.00	254.55	242.00	32073.00
chr9	20907148	20907241	93	93	84.00	117.00	102.69	101.00	9550.00
chr16	87874655	87874761	106	106	146.00	250.00	199.29	190.50	21125.00
chr2	162833269	162833460	191	191	19.00	1145.00	653.07	1002.00	124736.00
chr8	11704560	11704677	117	117	995.00	1347.00	1148.90	1111.00	134421.00
chr15	63926931	63927087	156	156	285.00	442.00	377.51	402.50	58891.00
chr6	31668718	31668805	87	87	187.00	265.00	208.54	201.00	18143.00
chr7	148910792	148910906	114	114	37.00	96.00	75.62	85.00	8621.00
chr14	42355808	42357213	1405	1405	58.00	280.00	130.68	128.00	183609.00
chr10	88678928	88679226	298	298	17.00	35.00	25.32	25.00	7546.00
chr3	140998219	140998346	127	127	58.00	105.00	81.61	80.00	10364.00
chr1	144859758	144859998	240	240	130.00	238.00	187.10	200.50	44903.00
chr9	96054772	96055455	683	683	88.00	392.00	210.76	225.00	143950.00
chr19	7604803	7604944	141	141	116.00	193.00	139.30	134.00	19642.00
chr12	30906277	30907432	1155	1155	13.00	144.00	71.78	63.00	82907.00
chr9	131112762	131112854	92	92	142.00	289.00	220.96	230.50	20328.00
chr20	61981328	61982379	1051	1051	54.00	137.00	90.49	90.00	95101.00
chr7	38431348	38431618	270	270	413.00	968.00	628.50	589.50	169695.00
chr20	44521036	44521123	87	87	267.00	336.00	301.75	300.00	26252.00
chr11	64418726	64419108	382	382	182.00	490.00	330.03	322.50	126071.00
chr12	120148344	120150270	1926	1926	16.00	534.00	79.24	44.00	152622.00
chr12	6930971	6931066	95	95	45.00	889.00	493.00	505.00	46835.00
chr16	2339434	2339621	187	187	147.00	292.00	201.60	183.00	37699.00
chr2	27700083	27700187	104	104	55.00	81.00	71.84	75.00	7471.00
chr14	69805367	69805494	127	127	135.00	360.00	251.38	220.00	31925.00
chr12	9242497	9242619	122	122	141.00	230.00	194.99	213.50	23789.00
chr3	58256658	58256791	133	133	104.00	174.00	135.27	131.00	17991.00
chr10	79744927	79745098	171	171	81.00	167.00	125.44	123.00	21451.00
chr1	159161725	159161866	141	141	636.00	1254.00	1037.04	1133.00	146222.00
chr16	31085202	31085519	317	317	16.00	81.00	50.12	47.00	15889.00
chr1	171755018	171755218	200	200	60.00	92.00	77.73	77.00	15547.00
chr9	130988124	130989280	1156	1156	10.00	3457.00	383.10	41.00	442865.00
chr15	63127935	63127998	63	63	208.00	241.00	224.10	226.00	14118.00
chr19	1917676	1917821	145	145	8.00	307.00	177.46	166.00	25731.00
chr22	25315792	25315960	168	168	125.00	195.00	155.22	150.00	26077.00
chr2	207943790	207945085	1295	1295	20.00	83.00	47.28	46.00	61224.00
chr11	47330706	47330952	246	246	16.00	1025.00	462.78	46.00	113844.00
chr3	142743978	142746095	2117	2117	1.00	180.00	31.11	25.00	65850.00
chr7	44839492	44839694	202	202	11.00	58.00	37.59	38.00	7593.00
chr22	31688260	31688471	211	211	12.00	242.00	154.92	183.00	32689.00
chr11	66333492	66333638	146	146	723.00	892.00	808.01	810.50	117969.00
chr9	131114916	131115026	110	110	269.00	344.00	312.85	315.00	34413.00
chr1	20206	21013	807	807	7.00	154.00	78.87	84.00	63650.00
chr11	108216469	108216635	166	166	47.00	75.00	63.74	64.50	10581.00
chr1	209778880	209779019	139	139	363.00	566.00	476.50	483.00	66234.00
chr1	202935876	202936026	150	150	224.00	381.00	282.41	278.00	42362.00
chr12	57600255	57600524	269	269	277.00	438.00	380.93	396.00	102471.00
chr19	15233503	15233615	112	112	85.00	108.00	95.42	93.00	10687.00
chr8	68115317	68115486	169	169	119.00	182.00	159.25	162.00	26914.00
chr19	13419229	13419342	113	113	64.00	137.00	105.47	103.00	11918.00
chr6	33266815	33267130	315	315	9.00	75.00	38.49	35.00	12124.00
chr16	89780611	89781646	1035	1035	11.00	111.00	44.65	37.00	46209.00
chr12	109964162	109964221	59	59	74.00	92.00	83.56	84.00	4930.00
chr22	24491893	24492045	152	152	67.00	154.00	106.45	104.00	16180.00
chr2	242592926	242593025	99	99	266.00	333.00	294.01	291.00	29107.00
chr1	21937944	21938074	130	130	726.00	1868.00	1389.90	1478.00	180687.00
chr2	223789173	223789313	140	140	325.00	483.00	403.64	413.00	56510.00
chr20	3772318	3772535	217	217	7.00	32.00	17.79	15.00	3861.00
chr16	18531918	18532001	83	83	1182.00	1708.00	1489.27	1550.00	123609.00
chr1	43396296	43396537	241	241	91.00	176.00	116.84	107.00	28158.00
chr2	100037960	100038115	155	155	52.00	81.00	68.77	69.00	10659.00
chr16	1500497	1500770	273	273	10.00	197.00	116.52	170.00	31810.00
chr19	40876016	40876144	128	128	1759.00	2492.00	2102.49	2121.50	269119.00
chr5	168112691	168112932	241	241	29.00	49.00	42.87	44.00	10331.00
chr2	127825738	127825831	93	93	553.00	635.00	597.86	598.00	55601.00
chr1	19232015	19234990	2975	2975	21.00	293.00	71.96	58.00	214092.00
chr16	1391129	1391196	67	67	390.00	461.00	433.00	434.00	29011.00
chr6	33410665	33411689	1024	1024	29.00	804.00	297.20	247.00	304328.00
chr9	95872033	95872266	233	233	10.00	21.00	15.33	15.00	3572.00
chr1	53378627	53378839	212	212	5.00	18.00	12.61	14.00	2673.00
chr2	80531276	80531693	417	417	18.00	132.00	80.94	79.00	33752.00
chr7	44286718	44286791	73	73	856.00	1011.00	947.33	949.00	69155.00
chr7	157369304	157369471	167	167	523.00	627.00	567.02	567.00	94692.00
chr11	18755079	18755191	112	112	9.00	596.00	374.38	486.50	41931.00
chr6	86237979	86238080	101	101	247.00	303.00	278.89	284.00	28168.00
chr8	145000951	145001050	99	99	60.00	115.00	84.69	80.00	8384.00
chr19	45167680	45167966	286	286	11.00	58.00	30.53	29.50	8733.00
chr10	48930165	48930400	235	235	2.00	8.00	5.16	5.00	1212.00
chr16	87871450	87871547	97	97	162.00	193.00	181.25	181.00	17581.00
chr1	109815454	109815649	195	195	349.00	525.00	419.54	400.00	81810.00
chr1	208215442	208215711	269	269	85.00	154.00	122.41	123.00	32929.00
chr2	260866	261451	585	585	16.00	54.00	29.04	28.00	16990.00
chr5	180481266	180481724	458	458	2.00	17.00	10.47	11.00	4793.00
chr7	73119479	73119631	152	152	5.00	2684.00	1069.30	17.00	162533.00
chr15	34677248	34677358	110	110	260.00	463.00	357.63	320.50	39339.00
chr16	57687114	57687247	133	133	64.00	110.00	94.22	100.00	12531.00
chr15	50649406	50649592	186	186	10.00	21.00	15.24	15.00	2834.00
chr22	21071995	21072066	71	71	1993.00	2234.00	2131.97	2139.00	151370.00
chr5	179200882	179201561	679	679	12.00	49.00	32.42	32.00	22012.00
chr10	98763824	98763979	155	155	196.00	309.00	255.33	249.00	39576.00
chr14	102963315	102963457	142	142	114.00	203.00	140.56	128.00	19959.00
chr1	21932558	21933138	580	580	20.00	1778.00	347.96	38.00	201818.00
chr16	28118842	28118998	156	156	226.00	348.00	292.58	308.50	45643.00
chr1	241767561	241767881	320	320	95.00	168.00	135.86	140.00	43476.00
chr11	66812063	66812184	121	121	158.00	289.00	213.12	201.00	25787.00
chr11	12248571	12248678	107	107	624.00	846.00	735.74	749.00	78724.00
chr9	130588788	130588951	163	163	14.00	26.00	20.16	20.00	3286.00
chr22	21068915	21068988	73	73	1799.00	2341.00	2096.00	2126.00	153008.00
chr1	43424304	43424531	227	227	19.00	176.00	132.57	153.00	30093.00
chr14	105852021	105853670	1649	1649	15.00	214.00	43.72	39.00	72088.00
chr15	34823469	34823579	110	110	263.00	467.00	363.62	327.50	39998.00
chr11	171365	172282	917	917	1.00	83.00	41.01	48.00	37607.00
chr22	24493976	24494155	179	179	79.00	188.00	131.36	125.00	23513.00
chr15	79291060	79291167	107	107	469.00	567.00	529.19	534.00	56623.00
chr16	2145904	2146194	290	290	24.00	49.00	34.72	33.00	10069.00
chr9	131503050	131503166	116	116	589.00	805.00	702.09	714.50	81443.00
chr11	61301983	61302579	596	596	14.00	76.00	51.87	56.00	30917.00
chr22	25308609	25308719	110	110	89.00	123.00	105.56	104.00	11612.00
chr12	63977826	63979986	2160	2160	2.00	116.00	35.23	29.00	76101.00
chr19	46928844	46930933	2089	2089	18.00	688.00	292.35	269.00	610718.00
chr16	56969146	56969224	78	78	200.00	301.00	254.13	253.50	19822.00
chr17	40665787	40665996	209	209	10.00	2343.00	877.21	1133.00	183336.00
chr9	131669435	131671600	2165	2165	91.00	377.00	190.20	184.00	411793.00
chr2	220164026	220164271	245	245	20.00	1321.00	407.36	36.00	99804.00
chr19	7589846	7590052	206	206	60.00	137.00	103.36	103.00	21293.00
chr6	91260186	91260268	82	82	92.00	106.00	99.10	99.00	8126.00
chr9	124543742	124543830	88	88	315.00	476.00	406.02	418.00	35730.00
chr12	54071005	54071170	165	165	21.00	144.00	94.42	92.00	15579.00
chr2	40443	41212	769	769	35.00	76.00	49.86	49.00	38340.00
chr11	67852159	67852747	588	588	15.00	65.00	33.51	33.00	19706.00
chr8	8233762	8234810	1048	1048	20.00	82.00	46.44	47.00	48664.00
chr2	175671113	175672148	1035	1035	11.00	47.00	29.11	30.00	30133.00
chr7	138984922	138985438	516	516	9.00	41.00	22.30	21.00	11509.00
chr22	40816850	40817104	254	254	105.00	291.00	216.54	205.00	55002.00
chr19	14263120	14263249	129	129	323.00	510.00	398.02	386.00	51345.00
chr19	16962222	16962345	123	123	158.00	437.00	316.77	329.00	38963.00
chr1	109813838	109813918	80	80	278.00	391.00	317.23	311.00	25378.00
chr3	49898148	49898562	414	414	30.00	1425.00	711.40	1082.50	294518.00
chr17	17131202	17131510	308	308	21.00	129.00	91.98	100.50	28330.00
chr1	21936067	21936139	72	72	474.00	607.00	546.11	552.00	39320.00
chr3	130424404	130424615	211	211	71.00	118.00	93.77	90.00	19785.00
chr12	56532710	56532797	87	87	166.00	198.00	182.60	182.00	15886.00
chr16	29888591	29888788	197	197	608.00	1229.00	899.82	898.00	177264.00
chr2	114394588	114396196	1608	1608	3.00	85.00	39.73	39.00	63891.00
chr3	124180736	124180803	67	67	498.00	546.00	519.00	516.00	34773.00
chr9	111798485	111798660	175	175	78.00	135.00	101.67	105.00	17792.00
chr10	73847897	73848372	475	475	14.00	1980.00	731.29	672.00	347365.00
chr22	21075585	21075706	121	121	1126.00	2560.00	2120.12	2306.00	256534.00
chr22	20920753	20921104	351	351	76.00	187.00	122.21	120.00	42896.00
chr9	140953020	140953185	165	165	90.00	190.00	142.78	144.00	23559.00
chr22	41620970	41621075	105	105	126.00	165.00	145.14	143.00	15240.00
chr11	6243671	6243839	168	168	71.00	122.00	103.34	109.00	17361.00
chr15	74704225	74704353	128	128	171.00	281.00	232.66	241.50	29781.00
chr3	48719780	48719985	205	205	197.00	279.00	242.24	242.00	49660.00
chr1	222833247	222833348	101	101	125.00	200.00	166.27	162.00	16793.00
chr1	6583675	6584824	1149	1149	17.00	80.00	43.78	42.00	50300.00
chr11	126135857	126135976	119	119	260.00	353.00	301.08	290.00	35829.00
chr8	75156763	75157410	647	647	38.00	92.00	67.45	69.00	43642.00
chr15	83345212	83345389	177	177	295.00	392.00	350.21	352.00	61987.00
chr14	68031638	68032561	923	923	2.00	31.00	13.01	12.00	12010.00
chr19	42479780	42479949	169	169	3408.00	5577.00	4338.02	4269.00	733126.00
chr16	31503329	31503407	78	78	392.00	496.00	439.19	434.00	34257.00
chr17	1564564	1564700	136	136	255.00	449.00	321.88	286.00	43775.00
chr16	58717858	58718082	224	224	43.00	80.00	64.32	64.00	14407.00
chr14	71575320	71575763	443	443	47.00	83.00	66.04	64.00	29256.00
chr1	202934498	202934628	130	130	157.00	376.00	237.33	213.00	30853.00
chr7	73118477	73118586	109	109	1247.00	1490.00	1342.66	1346.00	146350.00
chr19	13365908	13366073	165	165	110.00	173.00	136.41	128.00	22508.00
chr10	102265117	102265958	841	841	21.00	68.00	41.99	42.00	35313.00
chr9	139983320	139983457	137	137	121.00	191.00	156.81	146.00	21483.00
chr18	29206245	29206347	102	102	221.00	292.00	242.84	238.00	24770.00
chr12	120578662	120578827	165	165	64.00	117.00	92.38	89.00	15243.00
chr5	757516	758226	710	710	12.00	53.00	28.96	29.00	20564.00
chr8	21632483	21632567	84	84	99.00	139.00	120.12	124.50	10090.00
chr4	54011499	54011749	250	250	47.00	117.00	72.17	64.00	18042.00
chr8	141680613	141681365	752	752	0.00	36.00	22.26	23.00	16742.00
chr11	57367351	57367850	499	499	49.00	139.00	81.55	66.00	40695.00
chr12	63980009	63980784	775	775	8.00	34.00	20.17	20.00	15633.00
chr9	140057042	140057203	161	161	22.00	2381.00	2032.32	2179.00	327204.00
chr2	7055953	7056098	145	145	59.00	97.00	80.37	86.00	11653.00
chr12	52387768	52389043	1275	1275	60.00	998.00	286.26	213.00	364982.00
chr19	50104931	50105175	244	244	20.00	178.00	66.26	37.00	16168.00
chr19	5218430	5218543	113	113	359.00	472.00	417.71	418.00	47201.00
chr16	29898969	29899138	169	169	424.00	633.00	515.55	505.00	87128.00
chr7	99030900	99031041	141	141	35.00	48.00	41.61	42.00	5867.00
chr17	36692926	36693212	286	286	3.00	23.00	12.78	13.00	3656.00
chr15	73857770	73859335	1565	1565	17.00	172.00	88.55	92.00	138577.00
chr6	44104085	44104176	91	91	210.00	343.00	280.80	284.00	25553.00
chr1	21938518	21938602	84	84	943.00	1238.00	1114.29	1103.00	93600.00
chr19	13423482	13423595	113	113	58.00	72.00	64.73	64.00	7314.00
chr16	70292882	70293089	207	207	1023.00	1559.00	1295.11	1301.00	268088.00
chr18	61060641	61060782	141	141	103.00	161.00	134.45	135.00	18958.00
chr16	22269814	22270016	202	202	15.00	33.00	24.03	24.00	4854.00
chr1	21554423	21554534	111	111	31.00	64.00	43.28	39.00	4804.00
chr9	140057255	140057455	200	200	54.00	3045.00	2019.84	2474.50	403968.00
chr7	1488255	1488397	142	142	18.00	46.00	35.70	39.00	5069.00
chr14	100166351	100166438	87	87	649.00	767.00	710.46	709.00	61810.00
chr9	101065522	101065705	183	183	556.00	838.00	714.46	743.00	130746.00
chr5	68411752	68412041	289	289	49.00	77.00	62.42	62.00	18038.00
chr1	2452539	2452754	215	215	87.00	214.00	139.29	136.00	29948.00
chr1	21564626	21564737	111	111	66.00	91.00	79.41	81.00	8815.00
chr13	42037713	42039066	1353	1353	5.00	34.00	16.92	16.00	22898.00
chr2	114350236	114350443	207	207	9.00	87.00	47.21	50.00	9772.00
chr1	21939668	21939722	54	54	955.00	1114.00	1055.33	1076.00	56988.00
chr9	139353895	139354007	112	112	61.00	96.00	81.81	77.00	9163.00
chr7	102176367	102176618	251	251	8.00	29.00	23.34	25.00	5859.00
chr3	51411753	51412018	265	265	3.00	370.00	126.35	12.00	33483.00
chr17	73888091	73888266	175	175	24.00	46.00	33.86	33.00	5926.00
chr13	103297258	103297435	177	177	10.00	106.00	59.46	77.00	10525.00
chr15	63922664	63922834	170	170	206.00	427.00	306.84	278.50	52162.00
chr3	33400774	33400849	75	75	231.00	382.00	298.47	271.00	22385.00
chr22	50671744	50671955	211	211	71.00	104.00	88.98	89.00	18775.00
chr1	21190968	21191205	237	237	283.00	421.00	363.22	362.00	86082.00
chr5	14481649	14481727	78	78	221.00	305.00	253.45	252.00	19769.00
chr15	101605556	101606410	854	854	27.00	84.00	55.10	56.00	47053.00
chr17	80040402	80040554	152	152	406.00	666.00	524.85	484.50	79777.00
chr2	132269293	132270897	1604	1604	7.00	104.00	54.30	53.00	87097.00
chr11	1778553	1778786	233	233	931.00	1815.00	1420.51	1471.00	330978.00
chr11	1469616	1469808	192	192	17.00	48.00	27.99	25.00	5374.00
chr12	120138549	120138630	81	81	331.00	421.00	382.83	391.00	31009.00
chr7	901016	901101	85	85	216.00	352.00	285.93	288.00	24304.00
chr19	13372263	13372424	161	161	161.00	222.00	196.67	199.00	31664.00
chr17	40843154	40843311	157	157	395.00	596.00	469.80	466.00	73759.00
chr17	80039476	80039719	243	243	400.00	655.00	519.24	508.00	126175.00
chr17	16681109	16687365	6256	6256	2.00	170.00	46.52	40.00	291037.00
chr1	116935475	116935610	135	135	2849.00	4134.00	3467.56	3459.00	468120.00
chr6	128294808	128294972	164	164	169.00	327.00	260.00	261.50	42640.00
chr5	109189927	109190617	690	690	11.00	43.00	23.43	20.00	16167.00
chr15	40757533	40757634	101	101	32.00	118.00	97.07	102.00	9804.00
chr2	220164706	220164981	275	275	761.00	2324.00	1456.56	1464.00	400553.00
chr3	164905164	164908639	3475	3475	19.00	197.00	79.55	71.00	276451.00
chr11	60699157	60699356	199	199	100.00	612.00	439.83	423.00	87526.00
chr2	96680301	96680717	416	416	11.00	36.00	23.10	24.00	9610.00
chr17	40845314	40845554	240	240	479.00	742.00	580.58	554.00	139339.00
chr12	125264513	125265391	878	878	12.00	79.00	39.02	35.00	34259.00
chr1	156623704	156624158	454	454	11.00	36.00	22.80	22.00	10353.00
chr6	108370456	108370622	166	166	122.00	197.00	154.62	150.50	25667.00
chr11	19180486	19180587	101	101	42.00	64.00	56.28	58.00	5684.00
chr19	42489069	42489338	269	269	995.00	2400.00	1829.13	1880.00	492035.00
chr2	198274493	198274731	238	238	165.00	283.00	222.16	221.50	52874.00
chr6	47220991	47221257	266	266	200.00	460.00	316.38	302.00	84156.00
chr19	40872679	40872822	143	143	2332.00	4187.00	3486.31	3585.00	498542.00
chr19	54693278	54693627	349	349	13.00	218.00	106.31	107.00	37103.00
chr12	81929	82174	245	245	10.00	54.00	31.33	30.00	7675.00
chr21	45513943	45514114	171	171	104.00	133.00	119.95	120.00	20511.00
chr3	124201630	124201747	117	117	15.00	1027.00	741.31	936.00	86733.00
chr17	79805118	79805223	105	105	401.00	490.00	431.31	426.00	45288.00
chr20	46307419	46307548	129	129	72.00	152.00	90.81	88.00	11714.00
chr17	38187790	38187873	83	83	103.00	166.00	139.13	136.00	11548.00
chr2	207452814	207452878	64	64	572.00	718.00	642.75	642.50	41136.00
chr17	45695715	45695823	108	108	534.00	634.00	591.23	597.00	63853.00
chr7	44283023	44283126	103	103	835.00	971.00	897.05	881.00	92396.00
chr20	62274975	62275284	309	309	7.00	3924.00	1823.42	2481.00	563438.00
chr11	108202605	108202764	159	159	22.00	38.00	30.42	31.00	4837.00
chr9	140051314	140051489	175	175	953.00	1467.00	1154.99	1139.00	202124.00
chr22	45574118	45574781	663	663	66.00	149.00	100.01	97.00	66304.00
chr15	79312382	79312446	64	64	257.00	353.00	294.00	288.00	18816.00
chr1	21940120	21940199	79	79	899.00	1007.00	963.67	966.00	76130.00
chr17	3775847	3775921	74	74	638.00	990.00	867.38	918.00	64186.00
chr7	73133931	73134019	88	88	37.00	2498.00	863.82	561.50	76016.00
chr11	72292920	72292991	71	71	720.00	864.00	764.32	761.00	54267.00
chr7	43547616	43547730	114	114	187.00	246.00	215.41	215.50	24557.00
chr16	58713760	58714145	385	385	26.00	65.00	41.86	40.00	16117.00
chr22	21083600	21083794	194	194	1033.00	2059.00	1557.72	1631.50	302198.00
chr11	66457275	66457414	139	139	580.00	1019.00	718.33	701.00	99848.00
chr15	91561034	91561115	81	81	45.00	67.00	55.46	54.00	4492.00
chr11	2968525	2969001	476	476	16.00	55.00	31.96	29.00	15213.00
chr19	34869838	34869910	72	72	1995.00	2447.00	2220.54	2211.00	159879.00
chr9	121970996	121971219	223	223	388.00	514.00	443.22	443.00	98838.00
chr3	47449772	47449980	208	208	13.00	108.00	69.88	88.00	14536.00
chr12	57601820	57601999	179	179	304.00	720.00	503.49	488.00	90124.00
chr16	2345590	2345741	151	151	259.00	320.00	286.97	284.00	43332.00
chr12	50471782	50471910	128	128	107.00	198.00	158.95	162.00	20346.00
chr1	109814221	109814344	123	123	432.00	632.00	568.47	578.00	69922.00
chr19	16942304	16942458	154	154	114.00	206.00	161.84	165.50	24923.00
chr11	66333301	66333398	97	97	707.00	864.00	780.55	780.00	75713.00
chr5	74026084	74026223	139	139	154.00	223.00	194.36	194.00	27016.00
chr5	68417520	68417722	202	202	67.00	126.00	90.68	90.00	18318.00
chr19	15272262	15272525	263	263	31.00	75.00	57.43	61.00	15105.00
chr3	45872404	45872482	78	78	199.00	250.00	224.36	224.50	17500.00
chr7	73123374	73123452	78	78	2525.00	3481.00	3180.23	3330.00	248058.00
chr5	14498197	14498360	163	163	197.00	293.00	234.39	227.00	38205.00
chr14	93180167	93180230	63	63	203.00	271.00	239.00	239.00	15057.00
chr9	130984739	130984875	136	136	3399.00	5165.00	4374.42	4416.50	594921.00
chr13	31216764	31216894	130	130	48.00	80.00	67.98	67.00	8837.00
chr12	112614399	112614506	107	107	130.00	306.00	268.91	272.00	28773.00
chr12	57602865	57602982	117	117	457.00	665.00	544.54	535.00	63711.00
chr14	72976861	72976987	126	126	143.00	244.00	184.54	167.00	23252.00
chr1	155209406	155209553	147	147	130.00	235.00	169.14	151.00	24864.00
chr10	49633930	49634113	183	183	205.00	309.00	264.45	270.00	48394.00
chr16	84100093	84100218	125	125	307.00	371.00	348.03	349.00	43504.00
chr1	155207924	155208097	173	173	198.00	266.00	231.39	230.00	40031.00
chr12	2786898	2787033	135	135	33.00	74.00	53.27	52.00	7191.00
chr2	233755457	233756197	740	740	25.00	1454.00	238.59	49.00	176558.00
chr14	60631894	60632099	205	205	145.00	396.00	286.93	314.00	58821.00
chr1	11151549	11151654	105	105	116.00	195.00	162.75	164.00	17089.00
chr4	134076071	134076178	107	107	302.00	398.00	343.77	336.00	36783.00
chr15	91420364	91420441	77	77	221.00	286.00	255.42	250.00	19667.00
chr5	114961533	114961755	222	222	4.00	59.00	41.90	47.00	9302.00
chr16	1814047	1814211	164	164	11.00	816.00	358.62	499.00	58813.00
chr18	44250463	44252581	2118	2118	36.00	333.00	133.91	124.00	283612.00
chr6	158049380	158049518	138	138	60.00	90.00	76.45	76.00	10550.00
chr19	7675585	7675679	94	94	72.00	90.00	80.49	81.00	7566.00
chr13	99461604	99461719	115	115	8.00	332.00	207.77	197.00	23894.00
chr11	130010829	130011467	638	638	5.00	3102.00	332.54	25.00	212160.00
chr11	107526658	107526792	134	134	615.00	744.00	667.47	659.00	89441.00
chr16	1391294	1391490	196	196	237.00	446.00	304.41	291.00	59665.00
chr1	38182716	38184158	1442	1442	13.00	170.00	90.26	88.00	130148.00
chr5	179231023	179231323	300	300	19.00	54.00	34.21	33.00	10262.00
chr14	69814593	69814719	126	126	227.00	313.00	274.48	277.00	34584.00
chr14	69349174	69349309	135	135	358.00	478.00	425.76	430.00	57477.00
chr19	7614792	7614998	206	206	180.00	290.00	243.78	248.50	50218.00
chr1	228270375	228270466	91	91	19.00	3031.00	991.18	448.00	90197.00
chr1	38186022	38186315	293	293	16.00	68.00	40.83	39.00	11964.00
chr13	77641715	77641999	284	284	421.00	590.00	494.03	483.50	140305.00
chr14	100157417	100157498	81	81	210.00	471.00	316.40	265.00	25628.00
chr13	32978280	32979333	1053	1053	31.00	151.00	66.84	57.00	70384.00
chr12	7301567	7301794	227	227	768.00	1396.00	1122.67	1094.00	254846.00
chr9	123583116	123583257	141	141	56.00	98.00	71.41	70.00	10069.00
chr17	26883183	26883284	101	101	104.00	174.00	126.25	115.00	12751.00
chr12	6972993	6973137	144	144	395.00	514.00	457.79	461.00	65922.00
chr20	34322310	34322637	327	327	7.00	21.00	13.83	14.00	4522.00
chr19	7606407	7606570	163	163	107.00	229.00	156.66	153.00	25535.00
chr16	2333186	2333373	187	187	10.00	512.00	374.28	410.00	69990.00
chr12	113825548	113825711	163	163	121.00	399.00	247.26	248.00	40303.00
chr7	4802013	4807749	5736	5736	17.00	208.00	72.34	58.00	414920.00
chr1	43394880	43394985	105	105	127.00	201.00	168.87	184.00	17731.00
chr19	4554399	4554488	89	89	452.00	736.00	629.44	676.00	56020.00
chr16	31719139	31719372	233	233	12.00	33.00	25.97	27.00	6052.00
chr5	134060669	134061744	1075	1075	24.00	98.00	56.82	55.00	61084.00
chr1	202936318	202936371	53	53	17.00	229.00	138.00	199.00	7314.00
chr2	220087366	220087615	249	249	275.00	407.00	328.67	324.00	81838.00
chr2	36764494	36764689	195	195	79.00	168.00	115.12	105.00	22449.00
chr7	43519208	43519343	135	135	135.00	284.00	225.82	233.00	30486.00
chr10	51249585	51249993	408	408	3.00	26.00	9.79	7.00	3996.00
chr6	32123647	32123755	108	108	99.00	155.00	127.90	127.50	13813.00
chr3	118624442	118624692	250	250	5.00	49.00	23.60	10.00	5900.00
chr1	190129797	190130020	223	223	62.00	125.00	93.68	96.00	20891.00
chr9	131004491	131004624	133	133	11.00	6036.00	4787.17	5510.00	636694.00
chr22	33679187	33679334	147	147	254.00	386.00	300.90	296.00	44233.00
chr15	74709931	74710016	85	85	168.00	336.00	225.69	188.00	19184.00
chr7	6470110	6470238	128	128	33.00	66.00	54.98	60.00	7038.00
chr1	6640600	6641359	759	759	14.00	62.00	38.16	39.00	28962.00
chr16	31510622	31510728	106	106	303.00	393.00	358.13	363.00	37962.00
chr4	103710287	103711803	1516	1516	16.00	63.00	34.19	33.00	51828.00
chr19	2862339	2862746	407	407	2.00	20.00	10.04	7.00	4087.00
chr2	15467873	15467994	121	121	62.00	83.00	72.83	74.00	8812.00
chr2	36780721	36781492	771	771	16.00	57.00	35.46	33.00	27339.00
chr10	81070680	81070941	261	261	40.00	115.00	65.09	55.00	16989.00
chr2	217234866	217235986	1120	1120	29.00	115.00	70.79	70.00	79286.00
chr10	93786348	93786508	160	160	55.00	169.00	107.73	113.50	17237.00
chr17	20268785	20269076	291	291	1.00	6.00	3.34	3.00	971.00
chr9	131002006	131002062	56	56	6.00	5621.00	4973.41	5341.50	278511.00
chr1	155208307	155208441	134	134	249.00	309.00	276.39	280.50	37036.00
chr2	162833877	162834373	496	496	10.00	1096.00	103.22	23.00	51197.00
chr9	35799614	35799728	114	114	32.00	54.00	39.88	40.00	4546.00
chr20	62517856	62519234	1378	1378	20.00	280.00	77.87	73.00	107308.00
chr22	35942847	35943127	280	280	86.00	352.00	230.25	257.50	64471.00
chr13	26436438	26436546	108	108	62.00	84.00	73.77	74.00	7967.00
chr14	69371371	69371453	82	82	266.00	413.00	344.09	358.50	28215.00
chr7	44031274	44031581	307	307	11.00	87.00	51.18	56.00	15712.00
chr11	12274988	12275291	303	303	15.00	50.00	34.37	39.00	10415.00
chr5	1334403	1334498	95	95	176.00	227.00	205.04	207.00	19479.00
chr19	34868639	34868786	147	147	2508.00	3841.00	3181.82	3262.00	467728.00
chr16	1815960	1816143	183	183	401.00	701.00	555.49	563.00	101654.00
chr10	73578787	73578868	81	81	4023.00	5378.00	4619.67	4581.00	374193.00
chr17	37420427	37420640	213	213	25.00	46.00	36.70	37.00	7818.00
chr5	60835422	60835586	164	164	27.00	50.00	36.90	34.50	6051.00
chr15	79296143	79296517	374	374	362.00	564.00	460.16	459.50	172098.00
chr19	13039568	13039661	93	93	850.00	1338.00	1094.82	1134.00	101818.00
chr12	49421585	49421713	128	128	163.00	300.00	233.70	230.50	29914.00
chr1	1661057	1662583	1526	1526	8.00	264.00	106.38	88.00	162334.00
chr2	207457340	207457460	120	120	578.00	779.00	664.95	676.00	79794.00
chr11	64542462	64543441	979	979	5.00	40.00	18.97	19.00	18572.00
chr20	61910250	61910347	97	97	164.00	214.00	190.77	190.00	18505.00
chr11	62394042	62394156	114	114	324.00	414.00	364.85	365.00	41593.00
chr5	37301538	37301652	114	114	20.00	28.00	24.07	24.00	2744.00
chr16	4733843	4733933	90	90	235.00	282.00	260.67	264.50	23460.00
chr15	43693913	43694048	135	135	67.00	109.00	91.81	94.00	12395.00
chr11	18764538	18764622	84	84	286.00	401.00	356.30	374.50	29929.00
chr17	57842331	57842499	168	168	186.00	284.00	222.48	221.00	37376.00
chr9	96076729	96078064	1335	1335	17.00	78.00	43.37	42.00	57896.00
chr11	12246219	12246367	148	148	421.00	578.00	485.32	478.50	71828.00
chr12	7030743	7031565	822	822	22.00	7273.00	2599.47	66.00	2136762.00
chr3	14523178	14523349	171	171	27.00	43.00	35.78	35.00	6118.00
chr5	758508	759483	975	975	6.00	65.00	23.71	18.00	23122.00
chr12	22635490	22635677	187	187	122.00	165.00	141.05	140.00	26377.00
chr5	14479369	14479459	90	90	252.00	318.00	271.29	271.00	24416.00
chr6	143655214	143656079	865	865	1.00	17.00	8.37	9.00	7240.00
chr7	75508360	75508578	218	218	160.00	1622.00	1143.67	1356.50	249321.00
chr11	60697981	60698131	150	150	193.00	377.00	254.40	232.00	38160.00
chr1	151400598	151400889	291	291	98.00	184.00	131.75	136.00	38339.00
chr5	172196431	172197309	878	878	15.00	523.00	155.71	43.00	136711.00
chr3	49152660	49152794	134	134	77.00	137.00	103.34	101.00	13848.00
chr7	5518281	5519950	1669	1669	25.00	203.00	85.28	79.00	142335.00
chr17	16691106	16691449	343	343	7.00	98.00	44.64	49.00	15310.00
chr2	220086993	220087172	179	179	278.00	391.00	344.25	344.00	61620.00
chr10	51746916	51748006	1090	1090	15.00	189.00	73.28	57.00	79877.00
chr12	7302118	7302289	171	171	1244.00	1518.00	1383.02	1384.00	236497.00
chr11	59562844	59562955	111	111	43.00	86.00	67.48	72.00	7490.00
chr12	6100984	6101184	200	200	14.00	45.00	27.02	27.00	5405.00
chr19	5683274	5683627	353	353	17.00	67.00	41.67	42.00	14711.00
chr12	2786259	2786387	128	128	43.00	83.00	60.28	61.00	7716.00
chr15	26812727	26812880	153	153	310.00	635.00	415.55	394.00	63579.00
chr1	149007980	149008798	818	818	1.00	66.00	21.77	16.00	17805.00
chr19	54965608	54965861	253	253	117.00	286.00	197.26	195.00	49908.00
chr8	27293259	27293310	51	51	501.00	698.00	622.35	625.00	31740.00
chr15	23014437	23014528	91	91	194.00	309.00	240.40	231.00	21876.00
chr1	111717500	111717585	85	85	93.00	177.00	137.80	129.00	11713.00
chr6	150157220	150157433	213	213	269.00	506.00	420.75	424.00	89620.00
chr13	114566547	114566670	123	123	36.00	230.00	115.42	95.00	14197.00
chr16	58539291	58539605	314	314	18.00	62.00	45.36	46.00	14242.00
chr1	21936612	21936768	156	156	461.00	1851.00	1015.94	969.00	158487.00
chr1	17322880	17322991	111	111	376.00	601.00	490.94	529.00	54494.00
chr11	60699455	60699599	144	144	377.00	615.00	516.89	544.00	74432.00
chr5	6749669	6749770	101	101	73.00	96.00	81.56	79.00	8238.00
chr16	2156805	2156949	144	144	90.00	207.00	122.94	106.00	17704.00
chr15	34690834	34690930	96	96	42.00	101.00	77.55	78.00	7445.00
chr3	11074933	11075425	492	492	14.00	663.00	129.84	25.00	63881.00
chr5	74655222	74655381	159	159	288.00	492.00	366.75	354.00	58314.00
chr20	20022968	20023160	192	192	50.00	147.00	101.34	100.00	19457.00
chr2	39055481	39055578	97	97	47.00	71.00	59.58	60.00	5779.00
chr19	16793231	16793528	297	297	10.00	367.00	102.98	21.00	30584.00
chr2	219205450	219205509	59	59	158.00	189.00	169.51	167.00	10001.00
chr17	74087429	74087729	300	300	16.00	90.00	46.13	48.50	13838.00
chr3	184058150	184060036	1886	1886	17.00	1185.00	208.79	72.00	393783.00
chr6	90333128	90333263	135	135	71.00	105.00	91.06	93.00	12293.00
chr12	125267019	125267429	410	410	12.00	55.00	27.82	23.00	11407.00
chr1	207942580	207943104	524	524	10.00	151.00	106.16	116.00	55629.00
chr4	89356876	89357043	167	167	85.00	137.00	117.58	119.00	19636.00
chr7	101995498	101995736	238	238	16.00	53.00	28.32	23.00	6739.00
chr3	11067458	11067562	104	104	540.00	780.00	671.16	665.00	69801.00
chr5	95734582	95734740	158	158	212.00	275.00	242.87	242.00	38373.00
chr6	152529106	152529341	235	235	192.00	276.00	235.90	237.00	55437.00
chr5	102295578	102295763	185	185	235.00	338.00	300.77	311.00	55642.00
chr22	21072980	21073110	130	130	1486.00	2238.00	1819.09	1897.00	236482.00
chr12	121855306	121855714	408	408	113.00	316.00	180.24	159.00	73538.00
chr1	160326389	160326544	155	155	153.00	196.00	170.06	170.00	26359.00
chr11	60670930	60671007	77	77	509.00	605.00	552.75	553.00	42562.00
chr17	79804822	79804948	126	126	412.00	656.00	539.13	555.00	67930.00
chr16	18527204	18527332	128	128	873.00	1189.00	1042.41	1048.50	133429.00
chr16	16372518	16372646	128	128	919.00	1222.00	1078.55	1087.50	138054.00
chr2	32750530	32750695	165	165	46.00	83.00	65.58	68.00	10820.00
chr14	69369193	69369279	86	86	370.00	432.00	397.83	393.50	34213.00
chr7	66418212	66418356	144	144	254.00	327.00	286.02	288.00	41187.00
chr6	44107988	44108097	109	109	168.00	261.00	213.41	207.00	23262.00
chr7	70885893	70886091	198	198	459.00	1264.00	747.67	570.00	148038.00
chr8	27295281	27295397	116	116	562.00	699.00	628.25	631.00	72877.00
chr7	73122918	73123018	100	100	2596.00	3312.00	2855.90	2800.00	285590.00
chr15	34698874	34699071	197	197	2.00	138.00	65.88	61.00	12978.00
chr8	22009343	22009513	170	170	332.00	683.00	467.90	458.50	79543.00
chr7	1526557	1526737	180	180	83.00	197.00	129.24	124.50	23263.00
chr5	178053946	178054065	119	119	32.00	413.00	211.24	204.00	25137.00
chr12	6103027	6103369	342	342	19.00	36.00	25.55	25.00	8739.00
chr2	3479491	3480482	991	991	12.00	47.00	23.73	22.00	23517.00
chr3	33883388	33883566	178	178	131.00	204.00	176.39	176.00	31398.00
chr19	11019778	11019883	105	105	183.00	363.00	275.38	299.00	28915.00
chr7	98446205	98446318	113	113	1974.00	4357.00	3219.54	2902.00	363808.00
chr8	106813274	106813932	658	658	21.00	62.00	37.55	34.00	24707.00
chr2	223795338	223795530	192	192	648.00	1071.00	805.29	752.00	154615.00
chr7	75511146	75511554	408	408	976.00	2203.00	1487.63	1450.50	606955.00
chr21	40184926	40185038	112	112	245.00	402.00	334.54	366.50	37468.00
chr19	53383575	53385236	1661	1661	8.00	52.00	26.40	24.00	43852.00
chr19	14208130	14208295	165	165	9.00	995.00	621.25	755.00	102507.00
chr15	91461013	91461618	605	605	15.00	512.00	142.35	26.00	86120.00
chr8	145278010	145278133	123	123	72.00	91.00	80.47	80.00	9898.00
chr16	28132990	28133083	93	93	179.00	284.00	235.98	234.00	21946.00
chr11	125280091	125280221	130	130	135.00	242.00	172.80	170.00	22464.00
chr15	63128089	63128317	228	228	76.00	332.00	227.67	251.00	51908.00
chr9	131181435	131181557	122	122	17.00	523.00	421.78	443.50	51457.00
chr19	3281196	3281343	147	147	353.00	457.00	415.20	428.00	61035.00
chr11	6240200	6240280	80	80	93.00	113.00	103.41	103.00	8273.00
chr20	31019123	31019287	164	164	43.00	70.00	57.07	58.00	9360.00
chr6	46825865	46827260	1395	1395	30.00	98.00	61.51	61.00	85807.00
chr12	1672006	1672666	660	660	12.00	74.00	28.51	21.00	18816.00
chr12	9098824	9099001	177	177	270.00	419.00	352.19	367.00	62338.00
chr7	121738503	121738630	127	127	10.00	27.00	14.73	13.00	1871.00
chr19	40875814	40875935	121	121	1451.00	1805.00	1677.03	1719.00	202921.00
chr20	3581592	3581671	79	79	138.00	199.00	165.99	169.00	13113.00
chr17	7226965	7227042	77	77	122.00	158.00	145.01	150.00	11166.00
chr2	74331800	74332809	1009	1009	17.00	95.00	46.67	42.00	47086.00
chr1	209785136	209785610	474	474	25.00	500.00	379.82	416.00	180034.00
chr9	35546426	35548532	2106	2106	169.00	588.00	288.03	274.00	606599.00
chr17	80040198	80040290	92	92	397.00	491.00	436.76	435.00	40182.00
chr11	73074791	73075284	493	493	19.00	284.00	95.82	31.00	47237.00
chr20	44674976	44675075	99	99	514.00	618.00	562.62	557.00	55699.00
chr20	5892091	5892328	237	237	105.00	850.00	523.79	622.00	124138.00
chr17	20316581	20317594	1013	1013	3.00	22.00	12.73	13.00	12896.00
chr12	99478702	99478801	99	99	323.00	368.00	343.74	345.00	34030.00
chr17	40842756	40842960	204	204	563.00	967.00	774.16	755.50	157928.00
chr11	107501142	107501288	146	146	372.00	629.00	470.92	462.00	68754.00
chr11	85429236	85429532	296	296	7.00	75.00	36.20	36.00	10714.00
chr20	9449217	9449319	102	102	77.00	110.00	95.80	98.00	9772.00
chr14	23371395	23371591	196	196	136.00	220.00	187.63	194.00	36775.00
chr7	716865	716957	92	92	2728.00	3937.00	3531.28	3584.50	324878.00
chr10	48862360	48862682	322	322	1.00	394.00	197.96	187.00	63743.00
chr10	68686678	68688210	1532	1532	49.00	198.00	100.39	86.00	153802.00
chr5	179674854	179674926	72	72	539.00	698.00	613.29	623.50	44157.00
chr1	209773327	209773456	129	129	356.00	514.00	455.09	472.00	58706.00
chr17	45691034	45691091	57	57	538.00	622.00	588.72	596.00	33557.00
chr1	19669871	19670118	247	247	15.00	40.00	28.78	29.00	7109.00
chr17	45664025	45664710	685	685	23.00	588.00	149.36	117.00	102311.00
chr19	2337634	2338840	1206	1206	14.00	108.00	42.71	40.00	51506.00
chr8	22011480	22011552	72	72	410.00	491.00	461.78	468.00	33248.00
