#chrom	start	end	size	num_data	min	max	mean	median	sum
chr12	1940100	1940691	591	591	26.00	81.00	53.12	52.00	31394.00
chr1	27480473	27481381	908	908	13.00	56.00	28.51	28.00	25891.00
chr15	63112684	63112809	125	125	147.00	248.00	215.82	229.00	26977.00
chr5	149231737	149232254	517	517	4.00	19.00	12.29	12.00	6352.00
chr5	140865429	140867182	1753	1753	8.00	39.00	18.88	17.00	33102.00
chr1	32209793	32209958	165	165	186.00	287.00	227.55	223.00	37546.00
chr16	87873307	87873431	124	124	137.00	176.00	154.56	152.00	19166.00
chr17	34157438	34158175	737	737	8.00	25.00	16.07	16.00	11846.00
chr2	127815619	127816088	469	469	18.00	103.00	53.44	54.00	25065.00
chr1	208212965	208213112	147	147	39.00	56.00	48.48	50.00	7127.00
chr22	19703883	19704666	783	783	3.00	42.00	18.19	15.00	14246.00
chr16	87872319	87872423	104	104	103.00	155.00	128.61	130.00	13375.00
chr9	140055740	140055868	128	128	950.00	1192.00	1087.27	1091.50	139170.00
chr22	21096515	21096643	128	128	341.00	428.00	374.63	372.50	47953.00
chr9	140056321	140056540	219	219	2.00	1587.00	939.70	1056.00	205795.00
chr11	78379981	78380253	272	272	7.00	26.00	14.09	14.00	3832.00
chr3	11070420	11070533	113	113	197.00	251.00	231.13	234.00	26118.00
chr1	109812554	109813222	668	668	7.00	438.00	176.16	170.00	117673.00
chr2	220161954	220162155	201	201	437.00	650.00	562.57	579.00	113076.00
chr15	74706887	74707086	199	199	78.00	155.00	104.96	103.00	20887.00
chr17	7318829	7319426	597	597	124.00	351.00	216.12	224.00	129021.00
chr1	21560050	21560154	104	104	29.00	41.00	34.81	35.00	3620.00
chr1	25573799	25573952	153	153	9.00	613.00	358.26	421.00	54814.00
chr14	93198993	93199160	167	167	97.00	152.00	124.79	127.00	20840.00
chr1	205554003	205554119	116	116	122.00	241.00	169.62	154.00	19676.00
chr1	9795005	9795232	227	227	1250.00	1855.00	1560.61	1539.00	354258.00
chr17	42426525	42426670	145	145	83.00	143.00	110.65	110.00	16044.00
chr18	70205887	70206179	292	292	3.00	176.00	69.87	7.00	20403.00
chr1	205553082	205553251	169	169	233.00	332.00	277.30	275.00	46864.00
chr9	140056623	140056766	143	143	0.00	1268.00	768.39	867.00	109880.00
chr6	33412147	33412394	247	247	7.00	472.00	254.04	344.00	62747.00
chr12	89992366	89992547	181	181	3.00	616.00	412.54	441.00	74669.00
chr2	220088827	220089576	749	749	76.00	169.00	121.08	119.00	90692.00
chr14	100763073	100765222	2149	2149	25.00	119.00	52.04	51.00	111834.00
chr1	110740697	110742543	1846	1846	2.00	500.00	285.82	284.00	527623.00
chr1	149878201	149879758	1557	1557	6.00	1046.00	225.77	19.00	351526.00
chr3	197264139	197265259	1120	1120	2.00	27.00	12.17	12.00	13626.00
chr8	56449623	56450530	907	907	8.00	43.00	25.46	23.00	23090.00
chr9	139354208	139354326	118	118	35.00	62.00	47.61	47.00	5618.00
chr1	32204908	32205236	328	328	303.00	490.00	374.84	373.50	122946.00
chr7	75608768	75608897	129	129	72.00	127.00	102.81	105.00	13262.00
chr19	45161029	45161178	149	149	37.00	68.00	49.38	50.00	7357.00
chr19	5243911	5244493	582	582	59.00	159.00	100.17	93.00	58298.00
chr6	32119585	32119717	132	132	6.00	543.00	264.56	269.50	34922.00
chr3	42670878	42672067	1189	1189	4.00	30.00	15.10	14.00	17955.00
chr11	45892392	45892485	93	93	95.00	124.00	109.18	110.00	10154.00
chr17	80040789	80040991	202	202	277.00	471.00	338.46	336.00	68368.00
chr2	74902875	74903036	161	161	21.00	59.00	40.40	45.00	6505.00
chr17	38335969	38337946	1977	1977	3.00	150.00	22.51	16.00	44502.00
chr16	87870103	87870253	150	150	104.00	174.00	130.41	123.00	19561.00
chr1	32205947	32206142	195	195	265.00	436.00	349.24	351.00	68102.00
chr6	44117553	44117702	149	149	4.00	283.00	162.99	195.00	24285.00
chr1	159163659	159163830	171	171	806.00	1155.00	984.81	987.00	168402.00
chr3	445565	446023	458	458	4.00	12.00	7.54	7.00	3455.00
chr2	25048913	25048995	82	82	86.00	103.00	94.11	94.00	7717.00
chr10	99504485	99504672	187	187	45.00	89.00	66.56	68.00	12447.00
chr4	54364807	54365010	203	203	68.00	110.00	84.53	81.00	17159.00
chr17	1634367	1634552	185	185	11.00	18.00	15.26	15.00	2823.00
chr7	72416124	72416247	123	123	72.00	108.00	87.48	86.00	10760.00
chr1	208212169	208212329	160	160	46.00	75.00	61.17	61.00	9788.00
chr9	140952500	140952702	202	202	42.00	89.00	53.98	51.00	10904.00
chr6	44197325	44197528	203	203	81.00	154.00	110.37	104.00	22405.00
chr6	44197643	44198218	575	575	18.00	86.00	44.59	36.00	25640.00
chr11	118981972	118982084	112	112	139.00	181.00	160.28	159.00	17951.00
chr5	150503846	150503952	106	106	2.00	1380.00	910.22	1149.00	96483.00
chr11	118981761	118981878	117	117	184.00	249.00	212.79	210.00	24896.00
chr11	126314873	126315000	127	127	63.00	88.00	73.68	73.00	9357.00
chr1	159165808	159166244	436	436	4.00	941.00	175.15	10.00	76365.00
chr7	134893542	134893750	208	208	24.00	43.00	33.65	34.00	7000.00
chr9	121976196	121976433	237	237	120.00	261.00	186.22	192.00	44135.00
chr19	54691042	54691169	127	127	178.00	256.00	212.81	204.00	27027.00
chr22	38621430	38621600	170	170	187.00	293.00	246.92	249.50	41977.00
chr13	42035681	42036205	524	524	12.00	31.00	22.80	24.00	11946.00
chr20	1915360	1915413	53	53	8.00	1198.00	807.06	983.00	42774.00
chr5	14496987	14497126	139	139	112.00	152.00	132.65	129.00	18438.00
chr12	56528125	56528212	87	87	38.00	62.00	56.00	58.00	4872.00
chr3	47466974	47467101	127	127	50.00	80.00	63.30	62.00	8039.00
chr17	7415476	7415663	187	187	75.00	124.00	90.79	88.00	16977.00
chr3	33588037	33589252	1215	1215	9.00	37.00	21.37	22.00	25967.00
chr7	887833	888615	782	782	5.00	66.00	25.99	21.00	20325.00
chr10	24813251	24813693	442	442	22.00	69.00	46.24	52.00	20439.00
chr1	109812045	109812213	168	168	193.00	393.00	262.91	241.00	44169.00
chr19	15276597	15276902	305	305	35.00	62.00	47.75	47.00	14565.00
chr16	2334779	2334999	220	220	120.00	165.00	144.91	146.00	31881.00
chr16	68404761	68405261	500	500	21.00	45.00	31.29	32.00	15645.00
chr4	110969111	110969871	760	760	12.00	43.00	23.91	24.00	18169.00
chr1	145693161	145693996	835	835	7.00	45.00	25.26	26.00	21089.00
chr7	44282848	44282932	84	84	466.00	552.00	519.98	522.50	43678.00
chr2	220164315	220164508	193	193	4.00	440.00	186.08	13.00	35913.00
chr12	50472203	50472360	157	157	70.00	100.00	86.82	89.00	13631.00
chr2	220163768	220163833	65	65	437.00	613.00	540.23	555.00	35115.00
chr2	222289928	222290862	934	934	99.00	194.00	142.87	145.00	133439.00
chr12	57599133	57599268	135	135	115.00	165.00	130.45	128.00	17611.00
chr7	157475416	157475629	213	213	209.00	361.00	274.74	263.00	58519.00
chr1	32203800	32203927	127	127	288.00	732.00	457.06	462.00	58046.00
chr1	109811731	109811912	181	181	219.00	424.00	333.05	343.00	60282.00
chr9	140052830	140052975	145	145	645.00	1972.00	1251.27	1364.00	181434.00
chr2	220161706	220161854	148	148	467.00	944.00	695.06	684.50	102869.00
chr16	29896906	29897070	164	164	259.00	480.00	404.85	412.50	66395.00
chr16	47143393	47143622	229	229	69.00	109.00	89.89	91.00	20584.00
chr11	993753	993985	232	232	133.00	272.00	219.34	236.00	50887.00
chr9	124059698	124061137	1439	1439	10.00	85.00	41.87	39.00	60246.00
chr9	140350140	140350634	494	494	3.00	44.00	18.70	17.00	9239.00
chr11	14504577	14504697	120	120	58.00	94.00	76.08	80.00	9130.00
chr3	49898612	49898733	121	121	432.00	739.00	621.72	639.00	75228.00
chr9	131811659	131811777	118	118	35.00	68.00	49.32	46.00	5820.00
chr9	131810705	131810818	113	113	46.00	70.00	59.28	61.00	6699.00
chr1	223400935	223401080	145	145	65.00	97.00	86.32	88.00	12516.00
chr12	125612185	125612820	635	635	4.00	117.00	26.00	10.00	16510.00
chr2	220088590	220088744	154	154	124.00	185.00	157.53	159.00	24260.00
chr9	70888487	70888750	263	263	2.00	23.00	13.76	16.00	3619.00
chr14	69813756	69813898	142	142	49.00	74.00	58.35	57.00	8285.00
chr2	47399145	47399890	745	745	5.00	303.00	34.48	28.00	25690.00
chr11	62688689	62689041	352	352	18.00	165.00	55.78	25.00	19636.00
chr6	43745205	43745407	202	202	7.00	70.00	59.07	60.00	11932.00
chr3	11072492	11072997	505	505	3.00	371.00	90.05	31.00	45477.00
chr7	2696031	2696168	137	137	131.00	229.00	196.36	204.00	26901.00
chr16	14969196	14969279	83	83	384.00	642.00	515.29	512.00	42769.00
chr17	7377847	7378026	179	179	1.00	14.00	8.20	10.00	1467.00
chr12	65639640	65639719	79	79	59.00	99.00	79.37	79.00	6270.00
chr12	50294912	50295108	196	196	1148.00	2211.00	1408.30	1315.00	276026.00
chr19	42485653	42485788	135	135	991.00	1573.00	1328.12	1313.00	179296.00
chr10	99509230	99509343	113	113	94.00	158.00	120.74	122.00	13644.00
chr22	38883877	38888120	4243	4243	67.00	883.00	290.54	264.00	1232745.00
chr12	49416372	49416658	286	286	53.00	99.00	70.55	68.00	20176.00
chr6	24843089	24843782	693	693	21.00	55.00	35.28	34.00	24448.00
chr5	176295561	176295665	104	104	169.00	212.00	191.36	190.50	19901.00
chr10	99510087	99510227	140	140	123.00	165.00	145.14	144.00	20319.00
chr1	159173658	159174770	1112	1112	16.00	146.00	45.43	35.00	50513.00
chr11	1780745	1780869	124	124	765.00	1106.00	957.48	1004.00	118728.00
chr19	42486059	42486258	199	199	815.00	1516.00	1170.84	1201.00	232998.00
chr3	47465422	47465535	113	113	54.00	94.00	68.44	69.00	7734.00
chr1	21573713	21573856	143	143	32.00	47.00	39.17	39.00	5601.00
chr11	65320330	65320453	123	123	65.00	94.00	83.54	85.00	10275.00
chr3	47462420	47462519	99	99	121.00	182.00	153.04	161.00	15151.00
chr2	219204751	219204864	113	113	50.00	81.00	69.55	70.00	7859.00
chr1	43906123	43906257	134	134	17.00	30.00	24.26	25.00	3251.00
chr7	38785158	38785840	682	682	10.00	262.00	35.38	19.00	24129.00
chr2	153499932	153500058	126	126	85.00	120.00	106.27	105.50	13390.00
chr1	32203011	32203132	121	121	11.00	475.00	333.26	383.00	40325.00
chr22	42290823	42290941	118	118	214.00	457.00	371.17	372.00	43798.00
chr19	47940718	47940818	100	100	290.00	553.00	439.85	428.00	43985.00
chr4	119539150	119539274	124	124	19.00	45.00	37.56	41.00	4657.00
chr17	44117067	44117250	183	183	44.00	55.00	49.28	49.00	9019.00
chr19	42485873	42485983	110	110	839.00	1162.00	991.51	964.00	109066.00
chr6	44114583	44114664	81	81	89.00	107.00	98.53	99.00	7981.00
chr19	47941105	47941292	187	187	1.00	600.00	336.78	461.00	62978.00
chr11	73074250	73074500	250	250	67.00	111.00	91.57	93.00	22892.00
chr3	33418764	33418825	61	61	204.00	230.00	212.75	213.00	12978.00
chr1	700258	700505	247	247	30.00	117.00	71.46	75.00	17651.00
chr9	74319510	74319719	209	209	18.00	32.00	22.84	22.00	4774.00
chr16	2336694	2336968	274	274	105.00	343.00	209.50	222.00	57404.00
chr20	3575125	3575219	94	94	61.00	103.00	70.61	69.00	6637.00
chr9	139231377	139231529	152	152	54.00	70.00	60.45	60.00	9188.00
chr5	140515951	140516498	547	547	4.00	18.00	10.50	10.00	5744.00
chr1	21938208	21938309	101	101	385.00	485.00	435.05	430.00	43940.00
chr3	155659188	155659936	748	748	15.00	97.00	62.28	66.00	46587.00
chr16	27483068	27483241	173	173	61.00	88.00	77.31	79.00	13374.00
chr11	994071	994245	174	174	70.00	197.00	147.92	152.50	25738.00
chr7	71175745	71175913	168	168	286.00	460.00	388.88	408.00	65332.00
chr12	121204065	121204175	110	110	89.00	150.00	121.47	128.00	13362.00
chr7	73118679	73118753	74	74	939.00	1216.00	1104.47	1122.50	81731.00
chr9	140972565	140972710	145	145	48.00	69.00	60.53	63.00	8777.00
chr12	121683329	121684024	695	695	3.00	25.00	11.96	11.00	8314.00
chr16	74493579	74493687	108	108	128.00	172.00	150.64	149.00	16269.00
chr2	36771518	36771641	123	123	72.00	91.00	78.72	79.00	9682.00
chr7	94187181	94187996	815	815	7.00	22.00	13.94	14.00	11361.00
chr14	94156951	94157239	288	288	4.00	11.00	7.33	7.00	2110.00
chr7	121739000	121739524	524	524	11.00	33.00	19.90	19.00	10426.00
chr1	19549117	19549328	211	211	61.00	112.00	79.60	75.00	16795.00
chr19	5214571	5214747	176	176	153.00	336.00	212.20	208.50	37347.00
chr19	42557753	42557861	108	108	72.00	106.00	84.08	82.00	9081.00
chr15	102510686	102510925	239	239	1.00	57.00	30.92	30.00	7391.00
chr5	167673761	167675376	1615	1615	8.00	61.00	33.41	32.00	53958.00
chr7	44282158	44282253	95	95	477.00	780.00	609.48	571.00	57901.00
chr2	160621061	160621717	656	656	6.00	92.00	24.03	19.00	15765.00
chr5	10426501	10426634	133	133	139.00	219.00	187.16	197.00	24892.00
chr16	1814301	1814460	159	159	348.00	417.00	382.30	378.00	60786.00
chr11	21581734	21581928	194	194	77.00	137.00	112.52	121.00	21828.00
chr3	126749085	126749255	170	170	74.00	119.00	92.00	91.00	15640.00
chr11	12237765	12237866	101	101	247.00	331.00	289.84	289.00	29274.00
chr6	31750872	31750963	91	91	68.00	92.00	79.86	80.00	7267.00
chr3	53124201	53124398	197	197	14.00	28.00	20.80	21.00	4098.00
chr2	220161470	220161544	74	74	670.00	894.00	813.45	838.50	60195.00
chr2	128951046	128951785	739	739	14.00	117.00	60.02	64.00	44358.00
chr5	24535811	24535931	120	120	63.00	87.00	74.47	74.00	8937.00
chr1	44083406	44083582	176	176	156.00	228.00	192.57	193.00	33892.00
chr1	32207653	32207818	165	165	220.00	393.00	280.23	276.00	46238.00
chr12	7293754	7294000	246	246	4.00	623.00	373.82	543.50	91959.00
chr3	131442289	131442469	180	180	66.00	100.00	80.68	80.00	14522.00
chr3	49898871	49899298	427	427	27.00	851.00	344.98	447.00	147305.00
chr16	66432358	66432464	106	106	11.00	15.00	13.84	14.00	1467.00
chr1	20982593	20982680	87	87	239.00	287.00	262.51	261.00	22838.00
chr16	68398653	68398809	156	156	27.00	42.00	34.47	34.00	5377.00
chr17	16676818	16678279	1461	1461	1.00	20.00	10.08	10.00	14724.00
chr1	109814899	109815027	128	128	253.00	394.00	320.82	324.50	41065.00
chr1	21940478	21940582	104	104	470.00	653.00	572.34	592.00	59523.00
chr20	57468284	57468793	509	509	2.00	13.00	7.51	7.00	3825.00
chr3	127358087	127358366	279	279	130.00	329.00	235.75	233.00	65775.00
chr3	126735359	126735527	168	168	35.00	62.00	48.49	47.50	8146.00
chr10	103869140	103869264	124	124	204.00	303.00	241.18	229.50	29906.00
chr20	44520554	44520666	112	112	90.00	130.00	110.15	108.50	12337.00
chr1	32203252	32203356	104	104	263.00	368.00	316.53	325.00	32919.00
chr21	40186196	40186316	120	120	169.00	213.00	190.20	187.50	22824.00
chr5	111067153	111068349	1196	1196	7.00	50.00	23.36	20.00	27934.00
chr9	128002954	128003186	232	232	286.00	458.00	351.98	330.50	81660.00
chr1	43408896	43408992	96	96	140.00	175.00	157.45	158.00	15115.00
chr3	47463931	47464026	95	95	103.00	136.00	124.61	125.00	11838.00
chr2	220161160	220161238	78	78	608.00	729.00	670.24	676.00	52279.00
chr11	62472772	62473089	317	317	677.00	1286.00	925.88	862.00	293504.00
chr9	130986341	130986906	565	565	12.00	343.00	91.40	21.00	51639.00
chr14	69358769	69359000	231	231	128.00	198.00	156.29	155.00	36102.00
chr11	64416205	64416379	174	174	127.00	243.00	183.05	179.00	31850.00
chr17	8398454	8398559	105	105	201.00	271.00	241.20	243.00	25326.00
chr12	53572943	53574193	1250	1250	18.00	86.00	47.22	46.00	59023.00
chr17	17696544	17701827	5283	5283	9.00	113.00	45.19	44.00	238741.00
chr8	11705187	11705331	144	144	739.00	1107.00	1012.55	1031.00	145807.00
chr19	54963829	54963931	102	102	254.00	364.00	291.71	274.50	29754.00
chr2	70451682	70456295	4613	4613	5.00	141.00	35.80	32.00	165162.00
chr11	118873959	118874169	210	210	9.00	27.00	16.47	16.00	3458.00
chr10	75548427	75548581	154	154	28.00	72.00	54.84	60.00	8445.00
chr6	33414351	33414563	212	212	273.00	498.00	415.95	428.00	88181.00
chr17	80042910	80043032	122	122	119.00	149.00	136.28	138.00	16626.00
chr11	11470290	11470483	193	193	34.00	73.00	51.35	52.00	9910.00
chr8	23294446	23294771	325	325	65.00	99.00	81.10	81.00	26359.00
chr1	116932060	116932663	603	603	3.00	1517.00	487.14	12.00	293746.00
chr15	83222627	83222741	114	114	40.00	66.00	50.41	46.00	5747.00
chr3	9841562	9841751	189	189	16.00	29.00	22.57	23.00	4266.00
chr1	116937731	116937907	176	176	973.00	1942.00	1153.96	1057.50	203097.00
chr16	87868019	87868197	178	178	98.00	150.00	117.90	115.50	20987.00
chr3	124209540	124209731	191	191	382.00	522.00	449.64	436.00	85882.00
chr7	71142195	71142291	96	96	334.00	420.00	377.95	389.00	36283.00
chr5	130497324	130497584	260	260	7.00	25.00	14.96	14.00	3890.00
chr13	100199238	100199358	120	120	250.00	366.00	295.11	284.50	35413.00
chr5	139943336	139943506	170	170	26.00	208.00	167.38	175.00	28454.00
chr17	74395529	74396002	473	473	33.00	109.00	74.34	73.00	35165.00
chr14	93179149	93179216	67	67	140.00	166.00	148.99	146.00	9982.00
chr4	160277004	160277310	306	306	23.00	195.00	88.90	83.50	27203.00
chr17	40666306	40666478	172	172	547.00	893.00	712.12	663.50	122485.00
chr15	34828065	34828207	142	142	10.00	147.00	97.32	104.00	13819.00
chr14	100165802	100165876	74	74	348.00	463.00	402.24	403.00	29766.00
chr22	20128089	20128231	142	142	9.00	123.00	69.43	92.00	9859.00
chr12	3392210	3394421	2211	2211	2.00	93.00	30.13	24.00	66621.00
chr17	16687866	16690667	2801	2801	0.00	56.00	11.74	9.00	32880.00
chr6	31664724	31664810	86	86	98.00	147.00	117.98	114.50	10146.00
chr6	30627512	30627611	99	99	41.00	61.00	50.00	49.00	4950.00
chr11	18752834	18755060	2226	2226	1.00	401.00	48.66	22.00	108314.00
chr12	109332602	109332731	129	129	304.00	388.00	348.64	357.00	44975.00
chr6	90072884	90073110	226	226	16.00	27.00	20.07	19.00	4536.00
chr16	2689371	2689711	340	340	0.00	0.00	0.00	0.00	0.00
chr1	20987373	20987484	111	111	195.00	304.00	249.06	250.00	27646.00
chr14	85985300	85986667	1367	1367	1.00	25.00	8.56	8.00	11703.00
chr13	32863769	32863880	111	111	63.00	86.00	76.03	77.00	8439.00
chr16	1510418	1510528	110	110	71.00	100.00	82.05	81.00	9026.00
chr19	54963269	54963444	175	175	327.00	433.00	374.57	372.00	65549.00
chr6	44224078	44224233	155	155	64.00	93.00	79.61	80.00	12339.00
chr20	3151172	3152285	1113	1113	2.00	28.00	16.68	18.00	18566.00
chr1	892273	892405	132	132	87.00	127.00	100.18	99.00	13224.00
chr16	90192167	90192724	557	557	2.00	49.00	23.48	25.00	13076.00
chr9	111663704	111663810	106	106	50.00	68.00	58.95	58.00	6249.00
chr6	44108764	44108835	71	71	101.00	133.00	116.73	116.00	8288.00
chr1	36028802	36029027	225	225	973.00	1619.00	1259.92	1182.00	283483.00
chr11	66807259	66807674	415	415	6.00	119.00	92.18	100.00	38254.00
chr1	178426817	178427679	862	862	12.00	39.00	24.49	25.00	21113.00
chr19	42482302	42482478	176	176	968.00	1533.00	1134.65	1105.50	199699.00
chr1	44084718	44084873	155	155	84.00	306.00	177.37	153.00	27492.00
chr1	109812315	109812442	127	127	191.00	266.00	236.13	236.00	29989.00
chr3	180324268	180324391	123	123	91.00	139.00	120.82	126.00	14861.00
chr15	63933668	63933842	174	174	79.00	180.00	127.94	120.50	22261.00
chr20	44521363	44521519	156	156	118.00	167.00	139.01	135.00	21686.00
chr3	33416779	33416910	131	131	81.00	211.00	139.64	142.00	18293.00
chr1	21934624	21934843	219	219	5.00	606.00	285.59	404.00	62545.00
chr14	69799801	69799886	85	85	42.00	57.00	48.86	49.00	4153.00
chr1	116936134	116936345	211	211	0.00	1420.00	1162.44	1268.00	245274.00
chr14	23634493	23634645	152	152	21.00	36.00	29.47	30.00	4480.00
chr16	1402538	1402947	409	409	7.00	47.00	35.07	36.00	14343.00
chr9	20331	25000	4669	4669	0.00	123.00	36.96	32.00	172565.00
chr17	43545574	43545959	385	385	11.00	36.00	21.03	21.00	8096.00
chr13	100201418	100201476	58	58	270.00	303.00	285.41	284.50	16554.00
chr15	41865505	41865665	160	160	213.00	448.00	330.38	323.00	52861.00
chr19	19641688	19642196	508	508	5.00	29.00	18.00	20.00	9144.00
chr11	134147593	134148159	566	566	6.00	22.00	12.14	11.00	6874.00
chr2	71656420	71657290	870	870	10.00	41.00	23.23	22.00	20208.00
chr7	97834775	97835016	241	241	74.00	122.00	93.52	93.00	22539.00
chr19	13363804	13363915	111	111	62.00	90.00	76.72	76.00	8516.00
chr18	31328383	31329011	628	628	2.00	17.00	8.64	9.00	5429.00
chr16	66431884	66432009	125	125	12.00	26.00	19.32	20.00	2415.00
chr19	47935155	47935702	547	547	3.00	808.00	287.87	310.00	157465.00
chr12	50291769	50291873	104	104	770.00	1186.00	887.13	836.00	92262.00
chr11	1780198	1780317	119	119	489.00	925.00	634.07	633.00	75454.00
chr15	65392626	65393167	541	541	6.00	27.00	18.41	19.00	9958.00
chr2	86397871	86397967	96	96	75.00	107.00	95.45	99.00	9163.00
chr7	97866087	97866233	146	146	73.00	124.00	104.79	111.50	15300.00
chr11	60687157	60687402	245	245	95.00	176.00	137.44	140.00	33673.00
chr21	43307700	43309453	1753	1753	8.00	43.00	22.22	21.00	38958.00
chr14	24619269	24619657	388	388	15.00	49.00	29.85	28.00	11580.00
chr11	65320634	65320727	93	93	35.00	74.00	50.15	49.00	4664.00
chr16	29891184	29891385	201	201	333.00	503.00	421.97	419.00	84816.00
chr1	32207224	32207326	102	102	423.00	577.00	512.82	531.50	52308.00
chr11	72300218	72300394	176	176	2.00	333.00	103.52	6.00	18219.00
chr17	7608878	7609038	160	160	19.00	107.00	70.62	76.50	11300.00
chr19	7607646	7607814	168	168	84.00	142.00	113.85	122.00	19127.00
chr19	54966129	54966271	142	142	139.00	291.00	235.03	244.50	33374.00
chr12	57995027	57995131	104	104	125.00	169.00	154.12	157.00	16028.00
chr1	27428875	27429049	174	174	36.00	58.00	47.20	47.00	8212.00
chr2	27688277	27688385	108	108	29.00	66.00	46.23	48.00	4993.00
chr16	2691449	2692254	805	805	0.00	8.00	1.57	2.00	1262.00
chr9	131503813	131503933	120	120	213.00	261.00	231.17	229.50	27740.00
chr16	2347766	2347922	156	156	107.00	188.00	144.86	151.00	22598.00
chr17	80039884	80040036	152	152	228.00	310.00	270.92	270.00	41180.00
chr1	32204432	32204538	106	106	304.00	736.00	495.90	466.50	52565.00
chr12	9242951	9243078	127	127	174.00	217.00	200.28	201.00	25435.00
chr3	49702661	49702751	90	90	127.00	163.00	147.07	149.00	13236.00
chr19	35820359	35820837	478	478	14.00	76.00	48.46	50.00	23166.00
chr1	201456762	201457615	853	853	15.00	55.00	32.77	31.00	27952.00
chr16	2334279	2334438	159	159	120.00	158.00	139.09	139.00	22115.00
chr10	73578373	73578481	108	108	2599.00	3362.00	2888.80	2865.50	311990.00
chr16	18530550	18530756	206	206	3.00	423.00	182.03	251.50	37498.00
chr16	16369094	16369300	206	206	3.00	435.00	185.66	255.50	38245.00
chr13	113975636	113975785	149	149	14.00	695.00	302.70	18.00	45102.00
chr11	119293822	119294227	405	405	5.00	5068.00	422.37	40.00	171058.00
chr5	150505962	150506041	79	79	700.00	1058.00	894.19	893.00	70641.00
chr22	44224939	44225078	139	139	568.00	767.00	660.36	645.00	91790.00
chr15	41865199	41865309	110	110	303.00	408.00	347.81	339.50	38259.00
chr17	25633807	25636298	2491	2491	38.00	761.00	323.22	372.00	805146.00
chr15	72495155	72495529	374	374	8.00	1869.00	747.67	12.00	279630.00
chr9	42540272	42542124	1852	1852	3.00	27.00	11.95	11.00	22134.00
chr11	119290760	119291704	944	944	1.00	6718.00	1504.18	22.00	1419947.00
chr19	5219949	5220165	216	216	122.00	214.00	163.13	159.00	35237.00
chr15	63910769	63911153	384	384	0.00	34.00	13.46	11.00	5169.00
chr17	74393879	74393969	90	90	92.00	142.00	109.27	100.00	9834.00
chr10	104129467	104129532	65	65	42.00	57.00	51.51	52.00	3348.00
chr3	142454224	142454620	396	396	2.00	14.00	9.31	10.00	3688.00
chr12	121205196	121205396	200	200	140.00	185.00	159.97	162.00	31995.00
chr3	31705570	31705724	154	154	14.00	34.00	24.37	24.00	3753.00
chr6	118635190	118636593	1403	1403	21.00	182.00	104.58	97.00	146726.00
chr8	10339867	10340829	962	962	2.00	32.00	11.73	11.00	11284.00
chr19	16952578	16952779	201	201	76.00	151.00	114.42	114.00	22999.00
chr8	110984486	110985016	530	530	72.00	135.00	104.26	103.00	55257.00
chr9	128001219	128001610	391	391	367.00	912.00	667.43	710.00	260965.00
chr11	73070878	73070997	119	119	73.00	103.00	84.39	82.00	10043.00
chr10	104130140	104130235	95	95	47.00	64.00	55.34	54.00	5257.00
chr5	95733039	95733173	134	134	59.00	104.00	78.53	78.00	10523.00
chr19	59059400	59059547	147	147	241.00	343.00	301.48	311.00	44317.00
chr5	139943169	139943255	86	86	23.00	107.00	87.44	94.00	7520.00
chr17	73487771	73487981	210	210	56.00	85.00	71.02	73.00	14915.00
chr1	154315588	154315777	189	189	24.00	40.00	31.27	31.00	5910.00
chr14	95652726	95653070	344	344	16.00	49.00	29.27	27.00	10069.00
chr12	123639801	123640772	971	971	8.00	39.00	21.36	22.00	20737.00
chr22	47064870	47065171	301	301	2.00	13.00	5.86	5.00	1765.00
chr5	24535220	24535388	168	168	55.00	81.00	65.65	63.00	11029.00
chr12	6806452	6806958	506	506	91.00	256.00	159.92	156.50	80921.00
chr22	29881711	29881836	125	125	111.00	138.00	125.06	125.00	15633.00
chr7	75894681	75894786	105	105	25.00	65.00	43.73	44.00	4592.00
chr12	121089007	121095893	6886	6886	6.00	98.00	32.12	30.00	221194.00
chr1	207940357	207942365	2008	2008	11.00	213.00	80.62	68.00	161883.00
chr7	154681166	154681240	74	74	282.00	342.00	309.31	310.00	22889.00
chr5	131696513	131697529	1016	1016	1.00	16.00	7.04	7.00	7150.00
chr11	1776135	1776258	123	123	316.00	791.00	507.11	464.00	62374.00
chr8	11706554	11706673	119	119	815.00	933.00	866.59	867.00	103124.00
chr11	18759426	18759511	85	85	171.00	225.00	194.00	190.00	16490.00
chr16	61689373	61689625	252	252	53.00	91.00	72.75	74.50	18333.00
chr15	51750702	51750824	122	122	103.00	188.00	152.37	162.00	18589.00
chr9	35555056	35555698	642	642	118.00	312.00	200.66	202.50	128826.00
chr2	198356200	198356621	421	421	6.00	12.00	8.86	9.00	3732.00
chr9	131001723	131001794	71	71	1881.00	2267.00	2044.75	2041.00	145177.00
chr19	5214371	5214491	120	120	334.00	451.00	386.43	381.00	46372.00
chr22	35719488	35719623	135	135	74.00	104.00	94.14	95.00	12709.00
chr12	121678738	121679829	1091	1091	4.00	41.00	13.98	11.00	15254.00
chr14	23820960	23821064	104	104	827.00	1165.00	1022.42	1048.00	106332.00
chr1	32205710	32205779	69	69	311.00	434.00	374.04	375.00	25809.00
chr3	33420176	33420326	150	150	7.00	220.00	78.56	10.00	11784.00
chr9	114820707	114820966	259	259	24.00	54.00	38.64	38.00	10009.00
chr15	41865876	41866023	147	147	26.00	715.00	497.73	523.00	73166.00
chr19	55554308	55554637	329	329	5.00	18.00	11.78	11.00	3876.00
chr1	116933403	116933513	110	110	1178.00	1623.00	1437.41	1430.50	158115.00
chr19	15374230	15374359	129	129	56.00	117.00	90.84	94.00	11718.00
chr12	56090682	56090852	170	170	21.00	42.00	31.85	31.50	5415.00
chr14	69445668	69445876	208	208	31.00	156.00	102.35	118.00	21288.00
chr12	57603474	57603651	177	177	128.00	232.00	184.67	184.00	32686.00
chr22	32897492	32898946	1454	1454	4.00	80.00	29.40	27.00	42744.00
chr16	16367702	16367764	62	62	17.00	240.00	130.79	147.50	8109.00
chr19	5245786	5246056	270	270	64.00	201.00	120.94	110.50	32653.00
chr16	74345440	74345829	389	389	5.00	21.00	13.43	14.00	5225.00
chr6	107096899	107097076	177	177	19.00	55.00	36.08	39.00	6386.00
chr1	29641883	29642019	136	136	34.00	47.00	39.18	39.00	5328.00
chr8	97342440	97342509	69	69	122.00	175.00	142.14	140.00	9808.00
chr8	68116914	68117054	140	140	54.00	99.00	75.74	80.00	10604.00
chr22	22037470	22037546	76	76	27.00	51.00	41.38	44.00	3145.00
chr22	50682147	50683420	1273	1273	6.00	133.00	71.07	68.00	90473.00
chr20	44048971	44049069	98	98	202.00	252.00	232.49	234.00	22784.00
chr1	36904356	36904511	155	155	31.00	51.00	41.01	42.00	6356.00
chr12	71054719	71054877	158	158	68.00	159.00	103.14	100.00	16296.00
chr15	50654364	50655515	1151	1151	33.00	73.00	52.75	53.00	60715.00
chr2	234198499	234198620	121	121	42.00	66.00	52.84	52.00	6394.00
chr9	128001699	128001812	113	113	398.00	475.00	431.06	424.00	48710.00
chr8	38272296	38272419	123	123	41.00	62.00	55.79	58.00	6862.00
chr11	73068069	73068179	110	110	69.00	97.00	83.85	83.50	9224.00
chr16	28123137	28123327	190	190	110.00	210.00	155.68	154.00	29579.00
chr12	49424062	49424222	160	160	10.00	50.00	27.81	24.00	4450.00
chr19	50302885	50303023	138	138	208.00	380.00	293.74	281.00	40536.00
chr19	42480567	42480718	151	151	1769.00	2602.00	2209.87	2240.00	333691.00
chr3	197904395	197905301	906	906	1.00	32.00	11.98	10.00	10850.00
chr13	100189992	100190117	125	125	150.00	217.00	185.59	185.00	23199.00
chr19	14268062	14268272	210	210	144.00	321.00	229.25	230.50	48143.00
chr10	93786886	93787057	171	171	92.00	124.00	104.23	104.00	17823.00
chr1	109808726	109808828	102	102	139.00	196.00	161.82	161.00	16506.00
chr4	134075461	134075520	59	59	208.00	292.00	246.44	243.00	14540.00
chr1	22052268	22053864	1596	1596	7.00	34.00	17.53	17.00	27975.00
chr9	140056855	140056968	113	113	897.00	1153.00	1020.61	1038.00	115329.00
chr19	42482087	42482224	137	137	1587.00	2446.00	1968.01	1995.00	269618.00
chr19	4556962	4557025	63	63	315.00	386.00	360.06	363.00	22684.00
chr19	14266921	14267013	92	92	177.00	228.00	203.10	204.00	18685.00
chr22	42273851	42274127	276	276	3.00	602.00	284.77	299.00	78597.00
chr1	205549788	205550049	261	261	138.00	246.00	179.38	173.00	46818.00
chr1	110765585	110766522	937	937	30.00	104.00	63.67	59.00	59655.00
chr19	55553595	55554158	563	563	7.00	28.00	16.81	16.00	9464.00
chr7	150929881	150931360	1479	1479	15.00	98.00	37.55	35.00	55535.00
chr3	124215157	124215260	103	103	329.00	545.00	448.87	483.00	46234.00
chr16	58220658	58220760	102	102	58.00	77.00	64.69	63.00	6598.00
chr3	10381925	10382033	108	108	377.00	556.00	490.44	495.50	52967.00
chr10	11356101	11356221	120	120	51.00	64.00	57.34	57.00	6881.00
chr22	42294652	42294785	133	133	343.00	427.00	391.84	402.00	52115.00
chr1	2005531	2005714	183	183	14.00	52.00	29.44	28.00	5387.00
chr12	113722522	113722576	54	54	29.00	39.00	33.19	33.00	1792.00
chr9	131502198	131502398	200	200	9.00	326.00	270.35	284.00	54070.00
chr19	40873602	40873786	184	184	935.00	1318.00	1149.76	1168.00	211555.00
chr2	220162606	220162825	219	219	208.00	444.00	317.99	310.00	69639.00
chr16	28270027	28270355	328	328	3.00	67.00	36.95	38.00	12119.00
chr4	3225718	3225858	140	140	85.00	116.00	100.97	101.00	14136.00
chr17	44127898	44128070	172	172	42.00	58.00	49.28	49.00	8477.00
chr3	47462043	47462262	219	219	67.00	186.00	115.60	104.00	25316.00
chr6	99873090	99873182	92	92	7.00	345.00	117.50	96.00	10810.00
chr7	142561723	142562504	781	781	143.00	399.00	255.84	262.00	199810.00
chr1	159169540	159169666	126	126	800.00	1182.00	1019.54	1046.00	128462.00
chr19	7606869	7606953	84	84	62.00	83.00	69.95	68.50	5876.00
chr16	2811561	2818298	6737	6737	3.00	501.00	259.16	250.00	1745994.00
chr3	47450652	47450807	155	155	33.00	61.00	48.83	52.00	7569.00
chr11	118403631	118403922	291	291	91.00	131.00	104.92	104.00	30531.00
chr1	205555161	205555335	174	174	133.00	202.00	164.14	162.00	28561.00
chr12	125603186	125603311	125	125	64.00	90.00	75.01	74.00	9376.00
chr11	86658288	86659498	1210	1210	4.00	27.00	12.77	12.00	15446.00
chr22	37764946	37768745	3799	3799	5.00	381.00	123.71	105.00	469987.00
chr10	46345664	46346215	551	551	3.00	22.00	13.76	15.00	7581.00
chr22	33673045	33673241	196	196	147.00	379.00	224.19	207.50	43941.00
chr9	140042599	140042666	67	67	6.00	165.00	124.76	126.00	8359.00
chr3	48717233	48717320	87	87	77.00	93.00	83.41	82.00	7257.00
chr11	60681600	60681740	140	140	8.00	160.00	77.08	66.00	10791.00
chr10	93784512	93784724	212	212	53.00	82.00	68.50	69.00	14521.00
chr12	7289424	7290372	948	948	2.00	586.00	141.41	7.00	134052.00
chr3	132387062	132387526	464	464	6.00	16.00	10.95	11.00	5080.00
chr16	2335442	2335647	205	205	126.00	192.00	167.27	169.00	34290.00
chr16	1794782	1797276	2494	2494	5.00	373.00	58.99	35.00	147127.00
chr16	3786036	3786204	168	168	72.00	90.00	80.92	81.00	13594.00
chr9	141131209	141131766	557	557	0.00	10.00	3.94	4.00	2197.00
chr14	92965028	92966015	987	987	6.00	29.00	15.83	15.00	15625.00
chr19	54692070	54692200	130	130	87.00	279.00	169.12	138.00	21985.00
chr15	43866006	43866230	224	224	48.00	85.00	67.80	66.00	15188.00
chr3	40231316	40231954	638	638	26.00	74.00	44.06	44.00	28108.00
chr3	50148937	50149455	518	518	6.00	30.00	17.38	17.00	9003.00
chr4	81117505	81117755	250	250	26.00	67.00	46.97	48.00	11743.00
chr10	46740404	46740638	234	234	0.00	25.00	14.75	15.00	3452.00
chr3	124210169	124210271	102	102	344.00	427.00	390.39	393.00	39820.00
chr11	107488830	107488932	102	102	226.00	263.00	245.85	244.00	25077.00
chr9	130591965	130592106	141	141	49.00	73.00	62.04	62.00	8748.00
chr1	20981932	20982027	95	95	229.00	308.00	271.99	273.00	25839.00
chr12	75875613	75875859	246	246	33.00	55.00	43.33	43.00	10658.00
chr22	32046684	32046764	80	80	69.00	96.00	84.31	86.00	6745.00
chr11	70331418	70331658	240	240	25.00	91.00	49.43	44.00	11863.00
chr14	51079976	51080069	93	93	270.00	334.00	301.86	303.00	28073.00
chr17	80041077	80041301	224	224	162.00	554.00	340.26	312.50	76218.00
chr7	158540884	158540971	87	87	98.00	137.00	117.47	116.00	10220.00
chr1	21553651	21553719	68	68	73.00	82.00	76.32	76.00	5190.00
chr2	219206256	219206349	93	93	43.00	70.00	56.41	56.00	5246.00
chr17	18444211	18445242	1031	1031	6.00	21.00	13.45	14.00	13869.00
chr12	57599340	57599460	120	120	119.00	152.00	134.43	132.00	16132.00
chr11	64417919	64418110	191	191	210.00	387.00	319.03	334.00	60935.00
chr19	3274926	3275650	724	724	3.00	31.00	15.94	16.00	11540.00
chr16	18532086	18532305	219	219	336.00	619.00	479.36	493.00	104979.00
chr17	3776702	3776756	54	54	354.00	441.00	403.83	404.00	21807.00
chr1	116932670	116933033	363	363	3.00	1673.00	778.63	1220.00	282644.00
chr16	1505731	1505796	65	65	161.00	205.00	188.17	190.00	12231.00
chr1	9794029	9794200	171	171	1676.00	1985.00	1833.76	1842.00	313573.00
chr10	73579221	73579379	158	158	1961.00	3214.00	2482.45	2543.00	392227.00
chr11	6411684	6412146	462	462	26.00	132.00	78.92	74.00	36462.00
chr1	159163212	159163350	138	138	720.00	955.00	802.73	800.00	110777.00
chr16	1816723	1816804	81	81	327.00	424.00	381.37	383.00	30891.00
chr7	91722399	91722630	231	231	4.00	82.00	66.72	70.00	15413.00
chr7	44281816	44281939	123	123	651.00	819.00	725.35	721.00	89218.00
chr2	220467189	220467297	108	108	12.00	20.00	17.14	17.00	1851.00
chr16	4494664	4494729	65	65	132.00	171.00	152.72	154.00	9927.00
chr15	34681844	34681986	142	142	10.00	223.00	138.52	142.50	19670.00
chr9	139995935	139996124	189	189	57.00	134.00	94.71	97.00	17900.00
chr3	180324040	180324160	120	120	78.00	106.00	90.24	90.00	10829.00
chr3	42678359	42681242	2883	2883	34.00	133.00	69.72	66.00	200996.00
chr7	131812776	131815333	2557	2557	8.00	55.00	26.94	27.00	68891.00
chr20	1585387	1585522	135	135	19.00	332.00	185.32	194.00	25018.00
chr3	126751229	126751442	213	213	117.00	153.00	133.69	135.00	28475.00
chr15	63920875	63921014	139	139	91.00	194.00	136.75	144.00	19008.00
chr16	2040128	2040202	74	74	19.00	89.00	53.80	49.00	3981.00
chr9	74324174	74324390	216	216	19.00	39.00	30.19	31.00	6521.00
chr20	44521858	44521950	92	92	134.00	184.00	162.05	161.00	14909.00
chr9	139911647	139911798	151	151	490.00	688.00	568.85	561.00	85897.00
chr9	140055507	140055649	142	142	1012.00	1954.00	1500.21	1324.00	213030.00
chr12	120148055	120148191	136	136	85.00	135.00	116.82	124.00	15888.00
chr12	50474280	50474372	92	92	80.00	124.00	98.74	95.00	9084.00
chr15	63125702	63125828	126	126	131.00	216.00	166.90	171.00	21029.00
chr9	20907148	20907241	93	93	46.00	65.00	54.11	54.00	5032.00
chr16	87874655	87874761	106	106	105.00	173.00	139.34	135.00	14770.00
chr2	162833269	162833460	191	191	0.00	516.00	250.57	351.00	47859.00
chr8	11704560	11704677	117	117	612.00	817.00	703.64	700.00	82326.00
chr15	63926931	63927087	156	156	122.00	181.00	156.48	161.00	24411.00
chr6	31668718	31668805	87	87	118.00	148.00	128.14	127.00	11148.00
chr7	148910792	148910906	114	114	14.00	48.00	35.46	39.00	4043.00
chr14	42355808	42357213	1405	1405	24.00	122.00	48.18	45.00	67696.00
chr10	88678928	88679226	298	298	12.00	28.00	17.31	16.00	5157.00
chr3	140998219	140998346	127	127	17.00	41.00	30.63	33.00	3890.00
chr1	144859758	144859998	240	240	44.00	101.00	73.67	81.50	17680.00
chr9	96054772	96055455	683	683	27.00	145.00	74.11	76.00	50616.00
chr19	7604803	7604944	141	141	69.00	130.00	95.37	96.00	13447.00
chr12	30906277	30907432	1155	1155	12.00	64.00	29.17	25.00	33695.00
chr9	131112762	131112854	92	92	88.00	173.00	135.01	134.00	12421.00
chr20	61981328	61982379	1051	1051	30.00	92.00	55.88	55.00	58734.00
chr7	38431348	38431618	270	270	162.00	290.00	225.80	222.50	60965.00
chr20	44521036	44521123	87	87	100.00	152.00	120.20	120.00	10457.00
chr11	64418726	64419108	382	382	165.00	329.00	248.16	246.50	94797.00
chr12	120148344	120150270	1926	1926	2.00	153.00	23.28	10.00	44828.00
chr12	6930971	6931066	95	95	6.00	413.00	208.52	189.00	19809.00
chr16	2339434	2339621	187	187	81.00	164.00	109.39	100.00	20455.00
chr2	27700083	27700187	104	104	32.00	53.00	43.54	44.00	4528.00
chr14	69805367	69805494	127	127	49.00	77.00	58.56	58.00	7437.00
chr12	9242497	9242619	122	122	185.00	282.00	229.78	229.00	28033.00
chr3	58256658	58256791	133	133	90.00	150.00	112.77	99.00	14999.00
chr10	79744927	79745098	171	171	34.00	76.00	52.96	56.00	9057.00
chr1	159161725	159161866	141	141	390.00	666.00	545.98	582.00	76983.00
chr16	31085202	31085519	317	317	7.00	30.00	20.36	21.00	6455.00
chr1	171755018	171755218	200	200	34.00	54.00	43.81	42.00	8762.00
chr9	130988124	130989280	1156	1156	1.00	1184.00	156.26	29.00	180637.00
chr15	63127935	63127998	63	63	129.00	160.00	142.29	141.00	8964.00
chr19	1917676	1917821	145	145	9.00	214.00	147.88	158.00	21443.00
chr22	25315792	25315960	168	168	41.00	58.00	50.55	51.00	8492.00
chr2	207943790	207945085	1295	1295	17.00	54.00	32.90	32.00	42603.00
chr11	47330706	47330952	246	246	9.00	477.00	212.83	16.00	52356.00
chr3	142743978	142746095	2117	2117	3.00	95.00	22.47	19.00	47565.00
chr7	44839492	44839694	202	202	7.00	25.00	15.85	16.00	3201.00
chr22	31688260	31688471	211	211	8.00	200.00	122.46	145.00	25840.00
chr11	66333492	66333638	146	146	374.00	480.00	431.53	436.00	63004.00
chr9	131114916	131115026	110	110	165.00	210.00	182.04	181.50	20024.00
chr1	20206	21013	807	807	8.00	83.00	50.47	56.00	40732.00
chr11	108216469	108216635	166	166	56.00	98.00	83.16	84.00	13805.00
chr1	209778880	209779019	139	139	99.00	151.00	125.40	130.00	17431.00
chr1	202935876	202936026	150	150	88.00	163.00	120.51	113.00	18076.00
chr12	57600255	57600524	269	269	138.00	202.00	166.91	166.00	44900.00
chr19	15233503	15233615	112	112	57.00	79.00	69.21	71.00	7752.00
chr8	68115317	68115486	169	169	69.00	108.00	93.04	95.00	15724.00
chr19	13419229	13419342	113	113	34.00	63.00	51.13	51.00	5778.00
chr6	33266815	33267130	315	315	5.00	59.00	30.84	28.00	9714.00
chr16	89780611	89781646	1035	1035	5.00	41.00	21.52	22.00	22274.00
chr12	109964162	109964221	59	59	64.00	84.00	74.58	74.00	4400.00
chr22	24491893	24492045	152	152	27.00	52.00	37.34	36.50	5675.00
chr2	242592926	242593025	99	99	126.00	238.00	174.17	170.00	17243.00
chr1	21937944	21938074	130	130	424.00	930.00	658.52	723.00	85608.00
chr2	223789173	223789313	140	140	188.00	242.00	213.10	213.00	29834.00
chr20	3772318	3772535	217	217	4.00	21.00	11.70	9.00	2539.00
chr16	18531918	18532001	83	83	425.00	655.00	531.08	532.00	44080.00
chr1	43396296	43396537	241	241	142.00	178.00	159.50	158.00	38439.00
chr2	100037960	100038115	155	155	42.00	68.00	53.77	55.00	8335.00
chr16	1500497	1500770	273	273	10.00	169.00	97.62	133.00	26650.00
chr19	40876016	40876144	128	128	954.00	1232.00	1097.59	1114.50	140492.00
chr5	168112691	168112932	241	241	13.00	32.00	21.55	21.00	5193.00
chr2	127825738	127825831	93	93	268.00	334.00	298.62	296.00	27772.00
chr1	19232015	19234990	2975	2975	4.00	103.00	29.27	26.00	87072.00
chr16	1391129	1391196	67	67	90.00	105.00	97.12	97.00	6507.00
chr6	33410665	33411689	1024	1024	8.00	343.00	142.70	129.50	146127.00
chr9	95872033	95872266	233	233	3.00	7.00	4.84	5.00	1127.00
chr1	53378627	53378839	212	212	3.00	13.00	8.44	9.00	1790.00
chr2	80531276	80531693	417	417	17.00	52.00	39.56	40.00	16498.00
chr7	44286718	44286791	73	73	498.00	599.00	544.23	542.00	39729.00
chr7	157369304	157369471	167	167	285.00	436.00	359.78	368.00	60083.00
chr11	18755079	18755191	112	112	5.00	227.00	149.95	196.50	16794.00
chr6	86237979	86238080	101	101	119.00	164.00	148.25	151.00	14973.00
chr8	145000951	145001050	99	99	23.00	49.00	34.57	30.00	3422.00
chr19	45167680	45167966	286	286	3.00	23.00	12.99	14.00	3716.00
chr10	48930165	48930400	235	235	0.00	21.00	12.89	14.00	3028.00
chr16	87871450	87871547	97	97	94.00	174.00	143.14	159.00	13885.00
chr1	109815454	109815649	195	195	202.00	346.00	258.85	255.00	50476.00
chr1	208215442	208215711	269	269	38.00	77.00	54.93	51.00	14776.00
chr2	260866	261451	585	585	3.00	22.00	12.49	12.00	7306.00
chr5	180481266	180481724	458	458	8.00	28.00	15.42	14.00	7063.00
chr7	73119479	73119631	152	152	5.00	1462.00	638.04	11.00	96982.00
chr15	34677248	34677358	110	110	173.00	288.00	222.45	229.00	24470.00
chr16	57687114	57687247	133	133	44.00	65.00	55.65	57.00	7402.00
chr15	50649406	50649592	186	186	25.00	62.00	50.98	56.00	9482.00
chr22	21071995	21072066	71	71	998.00	1137.00	1061.58	1062.00	75372.00
chr5	179200882	179201561	679	679	4.00	34.00	23.01	24.00	15627.00
chr10	98763824	98763979	155	155	117.00	168.00	140.86	143.00	21833.00
chr14	102963315	102963457	142	142	77.00	133.00	98.84	96.00	14035.00
chr1	21932558	21933138	580	580	8.00	749.00	166.81	35.00	96749.00
chr16	28118842	28118998	156	156	145.00	228.00	185.26	185.00	28900.00
chr1	241767561	241767881	320	320	22.00	61.00	37.93	37.50	12137.00
chr11	66812063	66812184	121	121	92.00	146.00	108.93	99.00	13181.00
chr11	12248571	12248678	107	107	233.00	343.00	291.82	291.00	31225.00
chr9	130588788	130588951	163	163	26.00	62.00	42.44	41.00	6918.00
chr22	21068915	21068988	73	73	918.00	1148.00	1055.38	1060.00	77043.00
chr1	43424304	43424531	227	227	14.00	207.00	141.04	168.00	32015.00
chr14	105852021	105853670	1649	1649	22.00	128.00	45.61	44.00	75213.00
chr15	34823469	34823579	110	110	159.00	269.00	210.83	221.50	23191.00
chr11	171365	172282	917	917	1.00	32.00	12.31	10.00	11287.00
chr22	24493976	24494155	179	179	45.00	67.00	56.70	57.00	10150.00
chr15	79291060	79291167	107	107	300.00	373.00	334.45	336.00	35786.00
chr16	2145904	2146194	290	290	6.00	23.00	14.31	15.00	4151.00
chr9	131503050	131503166	116	116	213.00	313.00	257.39	239.00	29857.00
chr11	61301983	61302579	596	596	6.00	16.00	10.86	11.00	6474.00
chr22	25308609	25308719	110	110	33.00	46.00	41.40	41.00	4554.00
chr12	63977826	63979986	2160	2160	0.00	45.00	12.41	11.00	26802.00
chr19	46928844	46930933	2089	2089	13.00	196.00	104.91	113.00	219154.00
chr16	56969146	56969224	78	78	110.00	145.00	127.32	132.50	9931.00
chr17	40665787	40665996	209	209	9.00	1098.00	454.26	669.00	94941.00
chr9	131669435	131671600	2165	2165	39.00	146.00	85.13	79.00	184313.00
chr2	220164026	220164271	245	245	11.00	624.00	205.62	24.00	50378.00
chr19	7589846	7590052	206	206	44.00	108.00	71.32	68.00	14692.00
chr6	91260186	91260268	82	82	57.00	84.00	69.40	68.50	5691.00
chr9	124543742	124543830	88	88	134.00	179.00	159.26	161.50	14015.00
chr12	54071005	54071170	165	165	4.00	14.00	9.41	10.00	1552.00
chr2	40443	41212	769	769	6.00	38.00	16.63	15.00	12787.00
chr11	67852159	67852747	588	588	5.00	35.00	19.70	19.00	11582.00
chr8	8233762	8234810	1048	1048	5.00	47.00	25.40	25.00	26618.00
chr2	175671113	175672148	1035	1035	3.00	16.00	9.27	9.00	9590.00
chr7	138984922	138985438	516	516	3.00	16.00	7.53	7.00	3883.00
chr22	40816850	40817104	254	254	31.00	109.00	79.47	80.00	20186.00
chr19	14263120	14263249	129	129	185.00	296.00	228.67	223.00	29499.00
chr19	16962222	16962345	123	123	80.00	189.00	141.72	143.00	17431.00
chr1	109813838	109813918	80	80	217.00	269.00	237.21	237.00	18977.00
chr3	49898148	49898562	414	414	0.00	641.00	301.30	475.00	124739.00
chr17	17131202	17131510	308	308	3.00	90.00	60.09	62.00	18507.00
chr1	21936067	21936139	72	72	284.00	409.00	336.74	328.00	24245.00
chr3	130424404	130424615	211	211	26.00	51.00	41.72	42.00	8802.00
chr12	56532710	56532797	87	87	42.00	70.00	53.05	50.00	4615.00
chr16	29888591	29888788	197	197	379.00	531.00	448.46	441.00	88347.00
chr2	114394588	114396196	1608	1608	0.00	30.00	15.28	16.00	24570.00
chr3	124180736	124180803	67	67	271.00	338.00	311.72	318.00	20885.00
chr9	111798485	111798660	175	175	54.00	77.00	65.39	64.00	11444.00
chr10	73847897	73848372	475	475	28.00	659.00	213.17	164.00	101255.00
chr22	21075585	21075706	121	121	481.00	969.00	783.28	841.00	94777.00
chr22	20920753	20921104	351	351	32.00	89.00	61.23	64.00	21491.00
chr9	140953020	140953185	165	165	29.00	98.00	60.84	60.00	10038.00
chr22	41620970	41621075	105	105	59.00	81.00	71.00	72.00	7455.00
chr11	6243671	6243839	168	168	48.00	83.00	63.11	62.00	10602.00
chr15	74704225	74704353	128	128	84.00	170.00	128.57	140.00	16457.00
chr3	48719780	48719985	205	205	55.00	100.00	78.21	74.00	16034.00
chr1	222833247	222833348	101	101	52.00	104.00	77.85	74.00	7863.00
chr1	6583675	6584824	1149	1149	13.00	61.00	31.95	29.00	36713.00
chr11	126135857	126135976	119	119	163.00	199.00	181.62	181.00	21613.00
chr8	75156763	75157410	647	647	19.00	56.00	33.27	31.00	21525.00
chr15	83345212	83345389	177	177	126.00	160.00	143.24	144.00	25354.00
chr14	68031638	68032561	923	923	14.00	69.00	37.22	34.00	34354.00
chr19	42479780	42479949	169	169	1462.00	2241.00	1849.45	1824.00	312557.00
chr16	31503329	31503407	78	78	186.00	245.00	213.85	217.00	16680.00
chr17	1564564	1564700	136	136	115.00	199.00	146.74	133.00	19956.00
chr16	58717858	58718082	224	224	22.00	56.00	40.28	39.50	9022.00
chr14	71575320	71575763	443	443	35.00	75.00	54.81	56.00	24282.00
chr1	202934498	202934628	130	130	69.00	148.00	96.11	85.00	12494.00
chr7	73118477	73118586	109	109	837.00	1088.00	958.78	966.00	104507.00
chr19	13365908	13366073	165	165	46.00	80.00	63.38	63.00	10457.00
chr10	102265117	102265958	841	841	18.00	54.00	33.61	33.00	28262.00
chr9	139983320	139983457	137	137	111.00	144.00	125.25	123.00	17159.00
chr18	29206245	29206347	102	102	63.00	96.00	77.93	72.50	7949.00
chr12	120578662	120578827	165	165	52.00	99.00	73.75	76.00	12168.00
chr5	757516	758226	710	710	5.00	14.00	9.09	9.00	6452.00
chr8	21632483	21632567	84	84	45.00	58.00	51.67	50.50	4340.00
chr4	54011499	54011749	250	250	26.00	42.00	31.88	31.00	7971.00
chr8	141680613	141681365	752	752	11.00	53.00	38.39	38.00	28872.00
chr11	57367351	57367850	499	499	13.00	61.00	30.33	25.00	15137.00
chr12	63980009	63980784	775	775	3.00	12.00	6.47	6.00	5016.00
chr9	140057042	140057203	161	161	3.00	1245.00	1015.90	1095.00	163560.00
chr2	7055953	7056098	145	145	37.00	57.00	47.86	46.00	6939.00
chr12	52387768	52389043	1275	1275	9.00	445.00	128.82	106.00	164245.00
chr19	50104931	50105175	244	244	21.00	80.00	35.17	26.00	8581.00
chr19	5218430	5218543	113	113	204.00	280.00	249.89	253.00	28238.00
chr16	29898969	29899138	169	169	250.00	374.00	309.25	302.00	52263.00
chr7	99030900	99031041	141	141	12.00	31.00	23.22	25.00	3274.00
chr17	36692926	36693212	286	286	6.00	30.00	18.86	19.00	5394.00
chr15	73857770	73859335	1565	1565	13.00	64.00	33.99	32.00	53192.00
chr6	44104085	44104176	91	91	134.00	225.00	179.27	183.00	16314.00
chr1	21938518	21938602	84	84	478.00	638.00	571.20	592.00	47981.00
chr19	13423482	13423595	113	113	24.00	40.00	31.14	31.00	3519.00
chr16	70292882	70293089	207	207	438.00	695.00	579.21	595.00	119896.00
chr18	61060641	61060782	141	141	73.00	102.00	86.84	87.00	12244.00
chr16	22269814	22270016	202	202	9.00	18.00	13.71	14.00	2769.00
chr1	21554423	21554534	111	111	34.00	75.00	51.25	47.00	5689.00
chr9	140057255	140057455	200	200	7.00	1454.00	986.88	1222.00	197377.00
chr7	1488255	1488397	142	142	15.00	28.00	23.04	24.00	3272.00
chr14	100166351	100166438	87	87	342.00	461.00	412.08	420.00	35851.00
chr9	101065522	101065705	183	183	292.00	462.00	373.88	366.00	68420.00
chr5	68411752	68412041	289	289	28.00	62.00	45.91	47.00	13269.00
chr1	2452539	2452754	215	215	58.00	125.00	80.42	77.00	17291.00
chr1	21564626	21564737	111	111	35.00	54.00	46.38	46.00	5148.00
chr13	42037713	42039066	1353	1353	13.00	83.00	41.35	40.00	55941.00
chr2	114350236	114350443	207	207	5.00	45.00	26.17	26.00	5417.00
chr1	21939668	21939722	54	54	560.00	645.00	594.13	585.00	32083.00
chr9	139353895	139354007	112	112	38.00	56.00	47.06	48.00	5271.00
chr7	102176367	102176618	251	251	7.00	17.00	12.13	12.00	3045.00
chr3	51411753	51412018	265	265	5.00	230.00	77.24	10.00	20469.00
chr17	73888091	73888266	175	175	14.00	29.00	20.53	21.00	3592.00
chr13	103297258	103297435	177	177	7.00	60.00	34.82	48.00	6163.00
chr15	63922664	63922834	170	170	137.00	198.00	164.21	162.00	27916.00
chr3	33400774	33400849	75	75	122.00	188.00	155.32	148.00	11649.00
chr22	50671744	50671955	211	211	64.00	83.00	73.74	73.00	15560.00
chr1	21190968	21191205	237	237	148.00	227.00	181.94	177.00	43120.00
chr5	14481649	14481727	78	78	83.00	104.00	90.87	88.50	7088.00
chr15	101605556	101606410	854	854	5.00	23.00	14.39	15.00	12291.00
chr17	80040402	80040554	152	152	248.00	354.00	295.14	277.50	44861.00
chr2	132269293	132270897	1604	1604	7.00	61.00	37.80	39.00	60634.00
chr11	1778553	1778786	233	233	604.00	1039.00	822.80	845.00	191712.00
chr11	1469616	1469808	192	192	6.00	23.00	14.61	16.00	2805.00
chr12	120138549	120138630	81	81	112.00	150.00	132.93	131.00	10767.00
chr7	901016	901101	85	85	149.00	206.00	180.08	184.00	15307.00
chr19	13372263	13372424	161	161	51.00	105.00	84.65	85.00	13629.00
chr17	40843154	40843311	157	157	195.00	259.00	224.48	224.00	35244.00
chr17	80039476	80039719	243	243	212.00	345.00	272.26	264.00	66160.00
chr17	16681109	16687365	6256	6256	0.00	75.00	22.86	19.00	143043.00
chr1	116935475	116935610	135	135	1209.00	1690.00	1503.47	1535.00	202969.00
chr6	128294808	128294972	164	164	75.00	151.00	121.10	129.50	19861.00
chr5	109189927	109190617	690	690	8.00	33.00	14.62	13.00	10090.00
chr15	40757533	40757634	101	101	17.00	72.00	56.60	59.00	5717.00
chr2	220164706	220164981	275	275	366.00	887.00	620.71	615.00	170696.00
chr3	164905164	164908639	3475	3475	5.00	87.00	32.22	27.00	111968.00
chr11	60699157	60699356	199	199	52.00	331.00	203.69	179.00	40535.00
chr2	96680301	96680717	416	416	12.00	24.00	17.82	18.00	7415.00
chr17	40845314	40845554	240	240	214.00	402.00	270.79	243.00	64990.00
chr12	125264513	125265391	878	878	13.00	64.00	33.55	34.00	29456.00
chr1	156623704	156624158	454	454	8.00	25.00	17.68	17.00	8027.00
chr6	108370456	108370622	166	166	50.00	74.00	65.20	67.00	10824.00
chr11	19180486	19180587	101	101	18.00	30.00	23.40	22.00	2363.00
chr19	42489069	42489338	269	269	409.00	939.00	722.19	771.00	194268.00
chr2	198274493	198274731	238	238	132.00	186.00	159.73	160.50	38015.00
chr6	47220991	47221257	266	266	105.00	184.00	145.99	145.00	38834.00
chr19	40872679	40872822	143	143	1263.00	1965.00	1656.28	1738.00	236848.00
chr19	54693278	54693627	349	349	5.00	81.00	39.38	35.00	13743.00
chr12	81929	82174	245	245	8.00	39.00	24.33	24.00	5962.00
chr21	45513943	45514114	171	171	71.00	131.00	101.92	100.00	17428.00
chr3	124201630	124201747	117	117	2.00	422.00	284.71	340.00	33311.00
chr17	79805118	79805223	105	105	234.00	333.00	292.95	308.00	30760.00
chr20	46307419	46307548	129	129	43.00	79.00	62.22	65.00	8026.00
chr17	38187790	38187873	83	83	78.00	126.00	98.81	90.00	8201.00
chr2	207452814	207452878	64	64	226.00	272.00	254.58	253.50	16293.00
chr17	45695715	45695823	108	108	282.00	336.00	317.37	319.00	34276.00
chr7	44283023	44283126	103	103	485.00	579.00	521.94	518.00	53760.00
chr20	62274975	62275284	309	309	1.00	1609.00	770.44	1072.00	238067.00
chr11	108202605	108202764	159	159	49.00	76.00	63.01	61.00	10019.00
chr9	140051314	140051489	175	175	497.00	812.00	614.57	600.00	107549.00
chr22	45574118	45574781	663	663	26.00	68.00	45.32	45.00	30044.00
chr15	79312382	79312446	64	64	149.00	180.00	162.94	164.00	10428.00
chr1	21940120	21940199	79	79	482.00	591.00	539.03	551.00	42583.00
chr17	3775847	3775921	74	74	283.00	412.00	351.72	362.00	26027.00
chr7	73133931	73134019	88	88	2.00	1486.00	441.43	311.00	38846.00
chr11	72292920	72292991	71	71	417.00	483.00	449.54	452.00	31917.00
chr7	43547616	43547730	114	114	55.00	88.00	76.23	80.50	8690.00
chr16	58713760	58714145	385	385	23.00	49.00	34.68	35.00	13350.00
chr22	21083600	21083794	194	194	521.00	769.00	639.35	644.50	124033.00
chr11	66457275	66457414	139	139	266.00	341.00	301.17	298.00	41863.00
chr15	91561034	91561115	81	81	33.00	43.00	38.06	38.00	3083.00
chr11	2968525	2969001	476	476	4.00	17.00	10.88	11.00	5181.00
chr19	34869838	34869910	72	72	953.00	1234.00	1042.75	1018.00	75078.00
chr9	121970996	121971219	223	223	154.00	238.00	197.08	198.00	43948.00
chr3	47449772	47449980	208	208	11.00	73.00	46.36	48.00	9642.00
chr12	57601820	57601999	179	179	156.00	369.00	248.27	234.00	44441.00
chr16	2345590	2345741	151	151	124.00	205.00	173.77	180.00	26239.00
chr12	50471782	50471910	128	128	82.00	122.00	103.06	104.00	13192.00
chr1	109814221	109814344	123	123	210.00	384.00	321.72	343.00	39571.00
chr19	16942304	16942458	154	154	47.00	85.00	68.53	72.00	10553.00
chr11	66333301	66333398	97	97	394.00	546.00	451.75	421.00	43820.00
chr5	74026084	74026223	139	139	65.00	110.00	82.28	78.00	11437.00
chr5	68417520	68417722	202	202	38.00	59.00	50.99	52.50	10299.00
chr19	15272262	15272525	263	263	8.00	46.00	25.44	25.00	6691.00
chr3	45872404	45872482	78	78	108.00	152.00	133.41	132.00	10406.00
chr7	73123374	73123452	78	78	1497.00	2014.00	1802.91	1855.00	140627.00
chr5	14498197	14498360	163	163	115.00	166.00	137.88	137.00	22474.00
chr14	93180167	93180230	63	63	139.00	169.00	155.03	156.00	9767.00
chr9	130984739	130984875	136	136	1423.00	2163.00	1766.93	1594.50	240302.00
chr13	31216764	31216894	130	130	25.00	39.00	31.64	32.00	4113.00
chr12	112614399	112614506	107	107	71.00	188.00	172.46	175.00	18453.00
chr12	57602865	57602982	117	117	238.00	341.00	279.32	263.00	32681.00
chr14	72976861	72976987	126	126	70.00	125.00	93.18	86.50	11741.00
chr1	155209406	155209553	147	147	72.00	135.00	91.21	83.00	13408.00
chr10	49633930	49634113	183	183	108.00	146.00	126.27	124.00	23108.00
chr16	84100093	84100218	125	125	113.00	158.00	133.70	133.00	16713.00
chr1	155207924	155208097	173	173	125.00	159.00	146.95	146.00	25423.00
chr12	2786898	2787033	135	135	14.00	33.00	24.84	26.00	3354.00
chr2	233755457	233756197	740	740	4.00	754.00	137.43	31.00	101697.00
chr14	60631894	60632099	205	205	32.00	152.00	107.94	124.00	22128.00
chr1	11151549	11151654	105	105	80.00	143.00	110.86	110.00	11640.00
chr4	134076071	134076178	107	107	213.00	293.00	265.63	271.00	28422.00
chr15	91420364	91420441	77	77	122.00	147.00	137.69	138.00	10602.00
chr5	114961533	114961755	222	222	12.00	62.00	40.82	43.00	9062.00
chr16	1814047	1814211	164	164	14.00	388.00	173.67	244.00	28482.00
chr18	44250463	44252581	2118	2118	14.00	147.00	76.62	74.50	162284.00
chr6	158049380	158049518	138	138	47.00	123.00	95.69	98.50	13205.00
chr19	7675585	7675679	94	94	43.00	63.00	52.93	54.00	4975.00
chr13	99461604	99461719	115	115	5.00	251.00	173.45	166.00	19947.00
chr11	130010829	130011467	638	638	3.00	1117.00	123.97	7.00	79093.00
chr11	107526658	107526792	134	134	291.00	387.00	348.91	353.50	46754.00
chr16	1391294	1391490	196	196	61.00	89.00	77.71	78.00	15231.00
chr1	38182716	38184158	1442	1442	5.00	71.00	34.47	33.00	49706.00
chr5	179231023	179231323	300	300	4.00	13.00	9.95	10.00	2984.00
chr14	69814593	69814719	126	126	58.00	82.00	70.03	69.00	8824.00
chr14	69349174	69349309	135	135	155.00	220.00	187.64	185.00	25331.00
chr19	7614792	7614998	206	206	113.00	161.00	137.81	138.00	28388.00
chr1	228270375	228270466	91	91	2.00	1212.00	348.77	139.00	31738.00
chr1	38186022	38186315	293	293	1.00	30.00	16.76	21.00	4912.00
chr13	77641715	77641999	284	284	175.00	247.00	217.83	217.00	61863.00
chr14	100157417	100157498	81	81	114.00	232.00	164.19	154.00	13299.00
chr13	32978280	32979333	1053	1053	9.00	75.00	24.03	19.00	25308.00
chr12	7301567	7301794	227	227	444.00	636.00	552.01	552.00	125306.00
chr9	123583116	123583257	141	141	24.00	49.00	33.66	33.00	4746.00
chr17	26883183	26883284	101	101	48.00	73.00	56.91	55.00	5748.00
chr12	6972993	6973137	144	144	177.00	226.00	201.39	202.00	29000.00
chr20	34322310	34322637	327	327	4.00	16.00	8.75	7.00	2861.00
chr19	7606407	7606570	163	163	81.00	139.00	114.53	118.00	18668.00
chr16	2333186	2333373	187	187	4.00	243.00	187.84	217.00	35127.00
chr12	113825548	113825711	163	163	71.00	228.00	141.77	130.00	23109.00
chr7	4802013	4807749	5736	5736	3.00	117.00	36.89	34.00	211577.00
chr1	43394880	43394985	105	105	175.00	250.00	217.46	229.00	22833.00
chr19	4554399	4554488	89	89	204.00	369.00	302.46	329.00	26919.00
chr16	31719139	31719372	233	233	4.00	17.00	11.46	11.00	2671.00
chr5	134060669	134061744	1075	1075	10.00	35.00	19.63	18.00	21103.00
chr1	202936318	202936371	53	53	3.00	106.00	51.57	48.00	2733.00
chr2	220087366	220087615	249	249	157.00	218.00	186.74	192.00	46499.00
chr2	36764494	36764689	195	195	50.00	71.00	60.26	61.00	11751.00
chr7	43519208	43519343	135	135	65.00	98.00	84.11	86.00	11355.00
chr10	51249585	51249993	408	408	3.00	19.00	9.80	9.00	3999.00
chr6	32123647	32123755	108	108	109.00	155.00	125.19	124.50	13521.00
chr3	118624442	118624692	250	250	11.00	50.00	29.22	19.00	7304.00
chr1	190129797	190130020	223	223	40.00	62.00	50.68	51.00	11301.00
chr9	131004491	131004624	133	133	7.00	2110.00	1646.56	1923.00	218992.00
chr22	33679187	33679334	147	147	153.00	193.00	169.62	169.00	24934.00
chr15	74709931	74710016	85	85	120.00	267.00	169.88	151.00	14440.00
chr7	6470110	6470238	128	128	21.00	30.00	25.09	26.00	3212.00
chr1	6640600	6641359	759	759	13.00	34.00	22.11	22.00	16779.00
chr16	31510622	31510728	106	106	156.00	198.00	172.63	172.00	18299.00
chr4	103710287	103711803	1516	1516	7.00	26.00	13.65	14.00	20692.00
chr19	2862339	2862746	407	407	4.00	24.00	12.73	12.00	5181.00
chr2	15467873	15467994	121	121	34.00	49.00	39.36	39.00	4763.00
chr2	36780721	36781492	771	771	7.00	27.00	15.55	14.00	11988.00
chr10	81070680	81070941	261	261	26.00	69.00	40.92	35.00	10680.00
chr2	217234866	217235986	1120	1120	26.00	88.00	49.14	47.00	55038.00
chr10	93786348	93786508	160	160	44.00	104.00	66.65	63.50	10664.00
chr17	20268785	20269076	291	291	5.00	15.00	10.29	10.00	2994.00
chr9	131002006	131002062	56	56	0.00	2316.00	1938.23	2035.50	108541.00
chr1	155208307	155208441	134	134	147.00	182.00	162.87	161.00	21825.00
chr2	162833877	162834373	496	496	2.00	381.00	35.27	8.00	17495.00
chr9	35799614	35799728	114	114	20.00	28.00	24.74	25.00	2820.00
chr20	62517856	62519234	1378	1378	4.00	118.00	40.82	41.00	56252.00
chr22	35942847	35943127	280	280	21.00	139.00	83.93	87.00	23501.00
chr13	26436438	26436546	108	108	45.00	63.00	50.69	49.00	5475.00
chr14	69371371	69371453	82	82	90.00	212.00	145.56	133.50	11936.00
chr7	44031274	44031581	307	307	2.00	22.00	10.79	10.00	3314.00
chr11	12274988	12275291	303	303	1.00	24.00	11.25	13.00	3409.00
chr5	1334403	1334498	95	95	137.00	179.00	158.01	156.00	15011.00
chr19	34868639	34868786	147	147	1190.00	1641.00	1370.27	1375.00	201429.00
chr16	1815960	1816143	183	183	262.00	356.00	311.02	310.00	56917.00
chr10	73578787	73578868	81	81	2294.00	3016.00	2622.48	2640.00	212421.00
chr17	37420427	37420640	213	213	25.00	41.00	31.52	31.00	6714.00
chr5	60835422	60835586	164	164	24.00	35.00	28.93	28.00	4745.00
chr15	79296143	79296517	374	374	198.00	389.00	276.63	273.00	103461.00
chr19	13039568	13039661	93	93	382.00	627.00	535.16	554.00	49770.00
chr12	49421585	49421713	128	128	50.00	100.00	78.12	78.00	9999.00
chr1	1661057	1662583	1526	1526	8.00	190.00	67.09	49.00	102372.00
chr2	207457340	207457460	120	120	307.00	383.00	345.84	349.00	41501.00
chr11	64542462	64543441	979	979	9.00	36.00	24.45	25.00	23937.00
chr20	61910250	61910347	97	97	101.00	148.00	118.18	112.00	11463.00
chr11	62394042	62394156	114	114	170.00	246.00	202.57	199.00	23093.00
chr5	37301538	37301652	114	114	11.00	24.00	17.09	17.00	1948.00
chr16	4733843	4733933	90	90	119.00	137.00	128.66	128.00	11579.00
chr15	43693913	43694048	135	135	36.00	60.00	47.44	49.00	6405.00
chr11	18764538	18764622	84	84	110.00	132.00	123.71	125.00	10392.00
chr17	57842331	57842499	168	168	114.00	156.00	134.99	133.00	22679.00
chr9	96076729	96078064	1335	1335	2.00	24.00	10.34	10.00	13809.00
chr11	12246219	12246367	148	148	239.00	348.00	278.70	271.00	41248.00
chr12	7030743	7031565	822	822	4.00	3090.00	1050.81	14.00	863762.00
chr3	14523178	14523349	171	171	21.00	41.00	31.87	35.00	5449.00
chr5	758508	759483	975	975	1.00	18.00	7.41	7.00	7227.00
chr12	22635490	22635677	187	187	42.00	59.00	51.47	52.00	9624.00
chr5	14479369	14479459	90	90	111.00	128.00	118.93	118.00	10704.00
chr6	143655214	143656079	865	865	0.00	14.00	5.63	5.00	4869.00
chr7	75508360	75508578	218	218	19.00	811.00	573.34	698.50	124989.00
chr11	60697981	60698131	150	150	118.00	195.00	146.33	139.00	21950.00
chr1	151400598	151400889	291	291	60.00	187.00	117.12	122.00	34083.00
chr5	172196431	172197309	878	878	25.00	217.00	81.46	48.00	71523.00
chr3	49152660	49152794	134	134	40.00	74.00	52.05	51.00	6975.00
chr7	5518281	5519950	1669	1669	16.00	76.00	44.36	46.00	74045.00
chr17	16691106	16691449	343	343	4.00	44.00	15.38	12.00	5277.00
chr2	220086993	220087172	179	179	162.00	232.00	199.22	200.00	35660.00
chr10	51746916	51748006	1090	1090	0.00	95.00	28.19	22.00	30730.00
chr12	7302118	7302289	171	171	608.00	815.00	706.27	697.00	120772.00
chr11	59562844	59562955	111	111	19.00	40.00	29.32	31.00	3255.00
chr12	6100984	6101184	200	200	26.00	46.00	33.41	31.00	6683.00
chr19	5683274	5683627	353	353	5.00	14.00	9.96	11.00	3517.00
chr12	2786259	2786387	128	128	20.00	29.00	24.79	25.00	3173.00
chr15	26812727	26812880	153	153	153.00	281.00	197.64	191.00	30239.00
chr1	149007980	149008798	818	818	2.00	17.00	6.86	6.00	5610.00
chr19	54965608	54965861	253	253	79.00	226.00	144.85	132.00	36647.00
chr8	27293259	27293310	51	51	166.00	238.00	197.00	195.00	10047.00
chr15	23014437	23014528	91	91	66.00	131.00	99.60	96.00	9064.00
chr1	111717500	111717585	85	85	90.00	119.00	105.24	105.00	8945.00
chr6	150157220	150157433	213	213	162.00	229.00	204.32	207.00	43520.00
chr13	114566547	114566670	123	123	25.00	77.00	42.37	37.00	5211.00
chr16	58539291	58539605	314	314	1.00	23.00	13.26	16.00	4163.00
chr1	21936612	21936768	156	156	332.00	947.00	565.05	564.00	88148.00
chr1	17322880	17322991	111	111	168.00	330.00	251.69	270.00	27938.00
chr11	60699455	60699599	144	144	206.00	334.00	262.80	244.00	37843.00
chr5	6749669	6749770	101	101	31.00	47.00	42.17	43.00	4259.00
chr16	2156805	2156949	144	144	130.00	179.00	157.99	160.00	22751.00
chr15	34690834	34690930	96	96	83.00	150.00	125.25	126.50	12024.00
chr3	11074933	11075425	492	492	2.00	369.00	70.84	15.00	34852.00
chr5	74655222	74655381	159	159	137.00	216.00	169.17	169.00	26898.00
chr20	20022968	20023160	192	192	35.00	89.00	53.45	43.00	10263.00
chr2	39055481	39055578	97	97	12.00	28.00	20.85	22.00	2022.00
chr19	16793231	16793528	297	297	11.00	270.00	79.54	18.00	23624.00
chr2	219205450	219205509	59	59	49.00	58.00	52.53	53.00	3099.00
chr17	74087429	74087729	300	300	16.00	34.00	25.52	26.00	7657.00
chr3	184058150	184060036	1886	1886	4.00	691.00	102.22	28.00	192790.00
chr6	90333128	90333263	135	135	50.00	85.00	73.43	79.00	9913.00
chr12	125267019	125267429	410	410	13.00	62.00	30.42	29.00	12471.00
chr1	207942580	207943104	524	524	15.00	173.00	120.46	125.00	63123.00
chr4	89356876	89357043	167	167	29.00	61.00	43.01	41.00	7183.00
chr7	101995498	101995736	238	238	11.00	89.00	39.95	30.50	9507.00
chr3	11067458	11067562	104	104	304.00	402.00	361.60	370.00	37606.00
chr5	95734582	95734740	158	158	73.00	100.00	86.30	86.50	13635.00
chr6	152529106	152529341	235	235	59.00	135.00	93.48	85.00	21968.00
chr5	102295578	102295763	185	185	84.00	161.00	132.72	134.00	24553.00
chr22	21072980	21073110	130	130	707.00	1108.00	916.58	958.00	119156.00
chr12	121855306	121855714	408	408	78.00	196.00	111.61	108.00	45537.00
chr1	160326389	160326544	155	155	119.00	175.00	138.86	134.00	21523.00
chr11	60670930	60671007	77	77	236.00	304.00	271.38	275.00	20896.00
chr17	79804822	79804948	126	126	327.00	438.00	384.27	381.50	48418.00
chr16	18527204	18527332	128	128	399.00	565.00	504.36	513.00	64558.00
chr16	16372518	16372646	128	128	414.00	584.00	522.31	531.00	66856.00
chr2	32750530	32750695	165	165	28.00	58.00	38.68	37.00	6382.00
chr14	69369193	69369279	86	86	199.00	270.00	230.15	226.00	19793.00
chr7	66418212	66418356	144	144	122.00	196.00	157.87	157.00	22733.00
chr6	44107988	44108097	109	109	117.00	150.00	128.40	128.00	13996.00
chr7	70885893	70886091	198	198	241.00	602.00	378.64	318.00	74970.00
chr8	27295281	27295397	116	116	140.00	182.00	165.11	167.00	19153.00
chr7	73122918	73123018	100	100	1423.00	1811.00	1552.25	1550.00	155225.00
chr15	34698874	34699071	197	197	69.00	130.00	95.31	94.00	18777.00
chr8	22009343	22009513	170	170	313.00	539.00	412.38	425.00	70105.00
chr7	1526557	1526737	180	180	44.00	102.00	75.26	80.00	13547.00
chr5	178053946	178054065	119	119	3.00	147.00	63.02	52.00	7499.00
chr12	6103027	6103369	342	342	28.00	52.00	40.54	41.00	13866.00
chr2	3479491	3480482	991	991	5.00	33.00	15.54	14.00	15396.00
chr3	33883388	33883566	178	178	110.00	145.00	126.29	124.00	22480.00
chr19	11019778	11019883	105	105	111.00	160.00	138.60	143.00	14553.00
chr7	98446205	98446318	113	113	933.00	1830.00	1412.97	1546.00	159666.00
chr8	106813274	106813932	658	658	4.00	28.00	15.67	17.00	10313.00
chr2	223795338	223795530	192	192	259.00	455.00	327.45	313.50	62870.00
chr7	75511146	75511554	408	408	443.00	848.00	660.00	668.50	269281.00
chr21	40184926	40185038	112	112	110.00	196.00	165.45	178.00	18530.00
chr19	53383575	53385236	1661	1661	12.00	46.00	23.09	22.00	38351.00
chr19	14208130	14208295	165	165	1.00	398.00	246.00	311.00	40590.00
chr15	91461013	91461618	605	605	23.00	397.00	135.52	41.00	81990.00
chr8	145278010	145278133	123	123	28.00	45.00	35.06	34.00	4312.00
chr16	28132990	28133083	93	93	145.00	237.00	181.72	178.00	16900.00
chr11	125280091	125280221	130	130	65.00	106.00	79.49	75.00	10334.00
chr15	63128089	63128317	228	228	27.00	206.00	141.98	163.50	32372.00
chr9	131181435	131181557	122	122	25.00	1190.00	965.04	1043.00	117735.00
chr19	3281196	3281343	147	147	184.00	315.00	253.29	267.00	37233.00
chr11	6240200	6240280	80	80	46.00	69.00	59.29	60.00	4743.00
chr20	31019123	31019287	164	164	30.00	44.00	35.53	36.00	5827.00
chr6	46825865	46827260	1395	1395	21.00	84.00	43.92	43.00	61270.00
chr12	1672006	1672666	660	660	12.00	57.00	26.73	23.00	17643.00
chr12	9098824	9099001	177	177	133.00	217.00	176.77	188.00	31288.00
chr7	121738503	121738630	127	127	36.00	48.00	41.80	41.00	5308.00
chr19	40875814	40875935	121	121	849.00	1088.00	970.60	967.00	117442.00
chr20	3581592	3581671	79	79	86.00	120.00	99.91	99.00	7893.00
chr17	7226965	7227042	77	77	35.00	49.00	43.31	46.00	3335.00
chr2	74331800	74332809	1009	1009	10.00	44.00	23.56	23.00	23768.00
chr1	209785136	209785610	474	474	7.00	158.00	122.92	139.00	58263.00
chr9	35546426	35548532	2106	2106	75.00	233.00	134.65	131.00	283578.00
chr17	80040198	80040290	92	92	260.00	333.00	285.96	280.00	26308.00
chr11	73074791	73075284	493	493	2.00	108.00	34.14	10.00	16830.00
chr20	44674976	44675075	99	99	190.00	257.00	236.40	239.00	23404.00
chr20	5892091	5892328	237	237	44.00	269.00	159.05	177.00	37694.00
chr17	20316581	20317594	1013	1013	6.00	26.00	14.53	14.00	14715.00
chr12	99478702	99478801	99	99	139.00	165.00	153.33	152.00	15180.00
chr17	40842756	40842960	204	204	206.00	368.00	289.07	286.00	58971.00
chr11	107501142	107501288	146	146	242.00	308.00	268.71	261.00	39232.00
chr11	85429236	85429532	296	296	1.00	32.00	9.70	7.50	2872.00
chr20	9449217	9449319	102	102	28.00	46.00	35.44	34.00	3615.00
chr14	23371395	23371591	196	196	96.00	166.00	130.14	132.50	25508.00
chr7	716865	716957	92	92	1239.00	1669.00	1535.10	1536.50	141229.00
chr10	48862360	48862682	322	322	1.00	235.00	128.99	164.50	41536.00
chr10	68686678	68688210	1532	1532	18.00	101.00	46.96	43.00	71936.00
chr5	179674854	179674926	72	72	155.00	234.00	192.11	196.50	13832.00
chr1	209773327	209773456	129	129	128.00	167.00	146.77	149.00	18933.00
chr17	45691034	45691091	57	57	257.00	337.00	292.02	285.00	16645.00
chr1	19669871	19670118	247	247	9.00	27.00	18.37	19.00	4537.00
chr17	45664025	45664710	685	685	4.00	267.00	61.27	39.00	41972.00
chr19	2337634	2338840	1206	1206	6.00	59.00	21.80	20.00	26290.00
chr8	22011480	22011552	72	72	496.00	594.00	536.04	529.00	38595.00
