#chrom	start	end	size	num_data	min	max	mean	median	sum
chr12	1940100	1940691	591	591	79.00	170.00	128.04	120.00	75669.00
chr1	27480473	27481381	908	908	45.00	109.00	79.26	80.00	71964.00
chr15	63112684	63112809	125	125	352.00	508.00	440.09	438.00	55011.00
chr5	149231737	149232254	517	517	13.00	37.00	20.64	19.00	10673.00
chr5	140865429	140867182	1753	1753	19.00	105.00	49.39	45.00	86582.00
chr1	32209793	32209958	165	165	350.00	563.00	456.40	464.00	75306.00
chr16	87873307	87873431	124	124	167.00	406.00	272.12	266.50	33743.00
chr17	34157438	34158175	737	737	1.00	20.00	10.77	12.00	7934.00
chr2	127815619	127816088	469	469	19.00	81.00	52.65	53.00	24695.00
chr1	208212965	208213112	147	147	91.00	114.00	99.71	99.00	14657.00
chr22	19703883	19704666	783	783	6.00	62.00	27.86	23.00	21814.00
chr16	87872319	87872423	104	104	179.00	335.00	255.36	237.00	26557.00
chr9	140055740	140055868	128	128	2400.00	2915.00	2632.86	2626.50	337006.00
chr22	21096515	21096643	128	128	811.00	1112.00	916.25	901.50	117280.00
chr9	140056321	140056540	219	219	2.00	3482.00	2167.74	2580.00	474735.00
chr11	78379981	78380253	272	272	18.00	52.00	32.96	30.00	8964.00
chr3	11070420	11070533	113	113	370.00	452.00	417.37	421.00	47163.00
chr1	109812554	109813222	668	668	5.00	883.00	294.62	314.00	196808.00
chr2	220161954	220162155	201	201	1074.00	1790.00	1479.78	1499.00	297436.00
chr15	74706887	74707086	199	199	155.00	237.00	185.07	183.00	36829.00
chr17	7318829	7319426	597	597	226.00	685.00	415.40	415.00	247996.00
chr1	21560050	21560154	104	104	50.00	68.00	57.60	57.00	5990.00
chr1	25573799	25573952	153	153	15.00	541.00	352.16	403.00	53881.00
chr14	93198993	93199160	167	167	169.00	350.00	261.83	266.00	43726.00
chr1	205554003	205554119	116	116	468.00	645.00	565.34	560.50	65580.00
chr1	9795005	9795232	227	227	2709.00	4303.00	3627.50	3735.00	823443.00
chr17	42426525	42426670	145	145	139.00	237.00	183.18	172.00	26561.00
chr18	70205887	70206179	292	292	4.00	516.00	197.14	11.00	57564.00
chr1	205553082	205553251	169	169	545.00	806.00	681.90	690.00	115241.00
chr9	140056623	140056766	143	143	2.00	2587.00	1527.84	1770.00	218481.00
chr6	33412147	33412394	247	247	9.00	937.00	514.80	663.00	127155.00
chr12	89992366	89992547	181	181	3.00	1253.00	878.76	975.00	159055.00
chr2	220088827	220089576	749	749	180.00	387.00	269.23	266.00	201652.00
chr14	100763073	100765222	2149	2149	25.00	120.00	51.06	49.00	109731.00
chr1	110740697	110742543	1846	1846	50.00	1437.00	852.39	863.50	1573513.00
chr1	149878201	149879758	1557	1557	7.00	2384.00	517.70	28.00	806052.00
chr3	197264139	197265259	1120	1120	2.00	54.00	18.49	16.00	20707.00
chr8	56449623	56450530	907	907	21.00	60.00	40.44	41.00	36678.00
chr9	139354208	139354326	118	118	64.00	136.00	83.62	72.00	9867.00
chr1	32204908	32205236	328	328	718.00	1116.00	933.90	933.50	306319.00
chr7	75608768	75608897	129	129	214.00	257.00	235.90	236.00	30431.00
chr19	45161029	45161178	149	149	78.00	120.00	102.43	107.00	15262.00
chr19	5243911	5244493	582	582	142.00	336.00	223.71	209.00	130197.00
chr6	32119585	32119717	132	132	18.00	1556.00	809.23	788.50	106819.00
chr3	42670878	42672067	1189	1189	1.00	39.00	10.67	10.00	12687.00
chr11	45892392	45892485	93	93	170.00	323.00	235.98	232.00	21946.00
chr17	80040789	80040991	202	202	440.00	670.00	524.21	512.00	105891.00
chr2	74902875	74903036	161	161	88.00	130.00	105.81	105.00	17035.00
chr17	38335969	38337946	1977	1977	8.00	317.00	31.92	20.00	63115.00
chr16	87870103	87870253	150	150	174.00	354.00	250.02	232.00	37503.00
chr1	32205947	32206142	195	195	781.00	1059.00	941.64	964.00	183620.00
chr6	44117553	44117702	149	149	3.00	503.00	300.05	361.00	44707.00
chr1	159163659	159163830	171	171	1725.00	2224.00	1994.12	2001.00	340995.00
chr3	445565	446023	458	458	1.00	9.00	4.40	4.00	2017.00
chr2	25048913	25048995	82	82	203.00	270.00	242.95	241.50	19922.00
chr10	99504485	99504672	187	187	114.00	200.00	157.94	162.00	29534.00
chr4	54364807	54365010	203	203	178.00	279.00	240.88	244.00	48898.00
chr17	1634367	1634552	185	185	20.00	56.00	39.41	41.00	7290.00
chr7	72416124	72416247	123	123	123.00	177.00	145.13	137.00	17851.00
chr1	208212169	208212329	160	160	85.00	142.00	110.55	111.00	17688.00
chr9	140952500	140952702	202	202	89.00	226.00	134.80	116.00	27229.00
chr6	44197325	44197528	203	203	129.00	206.00	160.44	159.00	32570.00
chr6	44197643	44198218	575	575	29.00	138.00	69.76	47.00	40114.00
chr11	118981972	118982084	112	112	297.00	385.00	344.22	341.00	38553.00
chr5	150503846	150503952	106	106	4.00	2762.00	1979.81	2515.00	209860.00
chr11	118981761	118981878	117	117	368.00	472.00	420.00	416.00	49140.00
chr11	126314873	126315000	127	127	135.00	165.00	148.66	150.00	18880.00
chr1	159165808	159166244	436	436	7.00	1994.00	380.76	10.00	166011.00
chr7	134893542	134893750	208	208	39.00	73.00	57.46	58.00	11952.00
chr9	121976196	121976433	237	237	325.00	728.00	520.87	524.00	123446.00
chr19	54691042	54691169	127	127	333.00	825.00	543.39	497.00	69011.00
chr22	38621430	38621600	170	170	397.00	589.00	512.49	530.00	87123.00
chr13	42035681	42036205	524	524	6.00	33.00	18.94	19.00	9925.00
chr20	1915360	1915413	53	53	17.00	3409.00	2131.43	2603.00	112966.00
chr5	14496987	14497126	139	139	195.00	389.00	273.46	259.00	38011.00
chr12	56528125	56528212	87	87	141.00	165.00	153.77	154.00	13378.00
chr3	47466974	47467101	127	127	119.00	151.00	133.26	131.00	16924.00
chr17	7415476	7415663	187	187	133.00	229.00	175.36	169.00	32793.00
chr3	33588037	33589252	1215	1215	7.00	35.00	17.11	16.00	20788.00
chr7	887833	888615	782	782	7.00	106.00	35.62	27.00	27855.00
chr10	24813251	24813693	442	442	49.00	138.00	94.78	102.00	41892.00
chr1	109812045	109812213	168	168	274.00	648.00	394.07	355.50	66204.00
chr19	15276597	15276902	305	305	35.00	59.00	45.05	41.00	13741.00
chr16	2334779	2334999	220	220	271.00	386.00	324.45	321.00	71379.00
chr16	68404761	68405261	500	500	55.00	112.00	83.45	84.00	41727.00
chr4	110969111	110969871	760	760	41.00	96.00	67.81	67.00	51533.00
chr1	145693161	145693996	835	835	12.00	116.00	60.71	59.00	50690.00
chr7	44282848	44282932	84	84	929.00	1077.00	1017.29	1014.50	85452.00
chr2	220164315	220164508	193	193	13.00	1036.00	445.60	27.00	86001.00
chr12	50472203	50472360	157	157	118.00	182.00	150.02	153.00	23553.00
chr2	220163768	220163833	65	65	1206.00	1557.00	1406.37	1393.00	91414.00
chr2	222289928	222290862	934	934	218.00	544.00	410.78	411.00	383672.00
chr12	57599133	57599268	135	135	208.00	323.00	248.68	241.00	33572.00
chr7	157475416	157475629	213	213	564.00	788.00	672.15	678.00	143169.00
chr1	32203800	32203927	127	127	574.00	1184.00	880.16	916.00	111780.00
chr1	109811731	109811912	181	181	368.00	731.00	580.45	619.00	105061.00
chr9	140052830	140052975	145	145	1439.00	4137.00	2909.90	3115.00	421936.00
chr2	220161706	220161854	148	148	1128.00	2369.00	1708.40	1731.50	252843.00
chr16	29896906	29897070	164	164	677.00	1120.00	942.55	992.00	154579.00
chr16	47143393	47143622	229	229	110.00	193.00	152.22	153.00	34858.00
chr11	993753	993985	232	232	295.00	635.00	452.75	425.50	105037.00
chr9	124059698	124061137	1439	1439	8.00	54.00	26.60	27.00	38282.00
chr9	140350140	140350634	494	494	8.00	52.00	30.04	28.50	14839.00
chr11	14504577	14504697	120	120	126.00	180.00	149.88	147.50	17986.00
chr3	49898612	49898733	121	121	1115.00	1644.00	1398.05	1364.00	169164.00
chr9	131811659	131811777	118	118	94.00	149.00	118.98	116.00	14040.00
chr9	131810705	131810818	113	113	109.00	149.00	129.75	128.00	14662.00
chr1	223400935	223401080	145	145	136.00	267.00	229.74	240.00	33312.00
chr12	125612185	125612820	635	635	5.00	336.00	62.12	17.00	39449.00
chr2	220088590	220088744	154	154	241.00	320.00	297.78	302.00	45858.00
chr9	70888487	70888750	263	263	5.00	34.00	19.59	19.00	5152.00
chr14	69813756	69813898	142	142	156.00	208.00	174.18	172.50	24734.00
chr2	47399145	47399890	745	745	7.00	780.00	46.90	41.00	34939.00
chr11	62688689	62689041	352	352	30.00	453.00	156.09	75.00	54943.00
chr6	43745205	43745407	202	202	5.00	134.00	105.11	105.00	21232.00
chr3	11072492	11072997	505	505	10.00	737.00	155.77	37.00	78664.00
chr7	2696031	2696168	137	137	369.00	526.00	470.05	488.00	64397.00
chr16	14969196	14969279	83	83	1155.00	1716.00	1477.17	1555.00	122605.00
chr17	7377847	7378026	179	179	2.00	10.00	6.39	6.00	1144.00
chr12	65639640	65639719	79	79	95.00	175.00	133.32	135.00	10532.00
chr12	50294912	50295108	196	196	2087.00	5199.00	2732.42	2412.00	535554.00
chr19	42485653	42485788	135	135	3083.00	4435.00	3860.46	3815.00	521162.00
chr10	99509230	99509343	113	113	221.00	360.00	277.73	270.00	31383.00
chr22	38883877	38888120	4243	4243	53.00	1240.00	270.62	215.00	1148255.00
chr12	49416372	49416658	286	286	67.00	130.00	94.79	92.00	27109.00
chr6	24843089	24843782	693	693	68.00	143.00	103.54	100.00	71750.00
chr5	176295561	176295665	104	104	429.00	546.00	465.38	454.50	48400.00
chr10	99510087	99510227	140	140	223.00	398.00	295.66	277.50	41392.00
chr1	159173658	159174770	1112	1112	29.00	170.00	70.59	58.00	78493.00
chr11	1780745	1780869	124	124	1644.00	2414.00	2118.67	2238.50	262715.00
chr19	42486059	42486258	199	199	2199.00	3885.00	3034.48	3039.00	603861.00
chr3	47465422	47465535	113	113	120.00	209.00	155.76	161.00	17601.00
chr1	21573713	21573856	143	143	47.00	66.00	56.67	56.00	8104.00
chr11	65320330	65320453	123	123	102.00	162.00	141.14	144.00	17360.00
chr3	47462420	47462519	99	99	240.00	348.00	300.46	318.00	29746.00
chr2	219204751	219204864	113	113	185.00	234.00	211.96	211.00	23952.00
chr1	43906123	43906257	134	134	28.00	47.00	37.42	37.00	5014.00
chr7	38785158	38785840	682	682	6.00	453.00	47.87	15.00	32650.00
chr2	153499932	153500058	126	126	152.00	205.00	182.44	187.00	22987.00
chr1	32203011	32203132	121	121	6.00	871.00	685.97	798.00	83002.00
chr22	42290823	42290941	118	118	636.00	1118.00	921.49	914.00	108736.00
chr19	47940718	47940818	100	100	982.00	1550.00	1210.35	1188.00	121035.00
chr4	119539150	119539274	124	124	6.00	18.00	13.45	14.00	1668.00
chr17	44117067	44117250	183	183	77.00	115.00	95.71	97.00	17515.00
chr19	42485873	42485983	110	110	2308.00	3075.00	2761.64	2859.00	303780.00
chr6	44114583	44114664	81	81	152.00	222.00	187.78	188.00	15210.00
chr19	47941105	47941292	187	187	9.00	1739.00	932.75	1226.00	174425.00
chr11	73074250	73074500	250	250	198.00	260.00	228.73	227.00	57182.00
chr3	33418764	33418825	61	61	426.00	627.00	528.56	545.00	32242.00
chr1	700258	700505	247	247	6.00	39.00	21.30	19.00	5260.00
chr9	74319510	74319719	209	209	36.00	67.00	51.07	52.00	10673.00
chr16	2336694	2336968	274	274	200.00	640.00	396.44	399.00	108625.00
chr20	3575125	3575219	94	94	163.00	252.00	180.95	175.00	17009.00
chr9	139231377	139231529	152	152	120.00	175.00	142.11	140.50	21600.00
chr5	140515951	140516498	547	547	11.00	41.00	27.30	27.00	14934.00
chr1	21938208	21938309	101	101	791.00	999.00	904.79	921.00	91384.00
chr3	155659188	155659936	748	748	22.00	190.00	118.25	130.00	88449.00
chr16	27483068	27483241	173	173	140.00	180.00	160.10	160.00	27697.00
chr11	994071	994245	174	174	194.00	399.00	327.86	342.50	57047.00
chr7	71175745	71175913	168	168	617.00	956.00	797.29	818.00	133944.00
chr12	121204065	121204175	110	110	293.00	386.00	339.66	329.00	37363.00
chr7	73118679	73118753	74	74	1692.00	2315.00	1921.88	1855.00	142219.00
chr9	140972565	140972710	145	145	104.00	154.00	130.01	131.00	18852.00
chr12	121683329	121684024	695	695	8.00	39.00	18.55	17.00	12891.00
chr16	74493579	74493687	108	108	181.00	329.00	262.24	259.00	28322.00
chr2	36771518	36771641	123	123	130.00	249.00	176.07	161.00	21657.00
chr7	94187181	94187996	815	815	8.00	47.00	22.48	21.00	18319.00
chr14	94156951	94157239	288	288	2.00	13.00	7.48	8.00	2155.00
chr7	121739000	121739524	524	524	4.00	28.00	15.95	14.00	8359.00
chr1	19549117	19549328	211	211	139.00	233.00	168.23	159.00	35496.00
chr19	5214571	5214747	176	176	304.00	548.00	386.53	382.00	68030.00
chr19	42557753	42557861	108	108	251.00	317.00	293.62	297.00	31711.00
chr15	102510686	102510925	239	239	3.00	39.00	22.09	27.00	5279.00
chr5	167673761	167675376	1615	1615	44.00	134.00	83.90	83.00	135491.00
chr7	44282158	44282253	95	95	913.00	1240.00	1065.31	1043.00	101204.00
chr2	160621061	160621717	656	656	9.00	201.00	29.26	16.00	19195.00
chr5	10426501	10426634	133	133	331.00	505.00	441.24	465.00	58685.00
chr16	1814301	1814460	159	159	625.00	872.00	754.57	778.00	119976.00
chr11	21581734	21581928	194	194	179.00	286.00	229.41	234.50	44505.00
chr3	126749085	126749255	170	170	140.00	266.00	193.04	183.50	32816.00
chr11	12237765	12237866	101	101	630.00	840.00	734.17	733.00	74151.00
chr6	31750872	31750963	91	91	154.00	200.00	174.19	171.00	15851.00
chr3	53124201	53124398	197	197	23.00	48.00	37.71	38.00	7428.00
chr2	220161470	220161544	74	74	1668.00	2223.00	2052.92	2097.50	151916.00
chr2	128951046	128951785	739	739	23.00	109.00	61.36	62.00	45346.00
chr5	24535811	24535931	120	120	174.00	253.00	215.46	220.50	25855.00
chr1	44083406	44083582	176	176	254.00	537.00	357.65	315.00	62947.00
chr1	32207653	32207818	165	165	533.00	838.00	663.87	648.00	109538.00
chr12	7293754	7294000	246	246	3.00	1490.00	884.03	1267.00	217472.00
chr3	131442289	131442469	180	180	158.00	231.00	192.89	191.00	34720.00
chr3	49898871	49899298	427	427	43.00	1930.00	754.21	1018.00	322048.00
chr16	66432358	66432464	106	106	29.00	46.00	38.39	40.00	4069.00
chr1	20982593	20982680	87	87	523.00	645.00	571.53	564.00	49723.00
chr16	68398653	68398809	156	156	73.00	91.00	81.20	81.00	12667.00
chr17	16676818	16678279	1461	1461	6.00	20.00	12.19	12.00	17804.00
chr1	109814899	109815027	128	128	353.00	497.00	424.23	428.00	54302.00
chr1	21940478	21940582	104	104	962.00	1259.00	1140.06	1192.50	118566.00
chr20	57468284	57468793	509	509	3.00	16.00	10.06	11.00	5122.00
chr3	127358087	127358366	279	279	342.00	796.00	552.40	554.00	154120.00
chr3	126735359	126735527	168	168	107.00	159.00	134.73	132.00	22635.00
chr10	103869140	103869264	124	124	352.00	576.00	457.27	453.00	56701.00
chr20	44520554	44520666	112	112	188.00	267.00	220.11	217.00	24652.00
chr1	32203252	32203356	104	104	587.00	886.00	744.65	785.50	77444.00
chr21	40186196	40186316	120	120	385.00	485.00	454.10	457.00	54492.00
chr5	111067153	111068349	1196	1196	7.00	30.00	17.18	17.00	20542.00
chr9	128002954	128003186	232	232	552.00	982.00	779.18	789.50	180769.00
chr1	43408896	43408992	96	96	194.00	287.00	241.59	237.00	23193.00
chr3	47463931	47464026	95	95	201.00	251.00	226.02	227.00	21472.00
chr2	220161160	220161238	78	78	1680.00	1960.00	1786.29	1782.50	139331.00
chr11	62472772	62473089	317	317	1310.00	3637.00	2328.54	2332.00	738146.00
chr9	130986341	130986906	565	565	7.00	580.00	140.91	18.00	79614.00
chr14	69358769	69359000	231	231	260.00	391.00	318.07	310.00	73474.00
chr11	64416205	64416379	174	174	242.00	407.00	341.08	354.00	59348.00
chr17	8398454	8398559	105	105	539.00	740.00	654.39	654.00	68711.00
chr12	53572943	53574193	1250	1250	6.00	69.00	34.72	34.00	43406.00
chr17	17696544	17701827	5283	5283	45.00	303.00	105.13	97.00	555421.00
chr8	11705187	11705331	144	144	1326.00	2474.00	1924.85	1949.00	277178.00
chr19	54963829	54963931	102	102	180.00	254.00	221.70	217.00	22613.00
chr2	70451682	70456295	4613	4613	5.00	180.00	33.79	29.00	155878.00
chr11	118873959	118874169	210	210	3.00	15.00	11.55	11.00	2426.00
chr10	75548427	75548581	154	154	61.00	101.00	80.66	84.50	12422.00
chr6	33414351	33414563	212	212	560.00	911.00	791.61	807.50	167822.00
chr17	80042910	80043032	122	122	225.00	282.00	255.46	257.00	31166.00
chr11	11470290	11470483	193	193	93.00	203.00	119.11	109.00	22988.00
chr8	23294446	23294771	325	325	147.00	265.00	187.42	174.00	60911.00
chr1	116932060	116932663	603	603	5.00	3949.00	1293.30	12.00	779860.00
chr15	83222627	83222741	114	114	110.00	143.00	128.19	126.00	14614.00
chr3	9841562	9841751	189	189	28.00	72.00	43.72	40.00	8264.00
chr1	116937731	116937907	176	176	2387.00	4414.00	2888.85	2596.50	508437.00
chr16	87868019	87868197	178	178	167.00	253.00	224.70	230.00	39997.00
chr3	124209540	124209731	191	191	761.00	1301.00	1017.49	984.00	194340.00
chr7	71142195	71142291	96	96	775.00	1070.00	883.66	873.50	84831.00
chr5	130497324	130497584	260	260	7.00	39.00	23.45	20.00	6096.00
chr13	100199238	100199358	120	120	456.00	770.00	601.83	581.00	72219.00
chr5	139943336	139943506	170	170	23.00	360.00	287.02	296.00	48793.00
chr17	74395529	74396002	473	473	143.00	312.00	222.74	218.00	105358.00
chr14	93179149	93179216	67	67	245.00	287.00	271.76	274.00	18208.00
chr4	160277004	160277310	306	306	80.00	587.00	256.14	217.50	78379.00
chr17	40666306	40666478	172	172	1101.00	2030.00	1571.40	1628.00	270280.00
chr15	34828065	34828207	142	142	3.00	105.00	81.52	91.00	11576.00
chr14	100165802	100165876	74	74	709.00	885.00	811.91	835.50	60081.00
chr22	20128089	20128231	142	142	5.00	242.00	137.56	193.50	19534.00
chr12	3392210	3394421	2211	2211	8.00	135.00	72.35	68.00	159955.00
chr17	16687866	16690667	2801	2801	0.00	74.00	10.40	7.00	29143.00
chr6	31664724	31664810	86	86	183.00	282.00	233.13	225.50	20049.00
chr6	30627512	30627611	99	99	54.00	72.00	62.69	63.00	6206.00
chr11	18752834	18755060	2226	2226	6.00	1131.00	116.96	38.00	260344.00
chr12	109332602	109332731	129	129	624.00	946.00	815.15	866.00	105154.00
chr6	90072884	90073110	226	226	17.00	39.00	27.35	26.00	6180.00
chr16	2689371	2689711	340	340	0.00	2.00	0.42	0.00	144.00
chr1	20987373	20987484	111	111	476.00	637.00	562.76	570.00	62466.00
chr14	85985300	85986667	1367	1367	3.00	30.00	17.56	18.00	24009.00
chr13	32863769	32863880	111	111	112.00	175.00	131.67	130.00	14615.00
chr16	1510418	1510528	110	110	113.00	171.00	143.68	145.00	15805.00
chr19	54963269	54963444	175	175	238.00	319.00	276.88	275.00	48454.00
chr6	44224078	44224233	155	155	81.00	127.00	104.78	107.00	16241.00
chr20	3151172	3152285	1113	1113	9.00	32.00	20.21	20.00	22499.00
chr1	892273	892405	132	132	201.00	353.00	254.28	228.50	33565.00
chr16	90192167	90192724	557	557	7.00	33.00	21.20	22.00	11807.00
chr9	111663704	111663810	106	106	90.00	124.00	106.62	107.50	11302.00
chr6	44108764	44108835	71	71	186.00	267.00	217.93	219.00	15473.00
chr1	36028802	36029027	225	225	2267.00	3722.00	2894.38	2783.00	651236.00
chr11	66807259	66807674	415	415	6.00	334.00	239.73	247.00	99488.00
chr1	178426817	178427679	862	862	30.00	124.00	62.96	58.00	54272.00
chr19	42482302	42482478	176	176	2262.00	4251.00	2763.24	2637.50	486331.00
chr1	44084718	44084873	155	155	235.00	536.00	340.86	305.00	52834.00
chr1	109812315	109812442	127	127	341.00	560.00	428.35	430.00	54401.00
chr3	180324268	180324391	123	123	94.00	143.00	122.89	122.00	15115.00
chr15	63933668	63933842	174	174	173.00	302.00	232.57	215.50	40468.00
chr20	44521363	44521519	156	156	284.00	380.00	334.01	331.00	52106.00
chr3	33416779	33416910	131	131	265.00	453.00	327.60	317.00	42915.00
chr1	21934624	21934843	219	219	4.00	1141.00	537.92	728.00	117804.00
chr14	69799801	69799886	85	85	127.00	186.00	165.39	166.00	14058.00
chr1	116936134	116936345	211	211	1.00	3145.00	2462.57	2699.00	519602.00
chr14	23634493	23634645	152	152	75.00	108.00	87.36	86.50	13278.00
chr16	1402538	1402947	409	409	9.00	36.00	19.16	17.00	7835.00
chr9	20331	25000	4669	4669	0.00	184.00	35.32	30.00	164920.00
chr17	43545574	43545959	385	385	24.00	56.00	37.35	36.00	14380.00
chr13	100201418	100201476	58	58	512.00	613.00	535.17	527.00	31040.00
chr15	41865505	41865665	160	160	523.00	1083.00	752.92	773.00	120467.00
chr19	19641688	19642196	508	508	10.00	39.00	22.09	20.00	11222.00
chr11	134147593	134148159	566	566	22.00	51.00	36.05	36.00	20404.00
chr2	71656420	71657290	870	870	3.00	20.00	12.58	13.00	10946.00
chr7	97834775	97835016	241	241	216.00	333.00	268.67	262.00	64750.00
chr19	13363804	13363915	111	111	127.00	157.00	143.22	144.00	15897.00
chr18	31328383	31329011	628	628	9.00	33.00	22.88	24.00	14368.00
chr16	66431884	66432009	125	125	30.00	42.00	36.60	37.00	4575.00
chr19	47935155	47935702	547	547	14.00	1991.00	661.99	709.00	362110.00
chr12	50291769	50291873	104	104	1598.00	2311.00	1945.11	1981.50	202291.00
chr11	1780198	1780317	119	119	1129.00	1964.00	1415.67	1360.00	168465.00
chr15	65392626	65393167	541	541	4.00	32.00	19.34	19.00	10463.00
chr2	86397871	86397967	96	96	159.00	298.00	233.97	239.00	22461.00
chr7	97866087	97866233	146	146	132.00	246.00	179.34	185.00	26184.00
chr11	60687157	60687402	245	245	186.00	274.00	228.87	227.00	56074.00
chr21	43307700	43309453	1753	1753	16.00	81.00	48.36	47.00	84770.00
chr14	24619269	24619657	388	388	41.00	81.00	55.87	55.00	21679.00
chr11	65320634	65320727	93	93	85.00	117.00	98.31	99.00	9143.00
chr16	29891184	29891385	201	201	674.00	1030.00	854.11	846.00	171677.00
chr1	32207224	32207326	102	102	1156.00	1699.00	1443.13	1456.50	147199.00
chr11	72300218	72300394	176	176	5.00	795.00	262.62	7.00	46221.00
chr17	7608878	7609038	160	160	112.00	293.00	222.74	243.50	35639.00
chr19	7607646	7607814	168	168	146.00	238.00	184.03	180.00	30917.00
chr19	54966129	54966271	142	142	136.00	229.00	192.25	203.00	27300.00
chr12	57995027	57995131	104	104	275.00	325.00	302.79	300.00	31490.00
chr1	27428875	27429049	174	174	98.00	177.00	136.62	138.00	23772.00
chr2	27688277	27688385	108	108	69.00	112.00	92.59	97.00	10000.00
chr16	2691449	2692254	805	805	0.00	25.00	0.84	0.00	679.00
chr9	131503813	131503933	120	120	540.00	686.00	624.51	625.00	74941.00
chr16	2347766	2347922	156	156	191.00	291.00	242.42	234.00	37818.00
chr17	80039884	80040036	152	152	363.00	472.00	416.85	413.50	63361.00
chr1	32204432	32204538	106	106	704.00	1311.00	998.81	1036.00	105874.00
chr12	9242951	9243078	127	127	181.00	228.00	203.78	204.00	25880.00
chr3	49702661	49702751	90	90	241.00	306.00	288.33	292.50	25950.00
chr19	35820359	35820837	478	478	17.00	61.00	38.42	38.00	18363.00
chr1	201456762	201457615	853	853	17.00	56.00	31.76	31.00	27088.00
chr16	2334279	2334438	159	159	281.00	391.00	330.45	330.00	52541.00
chr10	73578373	73578481	108	108	5063.00	6656.00	5912.83	5930.00	638586.00
chr16	18530550	18530756	206	206	8.00	971.00	427.84	587.00	88136.00
chr16	16369094	16369300	206	206	8.00	1008.00	438.99	600.50	90431.00
chr13	113975636	113975785	149	149	6.00	834.00	350.37	11.00	52205.00
chr11	119293822	119294227	405	405	45.00	11840.00	1159.54	153.00	469614.00
chr5	150505962	150506041	79	79	1865.00	2597.00	2105.42	2065.00	166328.00
chr22	44224939	44225078	139	139	1771.00	2406.00	2010.13	1969.00	279408.00
chr15	41865199	41865309	110	110	491.00	634.00	558.70	540.00	61457.00
chr17	25633807	25636298	2491	2491	23.00	621.00	224.53	217.00	559297.00
chr15	72495155	72495529	374	374	15.00	4869.00	1841.04	26.00	688550.00
chr9	42540272	42542124	1852	1852	1.00	26.00	9.78	9.00	18119.00
chr11	119290760	119291704	944	944	5.00	14342.00	3386.13	20.00	3196507.00
chr19	5219949	5220165	216	216	194.00	371.00	273.37	261.00	59047.00
chr15	63910769	63911153	384	384	0.00	6.00	2.20	2.00	845.00
chr17	74393879	74393969	90	90	197.00	280.00	243.58	243.00	21922.00
chr10	104129467	104129532	65	65	138.00	156.00	146.00	146.00	9490.00
chr3	142454224	142454620	396	396	1.00	11.00	5.43	6.00	2151.00
chr12	121205196	121205396	200	200	291.00	401.00	337.56	338.00	67512.00
chr3	31705570	31705724	154	154	61.00	87.00	72.03	72.00	11092.00
chr6	118635190	118636593	1403	1403	39.00	319.00	207.21	199.00	290718.00
chr8	10339867	10340829	962	962	2.00	17.00	9.89	10.00	9517.00
chr19	16952578	16952779	201	201	218.00	423.00	335.78	343.00	67491.00
chr8	110984486	110985016	530	530	211.00	363.00	279.72	279.50	148252.00
chr9	128001219	128001610	391	391	752.00	2004.00	1421.65	1546.00	555865.00
chr11	73070878	73070997	119	119	188.00	234.00	215.99	220.00	25703.00
chr10	104130140	104130235	95	95	117.00	174.00	153.69	159.00	14601.00
chr5	95733039	95733173	134	134	298.00	414.00	343.99	330.00	46094.00
chr19	59059400	59059547	147	147	380.00	516.00	435.48	442.00	64015.00
chr5	139943169	139943255	86	86	31.00	265.00	216.71	240.50	18637.00
chr17	73487771	73487981	210	210	111.00	197.00	146.20	140.00	30703.00
chr1	154315588	154315777	189	189	31.00	53.00	40.58	40.00	7669.00
chr14	95652726	95653070	344	344	16.00	34.00	22.24	22.00	7650.00
chr12	123639801	123640772	971	971	8.00	38.00	23.71	24.00	23024.00
chr22	47064870	47065171	301	301	1.00	18.00	10.10	10.00	3040.00
chr5	24535220	24535388	168	168	141.00	264.00	190.28	177.00	31967.00
chr12	6806452	6806958	506	506	236.00	627.00	444.16	457.00	224744.00
chr22	29881711	29881836	125	125	354.00	450.00	396.05	397.00	49506.00
chr7	75894681	75894786	105	105	95.00	168.00	129.36	134.00	13583.00
chr12	121089007	121095893	6886	6886	10.00	177.00	49.59	46.00	341472.00
chr1	207940357	207942365	2008	2008	11.00	310.00	56.97	38.00	114400.00
chr7	154681166	154681240	74	74	552.00	697.00	631.84	634.00	46756.00
chr5	131696513	131697529	1016	1016	6.00	20.00	11.25	10.00	11434.00
chr11	1776135	1776258	123	123	698.00	1401.00	981.56	919.00	120732.00
chr8	11706554	11706673	119	119	1467.00	2109.00	1740.92	1747.00	207169.00
chr11	18759426	18759511	85	85	493.00	607.00	543.64	539.00	46209.00
chr16	61689373	61689625	252	252	134.00	220.00	166.66	166.00	41999.00
chr15	51750702	51750824	122	122	292.00	386.00	352.14	356.00	42961.00
chr9	35555056	35555698	642	642	296.00	818.00	524.67	521.50	336838.00
chr2	198356200	198356621	421	421	3.00	8.00	4.98	5.00	2098.00
chr9	131001723	131001794	71	71	2273.00	2829.00	2678.63	2762.00	190183.00
chr19	5214371	5214491	120	120	353.00	559.00	481.87	482.50	57824.00
chr22	35719488	35719623	135	135	217.00	342.00	288.28	296.00	38918.00
chr12	121678738	121679829	1091	1091	7.00	80.00	26.01	23.00	28372.00
chr14	23820960	23821064	104	104	1978.00	2493.00	2299.07	2337.50	239103.00
chr1	32205710	32205779	69	69	831.00	1063.00	944.06	949.00	65140.00
chr3	33420176	33420326	150	150	15.00	575.00	187.95	24.00	28193.00
chr9	114820707	114820966	259	259	42.00	95.00	68.95	69.00	17859.00
chr15	41865876	41866023	147	147	36.00	1175.00	976.76	1035.00	143583.00
chr19	55554308	55554637	329	329	7.00	20.00	11.87	12.00	3904.00
chr1	116933403	116933513	110	110	2670.00	3641.00	3216.43	3194.50	353807.00
chr19	15374230	15374359	129	129	99.00	210.00	160.84	169.00	20749.00
chr12	56090682	56090852	170	170	38.00	63.00	52.32	53.00	8894.00
chr14	69445668	69445876	208	208	127.00	386.00	259.06	265.50	53885.00
chr12	57603474	57603651	177	177	195.00	329.00	263.40	265.00	46621.00
chr22	32897492	32898946	1454	1454	11.00	189.00	77.11	69.00	112117.00
chr16	16367702	16367764	62	62	18.00	806.00	409.81	451.50	25408.00
chr19	5245786	5246056	270	270	185.00	388.00	264.14	253.00	71319.00
chr16	74345440	74345829	389	389	2.00	13.00	7.42	8.00	2885.00
chr6	107096899	107097076	177	177	60.00	85.00	71.92	73.00	12730.00
chr1	29641883	29642019	136	136	70.00	95.00	80.01	79.00	10882.00
chr8	97342440	97342509	69	69	338.00	388.00	365.61	366.00	25227.00
chr8	68116914	68117054	140	140	105.00	193.00	155.58	167.00	21781.00
chr22	22037470	22037546	76	76	72.00	96.00	82.51	79.00	6271.00
chr22	50682147	50683420	1273	1273	32.00	182.00	92.02	93.00	117145.00
chr20	44048971	44049069	98	98	261.00	317.00	279.53	279.00	27394.00
chr1	36904356	36904511	155	155	62.00	106.00	76.86	75.00	11914.00
chr12	71054719	71054877	158	158	164.00	282.00	196.49	185.00	31045.00
chr15	50654364	50655515	1151	1151	13.00	59.00	31.25	30.00	35966.00
chr2	234198499	234198620	121	121	124.00	170.00	151.68	154.00	18353.00
chr9	128001699	128001812	113	113	794.00	973.00	867.23	858.00	97997.00
chr8	38272296	38272419	123	123	95.00	143.00	124.23	127.00	15280.00
chr11	73068069	73068179	110	110	144.00	266.00	199.64	211.00	21960.00
chr16	28123137	28123327	190	190	206.00	339.00	259.71	238.00	49345.00
chr12	49424062	49424222	160	160	24.00	46.00	34.87	35.00	5579.00
chr19	50302885	50303023	138	138	449.00	703.00	565.92	551.00	78097.00
chr19	42480567	42480718	151	151	4402.00	6302.00	5266.72	5270.00	795275.00
chr3	197904395	197905301	906	906	2.00	35.00	20.19	23.00	18296.00
chr13	100189992	100190117	125	125	377.00	448.00	413.06	412.00	51633.00
chr19	14268062	14268272	210	210	336.00	593.00	464.49	461.50	97543.00
chr10	93786886	93787057	171	171	93.00	174.00	123.11	125.00	21052.00
chr1	109808726	109808828	102	102	230.00	286.00	258.90	260.00	26408.00
chr4	134075461	134075520	59	59	322.00	442.00	360.03	359.00	21242.00
chr1	22052268	22053864	1596	1596	5.00	24.00	13.93	14.00	22236.00
chr9	140056855	140056968	113	113	1755.00	2166.00	1964.24	1946.00	221959.00
chr19	42482087	42482224	137	137	4311.00	5952.00	5303.58	5391.00	726590.00
chr19	4556962	4557025	63	63	904.00	1022.00	966.30	964.00	60877.00
chr19	14266921	14267013	92	92	350.00	513.00	453.84	464.50	41753.00
chr22	42273851	42274127	276	276	7.00	1165.00	642.33	831.00	177282.00
chr1	205549788	205550049	261	261	440.00	591.00	513.90	515.00	134128.00
chr1	110765585	110766522	937	937	87.00	276.00	157.46	150.00	147539.00
chr19	55553595	55554158	563	563	10.00	30.00	19.10	20.00	10754.00
chr7	150929881	150931360	1479	1479	46.00	204.00	83.40	77.00	123351.00
chr3	124215157	124215260	103	103	673.00	1025.00	879.42	927.00	90580.00
chr16	58220658	58220760	102	102	145.00	190.00	167.19	165.00	17053.00
chr3	10381925	10382033	108	108	733.00	1062.00	935.53	952.50	101037.00
chr10	11356101	11356221	120	120	193.00	218.00	206.55	207.50	24786.00
chr22	42294652	42294785	133	133	676.00	1031.00	891.28	901.00	118540.00
chr1	2005531	2005714	183	183	64.00	108.00	92.91	95.00	17003.00
chr12	113722522	113722576	54	54	84.00	95.00	90.30	90.00	4876.00
chr9	131502198	131502398	200	200	9.00	757.00	617.39	649.50	123478.00
chr19	40873602	40873786	184	184	2059.00	3086.00	2667.20	2705.50	490765.00
chr2	220162606	220162825	219	219	565.00	1214.00	850.00	805.00	186151.00
chr16	28270027	28270355	328	328	30.00	146.00	82.17	78.00	26951.00
chr4	3225718	3225858	140	140	178.00	240.00	211.15	213.50	29561.00
chr17	44127898	44128070	172	172	70.00	116.00	94.87	96.00	16318.00
chr3	47462043	47462262	219	219	128.00	319.00	193.48	182.00	42373.00
chr6	99873090	99873182	92	92	17.00	536.00	243.21	196.00	22375.00
chr7	142561723	142562504	781	781	379.00	1215.00	793.79	807.00	619948.00
chr1	159169540	159169666	126	126	1733.00	2411.00	2102.61	2177.50	264929.00
chr19	7606869	7606953	84	84	123.00	157.00	139.74	139.00	11738.00
chr16	2811561	2818298	6737	6737	10.00	536.00	284.73	288.00	1918215.00
chr3	47450652	47450807	155	155	76.00	110.00	92.90	93.00	14399.00
chr11	118403631	118403922	291	291	188.00	333.00	234.79	229.00	68323.00
chr1	205555161	205555335	174	174	447.00	618.00	523.09	526.00	91018.00
chr12	125603186	125603311	125	125	193.00	276.00	232.25	231.00	29031.00
chr11	86658288	86659498	1210	1210	13.00	38.00	26.83	27.00	32461.00
chr22	37764946	37768745	3799	3799	30.00	593.00	252.32	229.00	958564.00
chr10	46345664	46346215	551	551	4.00	30.00	12.84	10.00	7074.00
chr22	33673045	33673241	196	196	371.00	1010.00	573.56	454.00	112417.00
chr9	140042599	140042666	67	67	8.00	373.00	291.42	312.00	19525.00
chr3	48717233	48717320	87	87	158.00	210.00	184.83	185.00	16080.00
chr11	60681600	60681740	140	140	41.00	243.00	118.94	104.50	16652.00
chr10	93784512	93784724	212	212	59.00	96.00	81.05	85.00	17183.00
chr12	7289424	7290372	948	948	5.00	1195.00	318.05	16.00	301513.00
chr3	132387062	132387526	464	464	5.00	12.00	8.27	8.00	3839.00
chr16	2335442	2335647	205	205	244.00	438.00	342.80	356.00	70275.00
chr16	1794782	1797276	2494	2494	5.00	784.00	94.52	33.00	235735.00
chr16	3786036	3786204	168	168	123.00	175.00	146.42	144.50	24598.00
chr9	141131209	141131766	557	557	3.00	27.00	12.66	13.00	7051.00
chr14	92965028	92966015	987	987	11.00	39.00	21.04	20.00	20766.00
chr19	54692070	54692200	130	130	356.00	840.00	585.24	485.00	76081.00
chr15	43866006	43866230	224	224	138.00	218.00	174.25	171.00	39032.00
chr3	40231316	40231954	638	638	93.00	198.00	141.55	144.50	90309.00
chr3	50148937	50149455	518	518	11.00	36.00	20.33	19.00	10529.00
chr4	81117505	81117755	250	250	84.00	190.00	139.60	144.00	34900.00
chr10	46740404	46740638	234	234	1.00	17.00	10.06	10.00	2354.00
chr3	124210169	124210271	102	102	582.00	934.00	776.88	778.00	79242.00
chr11	107488830	107488932	102	102	530.00	602.00	565.68	565.00	57699.00
chr9	130591965	130592106	141	141	64.00	136.00	114.30	122.00	16117.00
chr1	20981932	20982027	95	95	415.00	540.00	478.77	482.00	45483.00
chr12	75875613	75875859	246	246	48.00	80.00	63.46	63.00	15611.00
chr22	32046684	32046764	80	80	137.00	219.00	186.00	198.00	14880.00
chr11	70331418	70331658	240	240	35.00	266.00	111.40	106.00	26737.00
chr14	51079976	51080069	93	93	636.00	782.00	708.43	701.00	65884.00
chr17	80041077	80041301	224	224	342.00	891.00	610.35	602.00	136719.00
chr7	158540884	158540971	87	87	199.00	313.00	248.72	247.00	21639.00
chr1	21553651	21553719	68	68	62.00	87.00	75.26	79.00	5118.00
chr2	219206256	219206349	93	93	162.00	194.00	178.78	177.00	16627.00
chr17	18444211	18445242	1031	1031	4.00	18.00	11.56	12.00	11922.00
chr12	57599340	57599460	120	120	224.00	267.00	243.03	244.00	29164.00
chr11	64417919	64418110	191	191	375.00	692.00	570.40	592.00	108946.00
chr19	3274926	3275650	724	724	4.00	37.00	20.16	22.00	14596.00
chr16	18532086	18532305	219	219	697.00	1416.00	1054.99	1017.00	231043.00
chr17	3776702	3776756	54	54	841.00	1142.00	1052.81	1071.00	56852.00
chr1	116932670	116933033	363	363	3.00	4542.00	2080.79	3215.00	755325.00
chr16	1505731	1505796	65	65	218.00	308.00	275.34	286.00	17897.00
chr1	9794029	9794200	171	171	3186.00	4493.00	3892.15	3900.00	665558.00
chr10	73579221	73579379	158	158	4207.00	6118.00	4997.22	4920.50	789561.00
chr11	6411684	6412146	462	462	67.00	252.00	158.39	163.00	73178.00
chr1	159163212	159163350	138	138	1618.00	2120.00	1775.66	1741.00	245041.00
chr16	1816723	1816804	81	81	608.00	793.00	700.38	696.00	56731.00
chr7	91722399	91722630	231	231	5.00	107.00	91.49	96.00	21135.00
chr7	44281816	44281939	123	123	1129.00	1511.00	1298.29	1300.00	159690.00
chr2	220467189	220467297	108	108	28.00	46.00	39.25	42.00	4239.00
chr16	4494664	4494729	65	65	267.00	341.00	314.75	320.00	20459.00
chr15	34681844	34681986	142	142	3.00	177.00	115.50	118.00	16401.00
chr9	139995935	139996124	189	189	129.00	261.00	197.51	206.00	37329.00
chr3	180324040	180324160	120	120	81.00	105.00	91.90	90.50	11028.00
chr3	42678359	42681242	2883	2883	30.00	134.00	72.36	71.00	208611.00
chr7	131812776	131815333	2557	2557	30.00	167.00	76.04	72.00	194437.00
chr20	1585387	1585522	135	135	32.00	749.00	371.21	358.00	50113.00
chr3	126751229	126751442	213	213	182.00	292.00	234.55	230.00	49960.00
chr15	63920875	63921014	139	139	162.00	284.00	215.89	222.00	30009.00
chr16	2040128	2040202	74	74	127.00	287.00	217.31	234.50	16081.00
chr9	74324174	74324390	216	216	40.00	57.00	49.07	49.00	10600.00
chr20	44521858	44521950	92	92	298.00	342.00	314.41	312.50	28926.00
chr9	139911647	139911798	151	151	386.00	510.00	440.60	436.00	66531.00
chr9	140055507	140055649	142	142	2513.00	4098.00	3244.48	2970.00	460716.00
chr12	120148055	120148191	136	136	200.00	261.00	227.31	226.00	30914.00
chr12	50474280	50474372	92	92	179.00	265.00	225.10	236.00	20709.00
chr15	63125702	63125828	126	126	230.00	399.00	295.55	294.00	37239.00
chr9	20907148	20907241	93	93	90.00	152.00	125.72	131.00	11692.00
chr16	87874655	87874761	106	106	238.00	401.00	316.82	290.50	33583.00
chr2	162833269	162833460	191	191	8.00	953.00	529.82	816.00	101195.00
chr8	11704560	11704677	117	117	1152.00	1618.00	1350.93	1319.00	158059.00
chr15	63926931	63927087	156	156	215.00	295.00	258.24	262.00	40285.00
chr6	31668718	31668805	87	87	216.00	281.00	243.09	236.00	21149.00
chr7	148910792	148910906	114	114	31.00	102.00	73.79	87.50	8412.00
chr14	42355808	42357213	1405	1405	73.00	259.00	139.76	136.00	196365.00
chr10	88678928	88679226	298	298	25.00	54.00	40.62	42.00	12104.00
chr3	140998219	140998346	127	127	77.00	115.00	96.51	97.00	12257.00
chr1	144859758	144859998	240	240	99.00	234.00	163.78	190.50	39308.00
chr9	96054772	96055455	683	683	95.00	396.00	217.06	214.00	148251.00
chr19	7604803	7604944	141	141	147.00	268.00	181.57	175.00	25602.00
chr12	30906277	30907432	1155	1155	9.00	116.00	39.20	30.00	45275.00
chr9	131112762	131112854	92	92	193.00	388.00	303.37	324.00	27910.00
chr20	61981328	61982379	1051	1051	81.00	190.00	129.00	128.00	135579.00
chr7	38431348	38431618	270	270	487.00	1040.00	676.59	611.50	182680.00
chr20	44521036	44521123	87	87	226.00	314.00	275.16	280.00	23939.00
chr11	64418726	64419108	382	382	250.00	631.00	431.36	405.50	164778.00
chr12	120148344	120150270	1926	1926	4.00	469.00	47.26	13.00	91026.00
chr12	6930971	6931066	95	95	52.00	824.00	470.92	492.00	44737.00
chr16	2339434	2339621	187	187	155.00	318.00	212.81	183.00	39796.00
chr2	27700083	27700187	104	104	72.00	105.00	85.52	83.00	8894.00
chr14	69805367	69805494	127	127	131.00	281.00	199.15	168.00	25292.00
chr12	9242497	9242619	122	122	183.00	274.00	234.10	240.50	28560.00
chr3	58256658	58256791	133	133	159.00	270.00	205.33	189.00	27309.00
chr10	79744927	79745098	171	171	114.00	209.00	152.30	142.00	26043.00
chr1	159161725	159161866	141	141	939.00	1653.00	1402.07	1520.00	197692.00
chr16	31085202	31085519	317	317	25.00	64.00	41.89	38.00	13280.00
chr1	171755018	171755218	200	200	93.00	139.00	117.86	120.00	23573.00
chr9	130988124	130989280	1156	1156	5.00	1964.00	236.99	32.00	273956.00
chr15	63127935	63127998	63	63	239.00	314.00	270.95	267.00	17070.00
chr19	1917676	1917821	145	145	11.00	335.00	210.81	224.00	30567.00
chr22	25315792	25315960	168	168	97.00	190.00	140.55	133.50	23613.00
chr2	207943790	207945085	1295	1295	32.00	104.00	65.86	64.00	85285.00
chr11	47330706	47330952	246	246	10.00	1026.00	460.25	15.00	113222.00
chr3	142743978	142746095	2117	2117	2.00	152.00	22.27	15.00	47155.00
chr7	44839492	44839694	202	202	18.00	28.00	23.28	24.00	4702.00
chr22	31688260	31688471	211	211	22.00	305.00	194.78	219.00	41098.00
chr11	66333492	66333638	146	146	680.00	1014.00	879.24	897.00	128369.00
chr9	131114916	131115026	110	110	351.00	437.00	392.97	393.00	43227.00
chr1	20206	21013	807	807	15.00	118.00	58.86	56.00	47496.00
chr11	108216469	108216635	166	166	48.00	82.00	60.51	58.00	10044.00
chr1	209778880	209779019	139	139	348.00	518.00	435.02	441.00	60468.00
chr1	202935876	202936026	150	150	261.00	449.00	325.65	310.50	48847.00
chr12	57600255	57600524	269	269	173.00	299.00	243.33	252.00	65456.00
chr19	15233503	15233615	112	112	66.00	99.00	82.73	86.00	9266.00
chr8	68115317	68115486	169	169	139.00	220.00	184.45	184.00	31172.00
chr19	13419229	13419342	113	113	86.00	129.00	117.74	121.00	13305.00
chr6	33266815	33267130	315	315	8.00	53.00	32.45	30.00	10221.00
chr16	89780611	89781646	1035	1035	6.00	50.00	23.57	21.00	24394.00
chr12	109964162	109964221	59	59	98.00	121.00	109.44	111.00	6457.00
chr22	24491893	24492045	152	152	61.00	146.00	95.60	94.50	14531.00
chr2	242592926	242593025	99	99	266.00	368.00	309.69	305.00	30659.00
chr1	21937944	21938074	130	130	814.00	1870.00	1440.18	1526.00	187224.00
chr2	223789173	223789313	140	140	403.00	523.00	449.06	444.00	62868.00
chr20	3772318	3772535	217	217	4.00	16.00	8.27	7.00	1794.00
chr16	18531918	18532001	83	83	883.00	1581.00	1292.87	1383.00	107308.00
chr1	43396296	43396537	241	241	137.00	224.00	176.17	169.00	42456.00
chr2	100037960	100038115	155	155	67.00	107.00	88.41	90.00	13703.00
chr16	1500497	1500770	273	273	10.00	246.00	117.10	134.00	31968.00
chr19	40876016	40876144	128	128	2056.00	2773.00	2354.95	2402.00	301434.00
chr5	168112691	168112932	241	241	41.00	75.00	55.59	52.00	13397.00
chr2	127825738	127825831	93	93	641.00	731.00	692.26	699.00	64380.00
chr1	19232015	19234990	2975	2975	16.00	225.00	61.28	53.00	182312.00
chr16	1391129	1391196	67	67	216.00	283.00	250.52	242.00	16785.00
chr6	33410665	33411689	1024	1024	25.00	728.00	365.17	327.00	373935.00
chr9	95872033	95872266	233	233	4.00	21.00	12.07	10.00	2813.00
chr1	53378627	53378839	212	212	6.00	20.00	12.80	11.00	2714.00
chr2	80531276	80531693	417	417	42.00	168.00	126.82	134.00	52885.00
chr7	44286718	44286791	73	73	1028.00	1224.00	1124.14	1133.00	82062.00
chr7	157369304	157369471	167	167	793.00	1046.00	912.16	912.00	152331.00
chr11	18755079	18755191	112	112	8.00	601.00	382.38	500.00	42827.00
chr6	86237979	86238080	101	101	258.00	332.00	298.08	299.00	30106.00
chr8	145000951	145001050	99	99	87.00	113.00	102.27	104.00	10125.00
chr19	45167680	45167966	286	286	13.00	35.00	22.13	21.00	6328.00
chr10	48930165	48930400	235	235	1.00	18.00	9.55	8.00	2245.00
chr16	87871450	87871547	97	97	270.00	358.00	318.57	324.00	30901.00
chr1	109815454	109815649	195	195	368.00	540.00	436.49	419.00	85116.00
chr1	208215442	208215711	269	269	84.00	170.00	119.95	107.00	32266.00
chr2	260866	261451	585	585	10.00	38.00	27.07	29.00	15838.00
chr5	180481266	180481724	458	458	2.00	20.00	9.62	8.00	4406.00
chr7	73119479	73119631	152	152	15.00	3306.00	1316.86	23.00	200163.00
chr15	34677248	34677358	110	110	145.00	247.00	192.16	179.00	21138.00
chr16	57687114	57687247	133	133	114.00	166.00	136.81	135.00	18196.00
chr15	50649406	50649592	186	186	12.00	27.00	20.30	21.00	3776.00
chr22	21071995	21072066	71	71	1963.00	2166.00	2057.08	2051.00	146053.00
chr5	179200882	179201561	679	679	12.00	52.00	35.75	36.00	24273.00
chr10	98763824	98763979	155	155	229.00	385.00	294.25	291.00	45609.00
chr14	102963315	102963457	142	142	118.00	213.00	143.53	130.00	20381.00
chr1	21932558	21933138	580	580	2.00	1338.00	266.41	19.00	154518.00
chr16	28118842	28118998	156	156	270.00	420.00	337.98	341.00	52725.00
chr1	241767561	241767881	320	320	98.00	201.00	152.26	158.50	48724.00
chr11	66812063	66812184	121	121	243.00	462.00	330.97	314.00	40047.00
chr11	12248571	12248678	107	107	667.00	881.00	771.54	784.00	82555.00
chr9	130588788	130588951	163	163	58.00	129.00	86.58	82.00	14113.00
chr22	21068915	21068988	73	73	1575.00	2149.00	1900.29	1938.00	138721.00
chr1	43424304	43424531	227	227	26.00	326.00	224.95	234.00	51064.00
chr14	105852021	105853670	1649	1649	19.00	212.00	42.14	37.00	69492.00
chr15	34823469	34823579	110	110	156.00	266.00	208.13	195.00	22894.00
chr11	171365	172282	917	917	3.00	35.00	20.15	22.00	18478.00
chr22	24493976	24494155	179	179	80.00	181.00	130.57	137.00	23372.00
chr15	79291060	79291167	107	107	612.00	722.00	669.82	667.00	71671.00
chr16	2145904	2146194	290	290	11.00	23.00	16.73	17.00	4853.00
chr9	131503050	131503166	116	116	608.00	749.00	684.94	684.50	79453.00
chr11	61301983	61302579	596	596	6.00	36.00	16.29	13.00	9709.00
chr22	25308609	25308719	110	110	96.00	130.00	112.80	116.00	12408.00
chr12	63977826	63979986	2160	2160	0.00	28.00	12.29	12.00	26557.00
chr19	46928844	46930933	2089	2089	31.00	747.00	321.72	318.00	672076.00
chr16	56969146	56969224	78	78	257.00	356.00	307.55	310.00	23989.00
chr17	40665787	40665996	209	209	8.00	2635.00	1018.76	1331.00	212921.00
chr9	131669435	131671600	2165	2165	135.00	420.00	236.20	214.00	511373.00
chr2	220164026	220164271	245	245	10.00	1472.00	459.31	19.00	112530.00
chr19	7589846	7590052	206	206	114.00	217.00	148.52	142.50	30596.00
chr6	91260186	91260268	82	82	115.00	152.00	129.66	127.00	10632.00
chr9	124543742	124543830	88	88	281.00	448.00	362.45	362.00	31896.00
chr12	54071005	54071170	165	165	6.00	32.00	20.09	19.00	3315.00
chr2	40443	41212	769	769	23.00	73.00	46.65	49.00	35873.00
chr11	67852159	67852747	588	588	10.00	43.00	24.40	23.00	14347.00
chr8	8233762	8234810	1048	1048	25.00	118.00	65.54	62.00	68689.00
chr2	175671113	175672148	1035	1035	3.00	23.00	11.80	12.00	12217.00
chr7	138984922	138985438	516	516	9.00	24.00	13.51	12.00	6970.00
chr22	40816850	40817104	254	254	165.00	332.00	237.30	226.00	60275.00
chr19	14263120	14263249	129	129	321.00	591.00	439.67	426.00	56718.00
chr19	16962222	16962345	123	123	207.00	435.00	334.72	350.00	41171.00
chr1	109813838	109813918	80	80	230.00	361.00	275.34	257.00	22027.00
chr3	49898148	49898562	414	414	8.00	1615.00	730.90	1225.00	302594.00
chr17	17131202	17131510	308	308	9.00	186.00	117.44	106.00	36170.00
chr1	21936067	21936139	72	72	482.00	765.00	617.47	635.00	44458.00
chr3	130424404	130424615	211	211	98.00	132.00	116.63	117.00	24609.00
chr12	56532710	56532797	87	87	100.00	126.00	114.33	117.00	9947.00
chr16	29888591	29888788	197	197	574.00	1186.00	862.47	869.00	169906.00
chr2	114394588	114396196	1608	1608	2.00	102.00	22.64	20.00	36407.00
chr3	124180736	124180803	67	67	601.00	668.00	631.70	631.00	42324.00
chr9	111798485	111798660	175	175	144.00	207.00	171.26	171.00	29970.00
chr10	73847897	73848372	475	475	44.00	2374.00	979.32	952.00	465178.00
chr22	21075585	21075706	121	121	1087.00	2099.00	1779.35	1885.00	215301.00
chr22	20920753	20921104	351	351	49.00	202.00	123.40	140.00	43313.00
chr9	140953020	140953185	165	165	103.00	241.00	172.32	160.00	28433.00
chr22	41620970	41621075	105	105	142.00	170.00	156.93	157.00	16478.00
chr11	6243671	6243839	168	168	78.00	105.00	90.80	90.00	15255.00
chr15	74704225	74704353	128	128	187.00	302.00	258.77	274.00	33123.00
chr3	48719780	48719985	205	205	198.00	297.00	240.36	234.00	49274.00
chr1	222833247	222833348	101	101	93.00	182.00	140.47	138.00	14187.00
chr1	6583675	6584824	1149	1149	18.00	86.00	52.70	51.00	60548.00
chr11	126135857	126135976	119	119	342.00	474.00	395.60	381.00	47076.00
chr8	75156763	75157410	647	647	52.00	105.00	78.40	77.00	50722.00
chr15	83345212	83345389	177	177	274.00	366.00	325.47	326.00	57608.00
chr14	68031638	68032561	923	923	8.00	45.00	26.01	27.00	24006.00
chr19	42479780	42479949	169	169	3256.00	5578.00	4326.53	4360.00	731183.00
chr16	31503329	31503407	78	78	272.00	381.00	322.87	318.50	25184.00
chr17	1564564	1564700	136	136	262.00	443.00	332.07	303.50	45162.00
chr16	58717858	58718082	224	224	56.00	94.00	73.44	73.00	16450.00
chr14	71575320	71575763	443	443	62.00	116.00	83.09	79.00	36810.00
chr1	202934498	202934628	130	130	176.00	373.00	247.98	228.00	32238.00
chr7	73118477	73118586	109	109	1484.00	1860.00	1660.87	1652.00	181035.00
chr19	13365908	13366073	165	165	85.00	147.00	107.82	103.00	17790.00
chr10	102265117	102265958	841	841	16.00	49.00	27.93	26.00	23491.00
chr9	139983320	139983457	137	137	156.00	247.00	200.11	193.00	27415.00
chr18	29206245	29206347	102	102	208.00	291.00	243.18	240.50	24804.00
chr12	120578662	120578827	165	165	69.00	90.00	78.27	78.00	12914.00
chr5	757516	758226	710	710	9.00	41.00	18.97	16.00	13470.00
chr8	21632483	21632567	84	84	117.00	188.00	156.63	166.00	13157.00
chr4	54011499	54011749	250	250	67.00	98.00	84.02	85.00	21006.00
chr8	141680613	141681365	752	752	6.00	70.00	38.94	34.00	29284.00
chr11	57367351	57367850	499	499	19.00	92.00	49.56	41.00	24729.00
chr12	63980009	63980784	775	775	1.00	16.00	9.33	10.00	7232.00
chr9	140057042	140057203	161	161	8.00	2323.00	1955.70	2115.00	314868.00
chr2	7055953	7056098	145	145	66.00	93.00	80.37	80.00	11654.00
chr12	52387768	52389043	1275	1275	41.00	800.00	301.56	264.00	384486.00
chr19	50104931	50105175	244	244	29.00	164.00	71.35	44.50	17409.00
chr19	5218430	5218543	113	113	506.00	740.00	662.22	675.00	74831.00
chr16	29898969	29899138	169	169	565.00	755.00	636.88	612.00	107632.00
chr7	99030900	99031041	141	141	51.00	72.00	62.97	65.00	8879.00
chr17	36692926	36693212	286	286	8.00	17.00	12.46	12.00	3564.00
chr15	73857770	73859335	1565	1565	8.00	81.00	43.06	44.00	67391.00
chr6	44104085	44104176	91	91	296.00	497.00	394.03	403.00	35857.00
chr1	21938518	21938602	84	84	907.00	1196.00	1063.25	1066.00	89313.00
chr19	13423482	13423595	113	113	63.00	102.00	84.99	88.00	9604.00
chr16	70292882	70293089	207	207	959.00	1413.00	1172.75	1157.00	242760.00
chr18	61060641	61060782	141	141	117.00	163.00	143.94	144.00	20295.00
chr16	22269814	22270016	202	202	20.00	34.00	27.48	28.00	5551.00
chr1	21554423	21554534	111	111	44.00	70.00	57.20	55.00	6349.00
chr9	140057255	140057455	200	200	22.00	2754.00	1823.53	2253.00	364706.00
chr7	1488255	1488397	142	142	22.00	37.00	30.39	31.00	4315.00
chr14	100166351	100166438	87	87	720.00	849.00	771.38	759.00	67110.00
chr9	101065522	101065705	183	183	663.00	1021.00	863.85	879.00	158085.00
chr5	68411752	68412041	289	289	47.00	118.00	89.04	97.00	25734.00
chr1	2452539	2452754	215	215	111.00	251.00	169.20	168.00	36378.00
chr1	21564626	21564737	111	111	65.00	83.00	70.85	70.00	7864.00
chr13	42037713	42039066	1353	1353	7.00	39.00	22.85	22.00	30915.00
chr2	114350236	114350443	207	207	3.00	56.00	29.82	30.00	6173.00
chr1	21939668	21939722	54	54	988.00	1174.00	1080.91	1075.00	58369.00
chr9	139353895	139354007	112	112	73.00	104.00	89.30	89.00	10002.00
chr7	102176367	102176618	251	251	6.00	42.00	25.26	24.00	6341.00
chr3	51411753	51412018	265	265	2.00	391.00	140.55	4.00	37245.00
chr17	73888091	73888266	175	175	25.00	54.00	42.43	46.00	7426.00
chr13	103297258	103297435	177	177	1.00	124.00	61.86	95.00	10949.00
chr15	63922664	63922834	170	170	207.00	335.00	276.91	283.00	47074.00
chr3	33400774	33400849	75	75	293.00	406.00	341.68	327.00	25626.00
chr22	50671744	50671955	211	211	58.00	84.00	71.92	72.00	15176.00
chr1	21190968	21191205	237	237	327.00	476.00	410.98	413.00	97402.00
chr5	14481649	14481727	78	78	246.00	314.00	282.10	282.00	22004.00
chr15	101605556	101606410	854	854	28.00	69.00	43.44	41.00	37102.00
chr17	80040402	80040554	152	152	350.00	613.00	453.46	413.50	68926.00
chr2	132269293	132270897	1604	1604	5.00	58.00	29.58	29.00	47454.00
chr11	1778553	1778786	233	233	1388.00	2223.00	1789.55	1759.00	416966.00
chr11	1469616	1469808	192	192	6.00	16.00	10.58	11.00	2032.00
chr12	120138549	120138630	81	81	238.00	299.00	277.40	277.00	22469.00
chr7	901016	901101	85	85	199.00	317.00	261.34	267.00	22214.00
chr19	13372263	13372424	161	161	107.00	169.00	139.09	142.00	22393.00
chr17	40843154	40843311	157	157	414.00	651.00	499.88	494.00	78481.00
chr17	80039476	80039719	243	243	329.00	496.00	402.12	401.00	97714.00
chr17	16681109	16687365	6256	6256	0.00	66.00	23.97	23.00	149964.00
chr1	116935475	116935610	135	135	3002.00	4116.00	3476.44	3362.00	469320.00
chr6	128294808	128294972	164	164	178.00	274.00	237.98	240.00	39029.00
chr5	109189927	109190617	690	690	3.00	23.00	13.71	14.00	9459.00
chr15	40757533	40757634	101	101	34.00	138.00	110.57	115.00	11168.00
chr2	220164706	220164981	275	275	1017.00	2836.00	1791.16	1778.00	492568.00
chr3	164905164	164908639	3475	3475	19.00	159.00	82.19	80.00	285611.00
chr11	60699157	60699356	199	199	154.00	797.00	573.13	543.00	114052.00
chr2	96680301	96680717	416	416	4.00	25.00	12.61	12.00	5245.00
chr17	40845314	40845554	240	240	440.00	645.00	518.88	495.00	124530.00
chr12	125264513	125265391	878	878	18.00	61.00	36.27	35.00	31846.00
chr1	156623704	156624158	454	454	14.00	35.00	21.93	21.00	9955.00
chr6	108370456	108370622	166	166	134.00	198.00	168.71	165.00	28006.00
chr11	19180486	19180587	101	101	55.00	65.00	60.78	61.00	6139.00
chr19	42489069	42489338	269	269	1305.00	2736.00	2101.59	2182.00	565327.00
chr2	198274493	198274731	238	238	191.00	365.00	282.14	283.50	67149.00
chr6	47220991	47221257	266	266	241.00	527.00	342.47	300.50	91098.00
chr19	40872679	40872822	143	143	2869.00	5191.00	4336.38	4400.00	620102.00
chr19	54693278	54693627	349	349	23.00	247.00	124.34	113.00	43393.00
chr12	81929	82174	245	245	7.00	44.00	26.27	26.00	6435.00
chr21	45513943	45514114	171	171	100.00	159.00	138.28	141.00	23646.00
chr3	124201630	124201747	117	117	5.00	1107.00	811.56	1042.00	94952.00
chr17	79805118	79805223	105	105	527.00	651.00	573.01	568.00	60166.00
chr20	46307419	46307548	129	129	146.00	247.00	172.79	166.00	22290.00
chr17	38187790	38187873	83	83	170.00	266.00	205.40	193.00	17048.00
chr2	207452814	207452878	64	64	591.00	774.00	678.97	685.00	43454.00
chr17	45695715	45695823	108	108	596.00	696.00	645.77	645.50	69743.00
chr7	44283023	44283126	103	103	990.00	1166.00	1092.89	1102.00	112568.00
chr20	62274975	62275284	309	309	7.00	3950.00	1852.17	2626.00	572319.00
chr11	108202605	108202764	159	159	47.00	73.00	62.44	63.00	9928.00
chr9	140051314	140051489	175	175	1157.00	1736.00	1389.93	1380.00	243238.00
chr22	45574118	45574781	663	663	90.00	233.00	152.38	155.00	101028.00
chr15	79312382	79312446	64	64	366.00	487.00	411.48	402.50	26335.00
chr1	21940120	21940199	79	79	953.00	1064.00	1015.42	1023.00	80218.00
chr17	3775847	3775921	74	74	783.00	1164.00	1024.01	1061.50	75777.00
chr7	73133931	73134019	88	88	41.00	2831.00	999.51	674.50	87957.00
chr11	72292920	72292991	71	71	848.00	1027.00	909.18	902.00	64552.00
chr7	43547616	43547730	114	114	178.00	260.00	216.32	218.00	24661.00
chr16	58713760	58714145	385	385	40.00	93.00	63.25	64.00	24350.00
chr22	21083600	21083794	194	194	1186.00	1976.00	1567.36	1611.50	304067.00
chr11	66457275	66457414	139	139	555.00	941.00	687.57	675.00	95572.00
chr15	91561034	91561115	81	81	51.00	72.00	60.74	60.00	4920.00
chr11	2968525	2969001	476	476	4.00	26.00	13.91	14.00	6619.00
chr19	34869838	34869910	72	72	2209.00	2738.00	2477.28	2496.50	178364.00
chr9	121970996	121971219	223	223	492.00	653.00	568.73	571.00	126827.00
chr3	47449772	47449980	208	208	6.00	117.00	75.33	97.50	15668.00
chr12	57601820	57601999	179	179	204.00	539.00	370.43	362.00	66307.00
chr16	2345590	2345741	151	151	310.00	368.00	341.23	344.00	51525.00
chr12	50471782	50471910	128	128	154.00	236.00	197.66	201.00	25301.00
chr1	109814221	109814344	123	123	480.00	664.00	582.76	583.00	71680.00
chr19	16942304	16942458	154	154	155.00	258.00	215.36	225.00	33166.00
chr11	66333301	66333398	97	97	762.00	917.00	820.11	808.00	79551.00
chr5	74026084	74026223	139	139	197.00	256.00	228.36	228.00	31742.00
chr5	68417520	68417722	202	202	91.00	136.00	112.70	113.00	22766.00
chr19	15272262	15272525	263	263	13.00	40.00	27.34	28.00	7190.00
chr3	45872404	45872482	78	78	253.00	315.00	276.47	279.50	21565.00
chr7	73123374	73123452	78	78	2862.00	3704.00	3417.51	3532.00	266566.00
chr5	14498197	14498360	163	163	216.00	325.00	263.36	262.00	42927.00
chr14	93180167	93180230	63	63	220.00	329.00	276.27	276.00	17405.00
chr9	130984739	130984875	136	136	2024.00	3210.00	2672.01	2642.00	363394.00
chr13	31216764	31216894	130	130	51.00	71.00	61.76	61.00	8029.00
chr12	112614399	112614506	107	107	116.00	269.00	234.78	236.00	25121.00
chr12	57602865	57602982	117	117	335.00	549.00	436.03	429.00	51016.00
chr14	72976861	72976987	126	126	187.00	267.00	219.60	211.50	27670.00
chr1	155209406	155209553	147	147	180.00	304.00	220.47	198.00	32409.00
chr10	49633930	49634113	183	183	263.00	336.00	299.48	295.00	54804.00
chr16	84100093	84100218	125	125	266.00	341.00	317.88	320.00	39735.00
chr1	155207924	155208097	173	173	203.00	291.00	231.95	229.00	40127.00
chr12	2786898	2787033	135	135	49.00	85.00	66.26	67.00	8945.00
chr2	233755457	233756197	740	740	18.00	1485.00	247.89	33.00	183441.00
chr14	60631894	60632099	205	205	149.00	404.00	293.48	321.00	60164.00
chr1	11151549	11151654	105	105	124.00	149.00	134.87	135.00	14161.00
chr4	134076071	134076178	107	107	366.00	472.00	430.25	430.00	46037.00
chr15	91420364	91420441	77	77	344.00	412.00	367.81	363.00	28321.00
chr5	114961533	114961755	222	222	15.00	137.00	90.91	91.00	20183.00
chr16	1814047	1814211	164	164	5.00	802.00	347.27	512.50	56953.00
chr18	44250463	44252581	2118	2118	37.00	268.00	138.21	135.00	292733.00
chr6	158049380	158049518	138	138	97.00	152.00	124.85	123.00	17229.00
chr19	7675585	7675679	94	94	74.00	105.00	92.45	94.00	8690.00
chr13	99461604	99461719	115	115	2.00	440.00	282.50	275.00	32488.00
chr11	130010829	130011467	638	638	2.00	3552.00	369.57	14.00	235784.00
chr11	107526658	107526792	134	134	700.00	933.00	842.31	846.50	112870.00
chr16	1391294	1391490	196	196	172.00	274.00	210.53	203.00	41263.00
chr1	38182716	38184158	1442	1442	14.00	154.00	79.70	79.00	114930.00
chr5	179231023	179231323	300	300	6.00	19.00	12.53	12.00	3758.00
chr14	69814593	69814719	126	126	189.00	246.00	223.94	226.00	28217.00
chr14	69349174	69349309	135	135	415.00	526.00	453.04	450.00	61160.00
chr19	7614792	7614998	206	206	204.00	348.00	294.10	292.00	60585.00
chr1	228270375	228270466	91	91	29.00	3162.00	1060.60	494.00	96515.00
chr1	38186022	38186315	293	293	1.00	69.00	38.47	51.00	11271.00
chr13	77641715	77641999	284	284	399.00	640.00	497.56	477.50	141308.00
chr14	100157417	100157498	81	81	293.00	549.00	388.77	326.00	31490.00
chr13	32978280	32979333	1053	1053	9.00	133.00	32.70	24.00	34431.00
chr12	7301567	7301794	227	227	963.00	1401.00	1177.35	1139.00	267259.00
chr9	123583116	123583257	141	141	58.00	87.00	70.63	71.00	9959.00
chr17	26883183	26883284	101	101	136.00	227.00	177.28	169.00	17905.00
chr12	6972993	6973137	144	144	414.00	550.00	479.67	476.50	69072.00
chr20	34322310	34322637	327	327	2.00	19.00	9.47	9.00	3096.00
chr19	7606407	7606570	163	163	153.00	240.00	188.56	189.00	30735.00
chr16	2333186	2333373	187	187	7.00	475.00	351.27	382.00	65687.00
chr12	113825548	113825711	163	163	162.00	400.00	288.40	295.00	47010.00
chr7	4802013	4807749	5736	5736	17.00	190.00	78.49	70.00	450240.00
chr1	43394880	43394985	105	105	226.00	290.00	258.01	262.00	27091.00
chr19	4554399	4554488	89	89	646.00	1015.00	830.21	875.00	73889.00
chr16	31719139	31719372	233	233	20.00	31.00	25.35	25.00	5907.00
chr5	134060669	134061744	1075	1075	17.00	73.00	36.23	33.00	38951.00
chr1	202936318	202936371	53	53	25.00	289.00	175.85	256.00	9320.00
chr2	220087366	220087615	249	249	305.00	459.00	359.67	360.00	89557.00
chr2	36764494	36764689	195	195	111.00	217.00	153.24	142.00	29882.00
chr7	43519208	43519343	135	135	163.00	329.00	258.07	262.00	34840.00
chr10	51249585	51249993	408	408	1.00	20.00	13.07	15.00	5332.00
chr6	32123647	32123755	108	108	161.00	212.00	184.76	182.00	19954.00
chr3	118624442	118624692	250	250	4.00	74.00	36.99	10.00	9247.00
chr1	190129797	190130020	223	223	78.00	138.00	112.61	118.00	25113.00
chr9	131004491	131004624	133	133	10.00	3368.00	2604.26	2959.00	346367.00
chr22	33679187	33679334	147	147	365.00	500.00	429.24	432.00	63098.00
chr15	74709931	74710016	85	85	229.00	432.00	304.02	266.00	25842.00
chr7	6470110	6470238	128	128	61.00	77.00	67.96	68.00	8699.00
chr1	6640600	6641359	759	759	16.00	75.00	39.74	36.00	30162.00
chr16	31510622	31510728	106	106	258.00	310.00	287.36	288.00	30460.00
chr4	103710287	103711803	1516	1516	14.00	48.00	30.55	30.00	46315.00
chr19	2862339	2862746	407	407	4.00	15.00	9.71	11.00	3950.00
chr2	15467873	15467994	121	121	51.00	77.00	63.15	64.00	7641.00
chr2	36780721	36781492	771	771	2.00	28.00	11.88	10.00	9159.00
chr10	81070680	81070941	261	261	61.00	140.00	85.43	78.00	22297.00
chr2	217234866	217235986	1120	1120	49.00	202.00	115.53	107.00	129391.00
chr10	93786348	93786508	160	160	53.00	182.00	107.16	107.00	17145.00
chr17	20268785	20269076	291	291	2.00	15.00	7.45	6.00	2169.00
chr9	131002006	131002062	56	56	2.00	2958.00	2614.14	2832.00	146392.00
chr1	155208307	155208441	134	134	274.00	384.00	320.49	316.00	42945.00
chr2	162833877	162834373	496	496	6.00	882.00	77.55	12.00	38466.00
chr9	35799614	35799728	114	114	42.00	53.00	48.21	48.00	5496.00
chr20	62517856	62519234	1378	1378	12.00	307.00	59.92	55.00	82575.00
chr22	35942847	35943127	280	280	84.00	335.00	226.32	251.50	63371.00
chr13	26436438	26436546	108	108	94.00	137.00	115.50	118.50	12474.00
chr14	69371371	69371453	82	82	295.00	465.00	381.09	397.00	31249.00
chr7	44031274	44031581	307	307	2.00	23.00	9.68	4.00	2973.00
chr11	12274988	12275291	303	303	10.00	31.00	21.01	22.00	6365.00
chr5	1334403	1334498	95	95	206.00	308.00	261.18	256.00	24812.00
chr19	34868639	34868786	147	147	2814.00	4150.00	3518.71	3637.00	517250.00
chr16	1815960	1816143	183	183	457.00	726.00	570.49	571.00	104400.00
chr10	73578787	73578868	81	81	4516.00	5928.00	5141.49	5088.00	416461.00
chr17	37420427	37420640	213	213	33.00	60.00	45.04	44.00	9594.00
chr5	60835422	60835586	164	164	45.00	64.00	52.85	51.00	8668.00
chr15	79296143	79296517	374	374	502.00	782.00	609.56	593.00	227977.00
chr19	13039568	13039661	93	93	744.00	1201.00	1000.15	1059.00	93014.00
chr12	49421585	49421713	128	128	115.00	185.00	147.40	138.00	18867.00
chr1	1661057	1662583	1526	1526	12.00	330.00	109.63	77.00	167300.00
chr2	207457340	207457460	120	120	620.00	860.00	733.21	747.00	87985.00
chr11	64542462	64543441	979	979	10.00	35.00	20.80	20.00	20364.00
chr20	61910250	61910347	97	97	210.00	250.00	230.61	232.00	22369.00
chr11	62394042	62394156	114	114	333.00	442.00	378.51	370.50	43150.00
chr5	37301538	37301652	114	114	39.00	55.00	46.01	46.50	5245.00
chr16	4733843	4733933	90	90	224.00	352.00	300.28	312.50	27025.00
chr15	43693913	43694048	135	135	71.00	126.00	101.76	107.00	13738.00
chr11	18764538	18764622	84	84	324.00	433.00	398.93	414.00	33510.00
chr17	57842331	57842499	168	168	267.00	359.00	309.28	304.00	51959.00
chr9	96076729	96078064	1335	1335	4.00	47.00	20.24	19.00	27024.00
chr11	12246219	12246367	148	148	471.00	610.00	528.51	528.00	78220.00
chr12	7030743	7031565	822	822	5.00	6928.00	2447.70	19.00	2012012.00
chr3	14523178	14523349	171	171	27.00	55.00	42.55	43.00	7276.00
chr5	758508	759483	975	975	9.00	47.00	19.29	17.00	18803.00
chr12	22635490	22635677	187	187	106.00	134.00	120.37	121.00	22509.00
chr5	14479369	14479459	90	90	249.00	345.00	264.43	261.50	23799.00
chr6	143655214	143656079	865	865	0.00	21.00	5.66	3.00	4892.00
chr7	75508360	75508578	218	218	312.00	1850.00	1403.51	1488.50	305965.00
chr11	60697981	60698131	150	150	276.00	423.00	338.93	332.00	50839.00
chr1	151400598	151400889	291	291	82.00	257.00	161.78	165.00	47077.00
chr5	172196431	172197309	878	878	20.00	475.00	152.06	63.00	133505.00
chr3	49152660	49152794	134	134	92.00	126.00	108.80	108.50	14579.00
chr7	5518281	5519950	1669	1669	41.00	219.00	97.98	93.00	163532.00
chr17	16691106	16691449	343	343	1.00	52.00	15.97	14.00	5479.00
chr2	220086993	220087172	179	179	321.00	438.00	388.84	399.00	69602.00
chr10	51746916	51748006	1090	1090	5.00	82.00	27.55	24.00	30028.00
chr12	7302118	7302289	171	171	1159.00	1420.00	1284.34	1283.00	219622.00
chr11	59562844	59562955	111	111	35.00	103.00	75.28	87.00	8356.00
chr12	6100984	6101184	200	200	22.00	47.00	32.64	33.00	6528.00
chr19	5683274	5683627	353	353	11.00	31.00	22.62	25.00	7984.00
chr12	2786259	2786387	128	128	39.00	79.00	56.03	52.00	7172.00
chr15	26812727	26812880	153	153	436.00	894.00	589.99	568.00	90269.00
chr1	149007980	149008798	818	818	1.00	36.00	13.78	12.00	11273.00
chr19	54965608	54965861	253	253	97.00	203.00	137.99	136.00	34911.00
chr8	27293259	27293310	51	51	447.00	575.00	516.04	517.00	26318.00
chr15	23014437	23014528	91	91	201.00	331.00	254.65	234.00	23173.00
chr1	111717500	111717585	85	85	120.00	245.00	181.78	170.00	15451.00
chr6	150157220	150157433	213	213	355.00	602.00	511.58	517.00	108967.00
chr13	114566547	114566670	123	123	44.00	236.00	119.99	100.00	14759.00
chr16	58539291	58539605	314	314	6.00	40.00	24.10	22.00	7566.00
chr1	21936612	21936768	156	156	670.00	1834.00	1139.01	1108.00	177685.00
chr1	17322880	17322991	111	111	435.00	821.00	643.51	729.00	71430.00
chr11	60699455	60699599	144	144	502.00	825.00	698.29	745.50	100554.00
chr5	6749669	6749770	101	101	78.00	123.00	100.87	98.00	10188.00
chr16	2156805	2156949	144	144	189.00	277.00	235.78	240.50	33953.00
chr15	34690834	34690930	96	96	40.00	71.00	59.00	62.00	5664.00
chr3	11074933	11075425	492	492	4.00	664.00	125.54	19.00	61767.00
chr5	74655222	74655381	159	159	279.00	512.00	365.07	340.00	58046.00
chr20	20022968	20023160	192	192	104.00	198.00	146.63	139.00	28153.00
chr2	39055481	39055578	97	97	42.00	60.00	49.55	50.00	4806.00
chr19	16793231	16793528	297	297	3.00	570.00	147.95	14.00	43941.00
chr2	219205450	219205509	59	59	180.00	199.00	189.56	189.00	11184.00
chr17	74087429	74087729	300	300	11.00	38.00	23.96	22.00	7189.00
chr3	184058150	184060036	1886	1886	6.00	1403.00	207.89	50.00	392085.00
chr6	90333128	90333263	135	135	107.00	155.00	139.14	143.00	18784.00
chr12	125267019	125267429	410	410	19.00	75.00	40.31	31.50	16527.00
chr1	207942580	207943104	524	524	8.00	96.00	61.09	65.00	32010.00
chr4	89356876	89357043	167	167	72.00	109.00	95.43	97.00	15936.00
chr7	101995498	101995736	238	238	7.00	44.00	19.17	19.00	4563.00
chr3	11067458	11067562	104	104	571.00	886.00	752.29	749.50	78238.00
chr5	95734582	95734740	158	158	300.00	399.00	354.09	362.00	55947.00
chr6	152529106	152529341	235	235	157.00	258.00	219.60	224.00	51605.00
chr5	102295578	102295763	185	185	259.00	387.00	335.56	341.00	62078.00
chr22	21072980	21073110	130	130	1330.00	2145.00	1686.92	1800.00	219299.00
chr12	121855306	121855714	408	408	158.00	390.00	217.18	207.00	88609.00
chr1	160326389	160326544	155	155	130.00	250.00	204.58	211.00	31710.00
chr11	60670930	60671007	77	77	519.00	584.00	549.56	550.00	42316.00
chr17	79804822	79804948	126	126	623.00	827.00	722.60	708.50	91048.00
chr16	18527204	18527332	128	128	981.00	1271.00	1141.15	1152.50	146067.00
chr16	16372518	16372646	128	128	1058.00	1353.00	1220.33	1236.50	156202.00
chr2	32750530	32750695	165	165	53.00	81.00	64.25	64.00	10601.00
chr14	69369193	69369279	86	86	426.00	545.00	478.03	469.50	41111.00
chr7	66418212	66418356	144	144	264.00	348.00	301.99	298.00	43487.00
chr6	44107988	44108097	109	109	231.00	313.00	278.70	281.00	30378.00
chr7	70885893	70886091	198	198	597.00	1627.00	958.98	740.50	189878.00
chr8	27295281	27295397	116	116	417.00	530.00	480.84	486.50	55778.00
chr7	73122918	73123018	100	100	2852.00	3492.00	3185.50	3214.50	318550.00
chr15	34698874	34699071	197	197	31.00	87.00	60.83	59.00	11984.00
chr8	22009343	22009513	170	170	499.00	889.00	658.37	634.00	111923.00
chr7	1526557	1526737	180	180	71.00	174.00	119.46	123.00	21502.00
chr5	178053946	178054065	119	119	12.00	249.00	131.34	121.00	15630.00
chr12	6103027	6103369	342	342	25.00	46.00	35.86	38.00	12263.00
chr2	3479491	3480482	991	991	5.00	29.00	16.60	16.00	16450.00
chr3	33883388	33883566	178	178	184.00	264.00	229.97	231.50	40935.00
chr19	11019778	11019883	105	105	211.00	325.00	270.16	284.00	28367.00
chr7	98446205	98446318	113	113	1862.00	4130.00	2991.09	2637.00	337993.00
chr8	106813274	106813932	658	658	25.00	58.00	38.93	38.00	25613.00
chr2	223795338	223795530	192	192	715.00	1124.00	881.34	851.00	169218.00
chr7	75511146	75511554	408	408	1035.00	2479.00	1612.99	1579.00	658099.00
chr21	40184926	40185038	112	112	247.00	481.00	403.06	452.00	45143.00
chr19	53383575	53385236	1661	1661	10.00	55.00	32.03	32.00	53198.00
chr19	14208130	14208295	165	165	5.00	899.00	601.01	779.00	99166.00
chr15	91461013	91461618	605	605	14.00	512.00	142.43	32.00	86168.00
chr8	145278010	145278133	123	123	54.00	73.00	63.59	64.00	7821.00
chr16	28132990	28133083	93	93	228.00	334.00	281.24	278.00	26155.00
chr11	125280091	125280221	130	130	141.00	213.00	168.70	163.50	21931.00
chr15	63128089	63128317	228	228	73.00	383.00	277.19	316.00	63200.00
chr9	131181435	131181557	122	122	17.00	933.00	740.51	797.50	90342.00
chr19	3281196	3281343	147	147	455.00	622.00	550.04	566.00	80856.00
chr11	6240200	6240280	80	80	73.00	97.00	86.88	88.00	6950.00
chr20	31019123	31019287	164	164	60.00	81.00	69.90	70.00	11463.00
chr6	46825865	46827260	1395	1395	32.00	97.00	65.86	65.00	91871.00
chr12	1672006	1672666	660	660	21.00	111.00	52.04	46.00	34348.00
chr12	9098824	9099001	177	177	342.00	459.00	397.02	395.00	70272.00
chr7	121738503	121738630	127	127	19.00	34.00	25.33	25.00	3217.00
chr19	40875814	40875935	121	121	1892.00	2330.00	2068.79	2032.00	250323.00
chr20	3581592	3581671	79	79	159.00	221.00	190.95	192.00	15085.00
chr17	7226965	7227042	77	77	103.00	134.00	118.39	121.00	9116.00
chr2	74331800	74332809	1009	1009	23.00	102.00	49.21	46.00	49652.00
chr1	209785136	209785610	474	474	8.00	461.00	328.70	370.00	155803.00
chr9	35546426	35548532	2106	2106	207.00	630.00	331.66	319.00	698469.00
chr17	80040198	80040290	92	92	360.00	415.00	388.36	392.50	35729.00
chr11	73074791	73075284	493	493	7.00	239.00	74.91	11.00	36929.00
chr20	44674976	44675075	99	99	570.00	676.00	628.10	624.00	62182.00
chr20	5892091	5892328	237	237	181.00	879.00	589.96	643.00	139820.00
chr17	20316581	20317594	1013	1013	2.00	30.00	12.42	11.00	12580.00
chr12	99478702	99478801	99	99	299.00	372.00	331.38	328.00	32807.00
chr17	40842756	40842960	204	204	606.00	840.00	726.16	714.50	148137.00
chr11	107501142	107501288	146	146	499.00	762.00	619.41	613.00	90434.00
chr11	85429236	85429532	296	296	7.00	92.00	39.99	39.00	11837.00
chr20	9449217	9449319	102	102	81.00	108.00	98.99	99.50	10097.00
chr14	23371395	23371591	196	196	163.00	304.00	246.62	247.50	48338.00
chr7	716865	716957	92	92	2919.00	3935.00	3571.09	3609.00	328540.00
chr10	48862360	48862682	322	322	5.00	584.00	339.75	411.00	109398.00
chr10	68686678	68688210	1532	1532	90.00	232.00	136.90	131.00	209724.00
chr5	179674854	179674926	72	72	517.00	665.00	583.40	595.00	42005.00
chr1	209773327	209773456	129	129	349.00	471.00	417.36	429.00	53839.00
chr17	45691034	45691091	57	57	625.00	738.00	690.21	696.00	39342.00
chr1	19669871	19670118	247	247	12.00	29.00	21.85	21.00	5397.00
chr17	45664025	45664710	685	685	3.00	674.00	98.65	16.00	67572.00
chr19	2337634	2338840	1206	1206	7.00	80.00	22.61	19.00	27270.00
chr8	22011480	22011552	72	72	689.00	815.00	755.38	742.50	54387.00
