#chrom	start	end	size	num_data	min	max	mean	median	sum
chr12	1940100	1940691	591	591	32.00	88.00	55.87	54.00	33022.00
chr1	27480473	27481381	908	908	12.00	39.00	28.13	28.00	25544.00
chr15	63112684	63112809	125	125	254.00	370.00	313.99	320.00	39249.00
chr5	149231737	149232254	517	517	1.00	19.00	9.87	10.00	5104.00
chr5	140865429	140867182	1753	1753	6.00	49.00	23.23	22.00	40716.00
chr1	32209793	32209958	165	165	119.00	236.00	171.64	170.00	28321.00
chr16	87873307	87873431	124	124	66.00	140.00	93.44	88.00	11587.00
chr17	34157438	34158175	737	737	0.00	10.00	4.15	4.00	3058.00
chr2	127815619	127816088	469	469	3.00	23.00	14.43	15.00	6768.00
chr1	208212965	208213112	147	147	47.00	107.00	78.77	82.00	11579.00
chr22	19703883	19704666	783	783	4.00	27.00	12.96	12.00	10151.00
chr16	87872319	87872423	104	104	76.00	110.00	93.79	93.50	9754.00
chr9	140055740	140055868	128	128	1350.00	1527.00	1452.72	1455.00	185948.00
chr22	21096515	21096643	128	128	456.00	552.00	486.62	482.00	62288.00
chr9	140056321	140056540	219	219	2.00	2294.00	1426.68	1771.00	312444.00
chr11	78379981	78380253	272	272	6.00	19.00	12.78	12.50	3475.00
chr3	11070420	11070533	113	113	180.00	211.00	198.29	197.00	22407.00
chr1	109812554	109813222	668	668	3.00	377.00	135.80	146.00	90714.00
chr2	220161954	220162155	201	201	886.00	1320.00	1111.42	1115.00	223396.00
chr15	74706887	74707086	199	199	92.00	136.00	113.41	114.00	22568.00
chr17	7318829	7319426	597	597	134.00	286.00	206.18	200.00	123089.00
chr1	21560050	21560154	104	104	35.00	66.00	50.57	52.00	5259.00
chr1	25573799	25573952	153	153	7.00	205.00	137.96	147.00	21108.00
chr14	93198993	93199160	167	167	106.00	196.00	168.90	178.00	28207.00
chr1	205554003	205554119	116	116	236.00	408.00	316.32	302.00	36693.00
chr1	9795005	9795232	227	227	1578.00	2369.00	1984.84	2009.00	450558.00
chr17	42426525	42426670	145	145	69.00	160.00	118.96	123.00	17249.00
chr18	70205887	70206179	292	292	5.00	405.00	157.21	16.00	45906.00
chr1	205553082	205553251	169	169	295.00	475.00	376.62	359.00	63649.00
chr9	140056623	140056766	143	143	8.00	1839.00	1150.94	1347.00	164584.00
chr6	33412147	33412394	247	247	4.00	349.00	134.98	129.00	33340.00
chr12	89992366	89992547	181	181	4.00	772.00	531.15	612.00	96139.00
chr2	220088827	220089576	749	749	83.00	214.00	148.60	141.00	111300.00
chr14	100763073	100765222	2149	2149	2.00	70.00	17.27	16.00	37105.00
chr1	110740697	110742543	1846	1846	4.00	575.00	362.28	381.00	668771.00
chr1	149878201	149879758	1557	1557	4.00	952.00	224.48	21.00	349518.00
chr3	197264139	197265259	1120	1120	0.00	18.00	7.28	8.00	8155.00
chr8	56449623	56450530	907	907	1.00	16.00	7.56	7.00	6858.00
chr9	139354208	139354326	118	118	47.00	63.00	55.17	55.00	6510.00
chr1	32204908	32205236	328	328	421.00	595.00	491.20	487.00	161113.00
chr7	75608768	75608897	129	129	89.00	166.00	128.53	128.00	16580.00
chr19	45161029	45161178	149	149	39.00	72.00	54.11	51.00	8063.00
chr19	5243911	5244493	582	582	53.00	155.00	85.77	73.00	49916.00
chr6	32119585	32119717	132	132	6.00	773.00	367.19	346.00	48469.00
chr3	42670878	42672067	1189	1189	0.00	6.00	2.81	3.00	3337.00
chr11	45892392	45892485	93	93	168.00	207.00	183.08	179.00	17026.00
chr17	80040789	80040991	202	202	306.00	418.00	359.98	362.00	72715.00
chr2	74902875	74903036	161	161	50.00	84.00	60.96	59.00	9815.00
chr17	38335969	38337946	1977	1977	1.00	182.00	17.84	10.00	35278.00
chr16	87870103	87870253	150	150	90.00	115.00	104.42	106.00	15663.00
chr1	32205947	32206142	195	195	315.00	448.00	366.61	352.00	71488.00
chr6	44117553	44117702	149	149	12.00	294.00	182.50	234.00	27192.00
chr1	159163659	159163830	171	171	961.00	1199.00	1057.15	1040.00	180772.00
chr3	445565	446023	458	458	0.00	23.00	7.80	6.00	3573.00
chr2	25048913	25048995	82	82	155.00	184.00	166.67	167.50	13667.00
chr10	99504485	99504672	187	187	85.00	146.00	111.85	111.00	20916.00
chr4	54364807	54365010	203	203	90.00	183.00	120.26	111.00	24413.00
chr17	1634367	1634552	185	185	20.00	52.00	36.89	41.00	6824.00
chr7	72416124	72416247	123	123	81.00	97.00	89.33	89.00	10988.00
chr1	208212169	208212329	160	160	78.00	117.00	101.39	106.50	16223.00
chr9	140952500	140952702	202	202	29.00	76.00	44.58	40.00	9006.00
chr6	44197325	44197528	203	203	88.00	155.00	129.10	131.00	26207.00
chr6	44197643	44198218	575	575	16.00	105.00	54.33	40.00	31241.00
chr11	118981972	118982084	112	112	152.00	249.00	193.99	185.50	21727.00
chr5	150503846	150503952	106	106	6.00	2661.00	1863.75	2361.00	197558.00
chr11	118981761	118981878	117	117	246.00	352.00	303.41	310.00	35499.00
chr11	126314873	126315000	127	127	84.00	129.00	102.79	99.00	13054.00
chr1	159165808	159166244	436	436	2.00	1124.00	208.91	13.00	91086.00
chr7	134893542	134893750	208	208	16.00	38.00	27.23	25.00	5664.00
chr9	121976196	121976433	237	237	190.00	349.00	272.41	282.00	64560.00
chr19	54691042	54691169	127	127	175.00	344.00	246.22	231.00	31270.00
chr22	38621430	38621600	170	170	139.00	270.00	203.51	211.50	34597.00
chr13	42035681	42036205	524	524	0.00	6.00	2.50	2.00	1312.00
chr20	1915360	1915413	53	53	4.00	1255.00	887.53	1117.00	47039.00
chr5	14496987	14497126	139	139	89.00	198.00	131.09	123.00	18222.00
chr12	56528125	56528212	87	87	78.00	113.00	94.02	91.00	8180.00
chr3	47466974	47467101	127	127	61.00	106.00	90.83	93.00	11535.00
chr17	7415476	7415663	187	187	81.00	116.00	93.93	92.00	17565.00
chr3	33588037	33589252	1215	1215	0.00	19.00	7.00	6.00	8500.00
chr7	887833	888615	782	782	2.00	28.00	11.06	9.00	8651.00
chr10	24813251	24813693	442	442	15.00	62.00	41.27	45.00	18241.00
chr1	109812045	109812213	168	168	143.00	240.00	183.21	174.00	30780.00
chr19	15276597	15276902	305	305	53.00	76.00	61.99	61.00	18907.00
chr16	2334779	2334999	220	220	178.00	269.00	225.32	228.50	49570.00
chr16	68404761	68405261	500	500	8.00	47.00	30.49	31.00	15243.00
chr4	110969111	110969871	760	760	4.00	33.00	19.10	20.00	14516.00
chr1	145693161	145693996	835	835	10.00	89.00	42.15	41.00	35195.00
chr7	44282848	44282932	84	84	402.00	579.00	466.70	459.50	39203.00
chr2	220164315	220164508	193	193	8.00	623.00	259.59	22.00	50101.00
chr12	50472203	50472360	157	157	64.00	90.00	73.83	73.00	11592.00
chr2	220163768	220163833	65	65	803.00	997.00	882.58	874.00	57368.00
chr2	222289928	222290862	934	934	109.00	331.00	182.95	177.00	170872.00
chr12	57599133	57599268	135	135	202.00	271.00	228.84	229.00	30894.00
chr7	157475416	157475629	213	213	286.00	449.00	373.93	363.00	79648.00
chr1	32203800	32203927	127	127	366.00	678.00	535.94	579.00	68064.00
chr1	109811731	109811912	181	181	154.00	266.00	217.62	231.00	39389.00
chr9	140052830	140052975	145	145	1101.00	1974.00	1585.17	1595.00	229850.00
chr2	220161706	220161854	148	148	924.00	1737.00	1313.81	1356.50	194444.00
chr16	29896906	29897070	164	164	579.00	883.00	758.18	786.00	124341.00
chr16	47143393	47143622	229	229	65.00	116.00	86.36	86.00	19776.00
chr11	993753	993985	232	232	199.00	418.00	298.80	287.00	69322.00
chr9	124059698	124061137	1439	1439	0.00	17.00	5.91	4.00	8503.00
chr9	140350140	140350634	494	494	11.00	45.00	21.61	19.00	10677.00
chr11	14504577	14504697	120	120	57.00	89.00	73.98	76.50	8878.00
chr3	49898612	49898733	121	121	555.00	782.00	656.28	651.00	79410.00
chr9	131811659	131811777	118	118	60.00	78.00	70.38	71.00	8305.00
chr9	131810705	131810818	113	113	58.00	76.00	66.77	66.00	7545.00
chr1	223400935	223401080	145	145	140.00	198.00	173.21	173.00	25115.00
chr12	125612185	125612820	635	635	1.00	198.00	35.80	11.00	22732.00
chr2	220088590	220088744	154	154	176.00	260.00	231.61	236.00	35668.00
chr9	70888487	70888750	263	263	3.00	16.00	8.63	9.00	2269.00
chr14	69813756	69813898	142	142	108.00	185.00	135.50	129.00	19241.00
chr2	47399145	47399890	745	745	0.00	475.00	20.54	14.00	15301.00
chr11	62688689	62689041	352	352	3.00	157.00	45.54	12.00	16030.00
chr6	43745205	43745407	202	202	6.00	48.00	40.98	42.00	8278.00
chr3	11072492	11072997	505	505	0.00	376.00	69.41	14.00	35054.00
chr7	2696031	2696168	137	137	136.00	221.00	184.58	190.00	25288.00
chr16	14969196	14969279	83	83	508.00	889.00	731.19	791.00	60689.00
chr17	7377847	7378026	179	179	0.00	6.00	3.47	4.00	622.00
chr12	65639640	65639719	79	79	48.00	100.00	74.68	78.00	5900.00
chr12	50294912	50295108	196	196	1025.00	2153.00	1379.59	1266.00	270399.00
chr19	42485653	42485788	135	135	2267.00	3593.00	3098.18	3159.00	418254.00
chr10	99509230	99509343	113	113	105.00	151.00	123.89	124.00	14000.00
chr22	38883877	38888120	4243	4243	8.00	514.00	84.54	61.00	358717.00
chr12	49416372	49416658	286	286	34.00	114.00	65.91	66.00	18849.00
chr6	24843089	24843782	693	693	18.00	82.00	41.80	39.00	28970.00
chr5	176295561	176295665	104	104	171.00	217.00	193.34	188.00	20107.00
chr10	99510087	99510227	140	140	138.00	191.00	168.50	172.50	23590.00
chr1	159173658	159174770	1112	1112	10.00	127.00	58.59	54.00	65147.00
chr11	1780745	1780869	124	124	1173.00	1549.00	1367.88	1375.50	169617.00
chr19	42486059	42486258	199	199	1666.00	2391.00	2025.03	2040.00	402981.00
chr3	47465422	47465535	113	113	89.00	148.00	111.79	108.00	12632.00
chr1	21573713	21573856	143	143	36.00	56.00	46.45	47.00	6643.00
chr11	65320330	65320453	123	123	77.00	120.00	103.50	104.00	12730.00
chr3	47462420	47462519	99	99	134.00	166.00	149.21	150.00	14772.00
chr2	219204751	219204864	113	113	58.00	93.00	82.39	86.00	9310.00
chr1	43906123	43906257	134	134	7.00	19.00	13.16	15.00	1763.00
chr7	38785158	38785840	682	682	2.00	263.00	31.95	15.00	21789.00
chr2	153499932	153500058	126	126	44.00	95.00	73.65	79.00	9280.00
chr1	32203011	32203132	121	121	7.00	657.00	520.01	606.00	62921.00
chr22	42290823	42290941	118	118	345.00	487.00	420.61	420.00	49632.00
chr19	47940718	47940818	100	100	365.00	570.00	449.19	434.00	44919.00
chr4	119539150	119539274	124	124	1.00	40.00	16.81	17.00	2084.00
chr17	44117067	44117250	183	183	44.00	82.00	60.10	60.00	10999.00
chr19	42485873	42485983	110	110	1670.00	2254.00	1881.45	1843.00	206959.00
chr6	44114583	44114664	81	81	147.00	181.00	164.43	164.00	13319.00
chr19	47941105	47941292	187	187	5.00	637.00	359.52	498.00	67231.00
chr11	73074250	73074500	250	250	109.00	175.00	137.28	134.50	34320.00
chr3	33418764	33418825	61	61	206.00	306.00	249.39	250.00	15213.00
chr1	700258	700505	247	247	0.00	28.00	8.84	6.00	2184.00
chr9	74319510	74319719	209	209	12.00	28.00	19.23	19.00	4020.00
chr16	2336694	2336968	274	274	149.00	386.00	255.97	254.00	70135.00
chr20	3575125	3575219	94	94	50.00	78.00	63.13	64.00	5934.00
chr9	139231377	139231529	152	152	53.00	87.00	66.28	64.00	10075.00
chr5	140515951	140516498	547	547	12.00	42.00	26.60	26.00	14549.00
chr1	21938208	21938309	101	101	451.00	585.00	528.39	528.00	53367.00
chr3	155659188	155659936	748	748	6.00	111.00	70.83	83.00	52983.00
chr16	27483068	27483241	173	173	81.00	124.00	105.72	108.00	18290.00
chr11	994071	994245	174	174	175.00	292.00	245.63	244.00	42740.00
chr7	71175745	71175913	168	168	400.00	627.00	517.90	512.50	87008.00
chr12	121204065	121204175	110	110	126.00	192.00	150.28	144.50	16531.00
chr7	73118679	73118753	74	74	1227.00	1618.00	1358.78	1327.00	100550.00
chr9	140972565	140972710	145	145	39.00	87.00	66.70	72.00	9671.00
chr12	121683329	121684024	695	695	0.00	16.00	8.56	9.00	5946.00
chr16	74493579	74493687	108	108	136.00	199.00	172.51	169.00	18631.00
chr2	36771518	36771641	123	123	52.00	119.00	84.09	79.00	10343.00
chr7	94187181	94187996	815	815	2.00	63.00	21.67	19.00	17657.00
chr14	94156951	94157239	288	288	4.00	19.00	9.82	11.00	2827.00
chr7	121739000	121739524	524	524	0.00	8.00	1.76	1.00	924.00
chr1	19549117	19549328	211	211	62.00	127.00	86.64	81.00	18280.00
chr19	5214571	5214747	176	176	167.00	358.00	221.83	219.50	39042.00
chr19	42557753	42557861	108	108	185.00	250.00	216.27	217.00	23357.00
chr15	102510686	102510925	239	239	0.00	21.00	10.46	8.00	2500.00
chr5	167673761	167675376	1615	1615	18.00	112.00	42.04	36.00	67894.00
chr7	44282158	44282253	95	95	590.00	976.00	791.76	788.00	75217.00
chr2	160621061	160621717	656	656	0.00	122.00	11.43	4.00	7501.00
chr5	10426501	10426634	133	133	149.00	216.00	187.29	191.00	24909.00
chr16	1814301	1814460	159	159	418.00	518.00	472.76	476.00	75169.00
chr11	21581734	21581928	194	194	153.00	225.00	190.76	196.00	37008.00
chr3	126749085	126749255	170	170	90.00	168.00	136.48	144.00	23201.00
chr11	12237765	12237866	101	101	335.00	512.00	420.86	412.00	42507.00
chr6	31750872	31750963	91	91	102.00	147.00	119.35	114.00	10861.00
chr3	53124201	53124398	197	197	11.00	29.00	20.39	20.00	4016.00
chr2	220161470	220161544	74	74	1469.00	1685.00	1592.20	1615.50	117823.00
chr2	128951046	128951785	739	739	7.00	87.00	45.74	48.00	33802.00
chr5	24535811	24535931	120	120	79.00	116.00	97.03	98.00	11644.00
chr1	44083406	44083582	176	176	149.00	315.00	226.97	220.50	39947.00
chr1	32207653	32207818	165	165	166.00	271.00	210.18	199.00	34680.00
chr12	7293754	7294000	246	246	6.00	1321.00	698.47	843.50	171824.00
chr3	131442289	131442469	180	180	53.00	91.00	72.22	71.50	13000.00
chr3	49898871	49899298	427	427	24.00	850.00	345.78	450.00	147648.00
chr16	66432358	66432464	106	106	17.00	28.00	21.03	19.00	2229.00
chr1	20982593	20982680	87	87	266.00	400.00	341.77	342.00	29734.00
chr16	68398653	68398809	156	156	34.00	56.00	43.15	43.00	6732.00
chr17	16676818	16678279	1461	1461	0.00	21.00	4.87	4.00	7112.00
chr1	109814899	109815027	128	128	275.00	344.00	309.50	310.00	39616.00
chr1	21940478	21940582	104	104	558.00	738.00	666.45	663.50	69311.00
chr20	57468284	57468793	509	509	0.00	6.00	2.28	1.00	1158.00
chr3	127358087	127358366	279	279	279.00	730.00	485.49	483.00	135451.00
chr3	126735359	126735527	168	168	35.00	59.00	47.59	47.50	7995.00
chr10	103869140	103869264	124	124	248.00	329.00	292.06	299.50	36215.00
chr20	44520554	44520666	112	112	104.00	170.00	136.34	128.00	15270.00
chr1	32203252	32203356	104	104	391.00	654.00	519.94	547.50	54074.00
chr21	40186196	40186316	120	120	197.00	263.00	223.15	218.00	26778.00
chr5	111067153	111068349	1196	1196	0.00	43.00	11.45	7.00	13693.00
chr9	128002954	128003186	232	232	307.00	473.00	395.55	398.00	91767.00
chr1	43408896	43408992	96	96	122.00	157.00	138.73	137.50	13318.00
chr3	47463931	47464026	95	95	140.00	178.00	162.73	165.00	15459.00
chr2	220161160	220161238	78	78	1428.00	1675.00	1519.03	1508.50	118484.00
chr11	62472772	62473089	317	317	1432.00	2293.00	1956.60	2011.00	620241.00
chr9	130986341	130986906	565	565	2.00	648.00	148.91	10.00	84135.00
chr14	69358769	69359000	231	231	174.00	255.00	214.01	209.00	49436.00
chr11	64416205	64416379	174	174	136.00	186.00	160.91	162.00	27998.00
chr17	8398454	8398559	105	105	224.00	333.00	278.53	267.00	29246.00
chr12	53572943	53574193	1250	1250	0.00	45.00	20.09	22.00	25113.00
chr17	17696544	17701827	5283	5283	7.00	197.00	50.48	44.00	266679.00
chr8	11705187	11705331	144	144	932.00	1539.00	1351.24	1405.50	194579.00
chr19	54963829	54963931	102	102	69.00	109.00	86.92	83.00	8866.00
chr2	70451682	70456295	4613	4613	0.00	81.00	8.62	5.00	39781.00
chr11	118873959	118874169	210	210	5.00	12.00	9.32	10.00	1958.00
chr10	75548427	75548581	154	154	15.00	33.00	23.47	22.00	3614.00
chr6	33414351	33414563	212	212	265.00	429.00	358.42	362.00	75985.00
chr17	80042910	80043032	122	122	82.00	138.00	107.92	100.00	13166.00
chr11	11470290	11470483	193	193	63.00	121.00	95.68	96.00	18466.00
chr8	23294446	23294771	325	325	55.00	127.00	91.19	91.00	29637.00
chr1	116932060	116932663	603	603	4.00	2102.00	737.67	17.00	444816.00
chr15	83222627	83222741	114	114	30.00	56.00	45.79	48.00	5220.00
chr3	9841562	9841751	189	189	15.00	45.00	30.89	36.00	5839.00
chr1	116937731	116937907	176	176	1717.00	3248.00	2210.43	2012.50	389036.00
chr16	87868019	87868197	178	178	88.00	171.00	119.26	108.00	21229.00
chr3	124209540	124209731	191	191	390.00	514.00	457.51	462.00	87384.00
chr7	71142195	71142291	96	96	543.00	685.00	596.82	591.00	57295.00
chr5	130497324	130497584	260	260	5.00	18.00	12.63	14.00	3284.00
chr13	100199238	100199358	120	120	190.00	284.00	232.73	228.50	27928.00
chr5	139943336	139943506	170	170	7.00	193.00	164.73	171.00	28004.00
chr17	74395529	74396002	473	473	70.00	125.00	100.25	100.00	47418.00
chr14	93179149	93179216	67	67	282.00	346.00	321.45	324.00	21537.00
chr4	160277004	160277310	306	306	24.00	245.00	142.18	161.00	43506.00
chr17	40666306	40666478	172	172	747.00	1176.00	958.68	998.00	164893.00
chr15	34828065	34828207	142	142	7.00	96.00	61.20	66.00	8690.00
chr14	100165802	100165876	74	74	659.00	731.00	687.14	684.00	50848.00
chr22	20128089	20128231	142	142	5.00	139.00	77.20	103.00	10962.00
chr12	3392210	3394421	2211	2211	3.00	105.00	35.60	34.00	78706.00
chr17	16687866	16690667	2801	2801	0.00	57.00	9.02	5.00	25262.00
chr6	31664724	31664810	86	86	111.00	213.00	162.99	161.50	14017.00
chr6	30627512	30627611	99	99	50.00	73.00	58.35	57.00	5777.00
chr11	18752834	18755060	2226	2226	1.00	834.00	81.79	20.00	182061.00
chr12	109332602	109332731	129	129	330.00	414.00	368.48	371.00	47534.00
chr6	90072884	90073110	226	226	5.00	17.00	11.56	12.00	2612.00
chr16	2689371	2689711	340	340	0.00	0.00	0.00	0.00	0.00
chr1	20987373	20987484	111	111	253.00	324.00	287.78	286.00	31944.00
chr14	85985300	85986667	1367	1367	3.00	23.00	11.00	11.00	15040.00
chr13	32863769	32863880	111	111	105.00	138.00	122.77	124.00	13628.00
chr16	1510418	1510528	110	110	64.00	94.00	76.92	77.00	8461.00
chr19	54963269	54963444	175	175	65.00	123.00	96.38	96.00	16866.00
chr6	44224078	44224233	155	155	27.00	53.00	39.12	38.00	6063.00
chr20	3151172	3152285	1113	1113	1.00	21.00	9.64	10.00	10729.00
chr1	892273	892405	132	132	132.00	210.00	168.30	164.00	22215.00
chr16	90192167	90192724	557	557	1.00	15.00	8.19	9.00	4562.00
chr9	111663704	111663810	106	106	54.00	73.00	62.38	61.00	6612.00
chr6	44108764	44108835	71	71	140.00	173.00	153.97	153.00	10932.00
chr1	36028802	36029027	225	225	1422.00	2938.00	2141.22	2155.00	481775.00
chr11	66807259	66807674	415	415	8.00	216.00	159.18	170.00	66061.00
chr1	178426817	178427679	862	862	9.00	44.00	19.53	17.00	16832.00
chr19	42482302	42482478	176	176	1847.00	3131.00	2252.56	2155.00	396451.00
chr1	44084718	44084873	155	155	112.00	239.00	156.08	150.00	24192.00
chr1	109812315	109812442	127	127	176.00	278.00	205.61	197.00	26112.00
chr3	180324268	180324391	123	123	35.00	55.00	46.65	47.00	5738.00
chr15	63933668	63933842	174	174	86.00	138.00	109.46	107.00	19046.00
chr20	44521363	44521519	156	156	205.00	261.00	233.90	233.00	36488.00
chr3	33416779	33416910	131	131	162.00	259.00	210.45	217.00	27569.00
chr1	21934624	21934843	219	219	1.00	763.00	316.98	392.00	69419.00
chr14	69799801	69799886	85	85	65.00	87.00	76.42	78.00	6496.00
chr1	116936134	116936345	211	211	3.00	2386.00	1960.77	2125.00	413722.00
chr14	23634493	23634645	152	152	35.00	65.00	51.28	55.00	7795.00
chr16	1402538	1402947	409	409	6.00	30.00	15.37	13.00	6285.00
chr9	20331	25000	4669	4669	0.00	151.00	15.28	12.00	71360.00
chr17	43545574	43545959	385	385	10.00	32.00	18.96	19.00	7301.00
chr13	100201418	100201476	58	58	209.00	329.00	264.22	254.50	15325.00
chr15	41865505	41865665	160	160	317.00	669.00	443.46	439.50	70953.00
chr19	19641688	19642196	508	508	5.00	23.00	12.81	13.00	6510.00
chr11	134147593	134148159	566	566	2.00	32.00	14.16	13.00	8016.00
chr2	71656420	71657290	870	870	1.00	16.00	7.61	7.00	6619.00
chr7	97834775	97835016	241	241	54.00	92.00	71.68	66.00	17274.00
chr19	13363804	13363915	111	111	67.00	105.00	86.00	86.00	9546.00
chr18	31328383	31329011	628	628	2.00	16.00	6.75	6.00	4237.00
chr16	66431884	66432009	125	125	8.00	22.00	14.58	13.00	1823.00
chr19	47935155	47935702	547	547	2.00	949.00	325.76	374.00	178191.00
chr12	50291769	50291873	104	104	978.00	1229.00	1074.29	1057.00	111726.00
chr11	1780198	1780317	119	119	758.00	1168.00	919.51	893.00	109422.00
chr15	65392626	65393167	541	541	1.00	13.00	5.21	5.00	2821.00
chr2	86397871	86397967	96	96	99.00	142.00	128.61	128.50	12347.00
chr7	97866087	97866233	146	146	59.00	102.00	82.16	84.50	11996.00
chr11	60687157	60687402	245	245	101.00	172.00	131.71	124.00	32269.00
chr21	43307700	43309453	1753	1753	6.00	44.00	21.16	21.00	37093.00
chr14	24619269	24619657	388	388	14.00	76.00	29.99	28.00	11635.00
chr11	65320634	65320727	93	93	77.00	95.00	85.66	85.00	7966.00
chr16	29891184	29891385	201	201	634.00	779.00	705.61	712.00	141827.00
chr1	32207224	32207326	102	102	467.00	599.00	533.56	536.50	54423.00
chr11	72300218	72300394	176	176	2.00	439.00	141.66	5.00	24933.00
chr17	7608878	7609038	160	160	21.00	96.00	52.24	52.00	8359.00
chr19	7607646	7607814	168	168	124.00	201.00	165.76	175.00	27847.00
chr19	54966129	54966271	142	142	68.00	115.00	90.54	91.00	12857.00
chr12	57995027	57995131	104	104	165.00	219.00	196.33	202.50	20418.00
chr1	27428875	27429049	174	174	61.00	114.00	88.45	88.50	15390.00
chr2	27688277	27688385	108	108	25.00	34.00	30.36	30.00	3279.00
chr16	2691449	2692254	805	805	0.00	26.00	2.35	0.00	1892.00
chr9	131503813	131503933	120	120	358.00	471.00	408.32	407.00	48999.00
chr16	2347766	2347922	156	156	115.00	147.00	131.56	132.50	20524.00
chr17	80039884	80040036	152	152	286.00	352.00	321.09	322.50	48805.00
chr1	32204432	32204538	106	106	390.00	621.00	490.86	503.00	52031.00
chr12	9242951	9243078	127	127	169.00	243.00	208.96	210.00	26538.00
chr3	49702661	49702751	90	90	137.00	182.00	158.01	155.00	14221.00
chr19	35820359	35820837	478	478	0.00	19.00	5.02	2.00	2400.00
chr1	201456762	201457615	853	853	0.00	24.00	9.89	9.00	8433.00
chr16	2334279	2334438	159	159	150.00	221.00	184.65	180.00	29360.00
chr10	73578373	73578481	108	108	3554.00	5073.00	4380.29	4353.00	473071.00
chr16	18530550	18530756	206	206	2.00	836.00	450.95	699.00	92895.00
chr16	16369094	16369300	206	206	2.00	844.00	453.78	701.50	93479.00
chr13	113975636	113975785	149	149	9.00	554.00	227.81	15.00	33944.00
chr11	119293822	119294227	405	405	17.00	7229.00	668.66	62.00	270809.00
chr5	150505962	150506041	79	79	1604.00	2360.00	1869.09	1810.00	147658.00
chr22	44224939	44225078	139	139	872.00	1156.00	968.77	955.00	134659.00
chr15	41865199	41865309	110	110	275.00	370.00	310.57	302.50	34163.00
chr17	25633807	25636298	2491	2491	1.00	389.00	92.24	85.00	229779.00
chr15	72495155	72495529	374	374	3.00	7320.00	2475.33	16.00	925774.00
chr9	42540272	42542124	1852	1852	1.00	29.00	9.87	9.00	18270.00
chr11	119290760	119291704	944	944	4.00	9547.00	2472.76	18.00	2334289.00
chr19	5219949	5220165	216	216	115.00	262.00	176.62	153.00	38151.00
chr15	63910769	63911153	384	384	0.00	46.00	13.18	3.00	5061.00
chr17	74393879	74393969	90	90	105.00	141.00	123.07	125.00	11076.00
chr10	104129467	104129532	65	65	62.00	73.00	65.72	65.00	4272.00
chr3	142454224	142454620	396	396	1.00	12.00	5.48	5.00	2171.00
chr12	121205196	121205396	200	200	174.00	238.00	211.12	212.50	42223.00
chr3	31705570	31705724	154	154	21.00	32.00	26.26	26.00	4044.00
chr6	118635190	118636593	1403	1403	10.00	107.00	54.90	55.00	77031.00
chr8	10339867	10340829	962	962	1.00	17.00	6.24	6.00	6001.00
chr19	16952578	16952779	201	201	72.00	109.00	94.77	95.00	19049.00
chr8	110984486	110985016	530	530	68.00	123.00	100.21	101.00	53109.00
chr9	128001219	128001610	391	391	565.00	1134.00	890.66	934.00	348248.00
chr11	73070878	73070997	119	119	98.00	149.00	124.72	124.00	14842.00
chr10	104130140	104130235	95	95	101.00	138.00	121.18	120.00	11512.00
chr5	95733039	95733173	134	134	120.00	192.00	152.13	147.00	20385.00
chr19	59059400	59059547	147	147	254.00	320.00	284.20	283.00	41777.00
chr5	139943169	139943255	86	86	5.00	211.00	172.23	189.00	14812.00
chr17	73487771	73487981	210	210	47.00	102.00	74.75	73.50	15697.00
chr1	154315588	154315777	189	189	14.00	64.00	32.41	29.00	6126.00
chr14	95652726	95653070	344	344	0.00	2.00	0.77	1.00	264.00
chr12	123639801	123640772	971	971	3.00	33.00	13.77	12.00	13366.00
chr22	47064870	47065171	301	301	2.00	10.00	4.62	5.00	1391.00
chr5	24535220	24535388	168	168	61.00	97.00	78.74	80.00	13229.00
chr12	6806452	6806958	506	506	174.00	533.00	300.76	292.00	152185.00
chr22	29881711	29881836	125	125	282.00	410.00	346.30	358.00	43288.00
chr7	75894681	75894786	105	105	56.00	102.00	79.92	86.00	8392.00
chr12	121089007	121095893	6886	6886	1.00	212.00	34.76	29.00	239385.00
chr1	207940357	207942365	2008	2008	0.00	148.00	20.51	13.00	41177.00
chr7	154681166	154681240	74	74	477.00	587.00	547.65	554.00	40526.00
chr5	131696513	131697529	1016	1016	0.00	11.00	2.41	1.00	2450.00
chr11	1776135	1776258	123	123	463.00	1243.00	790.57	767.00	97240.00
chr8	11706554	11706673	119	119	865.00	1114.00	1009.53	1016.00	120134.00
chr11	18759426	18759511	85	85	416.00	496.00	456.72	457.00	38821.00
chr16	61689373	61689625	252	252	53.00	115.00	86.04	87.00	21683.00
chr15	51750702	51750824	122	122	141.00	184.00	168.77	169.00	20590.00
chr9	35555056	35555698	642	642	157.00	449.00	279.87	264.00	179677.00
chr2	198356200	198356621	421	421	0.00	5.00	1.93	2.00	813.00
chr9	131001723	131001794	71	71	2456.00	3386.00	2955.27	2957.00	209824.00
chr19	5214371	5214491	120	120	309.00	420.00	380.22	390.50	45626.00
chr22	35719488	35719623	135	135	179.00	239.00	213.24	216.00	28787.00
chr12	121678738	121679829	1091	1091	3.00	29.00	10.63	9.00	11594.00
chr14	23820960	23821064	104	104	1616.00	1998.00	1873.46	1904.50	194840.00
chr1	32205710	32205779	69	69	389.00	443.00	414.58	411.00	28606.00
chr3	33420176	33420326	150	150	10.00	316.00	104.83	17.00	15724.00
chr9	114820707	114820966	259	259	51.00	110.00	73.89	67.00	19138.00
chr15	41865876	41866023	147	147	5.00	707.00	587.56	619.00	86372.00
chr19	55554308	55554637	329	329	0.00	18.00	5.35	4.00	1761.00
chr1	116933403	116933513	110	110	2025.00	2663.00	2396.68	2433.50	263635.00
chr19	15374230	15374359	129	129	46.00	66.00	56.47	57.00	7285.00
chr12	56090682	56090852	170	170	54.00	81.00	67.36	67.00	11452.00
chr14	69445668	69445876	208	208	67.00	173.00	138.53	150.00	28814.00
chr12	57603474	57603651	177	177	275.00	389.00	328.18	335.00	58087.00
chr22	32897492	32898946	1454	1454	2.00	71.00	27.70	25.00	40276.00
chr16	16367702	16367764	62	62	2.00	490.00	242.32	255.50	15024.00
chr19	5245786	5246056	270	270	58.00	160.00	98.29	77.50	26537.00
chr16	74345440	74345829	389	389	2.00	12.00	6.50	7.00	2530.00
chr6	107096899	107097076	177	177	35.00	52.00	44.74	45.00	7919.00
chr1	29641883	29642019	136	136	22.00	35.00	27.66	27.00	3762.00
chr8	97342440	97342509	69	69	229.00	276.00	257.19	257.00	17746.00
chr8	68116914	68117054	140	140	44.00	82.00	64.21	64.00	8990.00
chr22	22037470	22037546	76	76	45.00	72.00	59.64	60.00	4533.00
chr22	50682147	50683420	1273	1273	3.00	56.00	28.96	30.00	36866.00
chr20	44048971	44049069	98	98	212.00	269.00	253.06	256.00	24800.00
chr1	36904356	36904511	155	155	86.00	119.00	104.74	105.00	16235.00
chr12	71054719	71054877	158	158	65.00	146.00	89.71	80.50	14174.00
chr15	50654364	50655515	1151	1151	0.00	17.00	7.38	7.00	8489.00
chr2	234198499	234198620	121	121	85.00	126.00	103.87	102.00	12568.00
chr9	128001699	128001812	113	113	566.00	660.00	602.62	603.00	68096.00
chr8	38272296	38272419	123	123	51.00	90.00	77.04	79.00	9476.00
chr11	73068069	73068179	110	110	97.00	159.00	131.87	131.50	14506.00
chr16	28123137	28123327	190	190	146.00	207.00	179.83	181.00	34168.00
chr12	49424062	49424222	160	160	12.00	29.00	17.82	17.00	2851.00
chr19	50302885	50303023	138	138	306.00	563.00	429.04	428.00	59208.00
chr19	42480567	42480718	151	151	3574.00	4798.00	4120.33	4151.00	622170.00
chr3	197904395	197905301	906	906	0.00	11.00	3.97	3.00	3599.00
chr13	100189992	100190117	125	125	210.00	271.00	238.43	238.00	29804.00
chr19	14268062	14268272	210	210	174.00	318.00	253.97	246.00	53334.00
chr10	93786886	93787057	171	171	37.00	64.00	49.46	51.00	8458.00
chr1	109808726	109808828	102	102	72.00	103.00	87.94	89.00	8970.00
chr4	134075461	134075520	59	59	224.00	333.00	254.32	247.00	15005.00
chr1	22052268	22053864	1596	1596	0.00	17.00	7.28	7.00	11622.00
chr9	140056855	140056968	113	113	1399.00	2153.00	1833.68	1918.00	207206.00
chr19	42482087	42482224	137	137	3151.00	4662.00	4180.68	4345.00	572753.00
chr19	4556962	4557025	63	63	623.00	857.00	688.43	649.00	43371.00
chr19	14266921	14267013	92	92	236.00	340.00	293.71	301.00	27021.00
chr22	42273851	42274127	276	276	5.00	578.00	317.30	389.50	87576.00
chr1	205549788	205550049	261	261	161.00	318.00	218.77	205.00	57100.00
chr1	110765585	110766522	937	937	72.00	208.00	137.80	131.00	129121.00
chr19	55553595	55554158	563	563	3.00	25.00	12.20	13.00	6868.00
chr7	150929881	150931360	1479	1479	12.00	107.00	41.25	38.00	61009.00
chr3	124215157	124215260	103	103	475.00	639.00	566.67	567.00	58367.00
chr16	58220658	58220760	102	102	90.00	120.00	98.66	97.00	10063.00
chr3	10381925	10382033	108	108	367.00	514.00	468.40	485.00	50587.00
chr10	11356101	11356221	120	120	44.00	71.00	53.13	50.00	6376.00
chr22	42294652	42294785	133	133	301.00	503.00	424.90	425.00	56512.00
chr1	2005531	2005714	183	183	25.00	90.00	70.71	76.00	12940.00
chr12	113722522	113722576	54	54	27.00	35.00	31.22	30.50	1686.00
chr9	131502198	131502398	200	200	12.00	613.00	467.44	463.00	93488.00
chr19	40873602	40873786	184	184	1330.00	2620.00	2119.54	2283.50	389995.00
chr2	220162606	220162825	219	219	321.00	864.00	569.63	553.00	124749.00
chr16	28270027	28270355	328	328	10.00	42.00	24.83	23.00	8144.00
chr4	3225718	3225858	140	140	104.00	137.00	122.36	123.00	17131.00
chr17	44127898	44128070	172	172	42.00	73.00	51.83	49.00	8914.00
chr3	47462043	47462262	219	219	50.00	142.00	79.84	72.00	17486.00
chr6	99873090	99873182	92	92	4.00	157.00	73.97	58.00	6805.00
chr7	142561723	142562504	781	781	228.00	742.00	427.67	407.00	334012.00
chr1	159169540	159169666	126	126	1126.00	1454.00	1286.89	1266.50	162148.00
chr19	7606869	7606953	84	84	72.00	99.00	85.17	85.00	7154.00
chr16	2811561	2818298	6737	6737	7.00	498.00	150.20	115.00	1011926.00
chr3	47450652	47450807	155	155	14.00	42.00	27.81	30.00	4310.00
chr11	118403631	118403922	291	291	192.00	257.00	221.01	221.00	64314.00
chr1	205555161	205555335	174	174	204.00	316.00	248.68	241.50	43270.00
chr12	125603186	125603311	125	125	108.00	183.00	131.47	129.00	16434.00
chr11	86658288	86659498	1210	1210	2.00	48.00	18.31	17.00	22153.00
chr22	37764946	37768745	3799	3799	7.00	332.00	121.96	105.00	463321.00
chr10	46345664	46346215	551	551	1.00	15.00	6.74	7.00	3713.00
chr22	33673045	33673241	196	196	190.00	599.00	329.31	280.50	64544.00
chr9	140042599	140042666	67	67	2.00	246.00	207.84	221.00	13925.00
chr3	48717233	48717320	87	87	188.00	289.00	227.94	224.00	19831.00
chr11	60681600	60681740	140	140	7.00	131.00	53.94	37.50	7551.00
chr10	93784512	93784724	212	212	24.00	58.00	41.33	44.00	8761.00
chr12	7289424	7290372	948	948	4.00	789.00	189.07	11.00	179237.00
chr3	132387062	132387526	464	464	1.00	9.00	3.91	4.00	1813.00
chr16	2335442	2335647	205	205	207.00	276.00	249.92	255.00	51233.00
chr16	1794782	1797276	2494	2494	0.00	388.00	39.48	16.00	98467.00
chr16	3786036	3786204	168	168	30.00	62.00	43.93	40.00	7380.00
chr9	141131209	141131766	557	557	0.00	7.00	1.74	1.00	971.00
chr14	92965028	92966015	987	987	3.00	25.00	14.43	14.00	14243.00
chr19	54692070	54692200	130	130	151.00	337.00	255.02	249.00	33152.00
chr15	43866006	43866230	224	224	68.00	126.00	92.44	93.00	20706.00
chr3	40231316	40231954	638	638	25.00	72.00	47.80	47.00	30497.00
chr3	50148937	50149455	518	518	3.00	22.00	12.11	12.00	6274.00
chr4	81117505	81117755	250	250	24.00	58.00	42.53	44.00	10632.00
chr10	46740404	46740638	234	234	0.00	15.00	5.42	4.00	1268.00
chr3	124210169	124210271	102	102	382.00	511.00	468.72	485.50	47809.00
chr11	107488830	107488932	102	102	176.00	340.00	266.07	267.00	27139.00
chr9	130591965	130592106	141	141	56.00	110.00	89.66	96.00	12642.00
chr1	20981932	20982027	95	95	434.00	540.00	488.49	496.00	46407.00
chr12	75875613	75875859	246	246	21.00	63.00	35.86	31.00	8821.00
chr22	32046684	32046764	80	80	57.00	73.00	67.65	69.00	5412.00
chr11	70331418	70331658	240	240	10.00	69.00	34.64	33.50	8313.00
chr14	51079976	51080069	93	93	444.00	591.00	516.01	511.00	47989.00
chr17	80041077	80041301	224	224	214.00	433.00	322.97	345.00	72345.00
chr7	158540884	158540971	87	87	72.00	110.00	91.61	90.00	7970.00
chr1	21553651	21553719	68	68	55.00	83.00	71.22	72.00	4843.00
chr2	219206256	219206349	93	93	88.00	113.00	99.86	98.00	9287.00
chr17	18444211	18445242	1031	1031	0.00	11.00	2.84	3.00	2929.00
chr12	57599340	57599460	120	120	208.00	283.00	232.15	230.00	27858.00
chr11	64417919	64418110	191	191	177.00	292.00	245.23	256.00	46838.00
chr19	3274926	3275650	724	724	5.00	24.00	13.90	14.00	10067.00
chr16	18532086	18532305	219	219	635.00	1048.00	809.27	795.00	177230.00
chr17	3776702	3776756	54	54	585.00	733.00	672.28	691.00	36303.00
chr1	116932670	116933033	363	363	3.00	2483.00	1241.19	2112.00	450553.00
chr16	1505731	1505796	65	65	135.00	197.00	163.62	163.00	10635.00
chr1	9794029	9794200	171	171	2331.00	2927.00	2636.18	2654.00	450786.00
chr10	73579221	73579379	158	158	3356.00	4486.00	3755.95	3707.50	593440.00
chr11	6411684	6412146	462	462	13.00	97.00	72.62	75.00	33550.00
chr1	159163212	159163350	138	138	921.00	1235.00	1035.95	1005.50	142961.00
chr16	1816723	1816804	81	81	415.00	525.00	477.27	478.00	38659.00
chr7	91722399	91722630	231	231	0.00	65.00	46.04	48.00	10635.00
chr7	44281816	44281939	123	123	789.00	958.00	884.46	883.00	108788.00
chr2	220467189	220467297	108	108	18.00	29.00	23.47	23.00	2535.00
chr16	4494664	4494729	65	65	151.00	181.00	169.03	170.00	10987.00
chr15	34681844	34681986	142	142	5.00	151.00	96.42	98.50	13691.00
chr9	139995935	139996124	189	189	74.00	145.00	99.31	90.00	18770.00
chr3	180324040	180324160	120	120	44.00	87.00	68.93	69.50	8272.00
chr3	42678359	42681242	2883	2883	10.00	73.00	34.28	34.00	98822.00
chr7	131812776	131815333	2557	2557	6.00	61.00	29.71	30.00	75962.00
chr20	1585387	1585522	135	135	24.00	438.00	235.04	238.00	31731.00
chr3	126751229	126751442	213	213	125.00	181.00	151.81	150.00	32336.00
chr15	63920875	63921014	139	139	124.00	181.00	143.53	142.00	19951.00
chr16	2040128	2040202	74	74	310.00	377.00	357.62	362.50	26464.00
chr9	74324174	74324390	216	216	11.00	27.00	17.75	16.00	3834.00
chr20	44521858	44521950	92	92	224.00	265.00	247.72	250.00	22790.00
chr9	139911647	139911798	151	151	69.00	141.00	109.07	121.00	16469.00
chr9	140055507	140055649	142	142	1437.00	1957.00	1663.18	1569.00	236171.00
chr12	120148055	120148191	136	136	90.00	124.00	106.62	108.50	14501.00
chr12	50474280	50474372	92	92	76.00	103.00	89.89	90.00	8270.00
chr15	63125702	63125828	126	126	149.00	318.00	216.40	207.00	27266.00
chr9	20907148	20907241	93	93	47.00	60.00	54.48	55.00	5067.00
chr16	87874655	87874761	106	106	92.00	140.00	113.54	107.00	12035.00
chr2	162833269	162833460	191	191	0.00	502.00	278.38	426.00	53170.00
chr8	11704560	11704677	117	117	760.00	949.00	858.24	840.00	100414.00
chr15	63926931	63927087	156	156	118.00	157.00	142.29	143.00	22197.00
chr6	31668718	31668805	87	87	142.00	214.00	182.39	178.00	15868.00
chr7	148910792	148910906	114	114	21.00	53.00	40.39	45.00	4605.00
chr14	42355808	42357213	1405	1405	12.00	153.00	77.75	78.00	109236.00
chr10	88678928	88679226	298	298	11.00	48.00	29.36	27.00	8748.00
chr3	140998219	140998346	127	127	30.00	53.00	44.57	46.00	5660.00
chr1	144859758	144859998	240	240	70.00	177.00	120.65	131.00	28955.00
chr9	96054772	96055455	683	683	38.00	267.00	143.21	143.00	97813.00
chr19	7604803	7604944	141	141	84.00	123.00	100.84	100.00	14219.00
chr12	30906277	30907432	1155	1155	5.00	65.00	24.51	20.00	28305.00
chr9	131112762	131112854	92	92	179.00	296.00	249.83	260.00	22984.00
chr20	61981328	61982379	1051	1051	19.00	91.00	52.98	52.00	55677.00
chr7	38431348	38431618	270	270	239.00	404.00	322.73	341.00	87138.00
chr20	44521036	44521123	87	87	191.00	247.00	218.67	227.00	19024.00
chr11	64418726	64419108	382	382	103.00	277.00	210.44	232.50	80388.00
chr12	120148344	120150270	1926	1926	0.00	201.00	27.50	10.00	52965.00
chr12	6930971	6931066	95	95	41.00	566.00	323.88	361.00	30769.00
chr16	2339434	2339621	187	187	112.00	144.00	126.15	122.00	23590.00
chr2	27700083	27700187	104	104	26.00	42.00	35.68	36.00	3711.00
chr14	69805367	69805494	127	127	66.00	147.00	116.48	121.00	14793.00
chr12	9242497	9242619	122	122	179.00	301.00	240.79	241.50	29376.00
chr3	58256658	58256791	133	133	81.00	122.00	96.68	94.00	12858.00
chr10	79744927	79745098	171	171	49.00	98.00	72.29	71.00	12362.00
chr1	159161725	159161866	141	141	466.00	944.00	709.70	738.00	100067.00
chr16	31085202	31085519	317	317	4.00	36.00	22.32	21.00	7077.00
chr1	171755018	171755218	200	200	52.00	89.00	73.00	74.00	14601.00
chr9	130988124	130989280	1156	1156	3.00	2258.00	253.54	17.00	293092.00
chr15	63127935	63127998	63	63	147.00	172.00	158.78	159.00	10003.00
chr19	1917676	1917821	145	145	2.00	134.00	101.02	111.00	14648.00
chr22	25315792	25315960	168	168	81.00	124.00	97.78	94.00	16427.00
chr2	207943790	207945085	1295	1295	2.00	41.00	15.82	14.00	20487.00
chr11	47330706	47330952	246	246	2.00	694.00	303.27	4.00	74604.00
chr3	142743978	142746095	2117	2117	0.00	89.00	8.61	5.00	18233.00
chr7	44839492	44839694	202	202	6.00	14.00	9.29	9.00	1876.00
chr22	31688260	31688471	211	211	7.00	76.00	53.01	61.00	11185.00
chr11	66333492	66333638	146	146	790.00	964.00	867.25	865.00	126618.00
chr9	131114916	131115026	110	110	291.00	391.00	348.83	369.50	38371.00
chr1	20206	21013	807	807	5.00	65.00	34.93	36.00	28188.00
chr11	108216469	108216635	166	166	10.00	31.00	19.61	19.00	3255.00
chr1	209778880	209779019	139	139	234.00	344.00	293.21	308.00	40756.00
chr1	202935876	202936026	150	150	107.00	185.00	146.56	144.50	21984.00
chr12	57600255	57600524	269	269	197.00	345.00	278.07	283.00	74800.00
chr19	15233503	15233615	112	112	57.00	79.00	69.81	70.00	7819.00
chr8	68115317	68115486	169	169	74.00	104.00	92.09	94.00	15563.00
chr19	13419229	13419342	113	113	22.00	32.00	28.26	29.00	3193.00
chr6	33266815	33267130	315	315	0.00	17.00	8.15	8.00	2568.00
chr16	89780611	89781646	1035	1035	5.00	62.00	27.84	28.00	28818.00
chr12	109964162	109964221	59	59	36.00	64.00	51.34	53.00	3029.00
chr22	24491893	24492045	152	152	23.00	88.00	53.73	50.00	8167.00
chr2	242592926	242593025	99	99	225.00	273.00	246.39	246.00	24393.00
chr1	21937944	21938074	130	130	526.00	768.00	697.48	729.00	90672.00
chr2	223789173	223789313	140	140	195.00	254.00	220.75	223.00	30905.00
chr20	3772318	3772535	217	217	1.00	6.00	2.03	2.00	441.00
chr16	18531918	18532001	83	83	882.00	1175.00	1031.93	1057.00	85650.00
chr1	43396296	43396537	241	241	82.00	181.00	127.95	121.00	30837.00
chr2	100037960	100038115	155	155	30.00	48.00	41.26	43.00	6396.00
chr16	1500497	1500770	273	273	5.00	221.00	98.92	109.00	27004.00
chr19	40876016	40876144	128	128	1949.00	2864.00	2460.83	2433.50	314986.00
chr5	168112691	168112932	241	241	31.00	50.00	42.72	43.00	10295.00
chr2	127825738	127825831	93	93	472.00	564.00	526.40	530.00	48955.00
chr1	19232015	19234990	2975	2975	3.00	61.00	21.66	19.00	64435.00
chr16	1391129	1391196	67	67	258.00	300.00	279.18	278.00	18705.00
chr6	33410665	33411689	1024	1024	10.00	184.00	100.39	112.00	102803.00
chr9	95872033	95872266	233	233	2.00	9.00	6.02	6.00	1402.00
chr1	53378627	53378839	212	212	5.00	19.00	11.00	11.00	2331.00
chr2	80531276	80531693	417	417	17.00	81.00	57.84	62.00	24121.00
chr7	44286718	44286791	73	73	594.00	708.00	648.56	650.00	47345.00
chr7	157369304	157369471	167	167	558.00	761.00	629.10	624.00	105059.00
chr11	18755079	18755191	112	112	0.00	456.00	269.08	339.50	30137.00
chr6	86237979	86238080	101	101	203.00	245.00	225.82	230.00	22808.00
chr8	145000951	145001050	99	99	41.00	62.00	49.34	49.00	4885.00
chr19	45167680	45167966	286	286	4.00	16.00	9.01	8.00	2577.00
chr10	48930165	48930400	235	235	0.00	16.00	5.31	4.00	1249.00
chr16	87871450	87871547	97	97	98.00	124.00	112.56	114.00	10918.00
chr1	109815454	109815649	195	195	148.00	310.00	223.47	211.00	43576.00
chr1	208215442	208215711	269	269	42.00	121.00	89.27	89.00	24013.00
chr2	260866	261451	585	585	2.00	26.00	10.61	10.00	6209.00
chr5	180481266	180481724	458	458	0.00	11.00	3.64	3.00	1667.00
chr7	73119479	73119631	152	152	4.00	1856.00	787.77	8.00	119741.00
chr15	34677248	34677358	110	110	164.00	347.00	240.59	229.00	26465.00
chr16	57687114	57687247	133	133	63.00	92.00	77.53	78.00	10312.00
chr15	50649406	50649592	186	186	8.00	28.00	15.35	17.00	2855.00
chr22	21071995	21072066	71	71	1665.00	1840.00	1765.25	1766.00	125333.00
chr5	179200882	179201561	679	679	0.00	21.00	10.25	11.00	6963.00
chr10	98763824	98763979	155	155	90.00	151.00	114.45	115.00	17740.00
chr14	102963315	102963457	142	142	47.00	85.00	63.29	62.00	8987.00
chr1	21932558	21933138	580	580	2.00	910.00	180.10	12.00	104458.00
chr16	28118842	28118998	156	156	152.00	259.00	202.90	204.00	31653.00
chr1	241767561	241767881	320	320	36.00	87.00	60.05	58.50	19216.00
chr11	66812063	66812184	121	121	150.00	219.00	180.83	183.00	21881.00
chr11	12248571	12248678	107	107	420.00	575.00	501.09	517.00	53617.00
chr9	130588788	130588951	163	163	62.00	94.00	75.27	75.00	12269.00
chr22	21068915	21068988	73	73	1257.00	1765.00	1559.25	1576.00	113825.00
chr1	43424304	43424531	227	227	26.00	166.00	120.93	138.00	27452.00
chr14	105852021	105853670	1649	1649	3.00	177.00	15.80	11.00	26048.00
chr15	34823469	34823579	110	110	168.00	344.00	253.65	248.00	27901.00
chr11	171365	172282	917	917	0.00	11.00	4.36	4.00	3999.00
chr22	24493976	24494155	179	179	41.00	98.00	72.35	74.00	12951.00
chr15	79291060	79291167	107	107	323.00	373.00	347.64	347.00	37198.00
chr16	2145904	2146194	290	290	4.00	19.00	10.30	10.00	2988.00
chr9	131503050	131503166	116	116	347.00	489.00	429.86	449.00	49864.00
chr11	61301983	61302579	596	596	1.00	26.00	9.17	7.00	5464.00
chr22	25308609	25308719	110	110	58.00	74.00	63.56	62.00	6992.00
chr12	63977826	63979986	2160	2160	0.00	17.00	5.34	4.00	11526.00
chr19	46928844	46930933	2089	2089	3.00	284.00	145.04	144.00	302994.00
chr16	56969146	56969224	78	78	135.00	238.00	179.85	178.50	14028.00
chr17	40665787	40665996	209	209	5.00	1472.00	599.77	783.00	125352.00
chr9	131669435	131671600	2165	2165	49.00	259.00	120.97	112.00	261900.00
chr2	220164026	220164271	245	245	10.00	871.00	276.00	22.00	67620.00
chr19	7589846	7590052	206	206	44.00	140.00	72.47	65.00	14928.00
chr6	91260186	91260268	82	82	70.00	92.00	80.02	78.50	6562.00
chr9	124543742	124543830	88	88	287.00	379.00	333.36	336.00	29336.00
chr12	54071005	54071170	165	165	1.00	36.00	20.08	24.00	3313.00
chr2	40443	41212	769	769	8.00	52.00	23.83	22.00	18326.00
chr11	67852159	67852747	588	588	0.00	15.00	5.69	4.00	3347.00
chr8	8233762	8234810	1048	1048	15.00	81.00	42.55	38.00	44594.00
chr2	175671113	175672148	1035	1035	0.00	17.00	5.84	5.00	6047.00
chr7	138984922	138985438	516	516	0.00	6.00	2.06	1.00	1064.00
chr22	40816850	40817104	254	254	53.00	112.00	86.20	88.00	21894.00
chr19	14263120	14263249	129	129	234.00	421.00	320.90	320.00	41396.00
chr19	16962222	16962345	123	123	85.00	242.00	176.08	184.00	21658.00
chr1	109813838	109813918	80	80	219.00	291.00	242.14	237.00	19371.00
chr3	49898148	49898562	414	414	1.00	914.00	403.58	637.50	167081.00
chr17	17131202	17131510	308	308	5.00	78.00	56.37	62.00	17362.00
chr1	21936067	21936139	72	72	238.00	362.00	303.47	311.50	21850.00
chr3	130424404	130424615	211	211	50.00	72.00	60.62	61.00	12790.00
chr12	56532710	56532797	87	87	65.00	103.00	81.80	80.00	7117.00
chr16	29888591	29888788	197	197	524.00	965.00	706.23	660.00	139127.00
chr2	114394588	114396196	1608	1608	1.00	47.00	14.05	12.00	22591.00
chr3	124180736	124180803	67	67	215.00	267.00	239.75	238.00	16063.00
chr9	111798485	111798660	175	175	42.00	69.00	55.47	54.00	9707.00
chr10	73847897	73848372	475	475	12.00	1171.00	380.92	352.00	180935.00
chr22	21075585	21075706	121	121	728.00	1572.00	1168.36	1205.00	141371.00
chr22	20920753	20921104	351	351	62.00	103.00	88.37	90.00	31018.00
chr9	140953020	140953185	165	165	28.00	87.00	56.66	58.00	9349.00
chr22	41620970	41621075	105	105	113.00	153.00	131.91	132.00	13851.00
chr11	6243671	6243839	168	168	39.00	77.00	59.52	62.00	10000.00
chr15	74704225	74704353	128	128	105.00	195.00	162.88	176.00	20849.00
chr3	48719780	48719985	205	205	127.00	189.00	153.29	148.00	31424.00
chr1	222833247	222833348	101	101	74.00	126.00	104.64	103.00	10569.00
chr1	6583675	6584824	1149	1149	11.00	83.00	50.02	51.00	57477.00
chr11	126135857	126135976	119	119	199.00	247.00	225.76	228.00	26865.00
chr8	75156763	75157410	647	647	18.00	58.00	36.18	37.00	23406.00
chr15	83345212	83345389	177	177	202.00	296.00	256.84	256.00	45460.00
chr14	68031638	68032561	923	923	0.00	6.00	1.60	2.00	1473.00
chr19	42479780	42479949	169	169	3460.00	5752.00	4234.59	3889.00	715645.00
chr16	31503329	31503407	78	78	221.00	292.00	262.35	265.00	20463.00
chr17	1564564	1564700	136	136	115.00	138.00	129.10	130.00	17558.00
chr16	58717858	58718082	224	224	9.00	31.00	25.17	26.00	5639.00
chr14	71575320	71575763	443	443	22.00	54.00	38.28	39.00	16960.00
chr1	202934498	202934628	130	130	146.00	233.00	188.53	186.00	24509.00
chr7	73118477	73118586	109	109	1040.00	1251.00	1155.58	1162.00	125958.00
chr19	13365908	13366073	165	165	33.00	77.00	56.58	60.00	9336.00
chr10	102265117	102265958	841	841	7.00	38.00	17.66	15.00	14849.00
chr9	139983320	139983457	137	137	118.00	150.00	136.04	136.00	18638.00
chr18	29206245	29206347	102	102	66.00	97.00	80.66	82.50	8227.00
chr12	120578662	120578827	165	165	45.00	67.00	54.88	54.00	9056.00
chr5	757516	758226	710	710	2.00	13.00	6.16	5.00	4375.00
chr8	21632483	21632567	84	84	51.00	79.00	63.79	62.00	5358.00
chr4	54011499	54011749	250	250	44.00	95.00	71.22	74.00	17804.00
chr8	141680613	141681365	752	752	0.00	16.00	5.80	5.00	4363.00
chr11	57367351	57367850	499	499	39.00	127.00	81.30	84.00	40569.00
chr12	63980009	63980784	775	775	0.00	11.00	5.17	5.00	4009.00
chr9	140057042	140057203	161	161	5.00	2248.00	1885.32	2017.00	303536.00
chr2	7055953	7056098	145	145	49.00	65.00	58.46	58.00	8477.00
chr12	52387768	52389043	1275	1275	0.00	193.00	102.09	101.00	130168.00
chr19	50104931	50105175	244	244	20.00	118.00	47.32	30.00	11545.00
chr19	5218430	5218543	113	113	230.00	390.00	319.17	309.00	36066.00
chr16	29898969	29899138	169	169	335.00	567.00	426.05	421.00	72003.00
chr7	99030900	99031041	141	141	27.00	41.00	33.44	33.00	4715.00
chr17	36692926	36693212	286	286	1.00	10.00	3.60	3.00	1029.00
chr15	73857770	73859335	1565	1565	1.00	68.00	30.73	32.00	48095.00
chr6	44104085	44104176	91	91	103.00	144.00	128.52	129.00	11695.00
chr1	21938518	21938602	84	84	543.00	630.00	580.71	572.50	48780.00
chr19	13423482	13423595	113	113	9.00	32.00	19.89	18.00	2248.00
chr16	70292882	70293089	207	207	670.00	1030.00	875.38	893.00	181204.00
chr18	61060641	61060782	141	141	42.00	89.00	67.70	68.00	9545.00
chr16	22269814	22270016	202	202	10.00	27.00	16.39	15.00	3311.00
chr1	21554423	21554534	111	111	47.00	72.00	59.67	58.00	6623.00
chr9	140057255	140057455	200	200	4.00	2627.00	1630.77	1970.00	326153.00
chr7	1488255	1488397	142	142	15.00	25.00	18.23	18.00	2589.00
chr14	100166351	100166438	87	87	605.00	741.00	673.77	685.00	58618.00
chr9	101065522	101065705	183	183	480.00	715.00	567.86	563.00	103919.00
chr5	68411752	68412041	289	289	24.00	57.00	37.85	37.00	10939.00
chr1	2452539	2452754	215	215	61.00	112.00	89.86	96.00	19319.00
chr1	21564626	21564737	111	111	27.00	37.00	31.55	31.00	3502.00
chr13	42037713	42039066	1353	1353	0.00	11.00	3.10	2.00	4200.00
chr2	114350236	114350443	207	207	2.00	33.00	17.11	18.00	3541.00
chr1	21939668	21939722	54	54	431.00	570.00	489.78	487.50	26448.00
chr9	139353895	139354007	112	112	43.00	65.00	55.85	57.00	6255.00
chr7	102176367	102176618	251	251	2.00	7.00	4.92	5.00	1234.00
chr3	51411753	51412018	265	265	0.00	187.00	67.94	5.00	18003.00
chr17	73888091	73888266	175	175	16.00	35.00	25.89	26.00	4531.00
chr13	103297258	103297435	177	177	0.00	58.00	27.28	41.00	4828.00
chr15	63922664	63922834	170	170	169.00	217.00	193.51	193.00	32896.00
chr3	33400774	33400849	75	75	164.00	235.00	194.80	191.00	14610.00
chr22	50671744	50671955	211	211	21.00	40.00	27.91	27.00	5888.00
chr1	21190968	21191205	237	237	135.00	244.00	192.97	201.00	45735.00
chr5	14481649	14481727	78	78	127.00	169.00	147.55	151.00	11509.00
chr15	101605556	101606410	854	854	10.00	44.00	27.85	27.50	23782.00
chr17	80040402	80040554	152	152	223.00	348.00	270.47	274.50	41111.00
chr2	132269293	132270897	1604	1604	0.00	17.00	7.13	7.00	11431.00
chr11	1778553	1778786	233	233	1027.00	1855.00	1507.21	1556.00	351179.00
chr11	1469616	1469808	192	192	8.00	21.00	12.97	12.00	2490.00
chr12	120138549	120138630	81	81	179.00	238.00	216.73	224.00	17555.00
chr7	901016	901101	85	85	133.00	190.00	161.35	165.00	13715.00
chr19	13372263	13372424	161	161	43.00	93.00	72.08	76.00	11605.00
chr17	40843154	40843311	157	157	142.00	237.00	181.52	177.00	28498.00
chr17	80039476	80039719	243	243	252.00	467.00	347.98	349.00	84560.00
chr17	16681109	16687365	6256	6256	0.00	62.00	21.22	19.00	132774.00
chr1	116935475	116935610	135	135	1967.00	2674.00	2322.62	2342.00	313554.00
chr6	128294808	128294972	164	164	95.00	187.00	147.77	152.00	24235.00
chr5	109189927	109190617	690	690	0.00	9.00	2.86	3.00	1974.00
chr15	40757533	40757634	101	101	19.00	101.00	79.61	83.00	8041.00
chr2	220164706	220164981	275	275	585.00	1179.00	844.03	858.00	232108.00
chr3	164905164	164908639	3475	3475	6.00	78.00	30.94	28.00	107523.00
chr11	60699157	60699356	199	199	115.00	471.00	374.85	399.00	74596.00
chr2	96680301	96680717	416	416	2.00	20.00	6.63	6.00	2757.00
chr17	40845314	40845554	240	240	210.00	330.00	263.71	259.00	63291.00
chr12	125264513	125265391	878	878	5.00	20.00	11.21	10.00	9846.00
chr1	156623704	156624158	454	454	2.00	17.00	7.70	7.00	3494.00
chr6	108370456	108370622	166	166	72.00	113.00	96.80	99.00	16068.00
chr11	19180486	19180587	101	101	8.00	17.00	11.65	11.00	1177.00
chr19	42489069	42489338	269	269	769.00	1714.00	1373.91	1522.00	369583.00
chr2	198274493	198274731	238	238	71.00	115.00	100.20	104.00	23847.00
chr6	47220991	47221257	266	266	119.00	287.00	194.62	172.00	51770.00
chr19	40872679	40872822	143	143	2272.00	3364.00	2932.17	3057.00	419300.00
chr19	54693278	54693627	349	349	3.00	116.00	46.60	25.00	16262.00
chr12	81929	82174	245	245	1.00	17.00	8.50	8.00	2083.00
chr21	45513943	45514114	171	171	29.00	72.00	53.79	55.00	9198.00
chr3	124201630	124201747	117	117	7.00	549.00	401.88	497.00	47020.00
chr17	79805118	79805223	105	105	465.00	557.00	508.20	509.00	53361.00
chr20	46307419	46307548	129	129	45.00	113.00	66.09	64.00	8525.00
chr17	38187790	38187873	83	83	127.00	162.00	146.28	147.00	12141.00
chr2	207452814	207452878	64	64	273.00	362.00	313.83	313.50	20085.00
chr17	45695715	45695823	108	108	317.00	383.00	353.93	355.00	38224.00
chr7	44283023	44283126	103	103	452.00	700.00	632.14	651.00	65110.00
chr20	62274975	62275284	309	309	6.00	3048.00	1401.36	1744.00	433021.00
chr11	108202605	108202764	159	159	8.00	20.00	14.08	14.00	2238.00
chr9	140051314	140051489	175	175	860.00	1128.00	955.17	943.00	167155.00
chr22	45574118	45574781	663	663	31.00	104.00	54.98	51.00	36455.00
chr15	79312382	79312446	64	64	153.00	174.00	165.06	166.50	10564.00
chr1	21940120	21940199	79	79	412.00	557.00	482.62	488.00	38127.00
chr17	3775847	3775921	74	74	474.00	676.00	610.97	639.50	45212.00
chr7	73133931	73134019	88	88	15.00	1101.00	368.66	244.00	32442.00
chr11	72292920	72292991	71	71	504.00	582.00	543.49	547.00	38588.00
chr7	43547616	43547730	114	114	118.00	144.00	127.37	126.00	14520.00
chr16	58713760	58714145	385	385	6.00	39.00	25.17	29.00	9689.00
chr22	21083600	21083794	194	194	972.00	1395.00	1175.17	1169.50	227983.00
chr11	66457275	66457414	139	139	531.00	841.00	646.57	601.00	89873.00
chr15	91561034	91561115	81	81	48.00	68.00	59.16	60.00	4792.00
chr11	2968525	2969001	476	476	1.00	25.00	8.56	7.00	4074.00
chr19	34869838	34869910	72	72	1638.00	1979.00	1801.42	1796.00	129702.00
chr9	121970996	121971219	223	223	223.00	357.00	310.27	316.00	69190.00
chr3	47449772	47449980	208	208	2.00	54.00	30.29	35.50	6300.00
chr12	57601820	57601999	179	179	212.00	535.00	373.87	385.00	66922.00
chr16	2345590	2345741	151	151	134.00	205.00	176.13	181.00	26596.00
chr12	50471782	50471910	128	128	51.00	71.00	61.21	62.00	7835.00
chr1	109814221	109814344	123	123	334.00	424.00	386.69	391.00	47563.00
chr19	16942304	16942458	154	154	97.00	152.00	126.08	126.00	19416.00
chr11	66333301	66333398	97	97	673.00	833.00	719.03	707.00	69746.00
chr5	74026084	74026223	139	139	68.00	118.00	92.18	92.00	12813.00
chr5	68417520	68417722	202	202	42.00	80.00	61.48	65.00	12419.00
chr19	15272262	15272525	263	263	16.00	47.00	28.70	25.00	7549.00
chr3	45872404	45872482	78	78	164.00	203.00	178.71	179.00	13939.00
chr7	73123374	73123452	78	78	1142.00	1932.00	1606.91	1660.50	125339.00
chr5	14498197	14498360	163	163	87.00	194.00	143.46	153.00	23384.00
chr14	93180167	93180230	63	63	231.00	339.00	265.46	261.00	16724.00
chr9	130984739	130984875	136	136	2349.00	3135.00	2713.90	2652.00	369091.00
chr13	31216764	31216894	130	130	15.00	33.00	23.35	22.00	3035.00
chr12	112614399	112614506	107	107	63.00	138.00	121.90	122.00	13043.00
chr12	57602865	57602982	117	117	322.00	470.00	383.35	387.00	44852.00
chr14	72976861	72976987	126	126	103.00	130.00	114.65	114.50	14446.00
chr1	155209406	155209553	147	147	138.00	203.00	162.48	156.00	23884.00
chr10	49633930	49634113	183	183	120.00	210.00	166.27	164.00	30427.00
chr16	84100093	84100218	125	125	160.00	228.00	195.61	194.00	24451.00
chr1	155207924	155208097	173	173	140.00	211.00	165.82	166.00	28687.00
chr12	2786898	2787033	135	135	21.00	39.00	31.16	31.00	4206.00
chr2	233755457	233756197	740	740	0.00	1529.00	235.84	13.00	174518.00
chr14	60631894	60632099	205	205	57.00	210.00	158.65	176.00	32523.00
chr1	11151549	11151654	105	105	69.00	92.00	80.22	81.00	8423.00
chr4	134076071	134076178	107	107	216.00	360.00	315.18	324.00	33724.00
chr15	91420364	91420441	77	77	123.00	161.00	136.74	136.00	10529.00
chr5	114961533	114961755	222	222	0.00	40.00	17.14	16.00	3806.00
chr16	1814047	1814211	164	164	2.00	471.00	214.36	320.00	35155.00
chr18	44250463	44252581	2118	2118	13.00	150.00	55.77	49.00	118124.00
chr6	158049380	158049518	138	138	50.00	79.00	62.77	61.00	8662.00
chr19	7675585	7675679	94	94	66.00	82.00	73.05	73.00	6867.00
chr13	99461604	99461719	115	115	1.00	193.00	163.33	169.00	18783.00
chr11	130010829	130011467	638	638	0.00	1457.00	160.74	12.00	102550.00
chr11	107526658	107526792	134	134	415.00	531.00	470.57	471.50	63056.00
chr16	1391294	1391490	196	196	188.00	287.00	225.18	223.00	44135.00
chr1	38182716	38184158	1442	1442	8.00	128.00	65.53	64.00	94497.00
chr5	179231023	179231323	300	300	5.00	18.00	10.68	10.00	3203.00
chr14	69814593	69814719	126	126	119.00	182.00	156.12	157.50	19671.00
chr14	69349174	69349309	135	135	197.00	351.00	294.72	309.00	39787.00
chr19	7614792	7614998	206	206	148.00	220.00	192.95	194.00	39748.00
chr1	228270375	228270466	91	91	2.00	1069.00	334.19	143.00	30411.00
chr1	38186022	38186315	293	293	3.00	39.00	23.12	29.00	6775.00
chr13	77641715	77641999	284	284	251.00	424.00	333.17	328.00	94620.00
chr14	100157417	100157498	81	81	222.00	430.00	291.83	258.00	23638.00
chr13	32978280	32979333	1053	1053	6.00	96.00	21.01	14.00	22126.00
chr12	7301567	7301794	227	227	680.00	947.00	832.93	846.00	189076.00
chr9	123583116	123583257	141	141	28.00	61.00	46.99	49.00	6625.00
chr17	26883183	26883284	101	101	73.00	138.00	102.52	99.00	10355.00
chr12	6972993	6973137	144	144	373.00	476.00	411.44	403.50	59248.00
chr20	34322310	34322637	327	327	0.00	9.00	3.02	2.00	989.00
chr19	7606407	7606570	163	163	106.00	169.00	145.37	153.00	23695.00
chr16	2333186	2333373	187	187	2.00	368.00	250.48	264.00	46839.00
chr12	113825548	113825711	163	163	56.00	162.00	110.46	110.00	18005.00
chr7	4802013	4807749	5736	5736	5.00	142.00	37.58	28.00	215557.00
chr1	43394880	43394985	105	105	149.00	232.00	195.15	208.00	20491.00
chr19	4554399	4554488	89	89	441.00	600.00	523.49	521.00	46591.00
chr16	31719139	31719372	233	233	4.00	11.00	6.82	7.00	1589.00
chr5	134060669	134061744	1075	1075	2.00	23.00	9.75	8.00	10476.00
chr1	202936318	202936371	53	53	12.00	108.00	73.94	97.00	3919.00
chr2	220087366	220087615	249	249	236.00	303.00	264.82	269.00	65939.00
chr2	36764494	36764689	195	195	47.00	94.00	70.87	69.00	13819.00
chr7	43519208	43519343	135	135	76.00	112.00	92.68	91.00	12512.00
chr10	51249585	51249993	408	408	1.00	23.00	9.64	8.00	3935.00
chr6	32123647	32123755	108	108	91.00	140.00	109.81	108.00	11860.00
chr3	118624442	118624692	250	250	0.00	29.00	10.23	0.00	2558.00
chr1	190129797	190130020	223	223	42.00	82.00	60.49	58.00	13490.00
chr9	131004491	131004624	133	133	4.00	4224.00	3280.56	3762.00	436314.00
chr22	33679187	33679334	147	147	275.00	353.00	311.60	313.00	45805.00
chr15	74709931	74710016	85	85	107.00	180.00	136.18	127.00	11575.00
chr7	6470110	6470238	128	128	30.00	50.00	41.33	43.00	5290.00
chr1	6640600	6641359	759	759	12.00	34.00	20.43	20.00	15506.00
chr16	31510622	31510728	106	106	149.00	184.00	168.28	168.00	17838.00
chr4	103710287	103711803	1516	1516	1.00	32.00	15.83	16.00	24004.00
chr19	2862339	2862746	407	407	3.00	23.00	10.18	8.00	4142.00
chr2	15467873	15467994	121	121	51.00	83.00	63.47	63.00	7680.00
chr2	36780721	36781492	771	771	1.00	20.00	6.96	5.00	5367.00
chr10	81070680	81070941	261	261	12.00	57.00	25.59	20.00	6678.00
chr2	217234866	217235986	1120	1120	17.00	73.00	35.56	34.00	39822.00
chr10	93786348	93786508	160	160	35.00	51.00	41.57	40.00	6651.00
chr17	20268785	20269076	291	291	0.00	6.00	2.73	3.00	795.00
chr9	131002006	131002062	56	56	3.00	3837.00	3352.46	3632.50	187738.00
chr1	155208307	155208441	134	134	207.00	276.00	235.84	233.00	31603.00
chr2	162833877	162834373	496	496	3.00	416.00	41.54	12.00	20602.00
chr9	35799614	35799728	114	114	17.00	28.00	21.80	21.00	2485.00
chr20	62517856	62519234	1378	1378	2.00	168.00	20.62	16.00	28415.00
chr22	35942847	35943127	280	280	45.00	216.00	144.25	151.00	40389.00
chr13	26436438	26436546	108	108	40.00	61.00	48.09	49.00	5194.00
chr14	69371371	69371453	82	82	198.00	271.00	233.12	236.00	19116.00
chr7	44031274	44031581	307	307	1.00	17.00	7.97	8.00	2447.00
chr11	12274988	12275291	303	303	0.00	15.00	6.58	5.00	1993.00
chr5	1334403	1334498	95	95	159.00	282.00	224.64	232.00	21341.00
chr19	34868639	34868786	147	147	1875.00	2550.00	2224.84	2204.00	327052.00
chr16	1815960	1816143	183	183	337.00	570.00	421.12	424.00	77065.00
chr10	73578787	73578868	81	81	3817.00	4221.00	4042.38	4063.00	327433.00
chr17	37420427	37420640	213	213	19.00	36.00	28.66	28.00	6104.00
chr5	60835422	60835586	164	164	18.00	30.00	22.55	22.00	3699.00
chr15	79296143	79296517	374	374	228.00	337.00	273.85	271.00	102421.00
chr19	13039568	13039661	93	93	685.00	965.00	816.09	810.00	75896.00
chr12	49421585	49421713	128	128	36.00	59.00	47.72	49.00	6108.00
chr1	1661057	1662583	1526	1526	3.00	177.00	70.77	68.00	107998.00
chr2	207457340	207457460	120	120	456.00	612.00	530.89	523.50	63707.00
chr11	64542462	64543441	979	979	0.00	10.00	4.33	4.00	4238.00
chr20	61910250	61910347	97	97	129.00	181.00	163.44	162.00	15854.00
chr11	62394042	62394156	114	114	233.00	368.00	289.53	285.00	33006.00
chr5	37301538	37301652	114	114	18.00	30.00	25.74	25.00	2934.00
chr16	4733843	4733933	90	90	161.00	188.00	174.87	174.00	15738.00
chr15	43693913	43694048	135	135	83.00	113.00	100.00	101.00	13500.00
chr11	18764538	18764622	84	84	174.00	249.00	219.48	227.00	18436.00
chr17	57842331	57842499	168	168	111.00	189.00	138.43	128.00	23257.00
chr9	96076729	96078064	1335	1335	4.00	46.00	17.12	14.00	22860.00
chr11	12246219	12246367	148	148	261.00	405.00	330.50	352.00	48914.00
chr12	7030743	7031565	822	822	4.00	6409.00	2058.28	24.00	1691908.00
chr3	14523178	14523349	171	171	7.00	19.00	12.30	12.00	2103.00
chr5	758508	759483	975	975	0.00	10.00	2.98	2.00	2909.00
chr12	22635490	22635677	187	187	61.00	100.00	79.43	80.00	14853.00
chr5	14479369	14479459	90	90	98.00	162.00	139.96	147.00	12596.00
chr6	143655214	143656079	865	865	0.00	20.00	6.07	4.00	5252.00
chr7	75508360	75508578	218	218	36.00	1566.00	998.87	1167.50	217754.00
chr11	60697981	60698131	150	150	210.00	300.00	249.96	242.00	37494.00
chr1	151400598	151400889	291	291	26.00	70.00	53.19	58.00	15477.00
chr5	172196431	172197309	878	878	8.00	359.00	115.71	30.00	101593.00
chr3	49152660	49152794	134	134	42.00	76.00	55.57	56.00	7447.00
chr7	5518281	5519950	1669	1669	27.00	103.00	59.09	59.00	98617.00
chr17	16691106	16691449	343	343	2.00	47.00	22.72	30.00	7792.00
chr2	220086993	220087172	179	179	251.00	342.00	298.11	296.00	53361.00
chr10	51746916	51748006	1090	1090	1.00	42.00	14.60	12.00	15910.00
chr12	7302118	7302289	171	171	892.00	1145.00	1020.87	1028.00	174569.00
chr11	59562844	59562955	111	111	18.00	48.00	32.57	36.00	3615.00
chr12	6100984	6101184	200	200	48.00	78.00	59.59	60.00	11918.00
chr19	5683274	5683627	353	353	5.00	34.00	21.10	22.00	7448.00
chr12	2786259	2786387	128	128	36.00	52.00	43.41	44.00	5556.00
chr15	26812727	26812880	153	153	146.00	288.00	195.41	199.00	29897.00
chr1	149007980	149008798	818	818	0.00	25.00	7.12	3.00	5828.00
chr19	54965608	54965861	253	253	34.00	99.00	63.07	61.00	15956.00
chr8	27293259	27293310	51	51	318.00	439.00	392.96	401.00	20041.00
chr15	23014437	23014528	91	91	95.00	125.00	107.14	104.00	9750.00
chr1	111717500	111717585	85	85	77.00	103.00	84.78	82.00	7206.00
chr6	150157220	150157433	213	213	159.00	227.00	197.84	204.00	42140.00
chr13	114566547	114566670	123	123	66.00	146.00	104.46	108.00	12848.00
chr16	58539291	58539605	314	314	2.00	18.00	7.82	6.00	2455.00
chr1	21936612	21936768	156	156	292.00	721.00	514.56	520.50	80271.00
chr1	17322880	17322991	111	111	303.00	567.00	447.00	470.00	49617.00
chr11	60699455	60699599	144	144	302.00	426.00	375.12	396.00	54017.00
chr5	6749669	6749770	101	101	42.00	69.00	59.78	60.00	6038.00
chr16	2156805	2156949	144	144	82.00	117.00	94.33	92.00	13583.00
chr15	34690834	34690930	96	96	55.00	78.00	64.72	64.00	6213.00
chr3	11074933	11075425	492	492	0.00	402.00	71.80	8.00	35326.00
chr5	74655222	74655381	159	159	128.00	247.00	164.17	150.00	26103.00
chr20	20022968	20023160	192	192	30.00	101.00	63.12	57.00	12120.00
chr2	39055481	39055578	97	97	25.00	41.00	32.80	32.00	3182.00
chr19	16793231	16793528	297	297	8.00	321.00	88.93	15.00	26411.00
chr2	219205450	219205509	59	59	85.00	97.00	91.15	91.00	5378.00
chr17	74087429	74087729	300	300	2.00	23.00	12.48	14.00	3745.00
chr3	184058150	184060036	1886	1886	4.00	1020.00	146.93	27.00	277117.00
chr6	90333128	90333263	135	135	36.00	58.00	45.75	45.00	6176.00
chr12	125267019	125267429	410	410	0.00	26.00	9.75	6.00	3997.00
chr1	207942580	207943104	524	524	4.00	41.00	23.23	24.00	12170.00
chr4	89356876	89357043	167	167	53.00	77.00	66.99	68.00	11188.00
chr7	101995498	101995736	238	238	4.00	16.00	10.18	10.50	2423.00
chr3	11067458	11067562	104	104	208.00	286.00	256.72	260.50	26699.00
chr5	95734582	95734740	158	158	131.00	197.00	167.85	169.00	26520.00
chr6	152529106	152529341	235	235	71.00	114.00	94.00	97.00	22090.00
chr5	102295578	102295763	185	185	116.00	203.00	171.70	185.00	31764.00
chr22	21072980	21073110	130	130	1145.00	1703.00	1398.99	1424.00	181869.00
chr12	121855306	121855714	408	408	79.00	241.00	129.81	121.00	52963.00
chr1	160326389	160326544	155	155	98.00	136.00	114.83	117.00	17798.00
chr11	60670930	60671007	77	77	479.00	611.00	536.94	540.00	41344.00
chr17	79804822	79804948	126	126	491.00	777.00	653.67	664.00	82363.00
chr16	18527204	18527332	128	128	790.00	1200.00	1001.85	1017.50	128237.00
chr16	16372518	16372646	128	128	808.00	1221.00	1022.27	1041.00	130850.00
chr2	32750530	32750695	165	165	15.00	26.00	22.19	23.00	3661.00
chr14	69369193	69369279	86	86	231.00	282.00	257.48	256.00	22143.00
chr7	66418212	66418356	144	144	114.00	142.00	131.33	133.00	18912.00
chr6	44107988	44108097	109	109	147.00	181.00	163.60	162.00	17832.00
chr7	70885893	70886091	198	198	342.00	697.00	470.99	402.00	93256.00
chr8	27295281	27295397	116	116	400.00	472.00	437.66	438.00	50768.00
chr7	73122918	73123018	100	100	1845.00	2172.00	2013.44	2020.50	201344.00
chr15	34698874	34699071	197	197	88.00	145.00	111.80	110.00	22025.00
chr8	22009343	22009513	170	170	223.00	441.00	306.59	285.50	52120.00
chr7	1526557	1526737	180	180	35.00	115.00	82.43	90.00	14837.00
chr5	178053946	178054065	119	119	3.00	71.00	28.46	28.00	3387.00
chr12	6103027	6103369	342	342	52.00	82.00	66.42	66.00	22715.00
chr2	3479491	3480482	991	991	0.00	16.00	6.86	7.00	6797.00
chr3	33883388	33883566	178	178	48.00	99.00	79.10	83.00	14080.00
chr19	11019778	11019883	105	105	96.00	147.00	120.60	128.00	12663.00
chr7	98446205	98446318	113	113	1453.00	2680.00	2038.71	1842.00	230374.00
chr8	106813274	106813932	658	658	4.00	22.00	13.09	13.00	8616.00
chr2	223795338	223795530	192	192	262.00	407.00	324.82	308.00	62365.00
chr7	75511146	75511554	408	408	966.00	1913.00	1399.00	1444.00	570791.00
chr21	40184926	40185038	112	112	160.00	260.00	218.18	229.00	24436.00
chr19	53383575	53385236	1661	1661	3.00	53.00	21.76	20.00	36144.00
chr19	14208130	14208295	165	165	6.00	520.00	339.62	430.00	56037.00
chr15	91461013	91461618	605	605	3.00	294.00	75.09	10.00	45429.00
chr8	145278010	145278133	123	123	34.00	45.00	40.37	40.00	4966.00
chr16	28132990	28133083	93	93	137.00	160.00	150.39	150.00	13986.00
chr11	125280091	125280221	130	130	89.00	129.00	112.55	115.00	14632.00
chr15	63128089	63128317	228	228	82.00	260.00	178.13	188.00	40613.00
chr9	131181435	131181557	122	122	2.00	90.00	75.93	77.00	9264.00
chr19	3281196	3281343	147	147	212.00	346.00	289.73	300.00	42590.00
chr11	6240200	6240280	80	80	30.00	42.00	35.65	35.50	2852.00
chr20	31019123	31019287	164	164	7.00	14.00	10.20	10.00	1673.00
chr6	46825865	46827260	1395	1395	27.00	74.00	48.75	48.00	68002.00
chr12	1672006	1672666	660	660	10.00	42.00	22.90	22.00	15116.00
chr12	9098824	9099001	177	177	156.00	206.00	177.95	177.00	31498.00
chr7	121738503	121738630	127	127	1.00	7.00	4.69	7.00	595.00
chr19	40875814	40875935	121	121	1390.00	1993.00	1638.86	1570.00	198302.00
chr20	3581592	3581671	79	79	54.00	78.00	65.58	66.00	5181.00
chr17	7226965	7227042	77	77	81.00	128.00	111.45	117.00	8582.00
chr2	74331800	74332809	1009	1009	4.00	35.00	15.55	13.00	15694.00
chr1	209785136	209785610	474	474	8.00	483.00	320.45	342.50	151892.00
chr9	35546426	35548532	2106	2106	58.00	206.00	123.29	122.00	259644.00
chr17	80040198	80040290	92	92	230.00	345.00	290.49	286.50	26725.00
chr11	73074791	73075284	493	493	5.00	169.00	51.35	11.00	25318.00
chr20	44674976	44675075	99	99	293.00	361.00	334.76	335.00	33141.00
chr20	5892091	5892328	237	237	50.00	558.00	245.27	214.00	58130.00
chr17	20316581	20317594	1013	1013	0.00	21.00	3.06	1.00	3099.00
chr12	99478702	99478801	99	99	156.00	237.00	199.00	208.00	19701.00
chr17	40842756	40842960	204	204	187.00	357.00	287.58	291.50	58667.00
chr11	107501142	107501288	146	146	315.00	491.00	383.02	359.00	55921.00
chr11	85429236	85429532	296	296	0.00	34.00	10.51	7.00	3111.00
chr20	9449217	9449319	102	102	43.00	63.00	53.62	54.00	5469.00
chr14	23371395	23371591	196	196	112.00	177.00	144.90	146.00	28400.00
chr7	716865	716957	92	92	2573.00	3329.00	3106.82	3124.00	285827.00
chr10	48862360	48862682	322	322	8.00	442.00	273.83	317.00	88173.00
chr10	68686678	68688210	1532	1532	20.00	152.00	57.06	50.00	87417.00
chr5	179674854	179674926	72	72	175.00	258.00	214.19	215.00	15422.00
chr1	209773327	209773456	129	129	205.00	294.00	260.11	263.00	33554.00
chr17	45691034	45691091	57	57	333.00	396.00	366.81	372.00	20908.00
chr1	19669871	19670118	247	247	1.00	9.00	4.70	4.00	1162.00
chr17	45664025	45664710	685	685	1.00	227.00	39.71	16.00	27199.00
chr19	2337634	2338840	1206	1206	2.00	59.00	15.56	13.50	18769.00
chr8	22011480	22011552	72	72	342.00	411.00	376.24	374.00	27089.00
