#chrom	start	end	size	num_data	min	max	mean	median	sum
chr12	1940100	1940691	591	591	30.00	66.00	45.98	46.00	27177.00
chr1	27480473	27481381	908	908	23.00	72.00	43.89	42.00	39854.00
chr15	63112684	63112809	125	125	145.00	210.00	181.29	185.00	22661.00
chr5	149231737	149232254	517	517	4.00	29.00	14.89	14.00	7700.00
chr5	140865429	140867182	1753	1753	8.00	61.00	29.47	27.00	51660.00
chr1	32209793	32209958	165	165	176.00	347.00	257.21	254.00	42439.00
chr16	87873307	87873431	124	124	139.00	272.00	217.19	226.00	26932.00
chr17	34157438	34158175	737	737	5.00	25.00	15.04	14.00	11082.00
chr2	127815619	127816088	469	469	9.00	78.00	36.93	31.00	17320.00
chr1	208212965	208213112	147	147	40.00	64.00	51.33	52.00	7545.00
chr22	19703883	19704666	783	783	4.00	40.00	26.19	26.00	20509.00
chr16	87872319	87872423	104	104	160.00	305.00	226.35	211.50	23540.00
chr9	140055740	140055868	128	128	1226.00	1427.00	1335.74	1334.00	170975.00
chr22	21096515	21096643	128	128	411.00	564.00	453.67	439.00	58070.00
chr9	140056321	140056540	219	219	2.00	2279.00	1404.19	1706.00	307517.00
chr11	78379981	78380253	272	272	8.00	28.00	17.64	17.00	4798.00
chr3	11070420	11070533	113	113	414.00	488.00	459.89	462.00	51968.00
chr1	109812554	109813222	668	668	6.00	500.00	185.73	188.50	124065.00
chr2	220161954	220162155	201	201	721.00	1059.00	919.69	938.00	184857.00
chr15	74706887	74707086	199	199	106.00	160.00	135.27	133.00	26918.00
chr17	7318829	7319426	597	597	154.00	413.00	274.41	284.00	163824.00
chr1	21560050	21560154	104	104	40.00	72.00	59.64	60.00	6203.00
chr1	25573799	25573952	153	153	6.00	225.00	156.83	182.00	23995.00
chr14	93198993	93199160	167	167	114.00	159.00	138.63	140.00	23151.00
chr1	205554003	205554119	116	116	80.00	201.00	124.41	121.00	14432.00
chr1	9795005	9795232	227	227	1457.00	2124.00	1849.16	1880.00	419759.00
chr17	42426525	42426670	145	145	45.00	114.00	91.14	101.00	13215.00
chr18	70205887	70206179	292	292	5.00	233.00	85.73	17.00	25034.00
chr1	205553082	205553251	169	169	199.00	248.00	227.11	226.00	38382.00
chr9	140056623	140056766	143	143	8.00	1715.00	1049.70	1223.00	150107.00
chr6	33412147	33412394	247	247	10.00	444.00	238.57	312.00	58928.00
chr12	89992366	89992547	181	181	2.00	630.00	376.10	394.00	68075.00
chr2	220088827	220089576	749	749	108.00	220.00	163.20	169.00	122234.00
chr14	100763073	100765222	2149	2149	8.00	88.00	37.06	34.00	79634.00
chr1	110740697	110742543	1846	1846	3.00	633.00	376.21	379.00	694483.00
chr1	149878201	149879758	1557	1557	10.00	1324.00	301.48	46.00	469409.00
chr3	197264139	197265259	1120	1120	3.00	21.00	11.20	10.50	12541.00
chr8	56449623	56450530	907	907	4.00	19.00	10.30	10.00	9338.00
chr9	139354208	139354326	118	118	49.00	63.00	55.49	55.00	6548.00
chr1	32204908	32205236	328	328	542.00	759.00	651.45	653.00	213677.00
chr7	75608768	75608897	129	129	128.00	189.00	149.59	148.00	19297.00
chr19	45161029	45161178	149	149	39.00	54.00	48.14	49.00	7173.00
chr19	5243911	5244493	582	582	76.00	159.00	119.91	117.00	69788.00
chr6	32119585	32119717	132	132	14.00	579.00	296.84	279.50	39183.00
chr3	42670878	42672067	1189	1189	0.00	12.00	5.89	6.00	6999.00
chr11	45892392	45892485	93	93	96.00	155.00	124.01	125.00	11533.00
chr17	80040789	80040991	202	202	500.00	599.00	544.77	542.00	110043.00
chr2	74902875	74903036	161	161	38.00	79.00	57.62	60.00	9277.00
chr17	38335969	38337946	1977	1977	4.00	172.00	27.68	19.00	54725.00
chr16	87870103	87870253	150	150	125.00	224.00	168.75	160.00	25312.00
chr1	32205947	32206142	195	195	380.00	491.00	438.90	440.00	85585.00
chr6	44117553	44117702	149	149	11.00	281.00	180.77	225.00	26935.00
chr1	159163659	159163830	171	171	880.00	1130.00	999.35	993.00	170888.00
chr3	445565	446023	458	458	2.00	11.00	5.57	5.00	2553.00
chr2	25048913	25048995	82	82	135.00	174.00	166.01	168.00	13613.00
chr10	99504485	99504672	187	187	69.00	119.00	95.52	99.00	17862.00
chr4	54364807	54365010	203	203	45.00	128.00	82.55	80.00	16758.00
chr17	1634367	1634552	185	185	26.00	63.00	46.77	49.00	8652.00
chr7	72416124	72416247	123	123	51.00	116.00	78.17	65.00	9615.00
chr1	208212169	208212329	160	160	38.00	66.00	50.92	52.00	8147.00
chr9	140952500	140952702	202	202	46.00	75.00	60.40	61.00	12200.00
chr6	44197325	44197528	203	203	64.00	124.00	98.17	96.00	19929.00
chr6	44197643	44198218	575	575	28.00	95.00	55.54	43.00	31936.00
chr11	118981972	118982084	112	112	132.00	245.00	188.96	179.00	21163.00
chr5	150503846	150503952	106	106	4.00	2064.00	1446.40	1840.50	153318.00
chr11	118981761	118981878	117	117	208.00	282.00	245.91	242.00	28772.00
chr11	126314873	126315000	127	127	56.00	79.00	67.62	67.00	8588.00
chr1	159165808	159166244	436	436	10.00	1086.00	194.89	19.00	84973.00
chr7	134893542	134893750	208	208	32.00	58.00	42.21	40.00	8779.00
chr9	121976196	121976433	237	237	150.00	296.00	214.56	213.00	50851.00
chr19	54691042	54691169	127	127	211.00	444.00	312.66	290.00	39708.00
chr22	38621430	38621600	170	170	230.00	503.00	350.24	343.50	59541.00
chr13	42035681	42036205	524	524	6.00	16.00	10.58	10.00	5542.00
chr20	1915360	1915413	53	53	12.00	1769.00	1257.75	1590.00	66661.00
chr5	14496987	14497126	139	139	76.00	146.00	106.89	102.00	14858.00
chr12	56528125	56528212	87	87	101.00	125.00	109.99	109.00	9569.00
chr3	47466974	47467101	127	127	73.00	96.00	86.48	86.00	10983.00
chr17	7415476	7415663	187	187	156.00	202.00	181.06	182.00	33858.00
chr3	33588037	33589252	1215	1215	2.00	20.00	10.54	11.00	12802.00
chr7	887833	888615	782	782	3.00	40.00	16.40	13.00	12821.00
chr10	24813251	24813693	442	442	17.00	64.00	41.14	46.00	18185.00
chr1	109812045	109812213	168	168	249.00	418.00	314.74	307.00	52876.00
chr19	15276597	15276902	305	305	66.00	104.00	85.98	84.00	26224.00
chr16	2334779	2334999	220	220	166.00	252.00	215.26	219.00	47357.00
chr16	68404761	68405261	500	500	11.00	33.00	22.58	24.00	11291.00
chr4	110969111	110969871	760	760	15.00	59.00	30.02	27.00	22812.00
chr1	145693161	145693996	835	835	7.00	79.00	38.00	35.00	31726.00
chr7	44282848	44282932	84	84	504.00	688.00	575.80	559.50	48367.00
chr2	220164315	220164508	193	193	14.00	548.00	242.88	24.00	46876.00
chr12	50472203	50472360	157	157	84.00	114.00	101.80	103.00	15983.00
chr2	220163768	220163833	65	65	463.00	567.00	521.74	522.00	33913.00
chr2	222289928	222290862	934	934	32.00	126.00	82.08	84.00	76667.00
chr12	57599133	57599268	135	135	326.00	479.00	392.93	392.00	53046.00
chr7	157475416	157475629	213	213	230.00	374.00	300.01	288.00	63903.00
chr1	32203800	32203927	127	127	416.00	752.00	595.39	638.00	75615.00
chr1	109811731	109811912	181	181	226.00	501.00	393.76	414.00	71270.00
chr9	140052830	140052975	145	145	940.00	2058.00	1586.51	1666.00	230044.00
chr2	220161706	220161854	148	148	791.00	1503.00	1134.98	1173.00	167977.00
chr16	29896906	29897070	164	164	570.00	918.00	788.52	833.00	129318.00
chr16	47143393	47143622	229	229	40.00	78.00	60.22	62.00	13790.00
chr11	993753	993985	232	232	196.00	413.00	287.19	253.00	66628.00
chr9	124059698	124061137	1439	1439	7.00	68.00	30.31	28.00	43616.00
chr9	140350140	140350634	494	494	8.00	51.00	34.33	36.50	16960.00
chr11	14504577	14504697	120	120	71.00	103.00	83.78	83.00	10053.00
chr3	49898612	49898733	121	121	396.00	647.00	532.16	538.00	64391.00
chr9	131811659	131811777	118	118	40.00	66.00	52.19	52.00	6158.00
chr9	131810705	131810818	113	113	55.00	70.00	64.76	65.00	7318.00
chr1	223400935	223401080	145	145	98.00	123.00	109.06	109.00	15814.00
chr12	125612185	125612820	635	635	7.00	186.00	38.57	17.00	24489.00
chr2	220088590	220088744	154	154	177.00	243.00	210.43	210.00	32406.00
chr9	70888487	70888750	263	263	7.00	35.00	21.15	21.00	5562.00
chr14	69813756	69813898	142	142	157.00	189.00	173.80	176.00	24679.00
chr2	47399145	47399890	745	745	5.00	404.00	30.88	25.00	23005.00
chr11	62688689	62689041	352	352	4.00	182.00	42.42	11.00	14931.00
chr6	43745205	43745407	202	202	10.00	131.00	103.58	107.00	20923.00
chr3	11072492	11072997	505	505	8.00	677.00	158.75	43.00	80170.00
chr7	2696031	2696168	137	137	225.00	305.00	269.10	271.00	36867.00
chr16	14969196	14969279	83	83	501.00	810.00	689.59	736.00	57236.00
chr17	7377847	7378026	179	179	5.00	11.00	8.12	8.00	1453.00
chr12	65639640	65639719	79	79	47.00	112.00	81.94	82.00	6473.00
chr12	50294912	50295108	196	196	1020.00	1688.00	1350.86	1380.00	264768.00
chr19	42485653	42485788	135	135	2150.00	3300.00	2815.52	2839.00	380095.00
chr10	99509230	99509343	113	113	89.00	201.00	124.75	121.00	14097.00
chr22	38883877	38888120	4243	4243	9.00	674.00	204.12	179.00	866087.00
chr12	49416372	49416658	286	286	66.00	119.00	91.83	90.00	26262.00
chr6	24843089	24843782	693	693	14.00	52.00	26.31	24.00	18236.00
chr5	176295561	176295665	104	104	170.00	264.00	198.11	187.00	20603.00
chr10	99510087	99510227	140	140	168.00	241.00	208.78	208.00	29229.00
chr1	159173658	159174770	1112	1112	5.00	120.00	43.20	31.00	48042.00
chr11	1780745	1780869	124	124	1557.00	1990.00	1759.29	1780.50	218152.00
chr19	42486059	42486258	199	199	1484.00	2146.00	1769.95	1799.00	352220.00
chr3	47465422	47465535	113	113	96.00	159.00	117.21	115.00	13245.00
chr1	21573713	21573856	143	143	43.00	68.00	55.47	57.00	7932.00
chr11	65320330	65320453	123	123	200.00	274.00	246.45	246.00	30313.00
chr3	47462420	47462519	99	99	179.00	237.00	215.00	221.00	21285.00
chr2	219204751	219204864	113	113	97.00	143.00	128.01	128.00	14465.00
chr1	43906123	43906257	134	134	17.00	39.00	29.90	30.50	4006.00
chr7	38785158	38785840	682	682	6.00	284.00	43.29	26.00	29521.00
chr2	153499932	153500058	126	126	75.00	130.00	100.48	104.00	12660.00
chr1	32203011	32203132	121	121	1.00	530.00	393.71	453.00	47639.00
chr22	42290823	42290941	118	118	463.00	625.00	557.76	554.50	65816.00
chr19	47940718	47940818	100	100	352.00	527.00	424.62	415.00	42462.00
chr4	119539150	119539274	124	124	2.00	18.00	13.19	15.00	1636.00
chr17	44117067	44117250	183	183	44.00	67.00	52.55	52.00	9617.00
chr19	42485873	42485983	110	110	1481.00	2157.00	1764.02	1797.00	194042.00
chr6	44114583	44114664	81	81	98.00	133.00	112.81	108.00	9138.00
chr19	47941105	47941292	187	187	13.00	526.00	315.70	437.00	59036.00
chr11	73074250	73074500	250	250	136.00	240.00	188.06	181.00	47016.00
chr3	33418764	33418825	61	61	162.00	248.00	197.05	200.00	12020.00
chr1	700258	700505	247	247	1.00	14.00	8.35	9.00	2062.00
chr9	74319510	74319719	209	209	18.00	41.00	26.06	24.00	5446.00
chr16	2336694	2336968	274	274	194.00	594.00	385.34	392.00	105583.00
chr20	3575125	3575219	94	94	61.00	111.00	79.16	78.00	7441.00
chr9	139231377	139231529	152	152	64.00	86.00	72.34	71.00	10995.00
chr5	140515951	140516498	547	547	18.00	56.00	31.43	28.00	17190.00
chr1	21938208	21938309	101	101	522.00	624.00	579.46	572.00	58525.00
chr3	155659188	155659936	748	748	6.00	115.00	72.34	82.50	54107.00
chr16	27483068	27483241	173	173	107.00	149.00	133.71	134.00	23132.00
chr11	994071	994245	174	174	144.00	254.00	215.36	226.00	37473.00
chr7	71175745	71175913	168	168	236.00	379.00	317.23	323.00	53295.00
chr12	121204065	121204175	110	110	141.00	205.00	178.77	183.50	19665.00
chr7	73118679	73118753	74	74	817.00	1151.00	948.69	923.00	70203.00
chr9	140972565	140972710	145	145	35.00	72.00	57.59	59.00	8350.00
chr12	121683329	121684024	695	695	4.00	23.00	9.96	9.00	6919.00
chr16	74493579	74493687	108	108	126.00	192.00	164.95	174.50	17815.00
chr2	36771518	36771641	123	123	63.00	106.00	86.24	87.00	10608.00
chr7	94187181	94187996	815	815	8.00	24.00	16.09	16.00	13112.00
chr14	94156951	94157239	288	288	4.00	19.00	11.98	13.00	3450.00
chr7	121739000	121739524	524	524	5.00	23.00	13.68	14.00	7167.00
chr1	19549117	19549328	211	211	80.00	139.00	100.74	98.00	21256.00
chr19	5214571	5214747	176	176	145.00	397.00	214.60	200.50	37770.00
chr19	42557753	42557861	108	108	145.00	190.00	169.19	170.00	18272.00
chr15	102510686	102510925	239	239	1.00	73.00	39.82	41.00	9518.00
chr5	167673761	167675376	1615	1615	12.00	83.00	35.89	29.00	57961.00
chr7	44282158	44282253	95	95	702.00	1056.00	891.96	903.00	84736.00
chr2	160621061	160621717	656	656	3.00	146.00	16.81	8.00	11030.00
chr5	10426501	10426634	133	133	106.00	183.00	148.44	158.00	19743.00
chr16	1814301	1814460	159	159	541.00	783.00	676.90	712.00	107627.00
chr11	21581734	21581928	194	194	72.00	138.00	96.26	89.00	18674.00
chr3	126749085	126749255	170	170	68.00	137.00	103.72	114.00	17632.00
chr11	12237765	12237866	101	101	323.00	472.00	395.41	387.00	39936.00
chr6	31750872	31750963	91	91	88.00	120.00	108.67	110.00	9889.00
chr3	53124201	53124398	197	197	16.00	37.00	29.03	31.00	5718.00
chr2	220161470	220161544	74	74	1296.00	1470.00	1380.58	1376.50	102163.00
chr2	128951046	128951785	739	739	11.00	85.00	43.75	42.00	32331.00
chr5	24535811	24535931	120	120	53.00	88.00	69.97	74.00	8397.00
chr1	44083406	44083582	176	176	118.00	263.00	178.15	168.00	31355.00
chr1	32207653	32207818	165	165	192.00	358.00	244.44	216.00	40332.00
chr12	7293754	7294000	246	246	2.00	966.00	508.07	653.50	124984.00
chr3	131442289	131442469	180	180	54.00	89.00	69.90	70.00	12582.00
chr3	49898871	49899298	427	427	24.00	731.00	285.10	355.00	121739.00
chr16	66432358	66432464	106	106	23.00	49.00	34.33	32.50	3639.00
chr1	20982593	20982680	87	87	254.00	324.00	295.48	297.00	25707.00
chr16	68398653	68398809	156	156	22.00	37.00	28.73	29.00	4482.00
chr17	16676818	16678279	1461	1461	0.00	8.00	3.12	3.00	4563.00
chr1	109814899	109815027	128	128	255.00	325.00	288.88	289.50	36976.00
chr1	21940478	21940582	104	104	607.00	775.00	698.54	699.50	72648.00
chr20	57468284	57468793	509	509	4.00	14.00	8.77	9.00	4465.00
chr3	127358087	127358366	279	279	162.00	632.00	380.01	364.00	106022.00
chr3	126735359	126735527	168	168	39.00	65.00	50.85	47.00	8543.00
chr10	103869140	103869264	124	124	273.00	416.00	354.74	372.50	43988.00
chr20	44520554	44520666	112	112	127.00	196.00	158.85	156.00	17791.00
chr1	32203252	32203356	104	104	401.00	554.00	472.64	466.50	49155.00
chr21	40186196	40186316	120	120	143.00	200.00	166.85	158.50	20022.00
chr5	111067153	111068349	1196	1196	3.00	34.00	16.97	17.00	20296.00
chr9	128002954	128003186	232	232	229.00	383.00	317.28	320.00	73608.00
chr1	43408896	43408992	96	96	184.00	241.00	218.27	223.00	20954.00
chr3	47463931	47464026	95	95	176.00	230.00	199.39	199.00	18942.00
chr2	220161160	220161238	78	78	1172.00	1358.00	1248.18	1240.50	97358.00
chr11	62472772	62473089	317	317	1089.00	1970.00	1535.79	1616.00	486845.00
chr9	130986341	130986906	565	565	2.00	531.00	126.62	12.00	71538.00
chr14	69358769	69359000	231	231	150.00	216.00	184.70	186.00	42665.00
chr11	64416205	64416379	174	174	149.00	210.00	180.61	178.00	31427.00
chr17	8398454	8398559	105	105	154.00	248.00	199.10	189.00	20905.00
chr12	53572943	53574193	1250	1250	7.00	55.00	25.46	24.00	31823.00
chr17	17696544	17701827	5283	5283	16.00	258.00	62.49	58.00	330115.00
chr8	11705187	11705331	144	144	674.00	1316.00	1047.17	1052.50	150793.00
chr19	54963829	54963931	102	102	254.00	356.00	296.09	286.00	30201.00
chr2	70451682	70456295	4613	4613	1.00	91.00	19.17	17.00	88437.00
chr11	118873959	118874169	210	210	7.00	17.00	12.40	11.50	2603.00
chr10	75548427	75548581	154	154	25.00	48.00	37.05	38.00	5706.00
chr6	33414351	33414563	212	212	297.00	539.00	452.31	453.00	95889.00
chr17	80042910	80043032	122	122	251.00	314.00	282.94	285.00	34519.00
chr11	11470290	11470483	193	193	35.00	78.00	53.31	51.00	10288.00
chr8	23294446	23294771	325	325	37.00	87.00	49.36	44.00	16043.00
chr1	116932060	116932663	603	603	6.00	1667.00	556.02	15.00	335279.00
chr15	83222627	83222741	114	114	52.00	79.00	63.75	62.00	7267.00
chr3	9841562	9841751	189	189	6.00	24.00	17.17	18.00	3245.00
chr1	116937731	116937907	176	176	1185.00	2734.00	1585.02	1332.50	278964.00
chr16	87868019	87868197	178	178	116.00	217.00	148.56	134.50	26443.00
chr3	124209540	124209731	191	191	336.00	470.00	413.87	406.00	79049.00
chr7	71142195	71142291	96	96	319.00	445.00	362.20	347.00	34771.00
chr5	130497324	130497584	260	260	4.00	18.00	12.43	14.00	3231.00
chr13	100199238	100199358	120	120	220.00	335.00	261.18	256.50	31341.00
chr5	139943336	139943506	170	170	16.00	185.00	148.10	149.00	25177.00
chr17	74395529	74396002	473	473	51.00	120.00	93.25	96.00	44106.00
chr14	93179149	93179216	67	67	197.00	225.00	214.31	216.00	14359.00
chr4	160277004	160277310	306	306	40.00	235.00	141.45	134.50	43285.00
chr17	40666306	40666478	172	172	720.00	1114.00	911.56	942.00	156789.00
chr15	34828065	34828207	142	142	8.00	84.00	50.22	51.00	7131.00
chr14	100165802	100165876	74	74	348.00	418.00	384.51	387.50	28454.00
chr22	20128089	20128231	142	142	10.00	115.00	73.06	101.00	10374.00
chr12	3392210	3394421	2211	2211	6.00	89.00	33.46	33.00	73978.00
chr17	16687866	16690667	2801	2801	0.00	26.00	4.62	3.00	12945.00
chr6	31664724	31664810	86	86	103.00	168.00	128.56	124.00	11056.00
chr6	30627512	30627611	99	99	50.00	71.00	61.28	60.00	6067.00
chr11	18752834	18755060	2226	2226	2.00	630.00	67.09	22.00	149352.00
chr12	109332602	109332731	129	129	279.00	362.00	304.79	295.00	39318.00
chr6	90072884	90073110	226	226	4.00	20.00	11.44	13.00	2586.00
chr16	2689371	2689711	340	340	0.00	0.00	0.00	0.00	0.00
chr1	20987373	20987484	111	111	230.00	302.00	267.21	265.00	29660.00
chr14	85985300	85986667	1367	1367	1.00	14.00	6.69	6.00	9149.00
chr13	32863769	32863880	111	111	78.00	123.00	94.31	92.00	10468.00
chr16	1510418	1510528	110	110	84.00	114.00	96.40	93.50	10604.00
chr19	54963269	54963444	175	175	237.00	394.00	308.36	316.00	53963.00
chr6	44224078	44224233	155	155	85.00	100.00	90.58	90.00	14040.00
chr20	3151172	3152285	1113	1113	3.00	40.00	20.73	21.00	23074.00
chr1	892273	892405	132	132	91.00	182.00	129.01	117.00	17029.00
chr16	90192167	90192724	557	557	6.00	54.00	31.74	31.00	17680.00
chr9	111663704	111663810	106	106	43.00	54.00	49.09	49.00	5204.00
chr6	44108764	44108835	71	71	109.00	139.00	123.87	129.00	8795.00
chr1	36028802	36029027	225	225	1575.00	3417.00	2545.68	2571.00	572777.00
chr11	66807259	66807674	415	415	4.00	120.00	90.51	92.00	37563.00
chr1	178426817	178427679	862	862	9.00	32.00	18.60	18.00	16033.00
chr19	42482302	42482478	176	176	1974.00	3576.00	2390.42	2248.00	420714.00
chr1	44084718	44084873	155	155	105.00	308.00	186.31	176.00	28878.00
chr1	109812315	109812442	127	127	315.00	412.00	353.06	350.00	44839.00
chr3	180324268	180324391	123	123	72.00	109.00	93.94	97.00	11555.00
chr15	63933668	63933842	174	174	103.00	151.00	125.09	120.00	21765.00
chr20	44521363	44521519	156	156	177.00	231.00	203.23	202.00	31704.00
chr3	33416779	33416910	131	131	128.00	175.00	149.29	149.00	19557.00
chr1	21934624	21934843	219	219	1.00	690.00	291.08	358.00	63747.00
chr14	69799801	69799886	85	85	89.00	107.00	100.31	101.00	8526.00
chr1	116936134	116936345	211	211	3.00	1589.00	1270.72	1331.00	268122.00
chr14	23634493	23634645	152	152	42.00	64.00	54.09	55.50	8222.00
chr16	1402538	1402947	409	409	11.00	33.00	23.00	22.00	9409.00
chr9	20331	25000	4669	4669	0.00	181.00	36.55	34.00	170674.00
chr17	43545574	43545959	385	385	13.00	36.00	23.91	23.00	9207.00
chr13	100201418	100201476	58	58	250.00	350.00	309.10	310.00	17928.00
chr15	41865505	41865665	160	160	275.00	607.00	392.08	401.50	62733.00
chr19	19641688	19642196	508	508	2.00	27.00	16.53	18.00	8397.00
chr11	134147593	134148159	566	566	9.00	24.00	15.67	16.00	8869.00
chr2	71656420	71657290	870	870	9.00	36.00	17.41	13.00	15151.00
chr7	97834775	97835016	241	241	44.00	94.00	70.07	70.00	16888.00
chr19	13363804	13363915	111	111	63.00	85.00	74.71	76.00	8293.00
chr18	31328383	31329011	628	628	1.00	12.00	6.37	7.00	3998.00
chr16	66431884	66432009	125	125	37.00	56.00	46.38	46.00	5798.00
chr19	47935155	47935702	547	547	6.00	842.00	279.35	257.00	152803.00
chr12	50291769	50291873	104	104	894.00	1164.00	1000.62	971.50	104064.00
chr11	1780198	1780317	119	119	854.00	1581.00	1121.19	1078.00	133422.00
chr15	65392626	65393167	541	541	7.00	22.00	15.39	16.00	8327.00
chr2	86397871	86397967	96	96	79.00	120.00	108.86	110.50	10451.00
chr7	97866087	97866233	146	146	77.00	109.00	89.39	90.00	13051.00
chr11	60687157	60687402	245	245	84.00	164.00	117.52	119.00	28792.00
chr21	43307700	43309453	1753	1753	10.00	59.00	26.77	21.00	46932.00
chr14	24619269	24619657	388	388	27.00	63.00	39.69	37.00	15401.00
chr11	65320634	65320727	93	93	141.00	206.00	161.25	154.00	14996.00
chr16	29891184	29891385	201	201	650.00	883.00	767.59	765.00	154285.00
chr1	32207224	32207326	102	102	510.00	642.00	571.91	572.00	58335.00
chr11	72300218	72300394	176	176	10.00	279.00	102.07	14.00	17965.00
chr17	7608878	7609038	160	160	10.00	115.00	49.00	43.00	7840.00
chr19	7607646	7607814	168	168	108.00	187.00	146.42	151.00	24599.00
chr19	54966129	54966271	142	142	142.00	249.00	210.02	218.00	29823.00
chr12	57995027	57995131	104	104	141.00	178.00	164.94	167.00	17154.00
chr1	27428875	27429049	174	174	67.00	112.00	94.48	95.00	16440.00
chr2	27688277	27688385	108	108	22.00	46.00	34.21	36.00	3695.00
chr16	2691449	2692254	805	805	0.00	12.00	2.21	2.00	1782.00
chr9	131503813	131503933	120	120	375.00	461.00	415.23	413.00	49827.00
chr16	2347766	2347922	156	156	171.00	216.00	187.99	184.00	29326.00
chr17	80039884	80040036	152	152	392.00	481.00	429.73	429.50	65319.00
chr1	32204432	32204538	106	106	558.00	782.00	660.41	663.50	70003.00
chr12	9242951	9243078	127	127	118.00	163.00	133.55	133.00	16961.00
chr3	49702661	49702751	90	90	143.00	176.00	162.79	162.50	14651.00
chr19	35820359	35820837	478	478	6.00	32.00	17.31	17.00	8276.00
chr1	201456762	201457615	853	853	4.00	23.00	13.49	14.00	11506.00
chr16	2334279	2334438	159	159	180.00	241.00	212.03	215.00	33713.00
chr10	73578373	73578481	108	108	3321.00	4391.00	3882.95	3869.50	419359.00
chr16	18530550	18530756	206	206	6.00	504.00	236.89	353.00	48799.00
chr16	16369094	16369300	206	206	6.00	512.00	237.24	354.00	48872.00
chr13	113975636	113975785	149	149	10.00	733.00	308.20	17.00	45922.00
chr11	119293822	119294227	405	405	6.00	4828.00	468.07	42.00	189569.00
chr5	150505962	150506041	79	79	1245.00	1884.00	1463.51	1421.00	115617.00
chr22	44224939	44225078	139	139	786.00	944.00	852.61	847.00	118513.00
chr15	41865199	41865309	110	110	232.00	306.00	260.49	261.50	28654.00
chr17	25633807	25636298	2491	2491	8.00	466.00	190.95	212.00	475660.00
chr15	72495155	72495529	374	374	18.00	4889.00	1741.03	28.00	651146.00
chr9	42540272	42542124	1852	1852	1.00	16.00	6.28	6.00	11627.00
chr11	119290760	119291704	944	944	6.00	6110.00	1712.61	28.00	1616701.00
chr19	5219949	5220165	216	216	163.00	243.00	197.94	184.00	42756.00
chr15	63910769	63911153	384	384	1.00	36.00	15.92	14.00	6115.00
chr17	74393879	74393969	90	90	111.00	153.00	127.62	124.00	11486.00
chr10	104129467	104129532	65	65	86.00	115.00	99.09	95.00	6441.00
chr3	142454224	142454620	396	396	2.00	11.00	6.76	7.00	2678.00
chr12	121205196	121205396	200	200	173.00	253.00	210.06	211.00	42013.00
chr3	31705570	31705724	154	154	10.00	26.00	16.70	13.00	2572.00
chr6	118635190	118636593	1403	1403	14.00	152.00	91.69	89.00	128643.00
chr8	10339867	10340829	962	962	0.00	27.00	11.07	11.00	10652.00
chr19	16952578	16952779	201	201	83.00	142.00	115.24	116.00	23164.00
chr8	110984486	110985016	530	530	55.00	127.00	85.07	78.50	45085.00
chr9	128001219	128001610	391	391	309.00	764.00	580.39	612.00	226934.00
chr11	73070878	73070997	119	119	126.00	177.00	156.54	159.00	18628.00
chr10	104130140	104130235	95	95	94.00	131.00	112.21	109.00	10660.00
chr5	95733039	95733173	134	134	52.00	76.00	64.57	63.00	8652.00
chr19	59059400	59059547	147	147	289.00	377.00	332.41	333.00	48864.00
chr5	139943169	139943255	86	86	30.00	146.00	112.66	120.00	9689.00
chr17	73487771	73487981	210	210	78.00	202.00	139.58	141.00	29311.00
chr1	154315588	154315777	189	189	20.00	34.00	27.33	26.00	5166.00
chr14	95652726	95653070	344	344	3.00	23.00	14.42	17.00	4959.00
chr12	123639801	123640772	971	971	8.00	41.00	22.39	22.00	21738.00
chr22	47064870	47065171	301	301	3.00	11.00	6.52	6.00	1963.00
chr5	24535220	24535388	168	168	38.00	78.00	55.67	53.00	9353.00
chr12	6806452	6806958	506	506	161.00	515.00	314.97	301.00	159375.00
chr22	29881711	29881836	125	125	475.00	556.00	514.68	517.00	64335.00
chr7	75894681	75894786	105	105	43.00	97.00	74.37	80.00	7809.00
chr12	121089007	121095893	6886	6886	5.00	177.00	50.47	46.00	347551.00
chr1	207940357	207942365	2008	2008	12.00	143.00	41.59	35.00	83520.00
chr7	154681166	154681240	74	74	356.00	414.00	385.89	384.50	28556.00
chr5	131696513	131697529	1016	1016	1.00	10.00	4.53	4.00	4599.00
chr11	1776135	1776258	123	123	552.00	1357.00	885.70	851.00	108941.00
chr8	11706554	11706673	119	119	717.00	993.00	829.55	822.00	98716.00
chr11	18759426	18759511	85	85	330.00	412.00	378.21	383.00	32148.00
chr16	61689373	61689625	252	252	30.00	45.00	37.15	38.00	9363.00
chr15	51750702	51750824	122	122	165.00	215.00	194.44	197.00	23722.00
chr9	35555056	35555698	642	642	193.00	675.00	392.24	386.00	251819.00
chr2	198356200	198356621	421	421	2.00	13.00	6.87	6.00	2892.00
chr9	131001723	131001794	71	71	3040.00	3921.00	3584.62	3664.00	254508.00
chr19	5214371	5214491	120	120	342.00	479.00	429.40	440.00	51528.00
chr22	35719488	35719623	135	135	164.00	246.00	216.04	224.00	29165.00
chr12	121678738	121679829	1091	1091	4.00	46.00	20.76	19.00	22648.00
chr14	23820960	23821064	104	104	1769.00	2147.00	2035.16	2073.00	211657.00
chr1	32205710	32205779	69	69	462.00	618.00	538.61	547.00	37164.00
chr3	33420176	33420326	150	150	1.00	237.00	71.95	3.00	10793.00
chr9	114820707	114820966	259	259	21.00	38.00	30.68	31.00	7945.00
chr15	41865876	41866023	147	147	18.00	732.00	601.60	639.00	88435.00
chr19	55554308	55554637	329	329	5.00	15.00	9.64	9.00	3171.00
chr1	116933403	116933513	110	110	1248.00	1767.00	1548.90	1529.50	170379.00
chr19	15374230	15374359	129	129	49.00	130.00	98.72	109.00	12735.00
chr12	56090682	56090852	170	170	83.00	112.00	95.18	95.00	16180.00
chr14	69445668	69445876	208	208	22.00	120.00	82.03	93.00	17063.00
chr12	57603474	57603651	177	177	297.00	451.00	380.44	393.00	67337.00
chr22	32897492	32898946	1454	1454	2.00	127.00	58.59	56.00	85187.00
chr16	16367702	16367764	62	62	4.00	384.00	186.06	210.00	11536.00
chr19	5245786	5246056	270	270	75.00	181.00	120.70	116.00	32589.00
chr16	74345440	74345829	389	389	6.00	21.00	12.50	12.00	4863.00
chr6	107096899	107097076	177	177	34.00	49.00	40.87	41.00	7234.00
chr1	29641883	29642019	136	136	39.00	80.00	57.24	55.00	7784.00
chr8	97342440	97342509	69	69	144.00	188.00	164.26	163.00	11334.00
chr8	68116914	68117054	140	140	46.00	102.00	77.63	77.00	10868.00
chr22	22037470	22037546	76	76	40.00	56.00	48.99	51.00	3723.00
chr22	50682147	50683420	1273	1273	10.00	119.00	58.56	52.00	74552.00
chr20	44048971	44049069	98	98	231.00	295.00	271.46	271.00	26603.00
chr1	36904356	36904511	155	155	45.00	74.00	56.07	54.00	8691.00
chr12	71054719	71054877	158	158	47.00	89.00	59.22	53.00	9356.00
chr15	50654364	50655515	1151	1151	4.00	22.00	13.32	13.00	15331.00
chr2	234198499	234198620	121	121	34.00	48.00	43.82	44.00	5302.00
chr9	128001699	128001812	113	113	370.00	470.00	410.30	407.00	46364.00
chr8	38272296	38272419	123	123	63.00	120.00	101.50	104.00	12485.00
chr11	73068069	73068179	110	110	108.00	167.00	132.89	135.00	14618.00
chr16	28123137	28123327	190	190	182.00	215.00	199.86	200.00	37974.00
chr12	49424062	49424222	160	160	6.00	38.00	15.03	12.00	2405.00
chr19	50302885	50303023	138	138	347.00	544.00	448.22	447.00	61855.00
chr19	42480567	42480718	151	151	3521.00	5299.00	4251.95	4192.00	642044.00
chr3	197904395	197905301	906	906	2.00	36.00	17.03	15.00	15433.00
chr13	100189992	100190117	125	125	180.00	222.00	200.01	198.00	25001.00
chr19	14268062	14268272	210	210	228.00	375.00	296.80	290.00	62329.00
chr10	93786886	93787057	171	171	61.00	103.00	80.19	80.00	13712.00
chr1	109808726	109808828	102	102	112.00	172.00	139.84	135.50	14264.00
chr4	134075461	134075520	59	59	243.00	300.00	258.68	258.00	15262.00
chr1	22052268	22053864	1596	1596	1.00	22.00	11.23	12.00	17919.00
chr9	140056855	140056968	113	113	1278.00	1903.00	1598.20	1625.00	180597.00
chr19	42482087	42482224	137	137	3611.00	5287.00	4734.13	4843.00	648576.00
chr19	4556962	4557025	63	63	511.00	707.00	578.35	560.00	36436.00
chr19	14266921	14267013	92	92	225.00	333.00	283.68	284.00	26099.00
chr22	42273851	42274127	276	276	10.00	775.00	419.12	465.50	115676.00
chr1	205549788	205550049	261	261	145.00	224.00	180.62	177.00	47142.00
chr1	110765585	110766522	937	937	53.00	178.00	100.42	94.00	94089.00
chr19	55553595	55554158	563	563	8.00	37.00	15.41	12.00	8676.00
chr7	150929881	150931360	1479	1479	11.00	134.00	37.98	32.00	56168.00
chr3	124215157	124215260	103	103	359.00	592.00	503.25	526.00	51835.00
chr16	58220658	58220760	102	102	82.00	144.00	104.32	99.50	10641.00
chr3	10381925	10382033	108	108	327.00	411.00	375.13	380.00	40514.00
chr10	11356101	11356221	120	120	34.00	51.00	43.34	43.00	5201.00
chr22	42294652	42294785	133	133	414.00	661.00	558.02	550.00	74217.00
chr1	2005531	2005714	183	183	5.00	57.00	27.25	28.00	4986.00
chr12	113722522	113722576	54	54	60.00	70.00	65.41	65.00	3532.00
chr9	131502198	131502398	200	200	7.00	629.00	476.31	485.00	95263.00
chr19	40873602	40873786	184	184	1096.00	2382.00	1838.14	1901.00	338218.00
chr2	220162606	220162825	219	219	251.00	732.00	446.92	415.00	97876.00
chr16	28270027	28270355	328	328	2.00	24.00	15.86	18.00	5203.00
chr4	3225718	3225858	140	140	134.00	191.00	162.98	168.00	22817.00
chr17	44127898	44128070	172	172	60.00	86.00	70.13	68.50	12063.00
chr3	47462043	47462262	219	219	106.00	211.00	132.11	123.00	28931.00
chr6	99873090	99873182	92	92	6.00	169.00	67.49	45.50	6209.00
chr7	142561723	142562504	781	781	179.00	658.00	402.99	404.00	314733.00
chr1	159169540	159169666	126	126	1143.00	1381.00	1272.53	1276.50	160339.00
chr19	7606869	7606953	84	84	71.00	88.00	78.75	78.00	6615.00
chr16	2811561	2818298	6737	6737	14.00	628.00	286.76	260.00	1931892.00
chr3	47450652	47450807	155	155	37.00	79.00	66.41	69.00	10293.00
chr11	118403631	118403922	291	291	126.00	176.00	149.71	148.00	43565.00
chr1	205555161	205555335	174	174	100.00	173.00	139.90	144.00	24343.00
chr12	125603186	125603311	125	125	78.00	107.00	91.18	90.00	11398.00
chr11	86658288	86659498	1210	1210	10.00	50.00	25.85	23.00	31280.00
chr22	37764946	37768745	3799	3799	4.00	284.00	107.21	92.00	407304.00
chr10	46345664	46346215	551	551	3.00	20.00	10.73	10.00	5914.00
chr22	33673045	33673241	196	196	137.00	416.00	231.57	183.00	45387.00
chr9	140042599	140042666	67	67	5.00	291.00	225.54	235.00	15111.00
chr3	48717233	48717320	87	87	158.00	226.00	183.52	178.00	15966.00
chr11	60681600	60681740	140	140	18.00	118.00	58.86	47.00	8241.00
chr10	93784512	93784724	212	212	43.00	76.00	57.65	55.50	12222.00
chr12	7289424	7290372	948	948	4.00	639.00	167.53	15.00	158822.00
chr3	132387062	132387526	464	464	1.00	19.00	9.54	10.00	4425.00
chr16	2335442	2335647	205	205	214.00	333.00	288.63	297.00	59170.00
chr16	1794782	1797276	2494	2494	6.00	611.00	68.50	30.00	170836.00
chr16	3786036	3786204	168	168	84.00	136.00	108.71	106.50	18264.00
chr9	141131209	141131766	557	557	3.00	30.00	13.43	14.00	7483.00
chr14	92965028	92966015	987	987	4.00	35.00	18.69	19.00	18447.00
chr19	54692070	54692200	130	130	165.00	429.00	312.22	280.50	40588.00
chr15	43866006	43866230	224	224	57.00	97.00	76.32	75.00	17095.00
chr3	40231316	40231954	638	638	27.00	59.00	41.58	40.50	26530.00
chr3	50148937	50149455	518	518	12.00	43.00	28.22	30.00	14616.00
chr4	81117505	81117755	250	250	30.00	54.00	42.08	41.00	10521.00
chr10	46740404	46740638	234	234	3.00	15.00	8.19	9.00	1917.00
chr3	124210169	124210271	102	102	294.00	453.00	383.96	387.00	39164.00
chr11	107488830	107488932	102	102	152.00	238.00	178.99	165.00	18257.00
chr9	130591965	130592106	141	141	72.00	118.00	96.35	96.00	13586.00
chr1	20981932	20982027	95	95	313.00	426.00	368.66	362.00	35023.00
chr12	75875613	75875859	246	246	1.00	30.00	17.68	20.00	4350.00
chr22	32046684	32046764	80	80	68.00	111.00	90.51	96.00	7241.00
chr11	70331418	70331658	240	240	10.00	61.00	43.58	53.00	10458.00
chr14	51079976	51080069	93	93	331.00	451.00	384.62	387.00	35770.00
chr17	80041077	80041301	224	224	281.00	657.00	464.69	441.50	104091.00
chr7	158540884	158540971	87	87	61.00	82.00	70.91	72.00	6169.00
chr1	21553651	21553719	68	68	56.00	71.00	60.87	60.00	4139.00
chr2	219206256	219206349	93	93	97.00	115.00	106.63	106.00	9917.00
chr17	18444211	18445242	1031	1031	0.00	9.00	3.97	4.00	4092.00
chr12	57599340	57599460	120	120	319.00	463.00	379.79	358.50	45575.00
chr11	64417919	64418110	191	191	183.00	345.00	282.93	303.00	54039.00
chr19	3274926	3275650	724	724	4.00	33.00	12.19	12.00	8826.00
chr16	18532086	18532305	219	219	342.00	714.00	465.41	430.00	101925.00
chr17	3776702	3776756	54	54	554.00	701.00	645.57	666.00	34861.00
chr1	116932670	116933033	363	363	5.00	2075.00	964.55	1534.00	350133.00
chr16	1505731	1505796	65	65	206.00	247.00	231.05	235.00	15018.00
chr1	9794029	9794200	171	171	2029.00	2395.00	2209.36	2201.00	377801.00
chr10	73579221	73579379	158	158	2779.00	4474.00	3475.22	3513.50	549084.00
chr11	6411684	6412146	462	462	30.00	130.00	83.10	87.00	38394.00
chr1	159163212	159163350	138	138	681.00	983.00	787.37	786.50	108657.00
chr16	1816723	1816804	81	81	554.00	771.00	666.91	673.00	54020.00
chr7	91722399	91722630	231	231	4.00	59.00	48.89	51.00	11294.00
chr7	44281816	44281939	123	123	852.00	1021.00	933.73	931.00	114849.00
chr2	220467189	220467297	108	108	16.00	22.00	18.04	18.00	1948.00
chr16	4494664	4494729	65	65	162.00	226.00	198.94	197.00	12931.00
chr15	34681844	34681986	142	142	8.00	107.00	67.65	70.00	9607.00
chr9	139995935	139996124	189	189	87.00	179.00	120.68	106.00	22808.00
chr3	180324040	180324160	120	120	59.00	80.00	68.61	68.00	8233.00
chr3	42678359	42681242	2883	2883	14.00	98.00	44.09	38.00	127123.00
chr7	131812776	131815333	2557	2557	0.00	38.00	19.44	19.00	49699.00
chr20	1585387	1585522	135	135	24.00	573.00	273.53	284.00	36927.00
chr3	126751229	126751442	213	213	109.00	162.00	136.94	136.00	29169.00
chr15	63920875	63921014	139	139	109.00	197.00	141.83	136.00	19714.00
chr16	2040128	2040202	74	74	203.00	272.00	238.61	240.00	17657.00
chr9	74324174	74324390	216	216	16.00	35.00	28.68	29.00	6195.00
chr20	44521858	44521950	92	92	157.00	197.00	173.45	170.50	15957.00
chr9	139911647	139911798	151	151	313.00	512.00	419.25	417.00	63307.00
chr9	140055507	140055649	142	142	1381.00	2248.00	1795.04	1717.50	254896.00
chr12	120148055	120148191	136	136	101.00	140.00	126.08	128.50	17147.00
chr12	50474280	50474372	92	92	133.00	170.00	154.92	153.00	14253.00
chr15	63125702	63125828	126	126	89.00	192.00	130.60	136.00	16456.00
chr9	20907148	20907241	93	93	60.00	81.00	71.48	72.00	6648.00
chr16	87874655	87874761	106	106	176.00	247.00	208.92	206.00	22146.00
chr2	162833269	162833460	191	191	2.00	392.00	219.86	336.00	41994.00
chr8	11704560	11704677	117	117	520.00	754.00	618.58	597.00	72374.00
chr15	63926931	63927087	156	156	139.00	212.00	188.32	191.00	29378.00
chr6	31668718	31668805	87	87	117.00	170.00	146.87	145.00	12778.00
chr7	148910792	148910906	114	114	30.00	71.00	58.43	66.00	6661.00
chr14	42355808	42357213	1405	1405	16.00	124.00	60.83	61.00	85469.00
chr10	88678928	88679226	298	298	12.00	34.00	22.81	22.50	6796.00
chr3	140998219	140998346	127	127	43.00	74.00	57.46	60.00	7298.00
chr1	144859758	144859998	240	240	62.00	172.00	111.69	127.00	26805.00
chr9	96054772	96055455	683	683	47.00	260.00	139.60	135.00	95348.00
chr19	7604803	7604944	141	141	62.00	148.00	96.72	100.00	13638.00
chr12	30906277	30907432	1155	1155	1.00	42.00	21.52	21.00	24859.00
chr9	131112762	131112854	92	92	137.00	248.00	204.89	213.00	18850.00
chr20	61981328	61982379	1051	1051	60.00	113.00	78.94	77.00	82966.00
chr7	38431348	38431618	270	270	181.00	397.00	271.04	270.00	73181.00
chr20	44521036	44521123	87	87	172.00	216.00	194.97	192.00	16962.00
chr11	64418726	64419108	382	382	155.00	311.00	240.76	255.00	91969.00
chr12	120148344	120150270	1926	1926	6.00	257.00	37.53	19.00	72286.00
chr12	6930971	6931066	95	95	26.00	405.00	219.82	228.00	20883.00
chr16	2339434	2339621	187	187	86.00	189.00	129.28	117.00	24175.00
chr2	27700083	27700187	104	104	33.00	56.00	42.69	42.00	4440.00
chr14	69805367	69805494	127	127	81.00	201.00	145.80	134.00	18517.00
chr12	9242497	9242619	122	122	113.00	222.00	163.66	168.00	19966.00
chr3	58256658	58256791	133	133	89.00	129.00	105.03	104.00	13969.00
chr10	79744927	79745098	171	171	49.00	86.00	67.62	68.00	11563.00
chr1	159161725	159161866	141	141	301.00	748.00	569.89	601.00	80354.00
chr16	31085202	31085519	317	317	5.00	33.00	21.06	21.00	6676.00
chr1	171755018	171755218	200	200	46.00	74.00	64.07	65.00	12814.00
chr9	130988124	130989280	1156	1156	2.00	1973.00	227.75	22.00	263278.00
chr15	63127935	63127998	63	63	84.00	109.00	94.67	93.00	5964.00
chr19	1917676	1917821	145	145	9.00	175.00	140.67	156.00	20397.00
chr22	25315792	25315960	168	168	85.00	114.00	101.43	101.00	17040.00
chr2	207943790	207945085	1295	1295	4.00	41.00	23.45	25.00	30367.00
chr11	47330706	47330952	246	246	12.00	447.00	211.67	24.00	52072.00
chr3	142743978	142746095	2117	2117	2.00	94.00	14.91	11.00	31560.00
chr7	44839492	44839694	202	202	7.00	36.00	25.59	27.00	5169.00
chr22	31688260	31688471	211	211	9.00	185.00	109.91	139.00	23190.00
chr11	66333492	66333638	146	146	590.00	751.00	683.44	684.50	99782.00
chr9	131114916	131115026	110	110	203.00	285.00	250.92	249.00	27601.00
chr1	20206	21013	807	807	10.00	133.00	82.54	87.00	66612.00
chr11	108216469	108216635	166	166	35.00	55.00	43.75	43.00	7262.00
chr1	209778880	209779019	139	139	190.00	299.00	250.47	256.00	34815.00
chr1	202935876	202936026	150	150	102.00	165.00	137.25	140.00	20587.00
chr12	57600255	57600524	269	269	305.00	481.00	405.96	413.00	109202.00
chr19	15233503	15233615	112	112	73.00	100.00	82.30	81.00	9218.00
chr8	68115317	68115486	169	169	67.00	121.00	101.01	102.00	17070.00
chr19	13419229	13419342	113	113	27.00	37.00	30.91	31.00	3493.00
chr6	33266815	33267130	315	315	2.00	27.00	11.19	12.00	3526.00
chr16	89780611	89781646	1035	1035	7.00	58.00	23.27	22.00	24088.00
chr12	109964162	109964221	59	59	73.00	91.00	82.14	82.00	4846.00
chr22	24491893	24492045	152	152	41.00	110.00	73.13	70.00	11116.00
chr2	242592926	242593025	99	99	161.00	228.00	185.98	174.00	18412.00
chr1	21937944	21938074	130	130	532.00	907.00	776.56	827.00	100953.00
chr2	223789173	223789313	140	140	158.00	223.00	191.50	190.00	26810.00
chr20	3772318	3772535	217	217	4.00	20.00	10.12	10.00	2195.00
chr16	18531918	18532001	83	83	573.00	847.00	727.77	766.00	60405.00
chr1	43396296	43396537	241	241	164.00	276.00	192.15	187.00	46308.00
chr2	100037960	100038115	155	155	24.00	52.00	37.25	39.00	5774.00
chr16	1500497	1500770	273	273	9.00	181.00	103.42	145.00	28235.00
chr19	40876016	40876144	128	128	1427.00	2067.00	1802.61	1794.00	230734.00
chr5	168112691	168112932	241	241	10.00	34.00	20.46	20.00	4930.00
chr2	127825738	127825831	93	93	280.00	368.00	321.11	324.00	29863.00
chr1	19232015	19234990	2975	2975	9.00	101.00	33.66	29.00	100132.00
chr16	1391129	1391196	67	67	199.00	265.00	228.94	219.00	15339.00
chr6	33410665	33411689	1024	1024	10.00	260.00	145.19	165.50	148678.00
chr9	95872033	95872266	233	233	7.00	24.00	15.21	16.00	3543.00
chr1	53378627	53378839	212	212	8.00	25.00	16.24	16.00	3443.00
chr2	80531276	80531693	417	417	10.00	62.00	34.71	32.00	14472.00
chr7	44286718	44286791	73	73	514.00	635.00	585.38	594.00	42733.00
chr7	157369304	157369471	167	167	365.00	621.00	508.05	524.00	84844.00
chr11	18755079	18755191	112	112	1.00	393.00	239.45	304.50	26818.00
chr6	86237979	86238080	101	101	156.00	202.00	178.16	177.00	17994.00
chr8	145000951	145001050	99	99	40.00	80.00	61.83	62.00	6121.00
chr19	45167680	45167966	286	286	5.00	18.00	10.35	10.00	2959.00
chr10	48930165	48930400	235	235	3.00	15.00	7.82	8.00	1838.00
chr16	87871450	87871547	97	97	209.00	286.00	252.68	259.00	24510.00
chr1	109815454	109815649	195	195	226.00	344.00	274.26	263.00	53480.00
chr1	208215442	208215711	269	269	56.00	101.00	81.99	83.00	22056.00
chr2	260866	261451	585	585	1.00	18.00	9.63	10.00	5632.00
chr5	180481266	180481724	458	458	4.00	32.00	16.60	16.00	7601.00
chr7	73119479	73119631	152	152	4.00	1362.00	573.43	12.00	87162.00
chr15	34677248	34677358	110	110	117.00	240.00	164.61	142.00	18107.00
chr16	57687114	57687247	133	133	147.00	225.00	172.77	171.00	22978.00
chr15	50649406	50649592	186	186	10.00	22.00	14.88	15.00	2767.00
chr22	21071995	21072066	71	71	1427.00	1616.00	1517.45	1524.00	107739.00
chr5	179200882	179201561	679	679	15.00	41.00	28.45	29.00	19317.00
chr10	98763824	98763979	155	155	113.00	176.00	149.42	152.00	23160.00
chr14	102963315	102963457	142	142	102.00	145.00	115.47	113.00	16397.00
chr1	21932558	21933138	580	580	11.00	846.00	176.97	21.00	102644.00
chr16	28118842	28118998	156	156	167.00	257.00	215.91	220.00	33682.00
chr1	241767561	241767881	320	320	47.00	96.00	75.53	78.00	24170.00
chr11	66812063	66812184	121	121	104.00	170.00	126.07	119.00	15255.00
chr11	12248571	12248678	107	107	407.00	492.00	451.22	446.00	48281.00
chr9	130588788	130588951	163	163	41.00	75.00	55.94	58.00	9119.00
chr22	21068915	21068988	73	73	1083.00	1525.00	1347.01	1375.00	98332.00
chr1	43424304	43424531	227	227	20.00	226.00	153.93	178.00	34941.00
chr14	105852021	105853670	1649	1649	8.00	145.00	33.36	33.00	55010.00
chr15	34823469	34823579	110	110	131.00	249.00	178.37	156.00	19621.00
chr11	171365	172282	917	917	2.00	37.00	17.63	16.00	16167.00
chr22	24493976	24494155	179	179	38.00	116.00	76.30	78.00	13657.00
chr15	79291060	79291167	107	107	228.00	311.00	282.89	287.00	30269.00
chr16	2145904	2146194	290	290	18.00	51.00	39.48	41.00	11450.00
chr9	131503050	131503166	116	116	340.00	526.00	444.24	479.00	51532.00
chr11	61301983	61302579	596	596	4.00	34.00	19.33	18.00	11523.00
chr22	25308609	25308719	110	110	57.00	76.00	67.43	68.00	7417.00
chr12	63977826	63979986	2160	2160	1.00	20.00	9.10	9.00	19656.00
chr19	46928844	46930933	2089	2089	0.00	283.00	126.95	118.00	265204.00
chr16	56969146	56969224	78	78	135.00	186.00	161.31	161.50	12582.00
chr17	40665787	40665996	209	209	9.00	1627.00	643.85	792.00	134565.00
chr9	131669435	131671600	2165	2165	85.00	407.00	201.86	175.00	437033.00
chr2	220164026	220164271	245	245	9.00	591.00	190.53	17.00	46679.00
chr19	7589846	7590052	206	206	43.00	126.00	67.70	58.00	13947.00
chr6	91260186	91260268	82	82	59.00	71.00	65.56	66.00	5376.00
chr9	124543742	124543830	88	88	256.00	330.00	299.88	301.50	26389.00
chr12	54071005	54071170	165	165	8.00	26.00	17.68	18.00	2917.00
chr2	40443	41212	769	769	1.00	21.00	10.48	10.00	8062.00
chr11	67852159	67852747	588	588	6.00	29.00	17.95	19.00	10557.00
chr8	8233762	8234810	1048	1048	9.00	53.00	29.69	28.00	31120.00
chr2	175671113	175672148	1035	1035	0.00	23.00	10.64	11.00	11013.00
chr7	138984922	138985438	516	516	0.00	6.00	2.34	2.00	1209.00
chr22	40816850	40817104	254	254	79.00	178.00	151.74	159.00	38542.00
chr19	14263120	14263249	129	129	350.00	405.00	376.95	376.00	48626.00
chr19	16962222	16962345	123	123	75.00	204.00	154.17	168.00	18963.00
chr1	109813838	109813918	80	80	254.00	342.00	279.27	273.00	22342.00
chr3	49898148	49898562	414	414	0.00	734.00	340.14	494.00	140818.00
chr17	17131202	17131510	308	308	5.00	106.00	70.51	79.50	21717.00
chr1	21936067	21936139	72	72	284.00	432.00	359.54	386.00	25887.00
chr3	130424404	130424615	211	211	38.00	64.00	53.28	55.00	11243.00
chr12	56532710	56532797	87	87	71.00	101.00	86.87	89.00	7558.00
chr16	29888591	29888788	197	197	432.00	731.00	563.35	541.00	110980.00
chr2	114394588	114396196	1608	1608	2.00	83.00	25.01	19.00	40223.00
chr3	124180736	124180803	67	67	220.00	248.00	234.18	233.00	15690.00
chr9	111798485	111798660	175	175	54.00	89.00	70.71	69.00	12375.00
chr10	73847897	73848372	475	475	12.00	1091.00	338.15	285.00	160620.00
chr22	21075585	21075706	121	121	696.00	1252.00	1011.42	1041.00	122382.00
chr22	20920753	20921104	351	351	41.00	137.00	89.36	90.00	31364.00
chr9	140953020	140953185	165	165	29.00	63.00	48.58	53.00	8015.00
chr22	41620970	41621075	105	105	102.00	147.00	118.79	112.00	12473.00
chr11	6243671	6243839	168	168	38.00	84.00	66.37	73.00	11150.00
chr15	74704225	74704353	128	128	135.00	238.00	194.01	201.00	24833.00
chr3	48719780	48719985	205	205	139.00	190.00	164.41	164.00	33705.00
chr1	222833247	222833348	101	101	70.00	133.00	108.09	107.00	10917.00
chr1	6583675	6584824	1149	1149	2.00	70.00	38.53	41.00	44271.00
chr11	126135857	126135976	119	119	191.00	274.00	231.59	232.00	27559.00
chr8	75156763	75157410	647	647	10.00	60.00	29.73	29.00	19233.00
chr15	83345212	83345389	177	177	197.00	268.00	230.73	235.00	40839.00
chr14	68031638	68032561	923	923	5.00	24.00	13.38	13.00	12348.00
chr19	42479780	42479949	169	169	3761.00	6157.00	4687.54	4609.00	792195.00
chr16	31503329	31503407	78	78	310.00	383.00	353.54	350.50	27576.00
chr17	1564564	1564700	136	136	161.00	257.00	197.35	183.00	26839.00
chr16	58717858	58718082	224	224	12.00	33.00	21.27	22.00	4764.00
chr14	71575320	71575763	443	443	32.00	70.00	47.77	45.00	21161.00
chr1	202934498	202934628	130	130	158.00	282.00	210.89	206.50	27416.00
chr7	73118477	73118586	109	109	614.00	830.00	723.29	715.00	78839.00
chr19	13365908	13366073	165	165	56.00	88.00	71.07	71.00	11727.00
chr10	102265117	102265958	841	841	11.00	40.00	26.63	28.00	22393.00
chr9	139983320	139983457	137	137	107.00	177.00	145.82	153.00	19978.00
chr18	29206245	29206347	102	102	75.00	90.00	81.39	81.00	8302.00
chr12	120578662	120578827	165	165	66.00	91.00	79.99	80.00	13199.00
chr5	757516	758226	710	710	1.00	13.00	5.13	4.00	3642.00
chr8	21632483	21632567	84	84	48.00	79.00	60.87	57.00	5113.00
chr4	54011499	54011749	250	250	49.00	87.00	69.91	70.00	17478.00
chr8	141680613	141681365	752	752	9.00	42.00	28.49	29.00	21426.00
chr11	57367351	57367850	499	499	19.00	134.00	63.89	50.00	31880.00
chr12	63980009	63980784	775	775	1.00	19.00	7.85	7.00	6087.00
chr9	140057042	140057203	161	161	5.00	2194.00	1800.39	1918.00	289862.00
chr2	7055953	7056098	145	145	22.00	32.00	27.32	28.00	3962.00
chr12	52387768	52389043	1275	1275	9.00	262.00	120.20	115.00	153253.00
chr19	50104931	50105175	244	244	24.00	128.00	52.00	32.00	12687.00
chr19	5218430	5218543	113	113	330.00	513.00	429.90	440.00	48579.00
chr16	29898969	29899138	169	169	314.00	589.00	383.85	375.00	64871.00
chr7	99030900	99031041	141	141	23.00	34.00	27.83	27.00	3924.00
chr17	36692926	36693212	286	286	6.00	23.00	13.55	15.00	3875.00
chr15	73857770	73859335	1565	1565	5.00	67.00	33.82	31.00	52925.00
chr6	44104085	44104176	91	91	140.00	181.00	159.63	157.00	14526.00
chr1	21938518	21938602	84	84	578.00	706.00	646.17	647.00	54278.00
chr19	13423482	13423595	113	113	15.00	27.00	22.21	22.00	2510.00
chr16	70292882	70293089	207	207	638.00	1070.00	838.87	804.00	173646.00
chr18	61060641	61060782	141	141	60.00	77.00	66.18	65.00	9332.00
chr16	22269814	22270016	202	202	13.00	30.00	18.55	17.00	3748.00
chr1	21554423	21554534	111	111	39.00	64.00	49.93	47.00	5542.00
chr9	140057255	140057455	200	200	14.00	2253.00	1399.93	1673.50	279986.00
chr7	1488255	1488397	142	142	31.00	59.00	46.16	46.00	6555.00
chr14	100166351	100166438	87	87	379.00	414.00	396.75	397.00	34517.00
chr9	101065522	101065705	183	183	291.00	543.00	422.92	444.00	77394.00
chr5	68411752	68412041	289	289	19.00	72.00	47.28	52.00	13664.00
chr1	2452539	2452754	215	215	52.00	115.00	74.34	69.00	15984.00
chr1	21564626	21564737	111	111	38.00	83.00	55.00	53.00	6105.00
chr13	42037713	42039066	1353	1353	8.00	39.00	22.45	23.00	30374.00
chr2	114350236	114350443	207	207	6.00	80.00	44.36	44.00	9182.00
chr1	21939668	21939722	54	54	545.00	658.00	598.69	597.00	32329.00
chr9	139353895	139354007	112	112	33.00	52.00	39.49	39.00	4423.00
chr7	102176367	102176618	251	251	19.00	31.00	24.09	24.00	6047.00
chr3	51411753	51412018	265	265	10.00	199.00	82.28	15.00	21804.00
chr17	73888091	73888266	175	175	17.00	34.00	27.35	28.00	4787.00
chr13	103297258	103297435	177	177	2.00	41.00	19.16	27.00	3391.00
chr15	63922664	63922834	170	170	170.00	252.00	212.54	217.00	36132.00
chr3	33400774	33400849	75	75	97.00	134.00	113.83	109.00	8537.00
chr22	50671744	50671955	211	211	35.00	68.00	52.56	52.00	11090.00
chr1	21190968	21191205	237	237	159.00	226.00	193.88	193.00	45950.00
chr5	14481649	14481727	78	78	108.00	137.00	119.15	116.00	9294.00
chr15	101605556	101606410	854	854	6.00	42.00	19.87	18.00	16969.00
chr17	80040402	80040554	152	152	341.00	543.00	434.41	414.50	66031.00
chr2	132269293	132270897	1604	1604	0.00	78.00	30.46	31.00	48851.00
chr11	1778553	1778786	233	233	1047.00	1744.00	1493.11	1529.00	347894.00
chr11	1469616	1469808	192	192	11.00	31.00	21.12	21.00	4056.00
chr12	120138549	120138630	81	81	224.00	277.00	252.11	247.00	20421.00
chr7	901016	901101	85	85	106.00	184.00	146.42	147.00	12446.00
chr19	13372263	13372424	161	161	51.00	82.00	67.61	68.00	10885.00
chr17	40843154	40843311	157	157	193.00	351.00	264.45	249.00	41519.00
chr17	80039476	80039719	243	243	383.00	638.00	505.40	502.00	122811.00
chr17	16681109	16687365	6256	6256	0.00	33.00	6.90	5.00	43153.00
chr1	116935475	116935610	135	135	1164.00	1606.00	1404.60	1457.00	189621.00
chr6	128294808	128294972	164	164	101.00	176.00	151.51	157.00	24847.00
chr5	109189927	109190617	690	690	0.00	29.00	12.36	11.00	8529.00
chr15	40757533	40757634	101	101	19.00	120.00	90.22	95.00	9112.00
chr2	220164706	220164981	275	275	539.00	1118.00	760.47	759.00	209128.00
chr3	164905164	164908639	3475	3475	4.00	89.00	33.13	28.00	115144.00
chr11	60699157	60699356	199	199	131.00	502.00	416.88	426.00	82960.00
chr2	96680301	96680717	416	416	3.00	19.00	7.87	7.00	3275.00
chr17	40845314	40845554	240	240	246.00	477.00	349.53	336.00	83888.00
chr12	125264513	125265391	878	878	9.00	44.00	26.99	25.00	23693.00
chr1	156623704	156624158	454	454	7.00	27.00	14.28	13.00	6484.00
chr6	108370456	108370622	166	166	75.00	126.00	98.70	100.00	16385.00
chr11	19180486	19180587	101	101	17.00	31.00	26.70	28.00	2697.00
chr19	42489069	42489338	269	269	667.00	1674.00	1262.28	1379.00	339552.00
chr2	198274493	198274731	238	238	59.00	112.00	87.00	86.00	20705.00
chr6	47220991	47221257	266	266	124.00	222.00	187.11	195.00	49770.00
chr19	40872679	40872822	143	143	2084.00	3287.00	2910.80	3132.00	416244.00
chr19	54693278	54693627	349	349	14.00	117.00	60.62	72.00	21155.00
chr12	81929	82174	245	245	4.00	33.00	20.06	23.00	4914.00
chr21	45513943	45514114	171	171	38.00	77.00	62.27	64.00	10648.00
chr3	124201630	124201747	117	117	11.00	541.00	400.54	492.00	46863.00
chr17	79805118	79805223	105	105	410.00	501.00	451.30	453.00	47387.00
chr20	46307419	46307548	129	129	61.00	97.00	75.91	75.00	9793.00
chr17	38187790	38187873	83	83	120.00	164.00	137.47	134.00	11410.00
chr2	207452814	207452878	64	64	221.00	289.00	255.66	259.00	16362.00
chr17	45695715	45695823	108	108	340.00	536.00	461.63	483.00	49856.00
chr7	44283023	44283126	103	103	516.00	570.00	545.59	544.00	56196.00
chr20	62274975	62275284	309	309	4.00	2779.00	1246.28	1547.00	385100.00
chr11	108202605	108202764	159	159	13.00	23.00	18.04	18.00	2869.00
chr9	140051314	140051489	175	175	670.00	958.00	754.43	740.00	132026.00
chr22	45574118	45574781	663	663	32.00	74.00	47.42	45.00	31442.00
chr15	79312382	79312446	64	64	110.00	134.00	118.70	117.00	7597.00
chr1	21940120	21940199	79	79	530.00	674.00	605.72	602.00	47852.00
chr17	3775847	3775921	74	74	364.00	571.00	508.15	538.00	37603.00
chr7	73133931	73134019	88	88	10.00	780.00	272.97	157.50	24021.00
chr11	72292920	72292991	71	71	450.00	507.00	480.41	478.00	34109.00
chr7	43547616	43547730	114	114	69.00	109.00	92.08	94.00	10497.00
chr16	58713760	58714145	385	385	18.00	36.00	27.65	27.00	10645.00
chr22	21083600	21083794	194	194	906.00	1498.00	1194.43	1193.50	231720.00
chr11	66457275	66457414	139	139	331.00	517.00	397.58	383.00	55263.00
chr15	91561034	91561115	81	81	42.00	56.00	48.09	48.00	3895.00
chr11	2968525	2969001	476	476	7.00	22.00	12.58	12.00	5990.00
chr19	34869838	34869910	72	72	1819.00	2255.00	1978.74	1967.50	142469.00
chr9	121970996	121971219	223	223	182.00	335.00	273.45	274.00	60979.00
chr3	47449772	47449980	208	208	21.00	126.00	77.71	88.00	16164.00
chr12	57601820	57601999	179	179	303.00	674.00	472.93	463.00	84654.00
chr16	2345590	2345741	151	151	178.00	285.00	232.53	220.00	35112.00
chr12	50471782	50471910	128	128	83.00	113.00	98.11	101.00	12558.00
chr1	109814221	109814344	123	123	300.00	475.00	412.49	420.00	50736.00
chr19	16942304	16942458	154	154	93.00	126.00	111.34	115.00	17146.00
chr11	66333301	66333398	97	97	578.00	715.00	637.56	632.00	61843.00
chr5	74026084	74026223	139	139	87.00	112.00	101.62	103.00	14125.00
chr5	68417520	68417722	202	202	29.00	78.00	51.71	52.50	10446.00
chr19	15272262	15272525	263	263	16.00	69.00	46.48	46.00	12225.00
chr3	45872404	45872482	78	78	67.00	90.00	77.71	79.00	6061.00
chr7	73123374	73123452	78	78	803.00	1315.00	1103.51	1116.00	86074.00
chr5	14498197	14498360	163	163	99.00	145.00	127.63	130.00	20803.00
chr14	93180167	93180230	63	63	171.00	218.00	193.27	197.00	12176.00
chr9	130984739	130984875	136	136	2103.00	2708.00	2407.95	2431.50	327481.00
chr13	31216764	31216894	130	130	30.00	42.00	33.87	33.00	4403.00
chr12	112614399	112614506	107	107	61.00	137.00	122.01	125.00	13055.00
chr12	57602865	57602982	117	117	430.00	639.00	518.87	497.00	60708.00
chr14	72976861	72976987	126	126	55.00	86.00	66.35	66.00	8360.00
chr1	155209406	155209553	147	147	152.00	235.00	182.31	174.00	26799.00
chr10	49633930	49634113	183	183	107.00	151.00	131.17	129.00	24004.00
chr16	84100093	84100218	125	125	158.00	202.00	183.79	186.00	22974.00
chr1	155207924	155208097	173	173	131.00	261.00	175.32	169.00	30330.00
chr12	2786898	2787033	135	135	10.00	36.00	22.75	25.00	3071.00
chr2	233755457	233756197	740	740	4.00	1062.00	170.81	16.00	126401.00
chr14	60631894	60632099	205	205	38.00	168.00	116.62	139.00	23908.00
chr1	11151549	11151654	105	105	65.00	90.00	75.47	75.00	7924.00
chr4	134076071	134076178	107	107	192.00	326.00	279.26	285.00	29881.00
chr15	91420364	91420441	77	77	120.00	145.00	131.81	133.00	10149.00
chr5	114961533	114961755	222	222	7.00	44.00	25.68	30.00	5702.00
chr16	1814047	1814211	164	164	1.00	718.00	301.74	423.00	49486.00
chr18	44250463	44252581	2118	2118	8.00	137.00	61.22	54.00	129664.00
chr6	158049380	158049518	138	138	44.00	71.00	60.28	62.00	8318.00
chr19	7675585	7675679	94	94	45.00	69.00	58.64	62.50	5512.00
chr13	99461604	99461719	115	115	9.00	218.00	154.34	148.00	17749.00
chr11	130010829	130011467	638	638	4.00	1411.00	161.90	14.00	103292.00
chr11	107526658	107526792	134	134	256.00	361.00	317.06	316.50	42486.00
chr16	1391294	1391490	196	196	151.00	257.00	188.73	182.00	36992.00
chr1	38182716	38184158	1442	1442	12.00	105.00	59.83	60.00	86279.00
chr5	179231023	179231323	300	300	3.00	16.00	8.42	7.50	2527.00
chr14	69814593	69814719	126	126	121.00	181.00	153.23	150.00	19307.00
chr14	69349174	69349309	135	135	170.00	249.00	216.93	221.00	29285.00
chr19	7614792	7614998	206	206	149.00	258.00	208.69	210.00	42991.00
chr1	228270375	228270466	91	91	1.00	925.00	274.18	96.00	24950.00
chr1	38186022	38186315	293	293	4.00	58.00	30.22	29.00	8854.00
chr13	77641715	77641999	284	284	159.00	268.00	211.02	198.00	59929.00
chr14	100157417	100157498	81	81	111.00	229.00	155.93	128.00	12630.00
chr13	32978280	32979333	1053	1053	6.00	78.00	23.77	20.00	25027.00
chr12	7301567	7301794	227	227	548.00	765.00	675.41	694.00	153319.00
chr9	123583116	123583257	141	141	36.00	56.00	46.48	47.00	6553.00
chr17	26883183	26883284	101	101	110.00	147.00	125.84	122.00	12710.00
chr12	6972993	6973137	144	144	253.00	377.00	323.42	322.00	46572.00
chr20	34322310	34322637	327	327	2.00	15.00	7.80	7.00	2552.00
chr19	7606407	7606570	163	163	79.00	162.00	115.91	114.00	18893.00
chr16	2333186	2333373	187	187	1.00	431.00	300.01	331.00	56102.00
chr12	113825548	113825711	163	163	65.00	249.00	151.87	159.00	24754.00
chr7	4802013	4807749	5736	5736	8.00	156.00	42.23	34.00	242211.00
chr1	43394880	43394985	105	105	259.00	298.00	282.02	284.00	29612.00
chr19	4554399	4554488	89	89	370.00	513.00	437.78	444.00	38962.00
chr16	31719139	31719372	233	233	2.00	21.00	12.04	14.00	2805.00
chr5	134060669	134061744	1075	1075	9.00	49.00	24.43	22.00	26259.00
chr1	202936318	202936371	53	53	11.00	100.00	65.45	83.00	3469.00
chr2	220087366	220087615	249	249	254.00	334.00	284.51	280.00	70843.00
chr2	36764494	36764689	195	195	59.00	102.00	80.99	82.00	15793.00
chr7	43519208	43519343	135	135	40.00	82.00	62.56	66.00	8445.00
chr10	51249585	51249993	408	408	0.00	15.00	7.06	8.00	2880.00
chr6	32123647	32123755	108	108	91.00	140.00	110.04	106.00	11884.00
chr3	118624442	118624692	250	250	6.00	64.00	31.89	12.50	7973.00
chr1	190129797	190130020	223	223	29.00	49.00	35.40	35.00	7894.00
chr9	131004491	131004624	133	133	4.00	4650.00	3567.59	4123.00	474489.00
chr22	33679187	33679334	147	147	164.00	242.00	194.73	188.00	28625.00
chr15	74709931	74710016	85	85	137.00	234.00	178.06	163.00	15135.00
chr7	6470110	6470238	128	128	28.00	46.00	36.34	37.00	4652.00
chr1	6640600	6641359	759	759	10.00	42.00	26.71	26.00	20270.00
chr16	31510622	31510728	106	106	190.00	235.00	216.25	216.00	22922.00
chr4	103710287	103711803	1516	1516	4.00	32.00	15.50	14.00	23505.00
chr19	2862339	2862746	407	407	4.00	31.00	14.46	12.00	5884.00
chr2	15467873	15467994	121	121	32.00	54.00	43.73	46.00	5291.00
chr2	36780721	36781492	771	771	4.00	26.00	11.49	11.00	8858.00
chr10	81070680	81070941	261	261	37.00	85.00	52.90	50.00	13806.00
chr2	217234866	217235986	1120	1120	8.00	70.00	33.08	30.00	37051.00
chr10	93786348	93786508	160	160	37.00	118.00	76.49	85.00	12238.00
chr17	20268785	20269076	291	291	0.00	4.00	2.43	3.00	707.00
chr9	131002006	131002062	56	56	3.00	4251.00	3677.61	3935.00	205946.00
chr1	155208307	155208441	134	134	235.00	301.00	269.09	271.00	36058.00
chr2	162833877	162834373	496	496	2.00	359.00	35.59	10.00	17651.00
chr9	35799614	35799728	114	114	19.00	29.00	23.08	23.00	2631.00
chr20	62517856	62519234	1378	1378	8.00	206.00	44.50	38.00	61318.00
chr22	35942847	35943127	280	280	45.00	202.00	128.89	136.50	36088.00
chr13	26436438	26436546	108	108	20.00	35.00	28.46	30.00	3074.00
chr14	69371371	69371453	82	82	117.00	176.00	150.37	156.00	12330.00
chr7	44031274	44031581	307	307	4.00	21.00	11.21	9.00	3440.00
chr11	12274988	12275291	303	303	4.00	26.00	16.54	18.00	5013.00
chr5	1334403	1334498	95	95	130.00	168.00	150.21	153.00	14270.00
chr19	34868639	34868786	147	147	2206.00	2977.00	2599.18	2604.00	382080.00
chr16	1815960	1816143	183	183	454.00	731.00	563.10	551.00	103047.00
chr10	73578787	73578868	81	81	3320.00	3950.00	3652.21	3709.00	295829.00
chr17	37420427	37420640	213	213	14.00	43.00	31.68	33.00	6748.00
chr5	60835422	60835586	164	164	28.00	40.00	33.76	34.00	5537.00
chr15	79296143	79296517	374	374	213.00	377.00	272.37	265.00	101868.00
chr19	13039568	13039661	93	93	668.00	902.00	769.12	746.00	71528.00
chr12	49421585	49421713	128	128	58.00	129.00	99.56	103.00	12744.00
chr1	1661057	1662583	1526	1526	5.00	162.00	56.92	44.50	86855.00
chr2	207457340	207457460	120	120	293.00	396.00	350.81	356.50	42097.00
chr11	64542462	64543441	979	979	3.00	31.00	15.65	15.00	15323.00
chr20	61910250	61910347	97	97	144.00	193.00	171.16	168.00	16603.00
chr11	62394042	62394156	114	114	271.00	397.00	333.65	338.50	38036.00
chr5	37301538	37301652	114	114	13.00	23.00	17.49	17.00	1994.00
chr16	4733843	4733933	90	90	195.00	240.00	221.42	222.50	19928.00
chr15	43693913	43694048	135	135	55.00	79.00	63.96	62.00	8634.00
chr11	18764538	18764622	84	84	157.00	246.00	198.36	194.00	16662.00
chr17	57842331	57842499	168	168	111.00	185.00	139.95	135.00	23511.00
chr9	96076729	96078064	1335	1335	6.00	44.00	23.23	23.00	31013.00
chr11	12246219	12246367	148	148	249.00	419.00	332.24	347.00	49172.00
chr12	7030743	7031565	822	822	15.00	4205.00	1385.12	29.00	1138570.00
chr3	14523178	14523349	171	171	21.00	36.00	30.18	30.00	5160.00
chr5	758508	759483	975	975	1.00	8.00	4.09	4.00	3991.00
chr12	22635490	22635677	187	187	16.00	32.00	24.20	25.00	4525.00
chr5	14479369	14479459	90	90	102.00	119.00	110.47	110.50	9942.00
chr6	143655214	143656079	865	865	0.00	15.00	5.40	5.00	4673.00
chr7	75508360	75508578	218	218	53.00	1057.00	682.11	778.00	148699.00
chr11	60697981	60698131	150	150	238.00	410.00	299.69	288.00	44954.00
chr1	151400598	151400889	291	291	54.00	140.00	99.56	110.00	28971.00
chr5	172196431	172197309	878	878	2.00	109.00	39.47	15.00	34658.00
chr3	49152660	49152794	134	134	65.00	112.00	85.46	88.00	11452.00
chr7	5518281	5519950	1669	1669	14.00	78.00	42.16	40.00	70362.00
chr17	16691106	16691449	343	343	0.00	18.00	5.73	5.00	1965.00
chr2	220086993	220087172	179	179	258.00	360.00	309.85	307.00	55463.00
chr10	51746916	51748006	1090	1090	1.00	54.00	26.29	24.00	28656.00
chr12	7302118	7302289	171	171	624.00	825.00	718.75	714.00	122907.00
chr11	59562844	59562955	111	111	17.00	63.00	41.42	51.00	4598.00
chr12	6100984	6101184	200	200	27.00	71.00	45.87	46.50	9173.00
chr19	5683274	5683627	353	353	3.00	36.00	20.54	22.00	7251.00
chr12	2786259	2786387	128	128	18.00	36.00	28.38	29.00	3633.00
chr15	26812727	26812880	153	153	127.00	214.00	167.96	170.00	25698.00
chr1	149007980	149008798	818	818	1.00	17.00	6.53	5.00	5341.00
chr19	54965608	54965861	253	253	76.00	252.00	143.54	131.00	36316.00
chr8	27293259	27293310	51	51	275.00	368.00	326.67	322.00	16660.00
chr15	23014437	23014528	91	91	99.00	135.00	114.40	112.00	10410.00
chr1	111717500	111717585	85	85	49.00	76.00	60.88	57.00	5175.00
chr6	150157220	150157433	213	213	132.00	175.00	154.47	156.00	32902.00
chr13	114566547	114566670	123	123	35.00	151.00	82.32	76.00	10125.00
chr16	58539291	58539605	314	314	17.00	44.00	25.30	24.00	7945.00
chr1	21936612	21936768	156	156	377.00	864.00	628.06	635.00	97978.00
chr1	17322880	17322991	111	111	329.00	606.00	498.44	548.00	55327.00
chr11	60699455	60699599	144	144	343.00	504.00	440.15	466.50	63382.00
chr5	6749669	6749770	101	101	50.00	76.00	64.60	64.00	6525.00
chr16	2156805	2156949	144	144	139.00	199.00	163.91	161.00	23603.00
chr15	34690834	34690930	96	96	31.00	54.00	43.75	42.50	4200.00
chr3	11074933	11075425	492	492	11.00	598.00	120.09	24.00	59084.00
chr5	74655222	74655381	159	159	173.00	208.00	185.28	184.00	29459.00
chr20	20022968	20023160	192	192	23.00	84.00	48.24	43.00	9262.00
chr2	39055481	39055578	97	97	30.00	47.00	36.84	38.00	3573.00
chr19	16793231	16793528	297	297	5.00	238.00	71.20	13.00	21145.00
chr2	219205450	219205509	59	59	109.00	120.00	114.66	115.00	6765.00
chr17	74087429	74087729	300	300	13.00	27.00	20.57	20.50	6171.00
chr3	184058150	184060036	1886	1886	6.00	735.00	121.77	39.00	229653.00
chr6	90333128	90333263	135	135	25.00	44.00	35.09	36.00	4737.00
chr12	125267019	125267429	410	410	14.00	60.00	28.51	21.00	11689.00
chr1	207942580	207943104	524	524	7.00	77.00	44.46	47.00	23296.00
chr4	89356876	89357043	167	167	63.00	90.00	75.17	73.00	12554.00
chr7	101995498	101995736	238	238	17.00	85.00	36.86	23.00	8772.00
chr3	11067458	11067562	104	104	575.00	708.00	649.65	660.00	67564.00
chr5	95734582	95734740	158	158	46.00	69.00	58.06	58.50	9174.00
chr6	152529106	152529341	235	235	100.00	151.00	124.28	122.00	29205.00
chr5	102295578	102295763	185	185	87.00	157.00	135.07	140.00	24988.00
chr22	21072980	21073110	130	130	832.00	1501.00	1130.88	1179.50	147015.00
chr12	121855306	121855714	408	408	85.00	172.00	113.11	112.00	46149.00
chr1	160326389	160326544	155	155	131.00	186.00	154.79	152.00	23992.00
chr11	60670930	60671007	77	77	368.00	518.00	435.95	452.00	33568.00
chr17	79804822	79804948	126	126	462.00	591.00	528.27	523.50	66562.00
chr16	18527204	18527332	128	128	467.00	764.00	603.60	587.50	77261.00
chr16	16372518	16372646	128	128	484.00	790.00	625.16	610.00	80021.00
chr2	32750530	32750695	165	165	30.00	46.00	38.61	39.00	6371.00
chr14	69369193	69369279	86	86	156.00	215.00	187.42	196.00	16118.00
chr7	66418212	66418356	144	144	126.00	172.00	147.49	147.50	21239.00
chr6	44107988	44108097	109	109	127.00	182.00	156.87	153.00	17099.00
chr7	70885893	70886091	198	198	230.00	458.00	314.93	269.50	62357.00
chr8	27295281	27295397	116	116	347.00	420.00	381.00	378.00	44196.00
chr7	73122918	73123018	100	100	1249.00	1497.00	1416.51	1419.00	141651.00
chr15	34698874	34699071	197	197	1.00	50.00	22.86	23.00	4504.00
chr8	22009343	22009513	170	170	364.00	739.00	490.88	489.00	83450.00
chr7	1526557	1526737	180	180	50.00	160.00	102.81	105.00	18505.00
chr5	178053946	178054065	119	119	7.00	90.00	42.54	37.00	5062.00
chr12	6103027	6103369	342	342	35.00	72.00	50.06	48.00	17120.00
chr2	3479491	3480482	991	991	8.00	37.00	20.30	19.00	20114.00
chr3	33883388	33883566	178	178	66.00	115.00	99.04	100.00	17629.00
chr19	11019778	11019883	105	105	130.00	223.00	176.33	185.00	18515.00
chr7	98446205	98446318	113	113	1323.00	2492.00	1861.63	1668.00	210364.00
chr8	106813274	106813932	658	658	7.00	27.00	14.94	14.00	9831.00
chr2	223795338	223795530	192	192	255.00	473.00	321.09	295.00	61649.00
chr7	75511146	75511554	408	408	804.00	1401.00	1120.74	1166.50	457261.00
chr21	40184926	40185038	112	112	157.00	222.00	190.41	197.00	21326.00
chr19	53383575	53385236	1661	1661	3.00	31.00	16.34	16.00	27134.00
chr19	14208130	14208295	165	165	7.00	687.00	437.71	542.00	72222.00
chr15	91461013	91461618	605	605	18.00	424.00	138.09	36.00	83546.00
chr8	145278010	145278133	123	123	44.00	66.00	52.57	53.00	6466.00
chr16	28132990	28133083	93	93	154.00	213.00	182.96	176.00	17015.00
chr11	125280091	125280221	130	130	85.00	137.00	106.40	107.00	13832.00
chr15	63128089	63128317	228	228	31.00	204.00	140.68	155.50	32075.00
chr9	131181435	131181557	122	122	12.00	291.00	237.51	242.00	28976.00
chr19	3281196	3281343	147	147	229.00	337.00	291.42	301.00	42839.00
chr11	6240200	6240280	80	80	34.00	56.00	45.61	46.00	3649.00
chr20	31019123	31019287	164	164	15.00	24.00	19.35	19.00	3173.00
chr6	46825865	46827260	1395	1395	21.00	79.00	43.71	44.00	60973.00
chr12	1672006	1672666	660	660	5.00	37.00	13.23	9.00	8729.00
chr12	9098824	9099001	177	177	158.00	203.00	178.76	177.00	31640.00
chr7	121738503	121738630	127	127	18.00	32.00	27.35	28.00	3473.00
chr19	40875814	40875935	121	121	1048.00	1458.00	1240.62	1207.00	150115.00
chr20	3581592	3581671	79	79	63.00	84.00	73.95	73.00	5842.00
chr17	7226965	7227042	77	77	70.00	93.00	83.60	84.00	6437.00
chr2	74331800	74332809	1009	1009	8.00	40.00	22.55	23.00	22755.00
chr1	209785136	209785610	474	474	5.00	469.00	287.84	286.00	136437.00
chr9	35546426	35548532	2106	2106	98.00	298.00	172.26	173.00	362781.00
chr17	80040198	80040290	92	92	399.00	461.00	428.98	430.00	39466.00
chr11	73074791	73075284	493	493	11.00	189.00	63.61	20.00	31362.00
chr20	44674976	44675075	99	99	259.00	325.00	302.39	301.00	29937.00
chr20	5892091	5892328	237	237	30.00	315.00	138.26	120.00	32768.00
chr17	20316581	20317594	1013	1013	0.00	15.00	4.85	3.00	4914.00
chr12	99478702	99478801	99	99	115.00	144.00	128.15	127.00	12687.00
chr17	40842756	40842960	204	204	280.00	401.00	341.38	332.00	69641.00
chr11	107501142	107501288	146	146	202.00	304.00	257.03	261.00	37527.00
chr11	85429236	85429532	296	296	1.00	19.00	8.05	7.00	2384.00
chr20	9449217	9449319	102	102	27.00	42.00	33.95	33.00	3463.00
chr14	23371395	23371591	196	196	131.00	173.00	154.92	155.00	30365.00
chr7	716865	716957	92	92	2361.00	2945.00	2760.49	2780.50	253965.00
chr10	48862360	48862682	322	322	0.00	61.00	28.20	28.00	9081.00
chr10	68686678	68688210	1532	1532	9.00	94.00	38.11	28.50	58388.00
chr5	179674854	179674926	72	72	168.00	206.00	186.40	184.50	13421.00
chr1	209773327	209773456	129	129	180.00	230.00	206.84	209.00	26683.00
chr17	45691034	45691091	57	57	437.00	511.00	466.18	462.00	26572.00
chr1	19669871	19670118	247	247	8.00	27.00	15.77	15.00	3895.00
chr17	45664025	45664710	685	685	4.00	271.00	68.13	42.00	46669.00
chr19	2337634	2338840	1206	1206	8.00	81.00	25.94	22.00	31281.00
chr8	22011480	22011552	72	72	472.00	667.00	569.12	560.50	40977.00
