#chrom	start	end	size	num_data	min	max	mean	median	sum
chr12	1940100	1940691	591	591	61.00	107.00	84.63	84.00	50015.00
chr1	27480473	27481381	908	908	40.00	112.00	76.78	82.00	69713.00
chr15	63112684	63112809	125	125	325.00	466.00	408.08	412.00	51010.00
chr5	149231737	149232254	517	517	11.00	39.00	23.28	22.00	12036.00
chr5	140865429	140867182	1753	1753	27.00	70.00	46.37	46.00	81281.00
chr1	32209793	32209958	165	165	330.00	684.00	503.25	492.00	83037.00
chr16	87873307	87873431	124	124	222.00	375.00	304.28	313.50	37731.00
chr17	34157438	34158175	737	737	10.00	26.00	18.89	19.00	13921.00
chr2	127815619	127816088	469	469	26.00	169.00	97.92	107.00	45924.00
chr1	208212965	208213112	147	147	106.00	160.00	132.14	122.00	19425.00
chr22	19703883	19704666	783	783	11.00	67.00	40.37	40.00	31611.00
chr16	87872319	87872423	104	104	217.00	288.00	252.66	244.50	26277.00
chr9	140055740	140055868	128	128	1874.00	2367.00	2159.79	2193.50	276453.00
chr22	21096515	21096643	128	128	820.00	1085.00	905.55	900.50	115911.00
chr9	140056321	140056540	219	219	3.00	2949.00	1839.75	2155.00	402906.00
chr11	78379981	78380253	272	272	27.00	52.00	39.35	41.00	10703.00
chr3	11070420	11070533	113	113	469.00	545.00	504.23	503.00	56978.00
chr1	109812554	109813222	668	668	11.00	690.00	289.21	318.00	193191.00
chr2	220161954	220162155	201	201	839.00	1373.00	1133.00	1155.00	227732.00
chr15	74706887	74707086	199	199	169.00	255.00	204.86	204.00	40767.00
chr17	7318829	7319426	597	597	261.00	650.00	420.38	432.00	250964.00
chr1	21560050	21560154	104	104	58.00	78.00	69.13	69.00	7190.00
chr1	25573799	25573952	153	153	17.00	655.00	421.22	463.00	64446.00
chr14	93198993	93199160	167	167	160.00	246.00	201.50	214.00	33650.00
chr1	205554003	205554119	116	116	277.00	444.00	349.13	330.00	40499.00
chr1	9795005	9795232	227	227	2444.00	3468.00	2997.81	3001.00	680503.00
chr17	42426525	42426670	145	145	106.00	216.00	162.03	161.00	23495.00
chr18	70205887	70206179	292	292	2.00	351.00	134.25	10.00	39202.00
chr1	205553082	205553251	169	169	449.00	550.00	500.06	497.00	84510.00
chr9	140056623	140056766	143	143	3.00	2418.00	1426.03	1621.00	203923.00
chr6	33412147	33412394	247	247	17.00	786.00	456.12	615.00	112661.00
chr12	89992366	89992547	181	181	3.00	881.00	642.08	728.00	116216.00
chr2	220088827	220089576	749	749	147.00	337.00	228.36	224.00	171039.00
chr14	100763073	100765222	2149	2149	25.00	120.00	65.22	63.00	140155.00
chr1	110740697	110742543	1846	1846	15.00	1121.00	713.01	706.00	1316211.00
chr1	149878201	149879758	1557	1557	15.00	2092.00	438.01	42.00	681979.00
chr3	197264139	197265259	1120	1120	7.00	45.00	23.23	21.00	26019.00
chr8	56449623	56450530	907	907	20.00	65.00	37.75	37.00	34240.00
chr9	139354208	139354326	118	118	89.00	153.00	105.20	101.00	12414.00
chr1	32204908	32205236	328	328	535.00	872.00	704.90	704.50	231206.00
chr7	75608768	75608897	129	129	163.00	220.00	190.57	189.00	24584.00
chr19	45161029	45161178	149	149	58.00	92.00	75.63	77.00	11269.00
chr19	5243911	5244493	582	582	158.00	413.00	259.77	253.00	151189.00
chr6	32119585	32119717	132	132	7.00	831.00	449.77	492.50	59369.00
chr3	42670878	42672067	1189	1189	2.00	40.00	14.47	13.00	17205.00
chr11	45892392	45892485	93	93	171.00	222.00	195.88	199.00	18217.00
chr17	80040789	80040991	202	202	516.00	798.00	621.95	623.00	125633.00
chr2	74902875	74903036	161	161	68.00	106.00	84.59	85.00	13619.00
chr17	38335969	38337946	1977	1977	12.00	290.00	41.01	29.00	81071.00
chr16	87870103	87870253	150	150	188.00	287.00	224.13	214.50	33620.00
chr1	32205947	32206142	195	195	638.00	912.00	760.36	764.00	148271.00
chr6	44117553	44117702	149	149	24.00	385.00	243.77	308.00	36322.00
chr1	159163659	159163830	171	171	1491.00	1893.00	1723.76	1736.00	294763.00
chr3	445565	446023	458	458	5.00	18.00	10.85	11.00	4971.00
chr2	25048913	25048995	82	82	157.00	213.00	188.26	189.00	15437.00
chr10	99504485	99504672	187	187	81.00	167.00	125.64	127.00	23495.00
chr4	54364807	54365010	203	203	135.00	216.00	169.76	170.00	34462.00
chr17	1634367	1634552	185	185	21.00	53.00	41.73	43.00	7720.00
chr7	72416124	72416247	123	123	52.00	222.00	140.42	120.00	17272.00
chr1	208212169	208212329	160	160	122.00	173.00	153.58	157.00	24573.00
chr9	140952500	140952702	202	202	113.00	173.00	134.26	129.50	27121.00
chr6	44197325	44197528	203	203	125.00	192.00	146.72	142.00	29784.00
chr6	44197643	44198218	575	575	31.00	135.00	68.97	43.00	39660.00
chr11	118981972	118982084	112	112	263.00	331.00	301.41	309.00	33758.00
chr5	150503846	150503952	106	106	8.00	2427.00	1703.23	2138.00	180542.00
chr11	118981761	118981878	117	117	315.00	389.00	359.04	357.00	42008.00
chr11	126314873	126315000	127	127	87.00	121.00	105.21	103.00	13362.00
chr1	159165808	159166244	436	436	10.00	1603.00	293.20	15.00	127837.00
chr7	134893542	134893750	208	208	38.00	60.00	50.91	52.00	10589.00
chr9	121976196	121976433	237	237	222.00	436.00	320.65	330.00	75995.00
chr19	54691042	54691169	127	127	404.00	728.00	550.39	519.00	69899.00
chr22	38621430	38621600	170	170	329.00	563.00	458.46	484.50	77938.00
chr13	42035681	42036205	524	524	15.00	39.00	25.01	24.00	13104.00
chr20	1915360	1915413	53	53	24.00	1881.00	1278.51	1565.00	67761.00
chr5	14496987	14497126	139	139	216.00	385.00	284.12	282.00	39492.00
chr12	56528125	56528212	87	87	105.00	135.00	122.60	125.00	10666.00
chr3	47466974	47467101	127	127	123.00	156.00	141.31	144.00	17946.00
chr17	7415476	7415663	187	187	153.00	279.00	190.55	174.00	35632.00
chr3	33588037	33589252	1215	1215	5.00	41.00	20.66	20.00	25097.00
chr7	887833	888615	782	782	17.00	104.00	47.52	38.00	37164.00
chr10	24813251	24813693	442	442	49.00	110.00	75.13	76.00	33207.00
chr1	109812045	109812213	168	168	338.00	613.00	435.13	390.50	73102.00
chr19	15276597	15276902	305	305	60.00	117.00	88.03	81.00	26849.00
chr16	2334779	2334999	220	220	227.00	354.00	281.61	260.00	61954.00
chr16	68404761	68405261	500	500	38.00	90.00	58.07	56.00	29036.00
chr4	110969111	110969871	760	760	26.00	88.00	47.44	42.00	36056.00
chr1	145693161	145693996	835	835	11.00	85.00	44.73	40.00	37353.00
chr7	44282848	44282932	84	84	710.00	822.00	756.54	749.50	63549.00
chr2	220164315	220164508	193	193	40.00	921.00	404.47	56.00	78062.00
chr12	50472203	50472360	157	157	136.00	177.00	153.30	152.00	24068.00
chr2	220163768	220163833	65	65	881.00	1238.00	1084.48	1104.00	70491.00
chr2	222289928	222290862	934	934	207.00	388.00	309.38	311.00	288958.00
chr12	57599133	57599268	135	135	301.00	595.00	409.91	415.00	55338.00
chr7	157475416	157475629	213	213	379.00	620.00	493.89	475.00	105199.00
chr1	32203800	32203927	127	127	451.00	1127.00	751.49	751.00	95439.00
chr1	109811731	109811912	181	181	347.00	677.00	516.18	540.00	93428.00
chr9	140052830	140052975	145	145	1343.00	4117.00	2823.12	3100.00	409353.00
chr2	220161706	220161854	148	148	914.00	1636.00	1246.31	1231.50	184454.00
chr16	29896906	29897070	164	164	592.00	886.00	769.38	801.00	126179.00
chr16	47143393	47143622	229	229	93.00	133.00	112.72	111.00	25814.00
chr11	993753	993985	232	232	303.00	574.00	452.16	446.00	104902.00
chr9	124059698	124061137	1439	1439	10.00	100.00	42.61	34.00	61313.00
chr9	140350140	140350634	494	494	7.00	73.00	42.53	44.00	21008.00
chr11	14504577	14504697	120	120	95.00	150.00	120.24	117.00	14429.00
chr3	49898612	49898733	121	121	751.00	1302.00	1045.60	1042.00	126517.00
chr9	131811659	131811777	118	118	85.00	119.00	100.13	96.00	11815.00
chr9	131810705	131810818	113	113	92.00	124.00	111.46	114.00	12595.00
chr1	223400935	223401080	145	145	135.00	205.00	175.12	175.00	25393.00
chr12	125612185	125612820	635	635	5.00	233.00	42.96	11.00	27277.00
chr2	220088590	220088744	154	154	228.00	297.00	269.69	272.00	41532.00
chr9	70888487	70888750	263	263	4.00	22.00	15.25	17.00	4012.00
chr14	69813756	69813898	142	142	136.00	175.00	155.85	156.00	22130.00
chr2	47399145	47399890	745	745	9.00	401.00	46.49	41.00	34638.00
chr11	62688689	62689041	352	352	17.00	310.00	97.26	38.00	34237.00
chr6	43745205	43745407	202	202	13.00	176.00	139.45	140.50	28169.00
chr3	11072492	11072997	505	505	16.00	678.00	157.66	52.00	79617.00
chr7	2696031	2696168	137	137	281.00	426.00	379.80	403.00	52033.00
chr16	14969196	14969279	83	83	786.00	1389.00	1101.95	1159.00	91462.00
chr17	7377847	7378026	179	179	9.00	29.00	20.25	21.00	3625.00
chr12	65639640	65639719	79	79	73.00	109.00	88.76	85.00	7012.00
chr12	50294912	50295108	196	196	2284.00	5011.00	2976.63	2690.50	583420.00
chr19	42485653	42485788	135	135	2620.00	4029.00	3354.87	3365.00	452908.00
chr10	99509230	99509343	113	113	144.00	250.00	186.59	185.00	21085.00
chr22	38883877	38888120	4243	4243	81.00	1371.00	371.25	323.00	1575211.00
chr12	49416372	49416658	286	286	127.00	180.00	151.23	149.00	43252.00
chr6	24843089	24843782	693	693	45.00	104.00	69.39	69.00	48087.00
chr5	176295561	176295665	104	104	328.00	444.00	369.58	356.00	38436.00
chr10	99510087	99510227	140	140	200.00	271.00	232.07	231.50	32490.00
chr1	159173658	159174770	1112	1112	29.00	215.00	70.74	53.00	78662.00
chr11	1780745	1780869	124	124	1417.00	2052.00	1795.98	1899.00	222702.00
chr19	42486059	42486258	199	199	2277.00	4064.00	3129.67	3194.00	622804.00
chr3	47465422	47465535	113	113	157.00	214.00	180.57	179.00	20404.00
chr1	21573713	21573856	143	143	56.00	86.00	68.62	67.00	9812.00
chr11	65320330	65320453	123	123	128.00	242.00	193.34	198.00	23781.00
chr3	47462420	47462519	99	99	206.00	301.00	264.23	273.00	26159.00
chr2	219204751	219204864	113	113	156.00	248.00	217.59	220.00	24588.00
chr1	43906123	43906257	134	134	38.00	59.00	48.47	47.00	6495.00
chr7	38785158	38785840	682	682	15.00	382.00	55.86	28.00	38098.00
chr2	153499932	153500058	126	126	138.00	217.00	184.67	190.50	23268.00
chr1	32203011	32203132	121	121	10.00	824.00	613.63	704.00	74249.00
chr22	42290823	42290941	118	118	461.00	832.00	675.96	668.50	79763.00
chr19	47940718	47940818	100	100	455.00	878.00	715.88	725.00	71588.00
chr4	119539150	119539274	124	124	23.00	48.00	40.40	43.00	5009.00
chr17	44117067	44117250	183	183	62.00	97.00	78.38	77.00	14343.00
chr19	42485873	42485983	110	110	2284.00	2955.00	2616.64	2599.00	287830.00
chr6	44114583	44114664	81	81	123.00	181.00	155.77	162.00	12617.00
chr19	47941105	47941292	187	187	8.00	918.00	501.06	680.00	93698.00
chr11	73074250	73074500	250	250	200.00	262.00	227.44	224.00	56861.00
chr3	33418764	33418825	61	61	282.00	348.00	310.20	310.00	18922.00
chr1	700258	700505	247	247	16.00	59.00	36.23	32.00	8950.00
chr9	74319510	74319719	209	209	36.00	75.00	50.77	46.00	10610.00
chr16	2336694	2336968	274	274	175.00	637.00	382.84	394.50	104897.00
chr20	3575125	3575219	94	94	160.00	244.00	186.65	182.00	17545.00
chr9	139231377	139231529	152	152	100.00	155.00	126.76	129.50	19267.00
chr5	140515951	140516498	547	547	4.00	37.00	20.29	22.00	11096.00
chr1	21938208	21938309	101	101	707.00	876.00	797.18	789.00	80515.00
chr3	155659188	155659936	748	748	13.00	141.00	92.03	107.00	68842.00
chr16	27483068	27483241	173	173	146.00	199.00	162.57	161.00	28125.00
chr11	994071	994245	174	174	155.00	384.00	307.12	332.00	53439.00
chr7	71175745	71175913	168	168	464.00	719.00	588.28	598.00	98831.00
chr12	121204065	121204175	110	110	180.00	254.00	229.15	239.00	25206.00
chr7	73118679	73118753	74	74	1362.00	1803.00	1576.88	1563.50	116689.00
chr9	140972565	140972710	145	145	95.00	142.00	119.72	116.00	17360.00
chr12	121683329	121684024	695	695	7.00	51.00	23.54	22.00	16357.00
chr16	74493579	74493687	108	108	181.00	274.00	229.28	223.00	24762.00
chr2	36771518	36771641	123	123	160.00	214.00	180.78	181.00	22236.00
chr7	94187181	94187996	815	815	4.00	60.00	33.41	34.00	27226.00
chr14	94156951	94157239	288	288	8.00	21.00	14.77	15.00	4253.00
chr7	121739000	121739524	524	524	8.00	23.00	15.75	15.00	8252.00
chr1	19549117	19549328	211	211	110.00	217.00	156.99	150.00	33125.00
chr19	5214571	5214747	176	176	329.00	623.00	419.44	417.00	73821.00
chr19	42557753	42557861	108	108	197.00	231.00	217.45	218.00	23485.00
chr15	102510686	102510925	239	239	12.00	58.00	35.42	36.00	8465.00
chr5	167673761	167675376	1615	1615	47.00	137.00	83.19	81.00	134354.00
chr7	44282158	44282253	95	95	777.00	1274.00	1032.06	999.00	98046.00
chr2	160621061	160621717	656	656	15.00	131.00	34.18	28.00	22420.00
chr5	10426501	10426634	133	133	329.00	507.00	442.49	469.00	58851.00
chr16	1814301	1814460	159	159	691.00	916.00	788.02	761.00	125295.00
chr11	21581734	21581928	194	194	116.00	189.00	147.62	147.00	28639.00
chr3	126749085	126749255	170	170	176.00	296.00	224.41	225.00	38149.00
chr11	12237765	12237866	101	101	509.00	666.00	566.23	543.00	57189.00
chr6	31750872	31750963	91	91	156.00	199.00	176.56	177.00	16067.00
chr3	53124201	53124398	197	197	17.00	28.00	23.38	23.00	4605.00
chr2	220161470	220161544	74	74	1228.00	1502.00	1407.97	1423.50	104190.00
chr2	128951046	128951785	739	739	23.00	102.00	56.02	57.00	41398.00
chr5	24535811	24535931	120	120	146.00	198.00	176.58	179.00	21190.00
chr1	44083406	44083582	176	176	359.00	505.00	428.43	431.50	75403.00
chr1	32207653	32207818	165	165	427.00	855.00	559.08	519.00	92248.00
chr12	7293754	7294000	246	246	15.00	1117.00	683.19	981.00	168064.00
chr3	131442289	131442469	180	180	126.00	160.00	143.32	144.00	25797.00
chr3	49898871	49899298	427	427	28.00	1460.00	588.66	765.00	251357.00
chr16	66432358	66432464	106	106	11.00	31.00	19.85	17.00	2104.00
chr1	20982593	20982680	87	87	345.00	449.00	385.91	372.00	33574.00
chr16	68398653	68398809	156	156	56.00	73.00	64.76	65.00	10103.00
chr17	16676818	16678279	1461	1461	6.00	20.00	13.15	13.00	19216.00
chr1	109814899	109815027	128	128	368.00	482.00	424.22	426.50	54300.00
chr1	21940478	21940582	104	104	927.00	1154.00	1047.09	1054.50	108897.00
chr20	57468284	57468793	509	509	7.00	32.00	20.51	21.00	10441.00
chr3	127358087	127358366	279	279	198.00	472.00	373.65	381.00	104249.00
chr3	126735359	126735527	168	168	146.00	192.00	172.69	174.00	29012.00
chr10	103869140	103869264	124	124	385.00	492.00	428.11	427.00	53086.00
chr20	44520554	44520666	112	112	167.00	233.00	205.32	202.00	22996.00
chr1	32203252	32203356	104	104	429.00	692.00	567.96	621.00	59068.00
chr21	40186196	40186316	120	120	304.00	393.00	358.32	360.00	42998.00
chr5	111067153	111068349	1196	1196	5.00	41.00	22.57	21.00	26994.00
chr9	128002954	128003186	232	232	518.00	1004.00	730.62	743.50	169505.00
chr1	43408896	43408992	96	96	264.00	339.00	302.28	297.50	29019.00
chr3	47463931	47464026	95	95	198.00	238.00	222.04	224.00	21094.00
chr2	220161160	220161238	78	78	1208.00	1354.00	1288.73	1291.00	100521.00
chr11	62472772	62473089	317	317	1109.00	2572.00	1752.05	1766.00	555399.00
chr9	130986341	130986906	565	565	16.00	777.00	188.98	31.00	106771.00
chr14	69358769	69359000	231	231	294.00	402.00	334.00	326.00	77153.00
chr11	64416205	64416379	174	174	197.00	344.00	280.15	294.00	48746.00
chr17	8398454	8398559	105	105	423.00	624.00	546.01	557.00	57331.00
chr12	53572943	53574193	1250	1250	8.00	59.00	37.30	38.00	46628.00
chr17	17696544	17701827	5283	5283	41.00	225.00	106.28	104.00	561488.00
chr8	11705187	11705331	144	144	1418.00	1885.00	1718.92	1729.00	247525.00
chr19	54963829	54963931	102	102	382.00	510.00	429.47	411.00	43806.00
chr2	70451682	70456295	4613	4613	7.00	188.00	31.25	26.00	144174.00
chr11	118873959	118874169	210	210	6.00	26.00	17.47	18.00	3668.00
chr10	75548427	75548581	154	154	91.00	157.00	127.73	130.00	19671.00
chr6	33414351	33414563	212	212	433.00	822.00	711.17	765.00	150768.00
chr17	80042910	80043032	122	122	232.00	315.00	285.21	296.00	34796.00
chr11	11470290	11470483	193	193	64.00	117.00	87.51	88.00	16889.00
chr8	23294446	23294771	325	325	147.00	226.00	187.42	186.00	60910.00
chr1	116932060	116932663	603	603	5.00	3351.00	1074.24	19.00	647768.00
chr15	83222627	83222741	114	114	96.00	119.00	109.23	109.00	12452.00
chr3	9841562	9841751	189	189	9.00	38.00	24.26	27.00	4585.00
chr1	116937731	116937907	176	176	1861.00	3856.00	2344.53	2095.50	412638.00
chr16	87868019	87868197	178	178	160.00	224.00	190.56	192.00	33919.00
chr3	124209540	124209731	191	191	491.00	774.00	666.27	673.00	127257.00
chr7	71142195	71142291	96	96	547.00	712.00	629.34	636.50	60417.00
chr5	130497324	130497584	260	260	8.00	18.00	13.49	14.00	3508.00
chr13	100199238	100199358	120	120	310.00	535.00	410.33	382.00	49240.00
chr5	139943336	139943506	170	170	27.00	299.00	258.24	271.00	43901.00
chr17	74395529	74396002	473	473	136.00	288.00	223.55	229.00	105740.00
chr14	93179149	93179216	67	67	208.00	245.00	223.51	224.00	14975.00
chr4	160277004	160277310	306	306	57.00	396.00	211.07	210.00	64588.00
chr17	40666306	40666478	172	172	861.00	1366.00	1127.55	1105.50	193938.00
chr15	34828065	34828207	142	142	12.00	266.00	162.54	167.00	23080.00
chr14	100165802	100165876	74	74	541.00	709.00	637.93	655.00	47207.00
chr22	20128089	20128231	142	142	16.00	192.00	109.28	144.00	15518.00
chr12	3392210	3394421	2211	2211	7.00	121.00	49.27	48.00	108925.00
chr17	16687866	16690667	2801	2801	6.00	139.00	27.48	21.00	76974.00
chr6	31664724	31664810	86	86	174.00	225.00	193.37	190.00	16630.00
chr6	30627512	30627611	99	99	50.00	67.00	57.09	55.00	5652.00
chr11	18752834	18755060	2226	2226	8.00	980.00	108.61	47.00	241762.00
chr12	109332602	109332731	129	129	523.00	696.00	615.96	629.00	79459.00
chr6	90072884	90073110	226	226	11.00	27.00	17.98	18.00	4063.00
chr16	2689371	2689711	340	340	0.00	1.00	0.34	0.00	117.00
chr1	20987373	20987484	111	111	295.00	392.00	351.89	350.00	39060.00
chr14	85985300	85986667	1367	1367	4.00	20.00	9.89	9.00	13520.00
chr13	32863769	32863880	111	111	135.00	165.00	151.43	152.00	16809.00
chr16	1510418	1510528	110	110	114.00	178.00	131.07	125.50	14418.00
chr19	54963269	54963444	175	175	458.00	677.00	538.59	533.00	94254.00
chr6	44224078	44224233	155	155	51.00	81.00	63.93	62.00	9909.00
chr20	3151172	3152285	1113	1113	11.00	108.00	51.53	53.00	57357.00
chr1	892273	892405	132	132	158.00	331.00	209.35	187.50	27634.00
chr16	90192167	90192724	557	557	12.00	61.00	41.03	41.00	22855.00
chr9	111663704	111663810	106	106	89.00	130.00	104.71	101.00	11099.00
chr6	44108764	44108835	71	71	172.00	237.00	201.49	204.00	14306.00
chr1	36028802	36029027	225	225	1889.00	3033.00	2319.49	2199.00	521886.00
chr11	66807259	66807674	415	415	16.00	260.00	201.75	206.00	83728.00
chr1	178426817	178427679	862	862	40.00	98.00	58.70	56.00	50602.00
chr19	42482302	42482478	176	176	2410.00	3990.00	2853.99	2727.50	502303.00
chr1	44084718	44084873	155	155	208.00	592.00	366.29	336.00	56775.00
chr1	109812315	109812442	127	127	317.00	451.00	384.38	385.00	48816.00
chr3	180324268	180324391	123	123	90.00	161.00	136.59	143.00	16800.00
chr15	63933668	63933842	174	174	152.00	320.00	230.86	195.00	40170.00
chr20	44521363	44521519	156	156	226.00	303.00	260.54	257.50	40645.00
chr3	33416779	33416910	131	131	155.00	313.00	236.16	241.00	30937.00
chr1	21934624	21934843	219	219	7.00	991.00	465.27	630.00	101894.00
chr14	69799801	69799886	85	85	91.00	136.00	118.25	118.00	10051.00
chr1	116936134	116936345	211	211	5.00	2746.00	2159.67	2347.00	455690.00
chr14	23634493	23634645	152	152	86.00	116.00	101.60	103.00	15443.00
chr16	1402538	1402947	409	409	15.00	52.00	41.17	41.00	16840.00
chr9	20331	25000	4669	4669	0.00	169.00	49.98	52.00	233344.00
chr17	43545574	43545959	385	385	19.00	59.00	40.41	42.00	15556.00
chr13	100201418	100201476	58	58	351.00	401.00	373.17	370.00	21644.00
chr15	41865505	41865665	160	160	412.00	856.00	600.10	587.50	96016.00
chr19	19641688	19642196	508	508	13.00	47.00	28.15	29.00	14298.00
chr11	134147593	134148159	566	566	11.00	36.00	23.69	23.00	13411.00
chr2	71656420	71657290	870	870	2.00	39.00	23.76	23.00	20670.00
chr7	97834775	97835016	241	241	186.00	316.00	249.58	251.00	60149.00
chr19	13363804	13363915	111	111	138.00	191.00	173.57	178.00	19266.00
chr18	31328383	31329011	628	628	8.00	31.00	18.55	19.00	11648.00
chr16	66431884	66432009	125	125	20.00	42.00	29.80	29.00	3725.00
chr19	47935155	47935702	547	547	9.00	1182.00	427.46	465.00	233820.00
chr12	50291769	50291873	104	104	1574.00	2470.00	1914.84	1918.00	199143.00
chr11	1780198	1780317	119	119	1006.00	1855.00	1259.91	1233.00	149929.00
chr15	65392626	65393167	541	541	15.00	57.00	30.42	29.00	16455.00
chr2	86397871	86397967	96	96	142.00	202.00	174.78	180.00	16779.00
chr7	97866087	97866233	146	146	110.00	277.00	194.73	211.50	28430.00
chr11	60687157	60687402	245	245	150.00	237.00	197.34	203.00	48348.00
chr21	43307700	43309453	1753	1753	10.00	93.00	52.61	54.00	92221.00
chr14	24619269	24619657	388	388	35.00	87.00	50.70	48.00	19670.00
chr11	65320634	65320727	93	93	104.00	133.00	122.44	126.00	11387.00
chr16	29891184	29891385	201	201	650.00	986.00	817.85	791.00	164388.00
chr1	32207224	32207326	102	102	877.00	1200.00	1055.45	1086.00	107656.00
chr11	72300218	72300394	176	176	19.00	682.00	231.04	23.00	40663.00
chr17	7608878	7609038	160	160	48.00	227.00	138.96	148.00	22234.00
chr19	7607646	7607814	168	168	129.00	221.00	165.18	167.00	27750.00
chr19	54966129	54966271	142	142	226.00	394.00	341.85	375.00	48542.00
chr12	57995027	57995131	104	104	205.00	256.00	226.93	225.50	23601.00
chr1	27428875	27429049	174	174	72.00	102.00	86.17	86.00	14993.00
chr2	27688277	27688385	108	108	61.00	103.00	87.81	96.00	9484.00
chr16	2691449	2692254	805	805	0.00	32.00	3.69	2.00	2967.00
chr9	131503813	131503933	120	120	491.00	609.00	545.11	543.00	65413.00
chr16	2347766	2347922	156	156	237.00	366.00	302.03	297.00	47116.00
chr17	80039884	80040036	152	152	455.00	550.00	498.42	496.50	75760.00
chr1	32204432	32204538	106	106	550.00	1189.00	846.52	831.00	89731.00
chr12	9242951	9243078	127	127	235.00	286.00	256.51	254.00	32577.00
chr3	49702661	49702751	90	90	311.00	387.00	357.14	359.00	32143.00
chr19	35820359	35820837	478	478	24.00	80.00	47.07	43.00	22501.00
chr1	201456762	201457615	853	853	18.00	63.00	34.67	31.00	29577.00
chr16	2334279	2334438	159	159	223.00	338.00	264.44	256.00	42046.00
chr10	73578373	73578481	108	108	4243.00	5424.00	4816.89	4851.00	520224.00
chr16	18530550	18530756	206	206	0.00	980.00	448.32	645.00	92353.00
chr16	16369094	16369300	206	206	0.00	1001.00	456.19	661.00	93975.00
chr13	113975636	113975785	149	149	10.00	687.00	299.65	14.00	44648.00
chr11	119293822	119294227	405	405	13.00	8546.00	772.24	65.00	312756.00
chr5	150505962	150506041	79	79	1316.00	2044.00	1670.87	1640.00	131999.00
chr22	44224939	44225078	139	139	1033.00	1416.00	1176.30	1157.00	163506.00
chr15	41865199	41865309	110	110	482.00	620.00	534.20	515.50	58762.00
chr17	25633807	25636298	2491	2491	37.00	783.00	259.24	217.00	645755.00
chr15	72495155	72495529	374	374	20.00	3940.00	1573.55	33.00	588506.00
chr9	42540272	42542124	1852	1852	4.00	27.00	16.63	17.00	30806.00
chr11	119290760	119291704	944	944	6.00	11265.00	2558.31	37.00	2415046.00
chr19	5219949	5220165	216	216	235.00	443.00	323.62	293.50	69901.00
chr15	63910769	63911153	384	384	3.00	50.00	21.41	17.00	8223.00
chr17	74393879	74393969	90	90	200.00	281.00	243.59	250.00	21923.00
chr10	104129467	104129532	65	65	148.00	173.00	161.68	161.00	10509.00
chr3	142454224	142454620	396	396	2.00	13.00	8.28	8.00	3278.00
chr12	121205196	121205396	200	200	209.00	289.00	240.85	236.00	48171.00
chr3	31705570	31705724	154	154	32.00	53.00	40.95	39.00	6307.00
chr6	118635190	118636593	1403	1403	26.00	225.00	147.46	145.00	206892.00
chr8	10339867	10340829	962	962	2.00	41.00	25.07	25.00	24117.00
chr19	16952578	16952779	201	201	185.00	317.00	253.06	253.00	50865.00
chr8	110984486	110985016	530	530	170.00	262.00	209.84	210.00	111215.00
chr9	128001219	128001610	391	391	584.00	1522.00	1080.75	1148.00	422575.00
chr11	73070878	73070997	119	119	218.00	291.00	261.41	266.00	31108.00
chr10	104130140	104130235	95	95	125.00	181.00	156.66	157.00	14883.00
chr5	95733039	95733173	134	134	252.00	351.00	297.01	299.00	39799.00
chr19	59059400	59059547	147	147	339.00	486.00	412.68	419.00	60664.00
chr5	139943169	139943255	86	86	35.00	202.00	149.17	157.00	12829.00
chr17	73487771	73487981	210	210	109.00	256.00	169.56	170.00	35608.00
chr1	154315588	154315777	189	189	39.00	65.00	53.21	52.00	10056.00
chr14	95652726	95653070	344	344	15.00	47.00	32.13	33.00	11054.00
chr12	123639801	123640772	971	971	8.00	42.00	27.44	28.00	26648.00
chr22	47064870	47065171	301	301	8.00	24.00	15.83	18.00	4764.00
chr5	24535220	24535388	168	168	136.00	198.00	175.59	177.00	29499.00
chr12	6806452	6806958	506	506	160.00	512.00	329.89	346.50	166922.00
chr22	29881711	29881836	125	125	451.00	571.00	503.16	500.00	62895.00
chr7	75894681	75894786	105	105	87.00	127.00	107.36	106.00	11273.00
chr12	121089007	121095893	6886	6886	10.00	191.00	71.25	66.00	490660.00
chr1	207940357	207942365	2008	2008	4.00	196.00	37.68	25.00	75653.00
chr7	154681166	154681240	74	74	438.00	522.00	491.26	496.00	36353.00
chr5	131696513	131697529	1016	1016	5.00	30.00	15.32	14.00	15565.00
chr11	1776135	1776258	123	123	540.00	1484.00	944.54	889.00	116178.00
chr8	11706554	11706673	119	119	1428.00	1730.00	1569.38	1581.00	186756.00
chr11	18759426	18759511	85	85	406.00	517.00	451.14	445.00	38347.00
chr16	61689373	61689625	252	252	98.00	158.00	127.53	128.00	32137.00
chr15	51750702	51750824	122	122	230.00	338.00	290.25	300.00	35411.00
chr9	35555056	35555698	642	642	261.00	610.00	425.36	435.00	273082.00
chr2	198356200	198356621	421	421	2.00	15.00	8.08	9.00	3402.00
chr9	131001723	131001794	71	71	3653.00	4450.00	4144.35	4212.00	294249.00
chr19	5214371	5214491	120	120	538.00	724.00	622.31	623.00	74677.00
chr22	35719488	35719623	135	135	153.00	216.00	192.50	196.00	25988.00
chr12	121678738	121679829	1091	1091	13.00	57.00	28.60	28.00	31202.00
chr14	23820960	23821064	104	104	1803.00	2275.00	2087.37	2130.00	217086.00
chr1	32205710	32205779	69	69	679.00	912.00	795.58	792.00	54895.00
chr3	33420176	33420326	150	150	22.00	345.00	130.60	26.00	19590.00
chr9	114820707	114820966	259	259	40.00	68.00	52.98	53.00	13722.00
chr15	41865876	41866023	147	147	43.00	890.00	733.04	767.00	107757.00
chr19	55554308	55554637	329	329	7.00	21.00	15.23	16.00	5010.00
chr1	116933403	116933513	110	110	2352.00	3130.00	2772.93	2758.00	305022.00
chr19	15374230	15374359	129	129	120.00	200.00	159.45	165.00	20569.00
chr12	56090682	56090852	170	170	68.00	97.00	84.23	84.00	14319.00
chr14	69445668	69445876	208	208	101.00	324.00	233.19	263.00	48504.00
chr12	57603474	57603651	177	177	333.00	579.00	439.19	446.00	77737.00
chr22	32897492	32898946	1454	1454	8.00	186.00	69.67	57.00	101296.00
chr16	16367702	16367764	62	62	18.00	640.00	331.15	370.00	20531.00
chr19	5245786	5246056	270	270	181.00	497.00	309.99	275.00	83697.00
chr16	74345440	74345829	389	389	7.00	27.00	18.99	21.00	7386.00
chr6	107096899	107097076	177	177	33.00	82.00	57.34	57.00	10149.00
chr1	29641883	29642019	136	136	71.00	82.00	75.46	75.00	10262.00
chr8	97342440	97342509	69	69	208.00	285.00	238.78	231.00	16476.00
chr8	68116914	68117054	140	140	98.00	171.00	132.45	135.50	18543.00
chr22	22037470	22037546	76	76	69.00	95.00	81.91	81.00	6225.00
chr22	50682147	50683420	1273	1273	15.00	205.00	117.20	118.00	149193.00
chr20	44048971	44049069	98	98	221.00	265.00	251.65	252.00	24662.00
chr1	36904356	36904511	155	155	42.00	78.00	58.74	56.00	9105.00
chr12	71054719	71054877	158	158	94.00	162.00	115.33	109.00	18222.00
chr15	50654364	50655515	1151	1151	27.00	63.00	44.22	44.00	50901.00
chr2	234198499	234198620	121	121	128.00	164.00	142.16	140.00	17201.00
chr9	128001699	128001812	113	113	593.00	748.00	663.52	662.00	74978.00
chr8	38272296	38272419	123	123	107.00	129.00	116.87	116.00	14375.00
chr11	73068069	73068179	110	110	192.00	273.00	233.29	238.50	25662.00
chr16	28123137	28123327	190	190	179.00	309.00	251.01	261.50	47691.00
chr12	49424062	49424222	160	160	42.00	117.00	72.78	71.00	11644.00
chr19	50302885	50303023	138	138	466.00	777.00	597.89	555.50	82509.00
chr19	42480567	42480718	151	151	4002.00	6075.00	5037.58	5160.00	760674.00
chr3	197904395	197905301	906	906	1.00	59.00	26.53	29.00	24035.00
chr13	100189992	100190117	125	125	273.00	344.00	305.77	303.00	38221.00
chr19	14268062	14268272	210	210	399.00	683.00	556.22	554.00	116807.00
chr10	93786886	93787057	171	171	79.00	114.00	95.31	94.00	16298.00
chr1	109808726	109808828	102	102	208.00	310.00	250.63	244.00	25564.00
chr4	134075461	134075520	59	59	302.00	414.00	339.22	338.00	20014.00
chr1	22052268	22053864	1596	1596	7.00	34.00	21.12	22.00	33705.00
chr9	140056855	140056968	113	113	1578.00	2246.00	1971.51	2036.00	222781.00
chr19	42482087	42482224	137	137	4122.00	5596.00	4832.37	4923.00	662035.00
chr19	4556962	4557025	63	63	657.00	803.00	724.76	716.00	45660.00
chr19	14266921	14267013	92	92	352.00	514.00	458.83	472.00	42212.00
chr22	42273851	42274127	276	276	5.00	1099.00	529.28	589.00	146080.00
chr1	205549788	205550049	261	261	322.00	490.00	385.16	374.00	100528.00
chr1	110765585	110766522	937	937	86.00	227.00	154.64	149.00	144894.00
chr19	55553595	55554158	563	563	11.00	39.00	24.70	24.00	13908.00
chr7	150929881	150931360	1479	1479	34.00	190.00	74.73	68.00	110531.00
chr3	124215157	124215260	103	103	529.00	881.00	709.10	732.00	73037.00
chr16	58220658	58220760	102	102	131.00	197.00	158.81	159.00	16199.00
chr3	10381925	10382033	108	108	829.00	1053.00	979.30	993.00	105764.00
chr10	11356101	11356221	120	120	141.00	175.00	155.91	156.50	18709.00
chr22	42294652	42294785	133	133	541.00	960.00	818.35	841.00	108840.00
chr1	2005531	2005714	183	183	17.00	80.00	59.84	65.00	10950.00
chr12	113722522	113722576	54	54	99.00	110.00	104.17	104.00	5625.00
chr9	131502198	131502398	200	200	35.00	608.00	513.66	537.50	102732.00
chr19	40873602	40873786	184	184	1605.00	2104.00	1793.15	1790.00	329940.00
chr2	220162606	220162825	219	219	396.00	894.00	658.04	633.00	144110.00
chr16	28270027	28270355	328	328	8.00	65.00	35.20	31.50	11544.00
chr4	3225718	3225858	140	140	180.00	253.00	219.39	223.00	30715.00
chr17	44127898	44128070	172	172	94.00	122.00	106.84	107.00	18376.00
chr3	47462043	47462262	219	219	116.00	259.00	154.37	140.00	33808.00
chr6	99873090	99873182	92	92	8.00	584.00	227.48	187.00	20928.00
chr7	142561723	142562504	781	781	380.00	968.00	610.40	606.00	476722.00
chr1	159169540	159169666	126	126	1292.00	1875.00	1641.27	1703.00	206800.00
chr19	7606869	7606953	84	84	97.00	128.00	108.88	107.00	9146.00
chr16	2811561	2818298	6737	6737	17.00	750.00	441.36	436.00	2973464.00
chr3	47450652	47450807	155	155	87.00	121.00	109.52	112.00	16976.00
chr11	118403631	118403922	291	291	177.00	267.00	200.63	197.00	58384.00
chr1	205555161	205555335	174	174	317.00	402.00	353.10	349.00	61439.00
chr12	125603186	125603311	125	125	154.00	220.00	184.98	180.00	23122.00
chr11	86658288	86659498	1210	1210	14.00	52.00	25.74	24.00	31147.00
chr22	37764946	37768745	3799	3799	8.00	503.00	196.32	174.00	745806.00
chr10	46345664	46346215	551	551	7.00	52.00	27.74	28.00	15286.00
chr22	33673045	33673241	196	196	277.00	675.00	408.68	354.00	80101.00
chr9	140042599	140042666	67	67	12.00	451.00	359.76	380.00	24104.00
chr3	48717233	48717320	87	87	198.00	246.00	216.86	216.00	18867.00
chr11	60681600	60681740	140	140	18.00	196.00	84.09	61.00	11772.00
chr10	93784512	93784724	212	212	65.00	104.00	87.27	89.50	18502.00
chr12	7289424	7290372	948	948	6.00	1158.00	306.59	24.00	290649.00
chr3	132387062	132387526	464	464	10.00	26.00	18.75	20.00	8702.00
chr16	2335442	2335647	205	205	235.00	438.00	350.52	348.00	71856.00
chr16	1794782	1797276	2494	2494	6.00	868.00	119.59	64.00	298257.00
chr16	3786036	3786204	168	168	126.00	203.00	163.88	161.00	27531.00
chr9	141131209	141131766	557	557	1.00	31.00	13.70	12.00	7632.00
chr14	92965028	92966015	987	987	15.00	51.00	30.01	30.00	29622.00
chr19	54692070	54692200	130	130	253.00	744.00	470.49	358.00	61164.00
chr15	43866006	43866230	224	224	139.00	259.00	178.33	170.00	39947.00
chr3	40231316	40231954	638	638	59.00	146.00	94.83	94.00	60499.00
chr3	50148937	50149455	518	518	13.00	61.00	40.45	43.00	20954.00
chr4	81117505	81117755	250	250	63.00	131.00	93.78	92.00	23445.00
chr10	46740404	46740638	234	234	3.00	35.00	20.21	21.00	4730.00
chr3	124210169	124210271	102	102	404.00	591.00	506.46	515.00	51659.00
chr11	107488830	107488932	102	102	381.00	436.00	404.62	400.50	41271.00
chr9	130591965	130592106	141	141	57.00	83.00	73.26	75.00	10329.00
chr1	20981932	20982027	95	95	352.00	418.00	389.63	398.00	37015.00
chr12	75875613	75875859	246	246	68.00	92.00	79.30	80.00	19509.00
chr22	32046684	32046764	80	80	95.00	146.00	121.33	120.50	9706.00
chr11	70331418	70331658	240	240	38.00	196.00	115.15	109.00	27637.00
chr14	51079976	51080069	93	93	482.00	570.00	536.13	537.00	49860.00
chr17	80041077	80041301	224	224	312.00	1005.00	655.29	662.00	146785.00
chr7	158540884	158540971	87	87	176.00	254.00	208.26	205.00	18119.00
chr1	21553651	21553719	68	68	80.00	96.00	86.60	85.00	5889.00
chr2	219206256	219206349	93	93	129.00	198.00	167.63	164.00	15590.00
chr17	18444211	18445242	1031	1031	2.00	20.00	11.83	12.00	12201.00
chr12	57599340	57599460	120	120	371.00	521.00	431.69	414.00	51803.00
chr11	64417919	64418110	191	191	315.00	563.00	455.80	488.00	87057.00
chr19	3274926	3275650	724	724	12.00	53.00	29.47	30.00	21338.00
chr16	18532086	18532305	219	219	834.00	1600.00	1165.67	1180.00	255281.00
chr17	3776702	3776756	54	54	635.00	810.00	754.67	766.50	40752.00
chr1	116932670	116933033	363	363	4.00	3847.00	1730.66	2590.00	628230.00
chr16	1505731	1505796	65	65	188.00	244.00	223.62	226.00	14535.00
chr1	9794029	9794200	171	171	3170.00	3675.00	3394.74	3351.00	580500.00
chr10	73579221	73579379	158	158	3541.00	5947.00	4525.34	4755.50	715004.00
chr11	6411684	6412146	462	462	34.00	170.00	104.08	108.00	48085.00
chr1	159163212	159163350	138	138	1213.00	1727.00	1329.91	1301.00	183528.00
chr16	1816723	1816804	81	81	658.00	829.00	745.65	759.00	60398.00
chr7	91722399	91722630	231	231	13.00	123.00	90.89	90.00	20995.00
chr7	44281816	44281939	123	123	1043.00	1280.00	1150.23	1150.00	141478.00
chr2	220467189	220467297	108	108	17.00	33.00	24.69	25.00	2667.00
chr16	4494664	4494729	65	65	229.00	287.00	259.83	259.00	16889.00
chr15	34681844	34681986	142	142	10.00	333.00	230.04	244.00	32666.00
chr9	139995935	139996124	189	189	116.00	172.00	139.51	139.00	26368.00
chr3	180324040	180324160	120	120	117.00	145.00	129.83	130.00	15580.00
chr3	42678359	42681242	2883	2883	37.00	174.00	94.11	86.00	271331.00
chr7	131812776	131815333	2557	2557	7.00	151.00	86.94	82.00	222303.00
chr20	1585387	1585522	135	135	39.00	724.00	401.79	398.00	54242.00
chr3	126751229	126751442	213	213	251.00	304.00	279.92	281.00	59624.00
chr15	63920875	63921014	139	139	212.00	393.00	289.34	304.00	40218.00
chr16	2040128	2040202	74	74	48.00	165.00	106.91	100.50	7911.00
chr9	74324174	74324390	216	216	34.00	79.00	52.34	51.00	11306.00
chr20	44521858	44521950	92	92	240.00	282.00	264.01	266.00	24289.00
chr9	139911647	139911798	151	151	568.00	796.00	683.95	679.00	103277.00
chr9	140055507	140055649	142	142	1892.00	4090.00	3055.86	2819.00	433932.00
chr12	120148055	120148191	136	136	208.00	307.00	253.78	253.00	34514.00
chr12	50474280	50474372	92	92	146.00	198.00	176.80	179.00	16266.00
chr15	63125702	63125828	126	126	187.00	371.00	276.69	286.00	34863.00
chr9	20907148	20907241	93	93	93.00	144.00	124.90	130.00	11616.00
chr16	87874655	87874761	106	106	259.00	358.00	320.78	316.00	34003.00
chr2	162833269	162833460	191	191	5.00	843.00	457.44	666.00	87371.00
chr8	11704560	11704677	117	117	998.00	1426.00	1202.26	1192.00	140664.00
chr15	63926931	63927087	156	156	225.00	344.00	298.94	319.00	46634.00
chr6	31668718	31668805	87	87	172.00	228.00	190.66	187.00	16587.00
chr7	148910792	148910906	114	114	29.00	88.00	65.38	77.00	7453.00
chr14	42355808	42357213	1405	1405	46.00	181.00	95.40	94.00	134044.00
chr10	88678928	88679226	298	298	22.00	48.00	35.13	37.00	10469.00
chr3	140998219	140998346	127	127	51.00	112.00	76.77	77.00	9750.00
chr1	144859758	144859998	240	240	104.00	221.00	142.65	144.00	34237.00
chr9	96054772	96055455	683	683	51.00	272.00	166.26	166.00	113555.00
chr19	7604803	7604944	141	141	131.00	214.00	157.94	149.00	22269.00
chr12	30906277	30907432	1155	1155	19.00	124.00	62.06	59.00	71675.00
chr9	131112762	131112854	92	92	147.00	335.00	254.53	257.00	23417.00
chr20	61981328	61982379	1051	1051	43.00	155.00	89.47	82.00	94029.00
chr7	38431348	38431618	270	270	353.00	894.00	564.00	510.50	152279.00
chr20	44521036	44521123	87	87	212.00	281.00	248.07	252.00	21582.00
chr11	64418726	64419108	382	382	260.00	578.00	410.38	411.00	156764.00
chr12	120148344	120150270	1926	1926	12.00	456.00	71.91	37.00	138503.00
chr12	6930971	6931066	95	95	15.00	728.00	381.97	383.00	36287.00
chr16	2339434	2339621	187	187	174.00	362.00	238.87	201.00	44669.00
chr2	27700083	27700187	104	104	57.00	74.00	67.41	68.50	7011.00
chr14	69805367	69805494	127	127	93.00	197.00	138.92	125.00	17643.00
chr12	9242497	9242619	122	122	233.00	306.00	278.66	280.00	33996.00
chr3	58256658	58256791	133	133	117.00	220.00	151.80	131.00	20190.00
chr10	79744927	79745098	171	171	75.00	146.00	111.77	106.00	19112.00
chr1	159161725	159161866	141	141	778.00	1250.00	1091.11	1148.00	153846.00
chr16	31085202	31085519	317	317	6.00	35.00	26.75	29.00	8480.00
chr1	171755018	171755218	200	200	78.00	119.00	100.19	101.00	20038.00
chr9	130988124	130989280	1156	1156	7.00	2443.00	307.34	64.00	355286.00
chr15	63127935	63127998	63	63	192.00	253.00	217.97	212.00	13732.00
chr19	1917676	1917821	145	145	9.00	253.00	200.61	224.00	29088.00
chr22	25315792	25315960	168	168	132.00	183.00	154.09	152.00	25887.00
chr2	207943790	207945085	1295	1295	32.00	98.00	61.99	62.00	80281.00
chr11	47330706	47330952	246	246	18.00	849.00	364.48	35.00	89661.00
chr3	142743978	142746095	2117	2117	6.00	161.00	28.03	19.00	59336.00
chr7	44839492	44839694	202	202	11.00	33.00	23.00	24.00	4646.00
chr22	31688260	31688471	211	211	8.00	260.00	165.08	201.00	34832.00
chr11	66333492	66333638	146	146	514.00	694.00	613.25	619.00	89534.00
chr9	131114916	131115026	110	110	311.00	370.00	342.42	345.00	37666.00
chr1	20206	21013	807	807	11.00	133.00	76.77	83.00	61955.00
chr11	108216469	108216635	166	166	43.00	91.00	73.09	76.00	12133.00
chr1	209778880	209779019	139	139	291.00	416.00	345.05	354.00	47962.00
chr1	202935876	202936026	150	150	177.00	284.00	218.31	211.00	32746.00
chr12	57600255	57600524	269	269	375.00	561.00	483.05	490.00	129940.00
chr19	15233503	15233615	112	112	74.00	102.00	85.87	85.00	9617.00
chr8	68115317	68115486	169	169	89.00	171.00	137.88	143.00	23301.00
chr19	13419229	13419342	113	113	113.00	174.00	152.19	155.00	17198.00
chr6	33266815	33267130	315	315	9.00	66.00	35.96	35.00	11327.00
chr16	89780611	89781646	1035	1035	5.00	67.00	33.97	31.00	35156.00
chr12	109964162	109964221	59	59	99.00	122.00	111.56	114.00	6582.00
chr22	24491893	24492045	152	152	75.00	143.00	105.65	99.00	16059.00
chr2	242592926	242593025	99	99	232.00	340.00	263.55	248.00	26091.00
chr1	21937944	21938074	130	130	768.00	1620.00	1260.27	1371.00	163835.00
chr2	223789173	223789313	140	140	355.00	457.00	402.74	396.00	56384.00
chr20	3772318	3772535	217	217	10.00	44.00	22.88	18.00	4965.00
chr16	18531918	18532001	83	83	1165.00	1713.00	1424.49	1469.00	118233.00
chr1	43396296	43396537	241	241	180.00	269.00	215.65	211.00	51971.00
chr2	100037960	100038115	155	155	47.00	69.00	56.07	55.00	8691.00
chr16	1500497	1500770	273	273	10.00	216.00	115.34	155.00	31488.00
chr19	40876016	40876144	128	128	1601.00	2305.00	1968.09	1936.50	251916.00
chr5	168112691	168112932	241	241	33.00	81.00	56.92	57.00	13717.00
chr2	127825738	127825831	93	93	453.00	549.00	507.16	509.00	47166.00
chr1	19232015	19234990	2975	2975	7.00	163.00	56.81	52.00	168995.00
chr16	1391129	1391196	67	67	394.00	477.00	435.22	438.00	29160.00
chr6	33410665	33411689	1024	1024	12.00	617.00	279.98	270.00	286696.00
chr9	95872033	95872266	233	233	4.00	22.00	11.89	9.00	2771.00
chr1	53378627	53378839	212	212	16.00	37.00	27.99	28.00	5933.00
chr2	80531276	80531693	417	417	29.00	91.00	71.87	73.00	29970.00
chr7	44286718	44286791	73	73	1027.00	1249.00	1150.75	1155.00	84005.00
chr7	157369304	157369471	167	167	481.00	607.00	546.29	547.00	91231.00
chr11	18755079	18755191	112	112	8.00	524.00	323.62	409.50	36245.00
chr6	86237979	86238080	101	101	139.00	194.00	167.16	170.00	16883.00
chr8	145000951	145001050	99	99	116.00	214.00	164.69	157.00	16304.00
chr19	45167680	45167966	286	286	7.00	18.00	12.93	13.00	3699.00
chr10	48930165	48930400	235	235	2.00	32.00	20.29	21.00	4767.00
chr16	87871450	87871547	97	97	236.00	302.00	274.77	279.00	26653.00
chr1	109815454	109815649	195	195	307.00	495.00	388.37	385.00	75733.00
chr1	208215442	208215711	269	269	119.00	195.00	152.55	147.00	41037.00
chr2	260866	261451	585	585	9.00	30.00	18.62	18.00	10890.00
chr5	180481266	180481724	458	458	11.00	43.00	28.18	29.00	12907.00
chr7	73119479	73119631	152	152	10.00	2149.00	912.97	12.00	138771.00
chr15	34677248	34677358	110	110	369.00	537.00	449.42	442.00	49436.00
chr16	57687114	57687247	133	133	138.00	230.00	187.52	197.00	24940.00
chr15	50649406	50649592	186	186	16.00	53.00	38.12	40.50	7091.00
chr22	21071995	21072066	71	71	1766.00	2019.00	1903.52	1921.00	135150.00
chr5	179200882	179201561	679	679	17.00	52.00	39.04	40.00	26510.00
chr10	98763824	98763979	155	155	250.00	378.00	314.26	313.00	48711.00
chr14	102963315	102963457	142	142	147.00	226.00	174.24	169.00	24742.00
chr1	21932558	21933138	580	580	11.00	1069.00	218.05	33.00	126469.00
chr16	28118842	28118998	156	156	221.00	298.00	260.60	263.00	40653.00
chr1	241767561	241767881	320	320	56.00	128.00	96.39	102.00	30844.00
chr11	66812063	66812184	121	121	205.00	295.00	240.87	243.00	29145.00
chr11	12248571	12248678	107	107	553.00	725.00	649.70	658.00	69518.00
chr9	130588788	130588951	163	163	40.00	73.00	61.44	63.00	10014.00
chr22	21068915	21068988	73	73	1581.00	2142.00	1921.52	1976.00	140271.00
chr1	43424304	43424531	227	227	14.00	340.00	235.58	284.00	53476.00
chr14	105852021	105853670	1649	1649	33.00	220.00	66.11	61.00	109014.00
chr15	34823469	34823579	110	110	201.00	366.00	278.91	270.00	30680.00
chr11	171365	172282	917	917	1.00	59.00	27.27	30.00	25003.00
chr22	24493976	24494155	179	179	83.00	156.00	126.20	128.00	22589.00
chr15	79291060	79291167	107	107	496.00	654.00	590.12	602.00	63143.00
chr16	2145904	2146194	290	290	22.00	55.00	35.77	35.50	10373.00
chr9	131503050	131503166	116	116	439.00	621.00	532.22	529.00	61738.00
chr11	61301983	61302579	596	596	34.00	68.00	50.40	51.50	30037.00
chr22	25308609	25308719	110	110	113.00	142.00	128.84	130.00	14172.00
chr12	63977826	63979986	2160	2160	0.00	58.00	20.80	19.00	44921.00
chr19	46928844	46930933	2089	2089	12.00	514.00	208.29	203.00	435128.00
chr16	56969146	56969224	78	78	170.00	242.00	208.27	210.50	16245.00
chr17	40665787	40665996	209	209	16.00	2156.00	894.19	1211.00	186886.00
chr9	131669435	131671600	2165	2165	127.00	389.00	225.76	212.00	488761.00
chr2	220164026	220164271	245	245	30.00	1246.00	399.02	40.00	97760.00
chr19	7589846	7590052	206	206	59.00	164.00	100.13	102.00	20627.00
chr6	91260186	91260268	82	82	94.00	128.00	111.78	113.00	9166.00
chr9	124543742	124543830	88	88	308.00	405.00	350.42	339.00	30837.00
chr12	54071005	54071170	165	165	4.00	17.00	11.60	13.00	1914.00
chr2	40443	41212	769	769	6.00	32.00	20.79	20.00	15989.00
chr11	67852159	67852747	588	588	10.00	76.00	37.65	32.00	22136.00
chr8	8233762	8234810	1048	1048	26.00	105.00	63.40	65.00	66447.00
chr2	175671113	175672148	1035	1035	10.00	37.00	22.59	21.00	23380.00
chr7	138984922	138985438	516	516	9.00	31.00	17.18	15.00	8867.00
chr22	40816850	40817104	254	254	63.00	206.00	167.68	179.00	42590.00
chr19	14263120	14263249	129	129	350.00	525.00	441.94	447.00	57010.00
chr19	16962222	16962345	123	123	147.00	394.00	282.65	292.00	34766.00
chr1	109813838	109813918	80	80	267.00	340.00	292.82	284.00	23426.00
chr3	49898148	49898562	414	414	8.00	1091.00	526.04	844.00	217779.00
chr17	17131202	17131510	308	308	27.00	165.00	123.33	131.00	37986.00
chr1	21936067	21936139	72	72	367.00	550.00	473.86	469.00	34118.00
chr3	130424404	130424615	211	211	41.00	98.00	73.54	79.00	15517.00
chr12	56532710	56532797	87	87	122.00	144.00	130.32	128.00	11338.00
chr16	29888591	29888788	197	197	571.00	932.00	732.43	702.00	144289.00
chr2	114394588	114396196	1608	1608	2.00	58.00	23.85	25.00	38352.00
chr3	124180736	124180803	67	67	394.00	470.00	436.48	442.00	29244.00
chr9	111798485	111798660	175	175	116.00	168.00	144.93	148.00	25362.00
chr10	73847897	73848372	475	475	27.00	2433.00	826.44	740.00	392561.00
chr22	21075585	21075706	121	121	1006.00	1922.00	1617.98	1718.00	195775.00
chr22	20920753	20921104	351	351	56.00	176.00	108.31	112.00	38016.00
chr9	140953020	140953185	165	165	105.00	186.00	148.37	142.00	24481.00
chr22	41620970	41621075	105	105	117.00	147.00	133.47	133.00	14014.00
chr11	6243671	6243839	168	168	65.00	118.00	95.44	98.00	16034.00
chr15	74704225	74704353	128	128	190.00	281.00	233.94	241.00	29944.00
chr3	48719780	48719985	205	205	196.00	277.00	236.55	233.00	48493.00
chr1	222833247	222833348	101	101	111.00	170.00	143.93	147.00	14537.00
chr1	6583675	6584824	1149	1149	10.00	87.00	55.81	57.00	64130.00
chr11	126135857	126135976	119	119	291.00	360.00	323.09	324.00	38448.00
chr8	75156763	75157410	647	647	41.00	85.00	62.85	62.00	40663.00
chr15	83345212	83345389	177	177	285.00	344.00	316.04	318.00	55939.00
chr14	68031638	68032561	923	923	31.00	113.00	62.66	56.00	57834.00
chr19	42479780	42479949	169	169	3296.00	4822.00	4114.94	4094.00	695425.00
chr16	31503329	31503407	78	78	279.00	373.00	325.78	331.00	25411.00
chr17	1564564	1564700	136	136	329.00	481.00	392.25	372.00	53346.00
chr16	58717858	58718082	224	224	49.00	105.00	81.26	84.00	18202.00
chr14	71575320	71575763	443	443	51.00	126.00	96.28	98.00	42651.00
chr1	202934498	202934628	130	130	167.00	234.00	192.11	186.50	24974.00
chr7	73118477	73118586	109	109	1196.00	1586.00	1383.84	1379.00	150839.00
chr19	13365908	13366073	165	165	102.00	147.00	124.50	123.00	20543.00
chr10	102265117	102265958	841	841	18.00	82.00	42.81	37.00	36003.00
chr9	139983320	139983457	137	137	147.00	224.00	184.16	186.00	25230.00
chr18	29206245	29206347	102	102	218.00	302.00	253.09	246.00	25815.00
chr12	120578662	120578827	165	165	101.00	140.00	117.35	115.00	19363.00
chr5	757516	758226	710	710	7.00	37.00	24.52	25.00	17408.00
chr8	21632483	21632567	84	84	60.00	77.00	68.70	68.00	5771.00
chr4	54011499	54011749	250	250	44.00	72.00	57.25	57.50	14313.00
chr8	141680613	141681365	752	752	13.00	68.00	44.75	45.00	33655.00
chr11	57367351	57367850	499	499	23.00	81.00	52.11	52.00	26001.00
chr12	63980009	63980784	775	775	7.00	28.00	17.24	17.00	13360.00
chr9	140057042	140057203	161	161	7.00	2304.00	1930.42	2054.00	310797.00
chr2	7055953	7056098	145	145	31.00	45.00	37.46	37.00	5432.00
chr12	52387768	52389043	1275	1275	25.00	562.00	219.34	191.00	279660.00
chr19	50104931	50105175	244	244	26.00	205.00	73.06	41.00	17826.00
chr19	5218430	5218543	113	113	408.00	631.00	543.48	550.00	61413.00
chr16	29898969	29899138	169	169	450.00	725.00	562.97	532.00	95142.00
chr7	99030900	99031041	141	141	29.00	55.00	39.60	39.00	5583.00
chr17	36692926	36693212	286	286	19.00	48.00	34.66	34.00	9912.00
chr15	73857770	73859335	1565	1565	13.00	107.00	51.72	48.00	80947.00
chr6	44104085	44104176	91	91	263.00	348.00	298.95	295.00	27204.00
chr1	21938518	21938602	84	84	794.00	1126.00	990.57	1011.50	83208.00
chr19	13423482	13423595	113	113	68.00	116.00	94.84	94.00	10717.00
chr16	70292882	70293089	207	207	775.00	1162.00	975.46	998.00	201920.00
chr18	61060641	61060782	141	141	98.00	134.00	113.87	109.00	16056.00
chr16	22269814	22270016	202	202	16.00	44.00	30.57	31.00	6176.00
chr1	21554423	21554534	111	111	59.00	90.00	77.18	79.00	8567.00
chr9	140057255	140057455	200	200	11.00	2643.00	1679.79	2065.00	335958.00
chr7	1488255	1488397	142	142	41.00	80.00	62.63	66.00	8894.00
chr14	100166351	100166438	87	87	555.00	651.00	596.78	590.00	51920.00
chr9	101065522	101065705	183	183	577.00	854.00	715.22	724.00	130886.00
chr5	68411752	68412041	289	289	43.00	97.00	73.32	79.00	21190.00
chr1	2452539	2452754	215	215	103.00	285.00	173.52	153.00	37307.00
chr1	21564626	21564737	111	111	71.00	108.00	86.89	85.00	9645.00
chr13	42037713	42039066	1353	1353	13.00	78.00	38.33	37.00	51866.00
chr2	114350236	114350443	207	207	7.00	61.00	35.99	37.00	7449.00
chr1	21939668	21939722	54	54	943.00	1106.00	1035.61	1038.50	55923.00
chr9	139353895	139354007	112	112	83.00	109.00	93.40	92.00	10461.00
chr7	102176367	102176618	251	251	5.00	19.00	12.92	12.00	3242.00
chr3	51411753	51412018	265	265	10.00	363.00	149.46	18.00	39607.00
chr17	73888091	73888266	175	175	14.00	41.00	26.95	24.00	4717.00
chr13	103297258	103297435	177	177	10.00	112.00	62.20	91.00	11010.00
chr15	63922664	63922834	170	170	250.00	422.00	326.95	326.00	55581.00
chr3	33400774	33400849	75	75	211.00	263.00	235.21	230.00	17641.00
chr22	50671744	50671955	211	211	70.00	111.00	90.30	91.00	19053.00
chr1	21190968	21191205	237	237	277.00	463.00	376.80	383.00	89301.00
chr5	14481649	14481727	78	78	208.00	246.00	224.54	224.00	17514.00
chr15	101605556	101606410	854	854	28.00	82.00	53.14	52.50	45383.00
chr17	80040402	80040554	152	152	446.00	649.00	535.31	498.00	81367.00
chr2	132269293	132270897	1604	1604	16.00	107.00	60.11	62.00	96414.00
chr11	1778553	1778786	233	233	1231.00	2071.00	1661.17	1705.00	387053.00
chr11	1469616	1469808	192	192	18.00	33.00	24.80	25.00	4762.00
chr12	120138549	120138630	81	81	263.00	308.00	284.75	284.00	23065.00
chr7	901016	901101	85	85	209.00	309.00	267.45	278.00	22733.00
chr19	13372263	13372424	161	161	168.00	250.00	209.43	211.00	33719.00
chr17	40843154	40843311	157	157	458.00	684.00	574.51	586.00	90198.00
chr17	80039476	80039719	243	243	411.00	722.00	550.86	544.00	133858.00
chr17	16681109	16687365	6256	6256	5.00	125.00	47.73	45.00	298573.00
chr1	116935475	116935610	135	135	2524.00	3450.00	2970.43	2928.00	401008.00
chr6	128294808	128294972	164	164	103.00	254.00	199.79	210.00	32766.00
chr5	109189927	109190617	690	690	5.00	22.00	11.57	10.50	7984.00
chr15	40757533	40757634	101	101	42.00	137.00	116.98	123.00	11815.00
chr2	220164706	220164981	275	275	729.00	1624.00	1169.06	1099.00	321492.00
chr3	164905164	164908639	3475	3475	8.00	143.00	62.20	59.00	216129.00
chr11	60699157	60699356	199	199	124.00	757.00	477.45	426.00	95012.00
chr2	96680301	96680717	416	416	3.00	29.00	13.14	10.00	5467.00
chr17	40845314	40845554	240	240	448.00	714.00	552.08	521.00	132498.00
chr12	125264513	125265391	878	878	13.00	93.00	41.56	41.00	36489.00
chr1	156623704	156624158	454	454	13.00	35.00	27.26	28.00	12376.00
chr6	108370456	108370622	166	166	84.00	145.00	105.24	102.00	17470.00
chr11	19180486	19180587	101	101	26.00	40.00	32.35	32.00	3267.00
chr19	42489069	42489338	269	269	1065.00	2729.00	2076.65	2258.00	558619.00
chr2	198274493	198274731	238	238	242.00	340.00	285.38	279.00	67920.00
chr6	47220991	47221257	266	266	188.00	317.00	234.52	217.00	62383.00
chr19	40872679	40872822	143	143	2149.00	3622.00	2975.66	3016.00	425519.00
chr19	54693278	54693627	349	349	20.00	211.00	104.86	93.00	36595.00
chr12	81929	82174	245	245	34.00	91.00	68.18	72.00	16704.00
chr21	45513943	45514114	171	171	114.00	157.00	139.89	143.00	23921.00
chr3	124201630	124201747	117	117	7.00	705.00	504.26	617.00	58998.00
chr17	79805118	79805223	105	105	388.00	481.00	428.08	423.00	44948.00
chr20	46307419	46307548	129	129	91.00	133.00	103.54	102.00	13357.00
chr17	38187790	38187873	83	83	154.00	207.00	177.93	174.00	14768.00
chr2	207452814	207452878	64	64	424.00	501.00	470.91	473.00	30138.00
chr17	45695715	45695823	108	108	464.00	515.00	488.18	486.00	52723.00
chr7	44283023	44283126	103	103	794.00	1190.00	1023.61	1007.00	105432.00
chr20	62274975	62275284	309	309	7.00	3125.00	1474.04	1902.00	455477.00
chr11	108202605	108202764	159	159	47.00	67.00	56.78	57.00	9028.00
chr9	140051314	140051489	175	175	882.00	1507.00	1165.09	1101.00	203890.00
chr22	45574118	45574781	663	663	73.00	175.00	113.54	112.00	75280.00
chr15	79312382	79312446	64	64	302.00	341.00	317.16	318.00	20298.00
chr1	21940120	21940199	79	79	891.00	1017.00	952.01	951.00	75209.00
chr17	3775847	3775921	74	74	536.00	781.00	681.12	705.50	50403.00
chr7	73133931	73134019	88	88	15.00	2260.00	769.53	598.00	67719.00
chr11	72292920	72292991	71	71	500.00	670.00	593.25	600.00	42121.00
chr7	43547616	43547730	114	114	153.00	207.00	184.88	187.00	21076.00
chr16	58713760	58714145	385	385	39.00	81.00	56.89	52.00	21903.00
chr22	21083600	21083794	194	194	1165.00	1729.00	1447.74	1456.50	280861.00
chr11	66457275	66457414	139	139	590.00	828.00	714.04	721.00	99251.00
chr15	91561034	91561115	81	81	51.00	72.00	59.93	60.00	4854.00
chr11	2968525	2969001	476	476	10.00	31.00	19.72	20.00	9389.00
chr19	34869838	34869910	72	72	2088.00	2483.00	2254.96	2257.50	162357.00
chr9	121970996	121971219	223	223	298.00	387.00	342.35	340.00	76344.00
chr3	47449772	47449980	208	208	18.00	166.00	104.16	130.00	21665.00
chr12	57601820	57601999	179	179	423.00	980.00	698.29	643.00	124994.00
chr16	2345590	2345741	151	151	318.00	445.00	386.57	389.00	58372.00
chr12	50471782	50471910	128	128	106.00	208.00	154.16	152.00	19732.00
chr1	109814221	109814344	123	123	375.00	572.00	508.08	526.00	62494.00
chr19	16942304	16942458	154	154	143.00	231.00	196.10	207.00	30200.00
chr11	66333301	66333398	97	97	496.00	660.00	566.85	567.00	54984.00
chr5	74026084	74026223	139	139	106.00	139.00	123.40	124.00	17152.00
chr5	68417520	68417722	202	202	59.00	107.00	84.94	89.00	17157.00
chr19	15272262	15272525	263	263	24.00	71.00	44.61	37.00	11732.00
chr3	45872404	45872482	78	78	196.00	222.00	209.51	209.50	16342.00
chr7	73123374	73123452	78	78	2282.00	2959.00	2707.92	2787.00	211218.00
chr5	14498197	14498360	163	163	238.00	345.00	295.90	294.00	48232.00
chr14	93180167	93180230	63	63	189.00	268.00	226.68	216.00	14281.00
chr9	130984739	130984875	136	136	3116.00	5383.00	4100.46	3753.00	557663.00
chr13	31216764	31216894	130	130	27.00	54.00	43.86	47.00	5702.00
chr12	112614399	112614506	107	107	162.00	363.00	321.70	322.00	34422.00
chr12	57602865	57602982	117	117	563.00	855.00	676.78	650.00	79183.00
chr14	72976861	72976987	126	126	92.00	153.00	119.78	106.50	15092.00
chr1	155209406	155209553	147	147	147.00	233.00	174.01	159.00	25580.00
chr10	49633930	49634113	183	183	170.00	210.00	191.33	194.00	35013.00
chr16	84100093	84100218	125	125	193.00	262.00	223.87	225.00	27984.00
chr1	155207924	155208097	173	173	175.00	260.00	202.82	201.00	35087.00
chr12	2786898	2787033	135	135	28.00	90.00	58.90	59.00	7951.00
chr2	233755457	233756197	740	740	21.00	1226.00	258.93	83.00	191607.00
chr14	60631894	60632099	205	205	92.00	251.00	195.38	216.00	40052.00
chr1	11151549	11151654	105	105	122.00	155.00	140.26	142.00	14727.00
chr4	134076071	134076178	107	107	295.00	436.00	394.49	401.00	42210.00
chr15	91420364	91420441	77	77	238.00	288.00	260.30	261.00	20043.00
chr5	114961533	114961755	222	222	11.00	96.00	64.19	70.00	14251.00
chr16	1814047	1814211	164	164	17.00	882.00	415.93	593.00	68212.00
chr18	44250463	44252581	2118	2118	21.00	276.00	133.66	129.00	283099.00
chr6	158049380	158049518	138	138	74.00	109.00	94.75	95.50	13076.00
chr19	7675585	7675679	94	94	75.00	101.00	90.06	92.00	8466.00
chr13	99461604	99461719	115	115	10.00	343.00	260.95	258.00	30009.00
chr11	130010829	130011467	638	638	4.00	2422.00	259.84	20.00	165775.00
chr11	107526658	107526792	134	134	481.00	671.00	577.80	572.00	77425.00
chr16	1391294	1391490	196	196	267.00	430.00	324.32	311.50	63567.00
chr1	38182716	38184158	1442	1442	5.00	123.00	66.65	67.00	96112.00
chr5	179231023	179231323	300	300	10.00	33.00	22.20	21.00	6661.00
chr14	69814593	69814719	126	126	146.00	189.00	174.26	176.00	21957.00
chr14	69349174	69349309	135	135	262.00	424.00	335.24	330.00	45258.00
chr19	7614792	7614998	206	206	228.00	314.00	279.41	279.50	57559.00
chr1	228270375	228270466	91	91	6.00	2132.00	670.81	302.00	61044.00
chr1	38186022	38186315	293	293	7.00	70.00	37.70	43.00	11045.00
chr13	77641715	77641999	284	284	421.00	597.00	496.73	484.00	141071.00
chr14	100157417	100157498	81	81	188.00	373.00	258.80	231.00	20963.00
chr13	32978280	32979333	1053	1053	12.00	91.00	44.04	41.00	46377.00
chr12	7301567	7301794	227	227	850.00	1177.00	1034.46	1047.00	234823.00
chr9	123583116	123583257	141	141	53.00	77.00	63.62	65.00	8971.00
chr17	26883183	26883284	101	101	96.00	203.00	140.32	130.00	14172.00
chr12	6972993	6973137	144	144	323.00	452.00	377.99	371.00	54431.00
chr20	34322310	34322637	327	327	5.00	14.00	9.59	10.00	3135.00
chr19	7606407	7606570	163	163	129.00	260.00	181.95	179.00	29658.00
chr16	2333186	2333373	187	187	5.00	505.00	365.70	433.00	68385.00
chr12	113825548	113825711	163	163	141.00	373.00	235.99	214.00	38466.00
chr7	4802013	4807749	5736	5736	12.00	207.00	85.36	80.00	489599.00
chr1	43394880	43394985	105	105	257.00	358.00	308.79	314.00	32423.00
chr19	4554399	4554488	89	89	440.00	684.00	582.48	628.00	51841.00
chr16	31719139	31719372	233	233	8.00	19.00	14.35	15.00	3344.00
chr5	134060669	134061744	1075	1075	12.00	40.00	25.25	25.00	27139.00
chr1	202936318	202936371	53	53	13.00	179.00	100.64	140.00	5334.00
chr2	220087366	220087615	249	249	278.00	369.00	313.45	308.00	78049.00
chr2	36764494	36764689	195	195	115.00	177.00	148.88	147.00	29032.00
chr7	43519208	43519343	135	135	188.00	314.00	260.81	262.00	35209.00
chr10	51249585	51249993	408	408	9.00	52.00	27.34	28.00	11156.00
chr6	32123647	32123755	108	108	141.00	196.00	165.35	165.00	17858.00
chr3	118624442	118624692	250	250	3.00	75.00	34.58	9.00	8646.00
chr1	190129797	190130020	223	223	51.00	91.00	68.97	66.00	15380.00
chr9	131004491	131004624	133	133	17.00	4004.00	3269.56	3811.00	434851.00
chr22	33679187	33679334	147	147	329.00	380.00	355.33	356.00	52234.00
chr15	74709931	74710016	85	85	238.00	415.00	297.65	261.00	25300.00
chr7	6470110	6470238	128	128	36.00	55.00	47.50	48.50	6080.00
chr1	6640600	6641359	759	759	12.00	66.00	36.39	34.00	27623.00
chr16	31510622	31510728	106	106	214.00	277.00	239.92	241.50	25432.00
chr4	103710287	103711803	1516	1516	12.00	43.00	24.23	23.50	36730.00
chr19	2862339	2862746	407	407	6.00	28.00	19.90	20.00	8099.00
chr2	15467873	15467994	121	121	66.00	103.00	80.79	81.00	9775.00
chr2	36780721	36781492	771	771	11.00	39.00	24.09	24.00	18570.00
chr10	81070680	81070941	261	261	46.00	135.00	72.38	57.00	18890.00
chr2	217234866	217235986	1120	1120	34.00	110.00	65.47	61.00	73327.00
chr10	93786348	93786508	160	160	77.00	118.00	94.96	92.00	15193.00
chr17	20268785	20269076	291	291	4.00	18.00	8.95	8.00	2603.00
chr9	131002006	131002062	56	56	8.00	4500.00	3889.73	4160.50	217825.00
chr1	155208307	155208441	134	134	248.00	313.00	279.54	278.00	37459.00
chr2	162833877	162834373	496	496	6.00	735.00	65.95	12.00	32709.00
chr9	35799614	35799728	114	114	44.00	62.00	53.04	53.00	6046.00
chr20	62517856	62519234	1378	1378	19.00	208.00	68.38	66.00	94225.00
chr22	35942847	35943127	280	280	70.00	299.00	205.02	217.00	57405.00
chr13	26436438	26436546	108	108	87.00	135.00	110.62	115.50	11947.00
chr14	69371371	69371453	82	82	268.00	436.00	351.93	329.00	28858.00
chr7	44031274	44031581	307	307	2.00	14.00	8.07	7.00	2478.00
chr11	12274988	12275291	303	303	18.00	111.00	61.43	60.00	18614.00
chr5	1334403	1334498	95	95	166.00	212.00	187.81	185.00	17842.00
chr19	34868639	34868786	147	147	2425.00	3324.00	2777.88	2744.00	408349.00
chr16	1815960	1816143	183	183	506.00	766.00	601.74	590.00	110119.00
chr10	73578787	73578868	81	81	4082.00	5157.00	4534.38	4483.00	367285.00
chr17	37420427	37420640	213	213	40.00	65.00	55.21	56.00	11760.00
chr5	60835422	60835586	164	164	38.00	68.00	55.27	56.00	9064.00
chr15	79296143	79296517	374	374	373.00	649.00	481.13	483.00	179943.00
chr19	13039568	13039661	93	93	619.00	1011.00	847.91	890.00	78856.00
chr12	49421585	49421713	128	128	155.00	243.00	201.05	197.00	25734.00
chr1	1661057	1662583	1526	1526	2.00	276.00	107.84	97.00	164564.00
chr2	207457340	207457460	120	120	521.00	678.00	606.54	607.50	72785.00
chr11	64542462	64543441	979	979	14.00	48.00	31.80	32.00	31130.00
chr20	61910250	61910347	97	97	162.00	232.00	193.19	189.00	18739.00
chr11	62394042	62394156	114	114	292.00	375.00	322.40	318.00	36754.00
chr5	37301538	37301652	114	114	21.00	37.00	28.54	27.00	3254.00
chr16	4733843	4733933	90	90	218.00	269.00	247.81	250.50	22303.00
chr15	43693913	43694048	135	135	70.00	93.00	82.01	82.00	11071.00
chr11	18764538	18764622	84	84	296.00	349.00	322.63	325.50	27101.00
chr17	57842331	57842499	168	168	193.00	248.00	213.50	208.50	35868.00
chr9	96076729	96078064	1335	1335	8.00	64.00	32.93	32.00	43961.00
chr11	12246219	12246367	148	148	518.00	675.00	585.15	583.50	86602.00
chr12	7030743	7031565	822	822	12.00	6147.00	1977.10	32.00	1625174.00
chr3	14523178	14523349	171	171	28.00	41.00	36.51	38.00	6244.00
chr5	758508	759483	975	975	8.00	49.00	26.76	26.00	26093.00
chr12	22635490	22635677	187	187	85.00	114.00	99.36	99.00	18581.00
chr5	14479369	14479459	90	90	213.00	248.00	227.06	225.00	20435.00
chr6	143655214	143656079	865	865	3.00	21.00	10.47	10.00	9054.00
chr7	75508360	75508578	218	218	37.00	1302.00	881.46	1100.00	192159.00
chr11	60697981	60698131	150	150	284.00	429.00	329.99	311.00	49498.00
chr1	151400598	151400889	291	291	159.00	355.00	253.35	273.00	73725.00
chr5	172196431	172197309	878	878	28.00	542.00	171.30	79.00	150399.00
chr3	49152660	49152794	134	134	107.00	139.00	120.29	119.00	16119.00
chr7	5518281	5519950	1669	1669	29.00	166.00	95.14	93.00	158796.00
chr17	16691106	16691449	343	343	8.00	103.00	56.30	81.00	19312.00
chr2	220086993	220087172	179	179	264.00	350.00	304.92	302.00	54580.00
chr10	51746916	51748006	1090	1090	0.00	108.00	42.89	38.00	46750.00
chr12	7302118	7302289	171	171	1063.00	1281.00	1186.63	1191.00	202914.00
chr11	59562844	59562955	111	111	30.00	77.00	55.04	62.00	6109.00
chr12	6100984	6101184	200	200	37.00	91.00	57.29	50.00	11458.00
chr19	5683274	5683627	353	353	8.00	43.00	26.41	28.00	9321.00
chr12	2786259	2786387	128	128	35.00	77.00	55.88	60.00	7152.00
chr15	26812727	26812880	153	153	399.00	703.00	481.69	462.00	73698.00
chr1	149007980	149008798	818	818	1.00	28.00	9.41	6.00	7697.00
chr19	54965608	54965861	253	253	80.00	348.00	189.96	177.00	48059.00
chr8	27293259	27293310	51	51	405.00	559.00	479.65	478.00	24462.00
chr15	23014437	23014528	91	91	132.00	242.00	186.31	181.00	16954.00
chr1	111717500	111717585	85	85	90.00	152.00	122.13	123.00	10381.00
chr6	150157220	150157433	213	213	292.00	393.00	351.68	351.00	74907.00
chr13	114566547	114566670	123	123	56.00	140.00	101.03	97.00	12427.00
chr16	58539291	58539605	314	314	9.00	53.00	31.61	31.00	9924.00
chr1	21936612	21936768	156	156	450.00	1697.00	977.72	988.50	152524.00
chr1	17322880	17322991	111	111	375.00	656.00	518.93	574.00	57601.00
chr11	60699455	60699599	144	144	499.00	779.00	598.47	552.50	86179.00
chr5	6749669	6749770	101	101	77.00	103.00	87.67	84.00	8855.00
chr16	2156805	2156949	144	144	308.00	385.00	348.44	349.00	50175.00
chr15	34690834	34690930	96	96	158.00	267.00	225.11	225.00	21611.00
chr3	11074933	11075425	492	492	11.00	662.00	131.16	21.00	64529.00
chr5	74655222	74655381	159	159	225.00	365.00	274.05	259.00	43574.00
chr20	20022968	20023160	192	192	66.00	142.00	95.09	87.00	18258.00
chr2	39055481	39055578	97	97	32.00	47.00	38.35	38.00	3720.00
chr19	16793231	16793528	297	297	11.00	419.00	124.59	25.00	37002.00
chr2	219205450	219205509	59	59	158.00	192.00	176.41	180.00	10408.00
chr17	74087429	74087729	300	300	10.00	68.00	46.02	45.00	13806.00
chr3	184058150	184060036	1886	1886	15.00	973.00	168.68	56.00	318127.00
chr6	90333128	90333263	135	135	101.00	130.00	116.51	117.00	15729.00
chr12	125267019	125267429	410	410	29.00	62.00	41.56	39.00	17041.00
chr1	207942580	207943104	524	524	15.00	101.00	58.43	55.00	30617.00
chr4	89356876	89357043	167	167	56.00	78.00	68.11	68.00	11375.00
chr7	101995498	101995736	238	238	13.00	47.00	23.23	19.00	5529.00
chr3	11067458	11067562	104	104	636.00	854.00	750.34	754.00	78035.00
chr5	95734582	95734740	158	158	266.00	327.00	296.01	298.00	46769.00
chr6	152529106	152529341	235	235	187.00	317.00	249.42	242.00	58613.00
chr5	102295578	102295763	185	185	220.00	339.00	291.06	299.00	53847.00
chr22	21072980	21073110	130	130	1259.00	1948.00	1572.94	1649.00	204482.00
chr12	121855306	121855714	408	408	115.00	268.00	153.03	144.00	62438.00
chr1	160326389	160326544	155	155	114.00	244.00	180.70	176.00	28009.00
chr11	60670930	60671007	77	77	512.00	637.00	578.86	582.00	44572.00
chr17	79804822	79804948	126	126	409.00	669.00	551.25	560.00	69457.00
chr16	18527204	18527332	128	128	930.00	1202.00	1075.44	1086.50	137656.00
chr16	16372518	16372646	128	128	964.00	1254.00	1117.80	1131.00	143078.00
chr2	32750530	32750695	165	165	49.00	75.00	61.47	61.00	10142.00
chr14	69369193	69369279	86	86	379.00	547.00	452.57	450.50	38921.00
chr7	66418212	66418356	144	144	160.00	279.00	231.85	232.00	33386.00
chr6	44107988	44108097	109	109	198.00	283.00	243.05	242.00	26492.00
chr7	70885893	70886091	198	198	477.00	1155.00	737.54	632.00	146033.00
chr8	27295281	27295397	116	116	494.00	623.00	553.91	558.50	64254.00
chr7	73122918	73123018	100	100	2017.00	2487.00	2201.56	2184.50	220156.00
chr15	34698874	34699071	197	197	191.00	327.00	249.47	251.00	49146.00
chr8	22009343	22009513	170	170	315.00	750.00	482.54	473.50	82031.00
chr7	1526557	1526737	180	180	96.00	218.00	163.73	177.50	29472.00
chr5	178053946	178054065	119	119	13.00	263.00	133.12	119.00	15841.00
chr12	6103027	6103369	342	342	39.00	93.00	55.73	51.00	19061.00
chr2	3479491	3480482	991	991	17.00	59.00	31.59	29.00	31308.00
chr3	33883388	33883566	178	178	161.00	228.00	192.56	193.50	34276.00
chr19	11019778	11019883	105	105	219.00	301.00	264.75	278.00	27799.00
chr7	98446205	98446318	113	113	1668.00	3630.00	2720.93	2624.00	307465.00
chr8	106813274	106813932	658	658	30.00	74.00	49.12	49.00	32321.00
chr2	223795338	223795530	192	192	429.00	709.00	523.99	489.00	100607.00
chr7	75511146	75511554	408	408	665.00	1523.00	1122.88	1191.00	458137.00
chr21	40184926	40185038	112	112	217.00	397.00	328.21	361.50	36760.00
chr19	53383575	53385236	1661	1661	8.00	62.00	34.57	35.00	57424.00
chr19	14208130	14208295	165	165	12.00	627.00	408.85	521.00	67461.00
chr15	91461013	91461618	605	605	28.00	525.00	174.69	49.00	105686.00
chr8	145278010	145278133	123	123	74.00	95.00	84.63	85.00	10410.00
chr16	28132990	28133083	93	93	211.00	315.00	256.63	258.00	23867.00
chr11	125280091	125280221	130	130	140.00	190.00	162.10	160.00	21073.00
chr15	63128089	63128317	228	228	79.00	331.00	231.35	257.00	52748.00
chr9	131181435	131181557	122	122	9.00	1290.00	1059.89	1105.00	129307.00
chr19	3281196	3281343	147	147	437.00	603.00	509.18	500.00	74850.00
chr11	6240200	6240280	80	80	70.00	96.00	86.45	87.00	6916.00
chr20	31019123	31019287	164	164	67.00	89.00	76.39	76.00	12528.00
chr6	46825865	46827260	1395	1395	46.00	120.00	73.70	70.00	102809.00
chr12	1672006	1672666	660	660	13.00	92.00	40.24	33.00	26558.00
chr12	9098824	9099001	177	177	249.00	339.00	292.01	291.00	51686.00
chr7	121738503	121738630	127	127	30.00	41.00	35.21	35.00	4472.00
chr19	40875814	40875935	121	121	1332.00	1713.00	1527.80	1534.00	184864.00
chr20	3581592	3581671	79	79	134.00	231.00	192.91	205.00	15240.00
chr17	7226965	7227042	77	77	111.00	139.00	126.79	127.00	9763.00
chr2	74331800	74332809	1009	1009	13.00	81.00	36.79	32.00	37124.00
chr1	209785136	209785610	474	474	7.00	295.00	212.77	231.00	100854.00
chr9	35546426	35548532	2106	2106	163.00	488.00	311.60	310.00	656238.00
chr17	80040198	80040290	92	92	474.00	572.00	527.77	524.00	48555.00
chr11	73074791	73075284	493	493	15.00	295.00	99.08	29.00	48845.00
chr20	44674976	44675075	99	99	551.00	704.00	651.14	657.00	64463.00
chr20	5892091	5892328	237	237	62.00	623.00	384.88	467.00	91216.00
chr17	20316581	20317594	1013	1013	5.00	40.00	17.98	15.00	18212.00
chr12	99478702	99478801	99	99	274.00	324.00	302.02	302.00	29900.00
chr17	40842756	40842960	204	204	586.00	1015.00	808.85	786.50	165006.00
chr11	107501142	107501288	146	146	352.00	458.00	412.97	417.50	60293.00
chr11	85429236	85429532	296	296	6.00	51.00	19.37	17.00	5734.00
chr20	9449217	9449319	102	102	50.00	67.00	59.08	59.00	6026.00
chr14	23371395	23371591	196	196	154.00	244.00	198.22	200.00	38852.00
chr7	716865	716957	92	92	2476.00	3489.00	3190.27	3198.00	293505.00
chr10	48862360	48862682	322	322	12.00	435.00	245.37	301.00	79010.00
chr10	68686678	68688210	1532	1532	55.00	172.00	96.72	92.50	148174.00
chr5	179674854	179674926	72	72	403.00	489.00	449.24	463.00	32345.00
chr1	209773327	209773456	129	129	300.00	398.00	361.57	371.00	46643.00
chr17	45691034	45691091	57	57	430.00	521.00	472.63	467.00	26940.00
chr1	19669871	19670118	247	247	22.00	47.00	36.04	37.00	8903.00
chr17	45664025	45664710	685	685	10.00	514.00	111.83	64.00	76605.00
chr19	2337634	2338840	1206	1206	18.00	87.00	37.61	35.00	45357.00
chr8	22011480	22011552	72	72	597.00	758.00	685.82	705.00	49379.00
