#chrom	start	end	size	num_data	min	max	mean	median	sum
chr12	1940100	1940691	591	591	26.00	62.00	39.36	39.00	23259.00
chr1	27480473	27481381	908	908	22.00	47.00	33.06	34.00	30016.00
chr15	63112684	63112809	125	125	172.00	242.00	215.14	217.00	26892.00
chr5	149231737	149232254	517	517	4.00	19.00	9.46	8.00	4891.00
chr5	140865429	140867182	1753	1753	13.00	69.00	33.94	33.00	59489.00
chr1	32209793	32209958	165	165	132.00	258.00	193.75	189.00	31969.00
chr16	87873307	87873431	124	124	102.00	168.00	139.84	145.00	17340.00
chr17	34157438	34158175	737	737	3.00	16.00	9.35	9.00	6888.00
chr2	127815619	127816088	469	469	6.00	45.00	25.46	31.00	11939.00
chr1	208212965	208213112	147	147	38.00	54.00	45.35	45.00	6667.00
chr22	19703883	19704666	783	783	5.00	52.00	25.37	24.00	19862.00
chr16	87872319	87872423	104	104	103.00	156.00	128.62	128.00	13376.00
chr9	140055740	140055868	128	128	915.00	1175.00	1076.52	1085.00	137794.00
chr22	21096515	21096643	128	128	351.00	490.00	401.63	402.00	51409.00
chr9	140056321	140056540	219	219	2.00	1399.00	854.88	992.00	187218.00
chr11	78379981	78380253	272	272	11.00	26.00	17.12	17.00	4657.00
chr3	11070420	11070533	113	113	381.00	468.00	425.54	428.00	48086.00
chr1	109812554	109813222	668	668	6.00	282.00	122.05	158.00	81528.00
chr2	220161954	220162155	201	201	427.00	682.00	589.02	589.00	118394.00
chr15	74706887	74707086	199	199	48.00	104.00	61.36	56.00	12211.00
chr17	7318829	7319426	597	597	123.00	304.00	190.08	189.00	113477.00
chr1	21560050	21560154	104	104	32.00	48.00	36.80	37.00	3827.00
chr1	25573799	25573952	153	153	3.00	214.00	133.08	153.00	20361.00
chr14	93198993	93199160	167	167	70.00	132.00	102.34	111.00	17090.00
chr1	205554003	205554119	116	116	101.00	162.00	134.87	140.00	15645.00
chr1	9795005	9795232	227	227	1087.00	1550.00	1340.78	1346.00	304357.00
chr17	42426525	42426670	145	145	46.00	88.00	67.03	66.00	9720.00
chr18	70205887	70206179	292	292	4.00	207.00	82.70	14.50	24147.00
chr1	205553082	205553251	169	169	159.00	200.00	177.35	175.00	29972.00
chr9	140056623	140056766	143	143	4.00	1133.00	737.57	836.00	105472.00
chr6	33412147	33412394	247	247	8.00	362.00	207.35	282.00	51215.00
chr12	89992366	89992547	181	181	6.00	359.00	275.11	314.00	49795.00
chr2	220088827	220089576	749	749	68.00	186.00	117.17	119.00	87757.00
chr14	100763073	100765222	2149	2149	6.00	65.00	34.35	35.00	73820.00
chr1	110740697	110742543	1846	1846	3.00	634.00	347.18	340.00	640888.00
chr1	149878201	149879758	1557	1557	13.00	1038.00	229.75	26.00	357726.00
chr3	197264139	197265259	1120	1120	3.00	25.00	13.14	14.00	14720.00
chr8	56449623	56450530	907	907	4.00	21.00	12.58	12.00	11406.00
chr9	139354208	139354326	118	118	28.00	55.00	37.61	35.00	4438.00
chr1	32204908	32205236	328	328	274.00	394.00	329.93	328.50	108218.00
chr7	75608768	75608897	129	129	60.00	96.00	76.09	74.00	9815.00
chr19	45161029	45161178	149	149	19.00	44.00	32.82	36.00	4890.00
chr19	5243911	5244493	582	582	58.00	160.00	103.30	103.00	60120.00
chr6	32119585	32119717	132	132	6.00	471.00	248.22	271.50	32765.00
chr3	42670878	42672067	1189	1189	1.00	20.00	9.51	10.00	11305.00
chr11	45892392	45892485	93	93	107.00	137.00	122.52	124.00	11394.00
chr17	80040789	80040991	202	202	314.00	442.00	371.46	369.00	75034.00
chr2	74902875	74903036	161	161	28.00	44.00	34.48	34.00	5552.00
chr17	38335969	38337946	1977	1977	1.00	164.00	22.75	16.00	44984.00
chr16	87870103	87870253	150	150	103.00	176.00	132.51	128.00	19877.00
chr1	32205947	32206142	195	195	244.00	386.00	317.98	321.00	62006.00
chr6	44117553	44117702	149	149	8.00	206.00	128.39	162.00	19130.00
chr1	159163659	159163830	171	171	673.00	837.00	750.06	746.00	128260.00
chr3	445565	446023	458	458	1.00	7.00	2.93	2.00	1343.00
chr2	25048913	25048995	82	82	74.00	92.00	84.22	85.50	6906.00
chr10	99504485	99504672	187	187	35.00	70.00	50.81	51.00	9502.00
chr4	54364807	54365010	203	203	42.00	83.00	63.82	61.00	12955.00
chr17	1634367	1634552	185	185	16.00	31.00	23.01	22.00	4257.00
chr7	72416124	72416247	123	123	62.00	117.00	83.11	75.00	10222.00
chr1	208212169	208212329	160	160	51.00	65.00	59.01	59.00	9441.00
chr9	140952500	140952702	202	202	46.00	64.00	54.93	56.00	11096.00
chr6	44197325	44197528	203	203	66.00	119.00	87.83	87.00	17830.00
chr6	44197643	44198218	575	575	22.00	84.00	48.49	42.00	27884.00
chr11	118981972	118982084	112	112	136.00	163.00	149.77	150.00	16774.00
chr5	150503846	150503952	106	106	5.00	1146.00	817.66	1024.00	86672.00
chr11	118981761	118981878	117	117	142.00	207.00	170.66	169.00	19967.00
chr11	126314873	126315000	127	127	53.00	71.00	61.83	62.00	7852.00
chr1	159165808	159166244	436	436	1.00	730.00	140.97	13.00	61462.00
chr7	134893542	134893750	208	208	17.00	32.00	25.70	26.00	5345.00
chr9	121976196	121976433	237	237	128.00	266.00	194.61	196.00	46122.00
chr19	54691042	54691169	127	127	174.00	300.00	229.90	221.00	29197.00
chr22	38621430	38621600	170	170	139.00	280.00	204.71	201.50	34800.00
chr13	42035681	42036205	524	524	0.00	10.00	5.17	5.00	2707.00
chr20	1915360	1915413	53	53	8.00	1092.00	719.40	883.00	38128.00
chr5	14496987	14497126	139	139	83.00	174.00	124.62	124.00	17322.00
chr12	56528125	56528212	87	87	71.00	95.00	83.20	84.00	7238.00
chr3	47466974	47467101	127	127	78.00	93.00	84.63	84.00	10748.00
chr17	7415476	7415663	187	187	90.00	139.00	110.70	107.00	20701.00
chr3	33588037	33589252	1215	1215	3.00	23.00	14.38	15.00	17469.00
chr7	887833	888615	782	782	11.00	56.00	23.72	18.00	18548.00
chr10	24813251	24813693	442	442	16.00	61.00	39.66	42.00	17530.00
chr1	109812045	109812213	168	168	129.00	295.00	203.00	184.00	34104.00
chr19	15276597	15276902	305	305	49.00	87.00	69.87	71.00	21309.00
chr16	2334779	2334999	220	220	133.00	197.00	166.02	166.00	36524.00
chr16	68404761	68405261	500	500	8.00	42.00	24.79	25.00	12395.00
chr4	110969111	110969871	760	760	14.00	48.00	26.54	24.00	20173.00
chr1	145693161	145693996	835	835	6.00	68.00	31.18	32.00	26032.00
chr7	44282848	44282932	84	84	413.00	540.00	488.65	498.50	41047.00
chr2	220164315	220164508	193	193	18.00	470.00	198.56	30.00	38323.00
chr12	50472203	50472360	157	157	70.00	86.00	78.74	79.00	12362.00
chr2	220163768	220163833	65	65	439.00	630.00	547.15	558.00	35565.00
chr2	222289928	222290862	934	934	84.00	157.00	118.94	119.00	111089.00
chr12	57599133	57599268	135	135	158.00	325.00	215.81	213.00	29135.00
chr7	157475416	157475629	213	213	238.00	369.00	298.00	279.00	63475.00
chr1	32203800	32203927	127	127	223.00	550.00	379.00	385.00	48133.00
chr1	109811731	109811912	181	181	178.00	321.00	244.36	251.00	44229.00
chr9	140052830	140052975	145	145	693.00	1792.00	1263.58	1364.00	183219.00
chr2	220161706	220161854	148	148	466.00	811.00	613.56	590.50	90807.00
chr16	29896906	29897070	164	164	280.00	448.00	384.32	394.00	63029.00
chr16	47143393	47143622	229	229	26.00	87.00	58.96	59.00	13501.00
chr11	993753	993985	232	232	172.00	284.00	237.93	245.00	55200.00
chr9	124059698	124061137	1439	1439	1.00	24.00	12.76	12.00	18363.00
chr9	140350140	140350634	494	494	8.00	40.00	26.97	30.00	13325.00
chr11	14504577	14504697	120	120	29.00	48.00	39.23	40.00	4708.00
chr3	49898612	49898733	121	121	377.00	568.00	479.26	481.00	57990.00
chr9	131811659	131811777	118	118	47.00	65.00	55.71	56.00	6574.00
chr9	131810705	131810818	113	113	50.00	64.00	57.73	59.00	6523.00
chr1	223400935	223401080	145	145	58.00	97.00	76.93	78.00	11155.00
chr12	125612185	125612820	635	635	7.00	124.00	30.40	16.00	19304.00
chr2	220088590	220088744	154	154	115.00	155.00	134.95	137.00	20782.00
chr9	70888487	70888750	263	263	2.00	19.00	13.24	13.00	3483.00
chr14	69813756	69813898	142	142	42.00	92.00	60.46	56.00	8585.00
chr2	47399145	47399890	745	745	5.00	205.00	30.46	29.00	22696.00
chr11	62688689	62689041	352	352	8.00	182.00	53.30	19.00	18761.00
chr6	43745205	43745407	202	202	6.00	61.00	52.58	54.00	10621.00
chr3	11072492	11072997	505	505	8.00	568.00	137.54	42.00	69457.00
chr7	2696031	2696168	137	137	162.00	250.00	217.18	222.00	29754.00
chr16	14969196	14969279	83	83	363.00	706.00	547.47	592.00	45440.00
chr17	7377847	7378026	179	179	6.00	13.00	9.41	10.00	1685.00
chr12	65639640	65639719	79	79	47.00	70.00	60.01	59.00	4741.00
chr12	50294912	50295108	196	196	1018.00	2331.00	1384.38	1253.00	271339.00
chr19	42485653	42485788	135	135	1133.00	2047.00	1641.35	1668.00	221582.00
chr10	99509230	99509343	113	113	69.00	109.00	87.18	82.00	9851.00
chr22	38883877	38888120	4243	4243	26.00	666.00	180.04	155.00	763900.00
chr12	49416372	49416658	286	286	62.00	105.00	83.24	81.00	23807.00
chr6	24843089	24843782	693	693	15.00	38.00	23.26	22.00	16122.00
chr5	176295561	176295665	104	104	152.00	216.00	172.12	166.00	17900.00
chr10	99510087	99510227	140	140	80.00	123.00	99.80	97.00	13972.00
chr1	159173658	159174770	1112	1112	7.00	63.00	20.78	16.00	23106.00
chr11	1780745	1780869	124	124	709.00	998.00	880.12	918.00	109135.00
chr19	42486059	42486258	199	199	1100.00	1975.00	1526.43	1529.00	303760.00
chr3	47465422	47465535	113	113	78.00	117.00	91.51	90.00	10341.00
chr1	21573713	21573856	143	143	35.00	53.00	43.69	44.00	6247.00
chr11	65320330	65320453	123	123	56.00	117.00	89.00	90.00	10947.00
chr3	47462420	47462519	99	99	121.00	152.00	137.11	136.00	13574.00
chr2	219204751	219204864	113	113	87.00	132.00	118.40	120.00	13379.00
chr1	43906123	43906257	134	134	15.00	30.00	20.31	19.50	2721.00
chr7	38785158	38785840	682	682	9.00	196.00	30.13	17.00	20549.00
chr2	153499932	153500058	126	126	48.00	84.00	68.28	70.50	8603.00
chr1	32203011	32203132	121	121	8.00	480.00	358.37	410.00	43363.00
chr22	42290823	42290941	118	118	307.00	506.00	431.66	438.50	50936.00
chr19	47940718	47940818	100	100	183.00	362.00	286.44	284.00	28644.00
chr4	119539150	119539274	124	124	7.00	22.00	13.94	14.00	1729.00
chr17	44117067	44117250	183	183	37.00	67.00	49.34	49.00	9030.00
chr19	42485873	42485983	110	110	1028.00	1434.00	1217.51	1179.00	133926.00
chr6	44114583	44114664	81	81	55.00	92.00	74.53	77.00	6037.00
chr19	47941105	47941292	187	187	6.00	376.00	218.92	310.00	40938.00
chr11	73074250	73074500	250	250	124.00	165.00	147.18	147.00	36795.00
chr3	33418764	33418825	61	61	139.00	178.00	156.43	160.00	9542.00
chr1	700258	700505	247	247	2.00	17.00	9.90	10.00	2446.00
chr9	74319510	74319719	209	209	9.00	29.00	19.95	21.00	4169.00
chr16	2336694	2336968	274	274	99.00	314.00	199.19	204.00	54578.00
chr20	3575125	3575219	94	94	64.00	93.00	72.15	72.00	6782.00
chr9	139231377	139231529	152	152	33.00	64.00	51.51	55.00	7829.00
chr5	140515951	140516498	547	547	6.00	26.00	15.91	17.00	8704.00
chr1	21938208	21938309	101	101	309.00	395.00	346.86	346.00	35033.00
chr3	155659188	155659936	748	748	5.00	83.00	48.81	54.00	36512.00
chr16	27483068	27483241	173	173	55.00	96.00	74.96	77.00	12968.00
chr11	994071	994245	174	174	97.00	187.00	159.38	172.00	27732.00
chr7	71175745	71175913	168	168	221.00	365.00	304.31	322.00	51124.00
chr12	121204065	121204175	110	110	87.00	125.00	109.72	113.50	12069.00
chr7	73118679	73118753	74	74	618.00	720.00	663.14	657.00	49072.00
chr9	140972565	140972710	145	145	43.00	66.00	52.64	53.00	7633.00
chr12	121683329	121684024	695	695	6.00	21.00	11.61	11.00	8069.00
chr16	74493579	74493687	108	108	82.00	114.00	95.54	91.00	10318.00
chr2	36771518	36771641	123	123	57.00	82.00	69.48	70.00	8546.00
chr7	94187181	94187996	815	815	2.00	14.00	9.51	10.00	7748.00
chr14	94156951	94157239	288	288	2.00	11.00	7.77	8.00	2239.00
chr7	121739000	121739524	524	524	5.00	19.00	11.58	11.00	6068.00
chr1	19549117	19549328	211	211	55.00	92.00	68.64	67.00	14484.00
chr19	5214571	5214747	176	176	136.00	308.00	185.72	181.50	32686.00
chr19	42557753	42557861	108	108	96.00	139.00	115.56	114.50	12480.00
chr15	102510686	102510925	239	239	1.00	74.00	40.08	41.00	9579.00
chr5	167673761	167675376	1615	1615	21.00	72.00	42.55	41.00	68717.00
chr7	44282158	44282253	95	95	411.00	541.00	454.53	429.00	43180.00
chr2	160621061	160621717	656	656	3.00	88.00	16.10	11.00	10564.00
chr5	10426501	10426634	133	133	103.00	201.00	157.38	167.00	20931.00
chr16	1814301	1814460	159	159	305.00	501.00	404.04	409.00	64243.00
chr11	21581734	21581928	194	194	54.00	98.00	73.25	73.00	14210.00
chr3	126749085	126749255	170	170	98.00	153.00	113.77	113.00	19341.00
chr11	12237765	12237866	101	101	184.00	246.00	218.94	219.00	22113.00
chr6	31750872	31750963	91	91	60.00	88.00	75.65	75.00	6884.00
chr3	53124201	53124398	197	197	9.00	25.00	17.60	19.00	3468.00
chr2	220161470	220161544	74	74	699.00	846.00	782.77	791.50	57925.00
chr2	128951046	128951785	739	739	5.00	54.00	29.94	30.00	22123.00
chr5	24535811	24535931	120	120	42.00	65.00	54.91	55.00	6589.00
chr1	44083406	44083582	176	176	134.00	215.00	172.02	175.50	30275.00
chr1	32207653	32207818	165	165	184.00	344.00	232.17	215.00	38308.00
chr12	7293754	7294000	246	246	8.00	586.00	337.04	479.00	82911.00
chr3	131442289	131442469	180	180	62.00	91.00	76.24	77.50	13724.00
chr3	49898871	49899298	427	427	28.00	636.00	264.09	341.00	112768.00
chr16	66432358	66432464	106	106	25.00	34.00	28.71	28.00	3043.00
chr1	20982593	20982680	87	87	171.00	255.00	210.41	196.00	18306.00
chr16	68398653	68398809	156	156	29.00	39.00	35.45	36.00	5530.00
chr17	16676818	16678279	1461	1461	1.00	17.00	6.61	6.00	9655.00
chr1	109814899	109815027	128	128	200.00	260.00	230.22	232.00	29468.00
chr1	21940478	21940582	104	104	365.00	460.00	421.46	433.00	43832.00
chr20	57468284	57468793	509	509	4.00	19.00	10.65	10.00	5423.00
chr3	127358087	127358366	279	279	124.00	284.00	216.38	217.00	60371.00
chr3	126735359	126735527	168	168	60.00	79.00	70.23	71.00	11799.00
chr10	103869140	103869264	124	124	210.00	287.00	237.76	229.50	29482.00
chr20	44520554	44520666	112	112	111.00	182.00	140.40	127.50	15725.00
chr1	32203252	32203356	104	104	242.00	406.00	327.94	346.50	34106.00
chr21	40186196	40186316	120	120	126.00	173.00	146.64	143.50	17597.00
chr5	111067153	111068349	1196	1196	7.00	35.00	20.91	19.00	25008.00
chr9	128002954	128003186	232	232	145.00	279.00	217.63	224.00	50491.00
chr1	43408896	43408992	96	96	160.00	227.00	192.48	191.00	18478.00
chr3	47463931	47464026	95	95	124.00	153.00	140.82	141.00	13378.00
chr2	220161160	220161238	78	78	679.00	782.00	723.65	711.50	56445.00
chr11	62472772	62473089	317	317	684.00	1376.00	993.09	1002.00	314809.00
chr9	130986341	130986906	565	565	1.00	431.00	102.96	11.00	58174.00
chr14	69358769	69359000	231	231	107.00	156.00	131.66	130.00	30413.00
chr11	64416205	64416379	174	174	80.00	154.00	124.97	133.00	21745.00
chr17	8398454	8398559	105	105	172.00	269.00	235.62	244.00	24740.00
chr12	53572943	53574193	1250	1250	5.00	42.00	21.43	21.00	26790.00
chr17	17696544	17701827	5283	5283	15.00	170.00	55.53	53.00	293341.00
chr8	11705187	11705331	144	144	762.00	967.00	886.65	898.50	127677.00
chr19	54963829	54963931	102	102	164.00	206.00	189.46	193.00	19325.00
chr2	70451682	70456295	4613	4613	0.00	79.00	20.21	19.00	93209.00
chr11	118873959	118874169	210	210	7.00	15.00	11.96	12.00	2511.00
chr10	75548427	75548581	154	154	26.00	45.00	33.60	32.00	5175.00
chr6	33414351	33414563	212	212	174.00	343.00	294.31	318.50	62394.00
chr17	80042910	80043032	122	122	159.00	194.00	175.63	174.00	21427.00
chr11	11470290	11470483	193	193	34.00	53.00	43.13	43.00	8324.00
chr8	23294446	23294771	325	325	59.00	106.00	81.95	82.00	26633.00
chr1	116932060	116932663	603	603	5.00	1347.00	459.59	15.00	277131.00
chr15	83222627	83222741	114	114	39.00	52.00	45.38	46.00	5173.00
chr3	9841562	9841751	189	189	11.00	27.00	18.02	16.00	3405.00
chr1	116937731	116937907	176	176	830.00	1721.00	1086.67	988.00	191254.00
chr16	87868019	87868197	178	178	112.00	150.00	129.17	129.00	22992.00
chr3	124209540	124209731	191	191	240.00	364.00	303.96	317.00	58057.00
chr7	71142195	71142291	96	96	275.00	374.00	318.91	317.00	30615.00
chr5	130497324	130497584	260	260	8.00	17.00	12.24	12.00	3183.00
chr13	100199238	100199358	120	120	169.00	239.00	194.48	192.00	23338.00
chr5	139943336	139943506	170	170	10.00	154.00	124.81	124.50	21217.00
chr17	74395529	74396002	473	473	38.00	102.00	75.63	78.00	35773.00
chr14	93179149	93179216	67	67	96.00	114.00	103.85	104.00	6958.00
chr4	160277004	160277310	306	306	31.00	218.00	116.07	121.00	35516.00
chr17	40666306	40666478	172	172	440.00	791.00	620.85	609.50	106786.00
chr15	34828065	34828207	142	142	6.00	96.00	59.33	59.00	8425.00
chr14	100165802	100165876	74	74	243.00	314.00	288.82	301.00	21373.00
chr22	20128089	20128231	142	142	23.00	133.00	80.31	103.00	11404.00
chr12	3392210	3394421	2211	2211	8.00	107.00	41.88	40.00	92593.00
chr17	16687866	16690667	2801	2801	0.00	41.00	7.76	6.00	21739.00
chr6	31664724	31664810	86	86	72.00	103.00	86.42	87.00	7432.00
chr6	30627512	30627611	99	99	28.00	46.00	39.44	40.00	3905.00
chr11	18752834	18755060	2226	2226	2.00	549.00	60.23	27.00	134081.00
chr12	109332602	109332731	129	129	221.00	310.00	272.84	283.00	35197.00
chr6	90072884	90073110	226	226	5.00	11.00	8.42	9.00	1902.00
chr16	2689371	2689711	340	340	0.00	1.00	0.25	0.00	86.00
chr1	20987373	20987484	111	111	163.00	225.00	187.13	183.00	20771.00
chr14	85985300	85986667	1367	1367	1.00	17.00	7.91	8.00	10819.00
chr13	32863769	32863880	111	111	70.00	95.00	80.50	80.00	8936.00
chr16	1510418	1510528	110	110	65.00	92.00	73.42	73.00	8076.00
chr19	54963269	54963444	175	175	197.00	278.00	221.67	221.00	38792.00
chr6	44224078	44224233	155	155	36.00	59.00	48.91	51.00	7581.00
chr20	3151172	3152285	1113	1113	8.00	33.00	19.74	20.00	21973.00
chr1	892273	892405	132	132	100.00	160.00	117.48	113.00	15507.00
chr16	90192167	90192724	557	557	3.00	40.00	26.78	29.00	14915.00
chr9	111663704	111663810	106	106	38.00	60.00	44.53	44.00	4720.00
chr6	44108764	44108835	71	71	73.00	115.00	92.55	92.00	6571.00
chr1	36028802	36029027	225	225	1068.00	1852.00	1390.84	1304.00	312938.00
chr11	66807259	66807674	415	415	9.00	117.00	86.60	87.00	35940.00
chr1	178426817	178427679	862	862	13.00	57.00	27.07	23.00	23334.00
chr19	42482302	42482478	176	176	1363.00	2005.00	1569.68	1535.50	276263.00
chr1	44084718	44084873	155	155	83.00	241.00	154.72	145.00	23981.00
chr1	109812315	109812442	127	127	133.00	213.00	171.66	171.00	21801.00
chr3	180324268	180324391	123	123	53.00	87.00	76.44	75.00	9402.00
chr15	63933668	63933842	174	174	62.00	128.00	92.05	83.00	16016.00
chr20	44521363	44521519	156	156	123.00	177.00	146.30	144.00	22823.00
chr3	33416779	33416910	131	131	75.00	155.00	106.60	103.00	13965.00
chr1	21934624	21934843	219	219	2.00	505.00	241.09	334.00	52799.00
chr14	69799801	69799886	85	85	47.00	64.00	53.81	53.00	4574.00
chr1	116936134	116936345	211	211	1.00	1283.00	1041.24	1174.00	219701.00
chr14	23634493	23634645	152	152	32.00	48.00	40.63	42.00	6176.00
chr16	1402538	1402947	409	409	4.00	11.00	8.30	8.00	3394.00
chr9	20331	25000	4669	4669	0.00	100.00	29.44	25.00	137470.00
chr17	43545574	43545959	385	385	12.00	40.00	21.07	19.00	8112.00
chr13	100201418	100201476	58	58	177.00	206.00	190.38	187.00	11042.00
chr15	41865505	41865665	160	160	178.00	307.00	232.78	228.00	37245.00
chr19	19641688	19642196	508	508	4.00	15.00	8.51	8.00	4325.00
chr11	134147593	134148159	566	566	7.00	20.00	12.43	12.00	7038.00
chr2	71656420	71657290	870	870	1.00	29.00	12.79	12.00	11125.00
chr7	97834775	97835016	241	241	78.00	121.00	101.02	104.00	24346.00
chr19	13363804	13363915	111	111	64.00	95.00	78.30	80.00	8691.00
chr18	31328383	31329011	628	628	4.00	19.00	9.51	9.00	5975.00
chr16	66431884	66432009	125	125	19.00	31.00	24.54	24.00	3067.00
chr19	47935155	47935702	547	547	6.00	541.00	187.15	190.00	102372.00
chr12	50291769	50291873	104	104	739.00	1260.00	934.10	927.50	97146.00
chr11	1780198	1780317	119	119	461.00	857.00	582.34	561.00	69298.00
chr15	65392626	65393167	541	541	4.00	18.00	10.69	10.00	5785.00
chr2	86397871	86397967	96	96	66.00	96.00	83.01	82.00	7969.00
chr7	97866087	97866233	146	146	94.00	144.00	123.60	129.00	18045.00
chr11	60687157	60687402	245	245	80.00	119.00	100.97	104.00	24737.00
chr21	43307700	43309453	1753	1753	8.00	68.00	26.38	24.00	46251.00
chr14	24619269	24619657	388	388	17.00	67.00	33.39	32.50	12956.00
chr11	65320634	65320727	93	93	59.00	78.00	68.23	68.00	6345.00
chr16	29891184	29891385	201	201	359.00	502.00	430.84	417.00	86599.00
chr1	32207224	32207326	102	102	365.00	524.00	454.53	467.00	46362.00
chr11	72300218	72300394	176	176	2.00	250.00	85.18	6.00	14992.00
chr17	7608878	7609038	160	160	18.00	102.00	63.81	68.00	10210.00
chr19	7607646	7607814	168	168	101.00	140.00	119.79	122.00	20124.00
chr19	54966129	54966271	142	142	78.00	167.00	136.86	147.00	19434.00
chr12	57995027	57995131	104	104	112.00	153.00	131.54	131.00	13680.00
chr1	27428875	27429049	174	174	36.00	61.00	46.36	44.00	8066.00
chr2	27688277	27688385	108	108	18.00	36.00	24.37	24.50	2632.00
chr16	2691449	2692254	805	805	0.00	14.00	1.22	1.00	984.00
chr9	131503813	131503933	120	120	266.00	342.00	299.20	301.50	35904.00
chr16	2347766	2347922	156	156	119.00	191.00	157.44	161.00	24560.00
chr17	80039884	80040036	152	152	263.00	351.00	299.62	294.00	45543.00
chr1	32204432	32204538	106	106	279.00	550.00	414.34	418.00	43920.00
chr12	9242951	9243078	127	127	125.00	156.00	141.46	141.00	17965.00
chr3	49702661	49702751	90	90	160.00	204.00	181.20	179.00	16308.00
chr19	35820359	35820837	478	478	1.00	10.00	5.07	5.00	2422.00
chr1	201456762	201457615	853	853	6.00	25.00	15.51	16.00	13234.00
chr16	2334279	2334438	159	159	106.00	169.00	141.33	143.00	22471.00
chr10	73578373	73578481	108	108	2297.00	2970.00	2662.85	2661.50	287588.00
chr16	18530550	18530756	206	206	5.00	496.00	231.06	330.50	47598.00
chr16	16369094	16369300	206	206	5.00	511.00	234.38	329.00	48283.00
chr13	113975636	113975785	149	149	7.00	328.00	145.72	12.00	21712.00
chr11	119293822	119294227	405	405	7.00	3697.00	329.51	27.00	133452.00
chr5	150505962	150506041	79	79	676.00	1010.00	834.84	823.00	65952.00
chr22	44224939	44225078	139	139	565.00	817.00	642.89	622.00	89362.00
chr15	41865199	41865309	110	110	181.00	255.00	216.74	207.50	23841.00
chr17	25633807	25636298	2491	2491	12.00	294.00	123.09	125.00	306606.00
chr15	72495155	72495529	374	374	13.00	2083.00	805.76	29.00	301355.00
chr9	42540272	42542124	1852	1852	1.00	18.00	7.42	7.00	13748.00
chr11	119290760	119291704	944	944	5.00	4793.00	1040.75	24.00	982468.00
chr19	5219949	5220165	216	216	104.00	176.00	133.43	128.50	28820.00
chr15	63910769	63911153	384	384	2.00	16.00	7.29	7.00	2799.00
chr17	74393879	74393969	90	90	104.00	147.00	123.07	117.00	11076.00
chr10	104129467	104129532	65	65	61.00	91.00	78.82	83.00	5123.00
chr3	142454224	142454620	396	396	0.00	12.00	4.66	4.00	1844.00
chr12	121205196	121205396	200	200	105.00	151.00	134.49	139.00	26897.00
chr3	31705570	31705724	154	154	19.00	36.00	27.22	28.00	4192.00
chr6	118635190	118636593	1403	1403	13.00	132.00	78.96	77.00	110785.00
chr8	10339867	10340829	962	962	2.00	24.00	10.51	8.00	10107.00
chr19	16952578	16952779	201	201	65.00	126.00	95.88	95.00	19272.00
chr8	110984486	110985016	530	530	52.00	97.00	75.15	75.00	39828.00
chr9	128001219	128001610	391	391	202.00	520.00	377.43	397.00	147577.00
chr11	73070878	73070997	119	119	108.00	163.00	138.24	144.00	16451.00
chr10	104130140	104130235	95	95	74.00	96.00	84.44	82.00	8022.00
chr5	95733039	95733173	134	134	66.00	90.00	76.03	74.00	10188.00
chr19	59059400	59059547	147	147	207.00	261.00	233.00	230.00	34251.00
chr5	139943169	139943255	86	86	19.00	112.00	91.07	99.00	7832.00
chr17	73487771	73487981	210	210	78.00	149.00	109.04	110.00	22898.00
chr1	154315588	154315777	189	189	25.00	50.00	34.70	33.00	6558.00
chr14	95652726	95653070	344	344	3.00	16.00	8.68	8.00	2987.00
chr12	123639801	123640772	971	971	2.00	29.00	18.12	19.00	17591.00
chr22	47064870	47065171	301	301	4.00	13.00	8.21	8.00	2472.00
chr5	24535220	24535388	168	168	40.00	55.00	47.93	48.00	8053.00
chr12	6806452	6806958	506	506	83.00	284.00	183.45	196.00	92826.00
chr22	29881711	29881836	125	125	271.00	336.00	306.07	309.00	38259.00
chr7	75894681	75894786	105	105	38.00	86.00	57.25	56.00	6011.00
chr12	121089007	121095893	6886	6886	6.00	112.00	43.29	37.00	298086.00
chr1	207940357	207942365	2008	2008	4.00	117.00	28.22	22.00	56656.00
chr7	154681166	154681240	74	74	243.00	295.00	269.76	274.50	19962.00
chr5	131696513	131697529	1016	1016	3.00	21.00	10.08	9.00	10240.00
chr11	1776135	1776258	123	123	279.00	731.00	479.75	461.00	59009.00
chr8	11706554	11706673	119	119	557.00	746.00	646.54	638.00	76938.00
chr11	18759426	18759511	85	85	206.00	255.00	225.44	221.00	19162.00
chr16	61689373	61689625	252	252	37.00	56.00	46.64	46.00	11753.00
chr15	51750702	51750824	122	122	115.00	178.00	146.17	150.00	17833.00
chr9	35555056	35555698	642	642	151.00	335.00	236.99	234.00	152147.00
chr2	198356200	198356621	421	421	4.00	15.00	7.42	6.00	3125.00
chr9	131001723	131001794	71	71	1857.00	2293.00	2065.34	2063.00	146639.00
chr19	5214371	5214491	120	120	267.00	356.00	307.57	306.00	36908.00
chr22	35719488	35719623	135	135	90.00	147.00	124.47	127.00	16804.00
chr12	121678738	121679829	1091	1091	9.00	37.00	22.94	23.00	25024.00
chr14	23820960	23821064	104	104	967.00	1222.00	1112.17	1133.00	115666.00
chr1	32205710	32205779	69	69	289.00	379.00	334.67	338.00	23092.00
chr3	33420176	33420326	150	150	0.00	178.00	57.58	5.00	8637.00
chr9	114820707	114820966	259	259	23.00	49.00	32.35	31.00	8379.00
chr15	41865876	41866023	147	147	15.00	361.00	284.29	294.00	41791.00
chr19	55554308	55554637	329	329	3.00	11.00	5.45	5.00	1793.00
chr1	116933403	116933513	110	110	1047.00	1337.00	1209.99	1197.00	133099.00
chr19	15374230	15374359	129	129	49.00	77.00	62.17	63.00	8020.00
chr12	56090682	56090852	170	170	37.00	86.00	65.95	65.50	11212.00
chr14	69445668	69445876	208	208	25.00	99.00	70.00	76.00	14560.00
chr12	57603474	57603651	177	177	180.00	307.00	240.16	245.00	42508.00
chr22	32897492	32898946	1454	1454	7.00	123.00	48.47	40.00	70470.00
chr16	16367702	16367764	62	62	5.00	341.00	177.52	202.00	11006.00
chr19	5245786	5246056	270	270	62.00	200.00	116.29	119.50	31398.00
chr16	74345440	74345829	389	389	4.00	17.00	10.46	10.00	4067.00
chr6	107096899	107097076	177	177	24.00	36.00	29.73	30.00	5262.00
chr1	29641883	29642019	136	136	20.00	33.00	26.77	27.00	3641.00
chr8	97342440	97342509	69	69	146.00	192.00	161.80	159.00	11164.00
chr8	68116914	68117054	140	140	35.00	87.00	59.88	60.00	8383.00
chr22	22037470	22037546	76	76	36.00	50.00	43.59	44.00	3313.00
chr22	50682147	50683420	1273	1273	12.00	104.00	55.68	58.00	70875.00
chr20	44048971	44049069	98	98	101.00	123.00	113.20	114.00	11094.00
chr1	36904356	36904511	155	155	15.00	40.00	26.77	26.00	4149.00
chr12	71054719	71054877	158	158	46.00	71.00	54.49	52.00	8609.00
chr15	50654364	50655515	1151	1151	6.00	26.00	14.77	15.00	16999.00
chr2	234198499	234198620	121	121	40.00	59.00	50.22	50.00	6077.00
chr9	128001699	128001812	113	113	253.00	302.00	274.90	272.00	31064.00
chr8	38272296	38272419	123	123	43.00	59.00	53.64	55.00	6598.00
chr11	73068069	73068179	110	110	101.00	131.00	116.25	115.00	12787.00
chr16	28123137	28123327	190	190	88.00	145.00	120.39	121.00	22875.00
chr12	49424062	49424222	160	160	16.00	43.00	29.56	28.50	4730.00
chr19	50302885	50303023	138	138	239.00	389.00	305.67	287.00	42182.00
chr19	42480567	42480718	151	151	2140.00	3063.00	2619.72	2673.00	395577.00
chr3	197904395	197905301	906	906	0.00	37.00	17.72	21.00	16053.00
chr13	100189992	100190117	125	125	124.00	163.00	148.95	149.00	18619.00
chr19	14268062	14268272	210	210	220.00	355.00	289.26	300.50	60744.00
chr10	93786886	93787057	171	171	44.00	71.00	55.18	54.00	9436.00
chr1	109808726	109808828	102	102	94.00	128.00	110.73	112.00	11294.00
chr4	134075461	134075520	59	59	133.00	213.00	171.54	179.00	10121.00
chr1	22052268	22053864	1596	1596	4.00	19.00	11.66	12.00	18617.00
chr9	140056855	140056968	113	113	904.00	1317.00	1155.19	1186.00	130536.00
chr19	42482087	42482224	137	137	2086.00	2791.00	2463.09	2507.00	337444.00
chr19	4556962	4557025	63	63	363.00	436.00	393.14	390.00	24768.00
chr19	14266921	14267013	92	92	199.00	257.00	230.50	230.50	21206.00
chr22	42273851	42274127	276	276	3.00	655.00	312.35	329.00	86208.00
chr1	205549788	205550049	261	261	106.00	183.00	139.95	136.00	36526.00
chr1	110765585	110766522	937	937	45.00	147.00	92.77	92.00	86926.00
chr19	55553595	55554158	563	563	6.00	26.00	12.56	10.00	7069.00
chr7	150929881	150931360	1479	1479	12.00	82.00	29.08	27.00	43004.00
chr3	124215157	124215260	103	103	242.00	403.00	328.37	336.00	33822.00
chr16	58220658	58220760	102	102	46.00	87.00	66.65	64.00	6798.00
chr3	10381925	10382033	108	108	355.00	480.00	426.67	427.50	46080.00
chr10	11356101	11356221	120	120	44.00	59.00	50.60	50.00	6072.00
chr22	42294652	42294785	133	133	276.00	543.00	434.94	451.00	57847.00
chr1	2005531	2005714	183	183	19.00	58.00	41.14	41.00	7529.00
chr12	113722522	113722576	54	54	63.00	72.00	68.31	69.00	3689.00
chr9	131502198	131502398	200	200	14.00	410.00	324.06	343.00	64813.00
chr19	40873602	40873786	184	184	831.00	1084.00	945.47	954.50	173966.00
chr2	220162606	220162825	219	219	223.00	457.00	336.56	334.00	73707.00
chr16	28270027	28270355	328	328	9.00	58.00	31.92	34.00	10469.00
chr4	3225718	3225858	140	140	98.00	127.00	112.76	112.00	15786.00
chr17	44127898	44128070	172	172	46.00	62.00	53.24	54.00	9158.00
chr3	47462043	47462262	219	219	55.00	125.00	80.13	76.00	17548.00
chr6	99873090	99873182	92	92	10.00	245.00	95.26	71.00	8764.00
chr7	142561723	142562504	781	781	110.00	448.00	270.41	267.00	211192.00
chr1	159169540	159169666	126	126	650.00	808.00	733.76	735.50	92454.00
chr19	7606869	7606953	84	84	47.00	78.00	57.68	53.00	4845.00
chr16	2811561	2818298	6737	6737	4.00	399.00	200.97	191.00	1353921.00
chr3	47450652	47450807	155	155	45.00	75.00	63.85	66.00	9896.00
chr11	118403631	118403922	291	291	83.00	123.00	101.65	101.00	29581.00
chr1	205555161	205555335	174	174	110.00	161.00	138.99	143.00	24184.00
chr12	125603186	125603311	125	125	50.00	74.00	57.34	56.00	7168.00
chr11	86658288	86659498	1210	1210	7.00	31.00	17.17	17.00	20780.00
chr22	37764946	37768745	3799	3799	6.00	327.00	123.34	108.00	468581.00
chr10	46345664	46346215	551	551	3.00	18.00	8.86	9.00	4881.00
chr22	33673045	33673241	196	196	113.00	315.00	183.18	154.50	35904.00
chr9	140042599	140042666	67	67	9.00	298.00	248.34	257.00	16639.00
chr3	48717233	48717320	87	87	108.00	141.00	127.07	129.00	11055.00
chr11	60681600	60681740	140	140	5.00	104.00	50.71	44.00	7099.00
chr10	93784512	93784724	212	212	26.00	49.00	36.16	35.00	7665.00
chr12	7289424	7290372	948	948	5.00	458.00	125.43	14.00	118904.00
chr3	132387062	132387526	464	464	4.00	22.00	12.12	12.00	5622.00
chr16	2335442	2335647	205	205	136.00	193.00	168.40	170.00	34521.00
chr16	1794782	1797276	2494	2494	1.00	392.00	46.50	22.00	115970.00
chr16	3786036	3786204	168	168	62.00	106.00	80.55	83.00	13533.00
chr9	141131209	141131766	557	557	0.00	31.00	10.17	6.00	5662.00
chr14	92965028	92966015	987	987	7.00	24.00	15.50	15.00	15301.00
chr19	54692070	54692200	130	130	107.00	321.00	207.32	169.50	26951.00
chr15	43866006	43866230	224	224	68.00	94.00	80.47	82.00	18025.00
chr3	40231316	40231954	638	638	20.00	53.00	34.97	34.00	22309.00
chr3	50148937	50149455	518	518	6.00	32.00	19.49	20.00	10098.00
chr4	81117505	81117755	250	250	29.00	59.00	44.17	44.00	11042.00
chr10	46740404	46740638	234	234	0.00	11.00	3.40	2.00	795.00
chr3	124210169	124210271	102	102	240.00	295.00	274.65	279.50	28014.00
chr11	107488830	107488932	102	102	141.00	183.00	158.61	156.00	16178.00
chr9	130591965	130592106	141	141	42.00	84.00	68.21	71.00	9617.00
chr1	20981932	20982027	95	95	183.00	242.00	211.59	213.00	20101.00
chr12	75875613	75875859	246	246	16.00	37.00	27.83	29.00	6845.00
chr22	32046684	32046764	80	80	50.00	88.00	72.74	77.00	5819.00
chr11	70331418	70331658	240	240	27.00	89.00	64.53	68.00	15486.00
chr14	51079976	51080069	93	93	191.00	244.00	221.92	223.00	20639.00
chr17	80041077	80041301	224	224	192.00	575.00	377.77	376.50	84620.00
chr7	158540884	158540971	87	87	80.00	102.00	93.93	96.00	8172.00
chr1	21553651	21553719	68	68	50.00	73.00	59.07	56.00	4017.00
chr2	219206256	219206349	93	93	84.00	126.00	110.10	110.00	10239.00
chr17	18444211	18445242	1031	1031	3.00	16.00	8.30	8.00	8555.00
chr12	57599340	57599460	120	120	196.00	288.00	235.78	227.00	28293.00
chr11	64417919	64418110	191	191	143.00	250.00	197.91	207.00	37801.00
chr19	3274926	3275650	724	724	6.00	36.00	16.38	15.00	11861.00
chr16	18532086	18532305	219	219	436.00	779.00	579.67	583.00	126947.00
chr17	3776702	3776756	54	54	321.00	403.00	379.00	389.50	20466.00
chr1	116932670	116933033	363	363	3.00	1517.00	698.96	1070.00	253723.00
chr16	1505731	1505796	65	65	97.00	136.00	118.00	121.00	7670.00
chr1	9794029	9794200	171	171	1488.00	1770.00	1628.84	1633.00	278532.00
chr10	73579221	73579379	158	158	1964.00	3026.00	2415.57	2480.50	381660.00
chr11	6411684	6412146	462	462	7.00	77.00	53.19	55.00	24575.00
chr1	159163212	159163350	138	138	550.00	724.00	604.52	594.00	83424.00
chr16	1816723	1816804	81	81	334.00	411.00	371.69	375.00	30107.00
chr7	91722399	91722630	231	231	7.00	60.00	44.61	45.00	10306.00
chr7	44281816	44281939	123	123	471.00	577.00	516.13	511.00	63484.00
chr2	220467189	220467297	108	108	15.00	27.00	22.05	23.00	2381.00
chr16	4494664	4494729	65	65	126.00	143.00	136.78	137.00	8891.00
chr15	34681844	34681986	142	142	5.00	152.00	85.57	88.00	12151.00
chr9	139995935	139996124	189	189	52.00	112.00	86.11	88.00	16274.00
chr3	180324040	180324160	120	120	67.00	94.00	75.09	74.00	9011.00
chr3	42678359	42681242	2883	2883	22.00	108.00	53.86	50.00	155285.00
chr7	131812776	131815333	2557	2557	10.00	66.00	31.11	30.00	79557.00
chr20	1585387	1585522	135	135	19.00	288.00	159.50	163.00	21533.00
chr3	126751229	126751442	213	213	113.00	161.00	133.56	130.00	28448.00
chr15	63920875	63921014	139	139	83.00	159.00	122.96	132.00	17091.00
chr16	2040128	2040202	74	74	25.00	79.00	53.84	54.50	3984.00
chr9	74324174	74324390	216	216	13.00	31.00	22.69	23.00	4901.00
chr20	44521858	44521950	92	92	156.00	201.00	181.52	183.50	16700.00
chr9	139911647	139911798	151	151	106.00	209.00	160.58	160.00	24248.00
chr9	140055507	140055649	142	142	977.00	1903.00	1452.47	1379.00	206251.00
chr12	120148055	120148191	136	136	149.00	206.00	169.49	167.00	23050.00
chr12	50474280	50474372	92	92	74.00	108.00	91.60	92.00	8427.00
chr15	63125702	63125828	126	126	100.00	186.00	130.13	127.50	16396.00
chr9	20907148	20907241	93	93	59.00	78.00	67.09	65.00	6239.00
chr16	87874655	87874761	106	106	142.00	191.00	164.38	159.50	17424.00
chr2	162833269	162833460	191	191	8.00	366.00	205.97	313.00	39341.00
chr8	11704560	11704677	117	117	498.00	760.00	610.68	605.00	71449.00
chr15	63926931	63927087	156	156	104.00	144.00	130.13	135.00	20300.00
chr6	31668718	31668805	87	87	72.00	102.00	83.14	80.00	7233.00
chr7	148910792	148910906	114	114	13.00	38.00	28.96	32.00	3302.00
chr14	42355808	42357213	1405	1405	25.00	106.00	51.34	46.00	72128.00
chr10	88678928	88679226	298	298	13.00	28.00	21.06	21.00	6276.00
chr3	140998219	140998346	127	127	26.00	50.00	38.50	40.00	4889.00
chr1	144859758	144859998	240	240	52.00	97.00	73.63	78.00	17671.00
chr9	96054772	96055455	683	683	38.00	156.00	89.00	82.00	60785.00
chr19	7604803	7604944	141	141	75.00	106.00	86.89	84.00	12252.00
chr12	30906277	30907432	1155	1155	3.00	48.00	20.62	17.00	23818.00
chr9	131112762	131112854	92	92	66.00	148.00	112.77	114.00	10375.00
chr20	61981328	61982379	1051	1051	31.00	73.00	49.14	48.00	51646.00
chr7	38431348	38431618	270	270	202.00	404.00	274.85	259.00	74210.00
chr20	44521036	44521123	87	87	152.00	175.00	165.32	167.00	14383.00
chr11	64418726	64419108	382	382	102.00	218.00	156.16	152.00	59654.00
chr12	120148344	120150270	1926	1926	6.00	253.00	37.49	17.00	72208.00
chr12	6930971	6931066	95	95	10.00	432.00	225.18	215.00	21392.00
chr16	2339434	2339621	187	187	89.00	180.00	121.86	116.00	22788.00
chr2	27700083	27700187	104	104	25.00	35.00	31.68	32.00	3295.00
chr14	69805367	69805494	127	127	53.00	102.00	77.43	77.00	9833.00
chr12	9242497	9242619	122	122	124.00	174.00	152.71	158.00	18631.00
chr3	58256658	58256791	133	133	48.00	90.00	64.65	60.00	8599.00
chr10	79744927	79745098	171	171	45.00	101.00	64.86	62.00	11091.00
chr1	159161725	159161866	141	141	365.00	609.00	538.30	572.00	75900.00
chr16	31085202	31085519	317	317	9.00	22.00	14.11	14.00	4473.00
chr1	171755018	171755218	200	200	36.00	53.00	45.97	46.00	9194.00
chr9	130988124	130989280	1156	1156	1.00	1149.00	142.83	23.00	165108.00
chr15	63127935	63127998	63	63	99.00	124.00	111.29	114.00	7011.00
chr19	1917676	1917821	145	145	5.00	116.00	85.44	98.00	12389.00
chr22	25315792	25315960	168	168	62.00	89.00	73.05	72.00	12273.00
chr2	207943790	207945085	1295	1295	11.00	44.00	24.38	23.00	31572.00
chr11	47330706	47330952	246	246	7.00	401.00	180.04	14.00	44291.00
chr3	142743978	142746095	2117	2117	1.00	82.00	12.99	10.00	27509.00
chr7	44839492	44839694	202	202	5.00	20.00	14.23	16.00	2874.00
chr22	31688260	31688471	211	211	8.00	142.00	92.86	116.00	19594.00
chr11	66333492	66333638	146	146	335.00	402.00	371.08	374.00	54178.00
chr9	131114916	131115026	110	110	143.00	177.00	158.30	159.00	17413.00
chr1	20206	21013	807	807	15.00	97.00	64.00	70.00	51650.00
chr11	108216469	108216635	166	166	25.00	48.00	36.61	35.00	6077.00
chr1	209778880	209779019	139	139	113.00	194.00	157.27	170.00	21860.00
chr1	202935876	202936026	150	150	115.00	195.00	155.45	162.00	23317.00
chr12	57600255	57600524	269	269	228.00	323.00	278.22	277.00	74840.00
chr19	15233503	15233615	112	112	58.00	82.00	68.68	69.00	7692.00
chr8	68115317	68115486	169	169	50.00	77.00	63.18	63.00	10677.00
chr19	13419229	13419342	113	113	41.00	55.00	49.06	49.00	5544.00
chr6	33266815	33267130	315	315	6.00	50.00	24.87	22.00	7834.00
chr16	89780611	89781646	1035	1035	6.00	55.00	25.57	23.00	26470.00
chr12	109964162	109964221	59	59	39.00	49.00	43.19	43.00	2548.00
chr22	24491893	24492045	152	152	27.00	60.00	46.57	51.00	7079.00
chr2	242592926	242593025	99	99	113.00	163.00	130.71	128.00	12940.00
chr1	21937944	21938074	130	130	295.00	681.00	513.57	558.50	66764.00
chr2	223789173	223789313	140	140	155.00	200.00	177.29	177.00	24820.00
chr20	3772318	3772535	217	217	2.00	15.00	9.84	10.00	2136.00
chr16	18531918	18532001	83	83	553.00	813.00	686.90	718.00	57013.00
chr1	43396296	43396537	241	241	109.00	165.00	140.66	140.00	33898.00
chr2	100037960	100038115	155	155	23.00	40.00	29.87	29.00	4630.00
chr16	1500497	1500770	273	273	5.00	132.00	57.64	70.00	15736.00
chr19	40876016	40876144	128	128	805.00	1065.00	934.16	936.50	119573.00
chr5	168112691	168112932	241	241	9.00	20.00	13.18	13.00	3176.00
chr2	127825738	127825831	93	93	225.00	296.00	259.31	261.00	24116.00
chr1	19232015	19234990	2975	2975	2.00	131.00	29.86	26.00	88824.00
chr16	1391129	1391196	67	67	138.00	183.00	161.84	161.00	10843.00
chr6	33410665	33411689	1024	1024	4.00	237.00	121.98	116.00	124912.00
chr9	95872033	95872266	233	233	6.00	13.00	9.23	9.00	2151.00
chr1	53378627	53378839	212	212	12.00	20.00	16.76	17.00	3553.00
chr2	80531276	80531693	417	417	12.00	38.00	30.05	31.00	12529.00
chr7	44286718	44286791	73	73	481.00	559.00	516.49	515.00	37704.00
chr7	157369304	157369471	167	167	327.00	425.00	378.03	379.00	63131.00
chr11	18755079	18755191	112	112	4.00	256.00	167.11	223.00	18716.00
chr6	86237979	86238080	101	101	95.00	126.00	112.80	115.00	11393.00
chr8	145000951	145001050	99	99	37.00	75.00	52.72	49.00	5219.00
chr19	45167680	45167966	286	286	1.00	15.00	9.25	9.00	2645.00
chr10	48930165	48930400	235	235	0.00	8.00	2.36	2.00	554.00
chr16	87871450	87871547	97	97	139.00	182.00	167.91	173.00	16287.00
chr1	109815454	109815649	195	195	148.00	258.00	209.92	210.00	40934.00
chr1	208215442	208215711	269	269	36.00	73.00	55.55	54.00	14943.00
chr2	260866	261451	585	585	1.00	15.00	8.06	8.00	4715.00
chr5	180481266	180481724	458	458	4.00	20.00	11.62	11.00	5321.00
chr7	73119479	73119631	152	152	3.00	967.00	383.01	5.00	58218.00
chr15	34677248	34677358	110	110	142.00	243.00	186.58	188.00	20524.00
chr16	57687114	57687247	133	133	100.00	168.00	137.77	142.00	18323.00
chr15	50649406	50649592	186	186	10.00	22.00	17.23	18.00	3205.00
chr22	21071995	21072066	71	71	940.00	1163.00	1019.56	1018.00	72389.00
chr5	179200882	179201561	679	679	8.00	40.00	22.04	21.00	14966.00
chr10	98763824	98763979	155	155	62.00	119.00	93.36	100.00	14471.00
chr14	102963315	102963457	142	142	59.00	92.00	71.18	69.00	10108.00
chr1	21932558	21933138	580	580	3.00	597.00	117.11	14.00	67925.00
chr16	28118842	28118998	156	156	119.00	152.00	136.58	136.00	21307.00
chr1	241767561	241767881	320	320	23.00	45.00	35.39	36.50	11325.00
chr11	66812063	66812184	121	121	96.00	140.00	115.28	114.00	13949.00
chr11	12248571	12248678	107	107	208.00	281.00	252.99	261.00	27070.00
chr9	130588788	130588951	163	163	41.00	66.00	54.63	56.00	8905.00
chr22	21068915	21068988	73	73	949.00	1225.00	1100.38	1110.00	80328.00
chr1	43424304	43424531	227	227	15.00	237.00	167.30	183.00	37976.00
chr14	105852021	105853670	1649	1649	5.00	131.00	24.54	22.00	40459.00
chr15	34823469	34823579	110	110	144.00	239.00	186.45	189.00	20509.00
chr11	171365	172282	917	917	0.00	38.00	19.09	21.00	17506.00
chr22	24493976	24494155	179	179	45.00	74.00	60.06	62.00	10751.00
chr15	79291060	79291167	107	107	212.00	293.00	254.66	259.00	27249.00
chr16	2145904	2146194	290	290	8.00	42.00	18.15	16.00	5264.00
chr9	131503050	131503166	116	116	256.00	392.00	324.97	325.50	37697.00
chr11	61301983	61302579	596	596	3.00	27.00	17.24	17.00	10274.00
chr22	25308609	25308719	110	110	45.00	68.00	57.12	58.00	6283.00
chr12	63977826	63979986	2160	2160	0.00	21.00	7.58	7.00	16376.00
chr19	46928844	46930933	2089	2089	10.00	248.00	104.75	104.00	218820.00
chr16	56969146	56969224	78	78	81.00	125.00	107.01	110.00	8347.00
chr17	40665787	40665996	209	209	5.00	1118.00	425.82	569.00	88997.00
chr9	131669435	131671600	2165	2165	87.00	245.00	163.37	165.00	353696.00
chr2	220164026	220164271	245	245	16.00	660.00	215.92	26.00	52901.00
chr19	7589846	7590052	206	206	39.00	78.00	51.42	51.50	10592.00
chr6	91260186	91260268	82	82	32.00	48.00	39.60	40.00	3247.00
chr9	124543742	124543830	88	88	210.00	271.00	243.17	244.50	21399.00
chr12	54071005	54071170	165	165	5.00	43.00	27.76	26.00	4581.00
chr2	40443	41212	769	769	5.00	25.00	12.80	12.00	9846.00
chr11	67852159	67852747	588	588	3.00	30.00	17.87	19.00	10508.00
chr8	8233762	8234810	1048	1048	9.00	48.00	28.90	29.00	30286.00
chr2	175671113	175672148	1035	1035	1.00	15.00	7.04	7.00	7287.00
chr7	138984922	138985438	516	516	0.00	12.00	6.04	5.00	3117.00
chr22	40816850	40817104	254	254	39.00	106.00	79.94	79.00	20304.00
chr19	14263120	14263249	129	129	194.00	285.00	237.05	235.00	30579.00
chr19	16962222	16962345	123	123	66.00	176.00	130.04	142.00	15995.00
chr1	109813838	109813918	80	80	94.00	146.00	113.06	107.00	9045.00
chr3	49898148	49898562	414	414	2.00	561.00	276.79	426.00	114589.00
chr17	17131202	17131510	308	308	6.00	70.00	50.15	57.00	15445.00
chr1	21936067	21936139	72	72	178.00	243.00	211.97	205.00	15262.00
chr3	130424404	130424615	211	211	24.00	38.00	29.89	30.00	6307.00
chr12	56532710	56532797	87	87	59.00	79.00	69.60	69.00	6055.00
chr16	29888591	29888788	197	197	302.00	466.00	377.27	362.00	74322.00
chr2	114394588	114396196	1608	1608	0.00	31.00	11.33	12.00	18221.00
chr3	124180736	124180803	67	67	220.00	241.00	229.64	230.00	15386.00
chr9	111798485	111798660	175	175	48.00	85.00	63.56	63.00	11123.00
chr10	73847897	73848372	475	475	18.00	999.00	330.87	283.00	157163.00
chr22	21075585	21075706	121	121	538.00	1053.00	896.67	965.00	108497.00
chr22	20920753	20921104	351	351	31.00	106.00	63.76	67.00	22381.00
chr9	140953020	140953185	165	165	32.00	62.00	45.96	43.00	7583.00
chr22	41620970	41621075	105	105	71.00	85.00	77.45	77.00	8132.00
chr11	6243671	6243839	168	168	38.00	65.00	50.49	51.50	8482.00
chr15	74704225	74704353	128	128	44.00	143.00	96.88	109.00	12401.00
chr3	48719780	48719985	205	205	102.00	169.00	137.25	135.00	28137.00
chr1	222833247	222833348	101	101	44.00	115.00	82.33	81.00	8315.00
chr1	6583675	6584824	1149	1149	6.00	49.00	28.46	29.00	32695.00
chr11	126135857	126135976	119	119	123.00	148.00	134.53	135.00	16009.00
chr8	75156763	75157410	647	647	18.00	41.00	27.71	27.00	17930.00
chr15	83345212	83345389	177	177	134.00	164.00	149.85	153.00	26523.00
chr14	68031638	68032561	923	923	2.00	18.00	8.51	8.00	7859.00
chr19	42479780	42479949	169	169	1873.00	2741.00	2313.34	2280.00	390955.00
chr16	31503329	31503407	78	78	158.00	220.00	189.62	194.50	14790.00
chr17	1564564	1564700	136	136	155.00	225.00	180.15	174.50	24501.00
chr16	58717858	58718082	224	224	20.00	51.00	34.56	36.00	7741.00
chr14	71575320	71575763	443	443	17.00	43.00	27.92	28.00	12369.00
chr1	202934498	202934628	130	130	101.00	178.00	125.17	114.00	16272.00
chr7	73118477	73118586	109	109	538.00	697.00	616.02	612.00	67146.00
chr19	13365908	13366073	165	165	58.00	89.00	73.15	72.00	12069.00
chr10	102265117	102265958	841	841	12.00	43.00	26.92	28.00	22642.00
chr9	139983320	139983457	137	137	69.00	107.00	86.51	87.00	11852.00
chr18	29206245	29206347	102	102	91.00	146.00	115.37	112.00	11768.00
chr12	120578662	120578827	165	165	45.00	58.00	52.11	52.00	8598.00
chr5	757516	758226	710	710	4.00	21.00	11.54	11.00	8192.00
chr8	21632483	21632567	84	84	12.00	38.00	21.83	24.00	1834.00
chr4	54011499	54011749	250	250	21.00	49.00	30.97	30.00	7743.00
chr8	141680613	141681365	752	752	4.00	26.00	14.97	16.00	11255.00
chr11	57367351	57367850	499	499	23.00	74.00	48.91	50.00	24408.00
chr12	63980009	63980784	775	775	1.00	12.00	6.18	6.00	4790.00
chr9	140057042	140057203	161	161	18.00	1261.00	1034.84	1101.00	166610.00
chr2	7055953	7056098	145	145	22.00	30.00	26.95	27.00	3908.00
chr12	52387768	52389043	1275	1275	6.00	299.00	116.32	101.00	148310.00
chr19	50104931	50105175	244	244	16.00	132.00	47.92	30.00	11692.00
chr19	5218430	5218543	113	113	188.00	286.00	253.01	258.00	28590.00
chr16	29898969	29899138	169	169	248.00	327.00	276.34	269.00	46702.00
chr7	99030900	99031041	141	141	7.00	19.00	11.89	10.00	1677.00
chr17	36692926	36693212	286	286	2.00	8.00	5.93	6.00	1697.00
chr15	73857770	73859335	1565	1565	7.00	72.00	34.01	36.00	53231.00
chr6	44104085	44104176	91	91	93.00	137.00	115.27	115.00	10490.00
chr1	21938518	21938602	84	84	350.00	471.00	415.26	414.00	34882.00
chr19	13423482	13423595	113	113	27.00	43.00	34.74	34.00	3926.00
chr16	70292882	70293089	207	207	483.00	638.00	551.23	552.00	114105.00
chr18	61060641	61060782	141	141	45.00	62.00	54.77	56.00	7722.00
chr16	22269814	22270016	202	202	18.00	32.00	23.66	23.00	4780.00
chr1	21554423	21554534	111	111	46.00	62.00	51.67	51.00	5735.00
chr9	140057255	140057455	200	200	22.00	1481.00	982.62	1201.50	196523.00
chr7	1488255	1488397	142	142	24.00	40.00	33.01	35.00	4688.00
chr14	100166351	100166438	87	87	233.00	268.00	250.97	252.00	21834.00
chr9	101065522	101065705	183	183	249.00	377.00	325.13	336.00	59498.00
chr5	68411752	68412041	289	289	26.00	48.00	36.89	38.00	10661.00
chr1	2452539	2452754	215	215	35.00	98.00	63.93	55.00	13745.00
chr1	21564626	21564737	111	111	34.00	52.00	40.11	38.00	4452.00
chr13	42037713	42039066	1353	1353	1.00	27.00	10.63	9.00	14379.00
chr2	114350236	114350443	207	207	6.00	44.00	26.96	26.00	5580.00
chr1	21939668	21939722	54	54	368.00	435.00	399.89	395.50	21594.00
chr9	139353895	139354007	112	112	28.00	49.00	37.17	32.50	4163.00
chr7	102176367	102176618	251	251	4.00	29.00	16.98	15.00	4262.00
chr3	51411753	51412018	265	265	5.00	205.00	74.31	8.00	19691.00
chr17	73888091	73888266	175	175	6.00	20.00	12.03	13.00	2106.00
chr13	103297258	103297435	177	177	4.00	46.00	24.08	31.00	4262.00
chr15	63922664	63922834	170	170	109.00	174.00	134.25	134.00	22823.00
chr3	33400774	33400849	75	75	66.00	125.00	98.16	87.00	7362.00
chr22	50671744	50671955	211	211	23.00	52.00	36.30	37.00	7660.00
chr1	21190968	21191205	237	237	126.00	192.00	162.14	169.00	38428.00
chr5	14481649	14481727	78	78	76.00	93.00	84.97	85.00	6628.00
chr15	101605556	101606410	854	854	10.00	39.00	25.68	27.00	21933.00
chr17	80040402	80040554	152	152	269.00	407.00	330.64	304.50	50258.00
chr2	132269293	132270897	1604	1604	7.00	50.00	25.67	25.00	41180.00
chr11	1778553	1778786	233	233	534.00	892.00	736.70	769.00	171650.00
chr11	1469616	1469808	192	192	10.00	19.00	14.45	14.00	2775.00
chr12	120138549	120138630	81	81	193.00	245.00	223.00	227.00	18063.00
chr7	901016	901101	85	85	122.00	154.00	134.51	134.00	11433.00
chr19	13372263	13372424	161	161	66.00	88.00	78.07	79.00	12569.00
chr17	40843154	40843311	157	157	263.00	359.00	303.93	304.00	47717.00
chr17	80039476	80039719	243	243	259.00	448.00	344.25	343.00	83652.00
chr17	16681109	16687365	6256	6256	0.00	65.00	14.11	12.00	88273.00
chr1	116935475	116935610	135	135	1138.00	1510.00	1320.54	1321.00	178273.00
chr6	128294808	128294972	164	164	73.00	147.00	110.65	112.50	18146.00
chr5	109189927	109190617	690	690	1.00	14.00	5.39	5.00	3719.00
chr15	40757533	40757634	101	101	19.00	59.00	46.57	47.00	4704.00
chr2	220164706	220164981	275	275	376.00	822.00	591.23	585.00	162588.00
chr3	164905164	164908639	3475	3475	8.00	83.00	31.61	30.00	109836.00
chr11	60699157	60699356	199	199	85.00	352.00	269.01	255.00	53532.00
chr2	96680301	96680717	416	416	1.00	13.00	5.18	5.00	2154.00
chr17	40845314	40845554	240	240	251.00	401.00	321.95	310.50	77269.00
chr12	125264513	125265391	878	878	11.00	60.00	27.72	26.00	24338.00
chr1	156623704	156624158	454	454	10.00	27.00	17.57	17.00	7977.00
chr6	108370456	108370622	166	166	50.00	71.00	57.35	56.00	9520.00
chr11	19180486	19180587	101	101	13.00	25.00	18.09	17.00	1827.00
chr19	42489069	42489338	269	269	504.00	1366.00	1013.51	1074.00	272633.00
chr2	198274493	198274731	238	238	94.00	159.00	123.22	118.00	29326.00
chr6	47220991	47221257	266	266	84.00	146.00	111.14	105.00	29563.00
chr19	40872679	40872822	143	143	1107.00	1869.00	1529.58	1532.00	218730.00
chr19	54693278	54693627	349	349	5.00	80.00	39.16	40.00	13666.00
chr12	81929	82174	245	245	16.00	33.00	26.59	27.00	6515.00
chr21	45513943	45514114	171	171	35.00	61.00	48.57	47.00	8306.00
chr3	124201630	124201747	117	117	4.00	290.00	219.23	271.00	25650.00
chr17	79805118	79805223	105	105	246.00	271.00	256.79	257.00	26963.00
chr20	46307419	46307548	129	129	42.00	68.00	52.10	51.00	6721.00
chr17	38187790	38187873	83	83	72.00	108.00	89.43	88.00	7423.00
chr2	207452814	207452878	64	64	224.00	268.00	243.44	244.00	15580.00
chr17	45695715	45695823	108	108	234.00	275.00	250.48	248.00	27052.00
chr7	44283023	44283126	103	103	496.00	570.00	529.13	531.00	54500.00
chr20	62274975	62275284	309	309	2.00	1760.00	830.38	1093.00	256588.00
chr11	108202605	108202764	159	159	12.00	29.00	20.80	23.00	3307.00
chr9	140051314	140051489	175	175	469.00	762.00	601.14	575.00	105200.00
chr22	45574118	45574781	663	663	30.00	87.00	53.41	53.00	35408.00
chr15	79312382	79312446	64	64	141.00	155.00	147.03	146.50	9410.00
chr1	21940120	21940199	79	79	350.00	399.00	376.80	378.00	29767.00
chr17	3775847	3775921	74	74	299.00	401.00	357.08	365.50	26424.00
chr7	73133931	73134019	88	88	13.00	926.00	321.05	250.00	28252.00
chr11	72292920	72292991	71	71	306.00	363.00	327.41	325.00	23246.00
chr7	43547616	43547730	114	114	75.00	125.00	104.79	108.00	11946.00
chr16	58713760	58714145	385	385	13.00	30.00	20.12	20.00	7748.00
chr22	21083600	21083794	194	194	563.00	832.00	688.53	685.00	133575.00
chr11	66457275	66457414	139	139	403.00	574.00	495.59	484.00	68887.00
chr15	91561034	91561115	81	81	15.00	35.00	23.15	21.00	1875.00
chr11	2968525	2969001	476	476	5.00	18.00	10.05	10.00	4784.00
chr19	34869838	34869910	72	72	991.00	1258.00	1089.79	1071.00	78465.00
chr9	121970996	121971219	223	223	169.00	247.00	216.65	222.00	48313.00
chr3	47449772	47449980	208	208	11.00	70.00	46.96	59.00	9768.00
chr12	57601820	57601999	179	179	248.00	532.00	395.66	373.00	70823.00
chr16	2345590	2345741	151	151	154.00	245.00	205.97	214.00	31102.00
chr12	50471782	50471910	128	128	63.00	98.00	80.88	81.00	10352.00
chr1	109814221	109814344	123	123	187.00	283.00	247.76	251.00	30474.00
chr19	16942304	16942458	154	154	49.00	75.00	63.54	65.50	9785.00
chr11	66333301	66333398	97	97	272.00	380.00	323.25	319.00	31355.00
chr5	74026084	74026223	139	139	57.00	95.00	80.40	84.00	11176.00
chr5	68417520	68417722	202	202	22.00	40.00	32.29	32.00	6522.00
chr19	15272262	15272525	263	263	22.00	57.00	39.10	35.00	10283.00
chr3	45872404	45872482	78	78	101.00	131.00	113.99	112.50	8891.00
chr7	73123374	73123452	78	78	933.00	1224.00	1126.94	1161.00	87901.00
chr5	14498197	14498360	163	163	91.00	156.00	130.58	134.00	21285.00
chr14	93180167	93180230	63	63	76.00	111.00	93.27	94.00	5876.00
chr9	130984739	130984875	136	136	1370.00	2214.00	1735.45	1616.00	236021.00
chr13	31216764	31216894	130	130	19.00	42.00	28.45	29.00	3698.00
chr12	112614399	112614506	107	107	62.00	151.00	135.27	137.00	14474.00
chr12	57602865	57602982	117	117	306.00	474.00	383.06	381.00	44818.00
chr14	72976861	72976987	126	126	55.00	108.00	79.31	79.00	9993.00
chr1	155209406	155209553	147	147	75.00	115.00	96.18	95.00	14139.00
chr10	49633930	49634113	183	183	69.00	130.00	94.46	89.00	17286.00
chr16	84100093	84100218	125	125	105.00	139.00	125.62	127.00	15702.00
chr1	155207924	155208097	173	173	83.00	129.00	98.18	96.00	16985.00
chr12	2786898	2787033	135	135	15.00	35.00	21.81	20.00	2945.00
chr2	233755457	233756197	740	740	9.00	556.00	109.73	28.00	81197.00
chr14	60631894	60632099	205	205	45.00	163.00	115.84	131.00	23748.00
chr1	11151549	11151654	105	105	53.00	72.00	60.87	60.00	6391.00
chr4	134076071	134076178	107	107	161.00	231.00	210.28	214.00	22500.00
chr15	91420364	91420441	77	77	107.00	124.00	117.01	117.00	9010.00
chr5	114961533	114961755	222	222	8.00	30.00	21.02	20.00	4667.00
chr16	1814047	1814211	164	164	5.00	477.00	192.73	260.00	31607.00
chr18	44250463	44252581	2118	2118	11.00	118.00	55.03	53.00	116562.00
chr6	158049380	158049518	138	138	31.00	53.00	41.54	41.00	5733.00
chr19	7675585	7675679	94	94	38.00	51.00	43.39	42.00	4079.00
chr13	99461604	99461719	115	115	1.00	135.00	107.50	107.00	12362.00
chr11	130010829	130011467	638	638	5.00	1229.00	140.96	18.00	89930.00
chr11	107526658	107526792	134	134	205.00	294.00	242.49	237.00	32494.00
chr16	1391294	1391490	196	196	88.00	140.00	108.72	108.00	21309.00
chr1	38182716	38184158	1442	1442	13.00	114.00	50.77	47.00	73211.00
chr5	179231023	179231323	300	300	6.00	18.00	10.83	12.00	3250.00
chr14	69814593	69814719	126	126	74.00	100.00	89.00	91.00	11214.00
chr14	69349174	69349309	135	135	115.00	178.00	153.82	157.00	20766.00
chr19	7614792	7614998	206	206	102.00	157.00	137.00	141.00	28222.00
chr1	228270375	228270466	91	91	1.00	1133.00	358.86	167.00	32656.00
chr1	38186022	38186315	293	293	12.00	50.00	32.38	34.00	9487.00
chr13	77641715	77641999	284	284	154.00	250.00	197.08	194.00	55971.00
chr14	100157417	100157498	81	81	88.00	192.00	129.89	117.00	10521.00
chr13	32978280	32979333	1053	1053	6.00	69.00	25.68	23.00	27039.00
chr12	7301567	7301794	227	227	404.00	633.00	521.53	519.00	118387.00
chr9	123583116	123583257	141	141	32.00	44.00	37.71	38.00	5317.00
chr17	26883183	26883284	101	101	63.00	104.00	77.07	73.00	7784.00
chr12	6972993	6973137	144	144	203.00	267.00	226.23	222.00	32577.00
chr20	34322310	34322637	327	327	3.00	14.00	8.29	8.00	2712.00
chr19	7606407	7606570	163	163	70.00	135.00	99.83	101.00	16273.00
chr16	2333186	2333373	187	187	5.00	262.00	182.17	210.00	34066.00
chr12	113825548	113825711	163	163	63.00	136.00	96.55	93.00	15737.00
chr7	4802013	4807749	5736	5736	8.00	141.00	42.86	40.00	245843.00
chr1	43394880	43394985	105	105	150.00	225.00	191.08	201.00	20063.00
chr19	4554399	4554488	89	89	269.00	376.00	336.36	343.00	29936.00
chr16	31719139	31719372	233	233	4.00	11.00	7.61	8.00	1772.00
chr5	134060669	134061744	1075	1075	7.00	24.00	15.04	15.00	16171.00
chr1	202936318	202936371	53	53	6.00	117.00	67.38	94.00	3571.00
chr2	220087366	220087615	249	249	126.00	172.00	150.03	152.00	37357.00
chr2	36764494	36764689	195	195	37.00	71.00	52.59	54.00	10255.00
chr7	43519208	43519343	135	135	88.00	146.00	115.69	109.00	15618.00
chr10	51249585	51249993	408	408	0.00	16.00	6.89	6.00	2812.00
chr6	32123647	32123755	108	108	83.00	113.00	93.69	92.00	10118.00
chr3	118624442	118624692	250	250	1.00	40.00	17.80	3.00	4450.00
chr1	190129797	190130020	223	223	21.00	34.00	27.96	28.00	6235.00
chr9	131004491	131004624	133	133	6.00	2071.00	1590.31	1852.00	211511.00
chr22	33679187	33679334	147	147	104.00	146.00	126.89	128.00	18653.00
chr15	74709931	74710016	85	85	80.00	158.00	108.26	92.00	9202.00
chr7	6470110	6470238	128	128	17.00	31.00	23.16	24.00	2965.00
chr1	6640600	6641359	759	759	7.00	34.00	16.58	15.00	12581.00
chr16	31510622	31510728	106	106	151.00	175.00	161.52	160.50	17121.00
chr4	103710287	103711803	1516	1516	5.00	29.00	16.08	16.00	24379.00
chr19	2862339	2862746	407	407	4.00	15.00	10.36	11.00	4217.00
chr2	15467873	15467994	121	121	26.00	39.00	33.12	33.00	4007.00
chr2	36780721	36781492	771	771	3.00	22.00	9.21	9.00	7099.00
chr10	81070680	81070941	261	261	27.00	67.00	41.05	38.00	10714.00
chr2	217234866	217235986	1120	1120	13.00	73.00	34.57	32.00	38720.00
chr10	93786348	93786508	160	160	25.00	65.00	44.62	47.00	7140.00
chr17	20268785	20269076	291	291	1.00	8.00	4.29	4.00	1249.00
chr9	131002006	131002062	56	56	2.00	2280.00	2008.75	2156.00	112490.00
chr1	155208307	155208441	134	134	112.00	155.00	135.15	141.00	18110.00
chr2	162833877	162834373	496	496	2.00	316.00	31.28	9.00	15513.00
chr9	35799614	35799728	114	114	26.00	36.00	29.66	29.00	3381.00
chr20	62517856	62519234	1378	1378	8.00	151.00	38.91	35.00	53612.00
chr22	35942847	35943127	280	280	56.00	226.00	158.03	169.00	44247.00
chr13	26436438	26436546	108	108	33.00	47.00	38.36	38.00	4143.00
chr14	69371371	69371453	82	82	99.00	158.00	130.98	126.00	10740.00
chr7	44031274	44031581	307	307	5.00	58.00	25.14	26.00	7717.00
chr11	12274988	12275291	303	303	4.00	33.00	20.67	22.00	6263.00
chr5	1334403	1334498	95	95	81.00	108.00	98.11	99.00	9320.00
chr19	34868639	34868786	147	147	1279.00	1732.00	1417.44	1381.00	208364.00
chr16	1815960	1816143	183	183	284.00	386.00	339.23	337.00	62080.00
chr10	73578787	73578868	81	81	2218.00	2826.00	2524.25	2521.00	204464.00
chr17	37420427	37420640	213	213	12.00	28.00	20.84	21.00	4438.00
chr5	60835422	60835586	164	164	13.00	29.00	19.33	17.00	3170.00
chr15	79296143	79296517	374	374	149.00	264.00	198.40	193.00	74203.00
chr19	13039568	13039661	93	93	380.00	557.00	469.87	480.00	43698.00
chr12	49421585	49421713	128	128	49.00	102.00	84.91	93.00	10868.00
chr1	1661057	1662583	1526	1526	6.00	158.00	60.96	45.00	93027.00
chr2	207457340	207457460	120	120	245.00	335.00	275.46	272.00	33055.00
chr11	64542462	64543441	979	979	4.00	31.00	12.49	12.00	12225.00
chr20	61910250	61910347	97	97	102.00	124.00	115.23	116.00	11177.00
chr11	62394042	62394156	114	114	151.00	197.00	172.67	171.50	19684.00
chr5	37301538	37301652	114	114	16.00	28.00	22.54	22.00	2569.00
chr16	4733843	4733933	90	90	133.00	166.00	155.48	157.00	13993.00
chr15	43693913	43694048	135	135	29.00	68.00	47.56	48.00	6421.00
chr11	18764538	18764622	84	84	151.00	201.00	178.38	182.00	14984.00
chr17	57842331	57842499	168	168	81.00	116.00	92.57	93.00	15552.00
chr9	96076729	96078064	1335	1335	5.00	41.00	21.61	21.00	28850.00
chr11	12246219	12246367	148	148	169.00	264.00	227.20	242.00	33625.00
chr12	7030743	7031565	822	822	10.00	2991.00	1023.57	25.00	841377.00
chr3	14523178	14523349	171	171	20.00	35.00	29.01	29.00	4961.00
chr5	758508	759483	975	975	3.00	19.00	9.16	9.00	8927.00
chr12	22635490	22635677	187	187	44.00	58.00	49.79	50.00	9311.00
chr5	14479369	14479459	90	90	97.00	124.00	109.54	110.00	9859.00
chr6	143655214	143656079	865	865	2.00	13.00	6.61	7.00	5720.00
chr7	75508360	75508578	218	218	14.00	601.00	429.32	532.00	93592.00
chr11	60697981	60698131	150	150	163.00	253.00	196.85	187.00	29528.00
chr1	151400598	151400889	291	291	50.00	124.00	86.15	87.00	25071.00
chr5	172196431	172197309	878	878	17.00	246.00	86.06	42.00	75558.00
chr3	49152660	49152794	134	134	37.00	69.00	49.49	49.00	6631.00
chr7	5518281	5519950	1669	1669	19.00	95.00	55.10	53.00	91966.00
chr17	16691106	16691449	343	343	0.00	31.00	12.31	11.00	4222.00
chr2	220086993	220087172	179	179	135.00	185.00	158.26	162.00	28328.00
chr10	51746916	51748006	1090	1090	2.00	75.00	24.50	19.00	26708.00
chr12	7302118	7302289	171	171	533.00	678.00	609.80	613.00	104275.00
chr11	59562844	59562955	111	111	21.00	52.00	39.12	45.00	4342.00
chr12	6100984	6101184	200	200	15.00	47.00	28.51	29.00	5702.00
chr19	5683274	5683627	353	353	6.00	16.00	11.12	11.00	3925.00
chr12	2786259	2786387	128	128	22.00	50.00	35.61	34.50	4558.00
chr15	26812727	26812880	153	153	100.00	217.00	140.42	139.00	21485.00
chr1	149007980	149008798	818	818	0.00	25.00	8.63	6.00	7060.00
chr19	54965608	54965861	253	253	33.00	146.00	81.22	78.00	20549.00
chr8	27293259	27293310	51	51	252.00	299.00	276.92	275.00	14123.00
chr15	23014437	23014528	91	91	68.00	103.00	85.56	84.00	7786.00
chr1	111717500	111717585	85	85	38.00	78.00	59.87	59.00	5089.00
chr6	150157220	150157433	213	213	120.00	169.00	153.01	154.00	32591.00
chr13	114566547	114566670	123	123	30.00	118.00	71.72	66.00	8822.00
chr16	58539291	58539605	314	314	6.00	45.00	29.80	31.00	9356.00
chr1	21936612	21936768	156	156	195.00	692.00	387.36	376.00	60428.00
chr1	17322880	17322991	111	111	205.00	366.00	289.23	310.00	32105.00
chr11	60699455	60699599	144	144	215.00	361.00	288.23	290.50	41505.00
chr5	6749669	6749770	101	101	37.00	48.00	43.43	44.00	4386.00
chr16	2156805	2156949	144	144	106.00	189.00	131.58	123.00	18948.00
chr15	34690834	34690930	96	96	53.00	118.00	92.03	97.00	8835.00
chr3	11074933	11075425	492	492	6.00	595.00	114.24	22.00	56204.00
chr5	74655222	74655381	159	159	88.00	151.00	115.38	107.00	18345.00
chr20	20022968	20023160	192	192	36.00	62.00	48.81	49.00	9372.00
chr2	39055481	39055578	97	97	21.00	29.00	25.55	26.00	2478.00
chr19	16793231	16793528	297	297	8.00	219.00	66.90	12.00	19868.00
chr2	219205450	219205509	59	59	107.00	119.00	111.73	111.00	6592.00
chr17	74087429	74087729	300	300	12.00	24.00	18.74	19.00	5621.00
chr3	184058150	184060036	1886	1886	6.00	436.00	81.37	30.00	153461.00
chr6	90333128	90333263	135	135	30.00	47.00	41.21	43.00	5563.00
chr12	125267019	125267429	410	410	13.00	48.00	26.97	22.00	11058.00
chr1	207942580	207943104	524	524	6.00	68.00	36.60	36.00	19176.00
chr4	89356876	89357043	167	167	22.00	40.00	31.49	32.00	5258.00
chr7	101995498	101995736	238	238	11.00	18.00	13.87	14.00	3302.00
chr3	11067458	11067562	104	104	488.00	703.00	604.18	603.50	62835.00
chr5	95734582	95734740	158	158	68.00	87.00	78.89	79.00	12464.00
chr6	152529106	152529341	235	235	107.00	177.00	141.34	143.00	33214.00
chr5	102295578	102295763	185	185	105.00	158.00	141.37	146.00	26153.00
chr22	21072980	21073110	130	130	647.00	1009.00	830.73	868.50	107995.00
chr12	121855306	121855714	408	408	50.00	130.00	81.84	81.00	33389.00
chr1	160326389	160326544	155	155	64.00	93.00	81.86	82.00	12689.00
chr11	60670930	60671007	77	77	271.00	315.00	290.60	291.00	22376.00
chr17	79804822	79804948	126	126	227.00	360.00	302.37	309.00	38098.00
chr16	18527204	18527332	128	128	516.00	655.00	586.41	592.00	75061.00
chr16	16372518	16372646	128	128	540.00	700.00	625.92	625.00	80118.00
chr2	32750530	32750695	165	165	28.00	42.00	35.22	35.00	5812.00
chr14	69369193	69369279	86	86	130.00	195.00	159.51	162.00	13718.00
chr7	66418212	66418356	144	144	102.00	158.00	126.92	127.00	18276.00
chr6	44107988	44108097	109	109	92.00	116.00	103.89	104.00	11324.00
chr7	70885893	70886091	198	198	239.00	560.00	353.44	286.00	69982.00
chr8	27295281	27295397	116	116	241.00	309.00	270.34	267.00	31359.00
chr7	73122918	73123018	100	100	927.00	1112.00	999.05	999.00	99905.00
chr15	34698874	34699071	197	197	75.00	113.00	91.44	93.00	18014.00
chr8	22009343	22009513	170	170	148.00	300.00	217.18	211.50	36920.00
chr7	1526557	1526737	180	180	52.00	154.00	101.64	109.50	18295.00
chr5	178053946	178054065	119	119	5.00	112.00	52.76	48.00	6278.00
chr12	6103027	6103369	342	342	16.00	44.00	29.03	28.00	9928.00
chr2	3479491	3480482	991	991	4.00	19.00	11.47	12.00	11362.00
chr3	33883388	33883566	178	178	61.00	103.00	80.96	81.00	14410.00
chr19	11019778	11019883	105	105	110.00	178.00	147.09	156.00	15444.00
chr7	98446205	98446318	113	113	886.00	1773.00	1359.73	1315.00	153649.00
chr8	106813274	106813932	658	658	8.00	25.00	15.47	15.00	10182.00
chr2	223795338	223795530	192	192	275.00	366.00	308.47	300.00	59227.00
chr7	75511146	75511554	408	408	347.00	838.00	596.68	626.00	243444.00
chr21	40184926	40185038	112	112	84.00	172.00	138.53	154.00	15515.00
chr19	53383575	53385236	1661	1661	5.00	24.00	12.80	13.00	21268.00
chr19	14208130	14208295	165	165	9.00	421.00	261.75	320.00	43188.00
chr15	91461013	91461618	605	605	10.00	249.00	80.18	18.00	48509.00
chr8	145278010	145278133	123	123	43.00	68.00	58.84	61.00	7237.00
chr16	28132990	28133083	93	93	91.00	143.00	119.31	121.00	11096.00
chr11	125280091	125280221	130	130	87.00	120.00	98.86	96.00	12852.00
chr15	63128089	63128317	228	228	27.00	157.00	109.08	124.00	24870.00
chr9	131181435	131181557	122	122	11.00	170.00	137.05	143.00	16720.00
chr19	3281196	3281343	147	147	195.00	253.00	217.49	213.00	31971.00
chr11	6240200	6240280	80	80	33.00	53.00	41.50	40.00	3320.00
chr20	31019123	31019287	164	164	21.00	39.00	28.90	29.00	4739.00
chr6	46825865	46827260	1395	1395	16.00	65.00	44.27	46.00	61756.00
chr12	1672006	1672666	660	660	9.00	44.00	20.64	17.00	13625.00
chr12	9098824	9099001	177	177	127.00	172.00	150.71	151.00	26676.00
chr7	121738503	121738630	127	127	17.00	23.00	19.74	20.00	2507.00
chr19	40875814	40875935	121	121	683.00	905.00	775.13	771.00	93791.00
chr20	3581592	3581671	79	79	81.00	108.00	94.38	93.00	7456.00
chr17	7226965	7227042	77	77	70.00	92.00	80.75	80.00	6218.00
chr2	74331800	74332809	1009	1009	5.00	29.00	17.62	18.00	17774.00
chr1	209785136	209785610	474	474	8.00	192.00	130.48	153.00	61849.00
chr9	35546426	35548532	2106	2106	91.00	252.00	147.06	146.00	309716.00
chr17	80040198	80040290	92	92	279.00	338.00	311.88	316.00	28693.00
chr11	73074791	73075284	493	493	9.00	187.00	61.98	17.00	30556.00
chr20	44674976	44675075	99	99	284.00	350.00	312.09	304.00	30897.00
chr20	5892091	5892328	237	237	37.00	268.00	175.27	210.00	41539.00
chr17	20316581	20317594	1013	1013	1.00	21.00	8.86	8.00	8972.00
chr12	99478702	99478801	99	99	105.00	144.00	121.34	116.00	12013.00
chr17	40842756	40842960	204	204	313.00	475.00	396.48	385.50	80881.00
chr11	107501142	107501288	146	146	152.00	220.00	190.47	189.00	27809.00
chr11	85429236	85429532	296	296	1.00	17.00	9.44	8.00	2794.00
chr20	9449217	9449319	102	102	28.00	37.00	32.56	33.00	3321.00
chr14	23371395	23371591	196	196	70.00	120.00	97.67	100.50	19143.00
chr7	716865	716957	92	92	1158.00	1614.00	1486.05	1493.00	136717.00
chr10	48862360	48862682	322	322	0.00	177.00	105.61	140.00	34007.00
chr10	68686678	68688210	1532	1532	16.00	96.00	44.73	42.00	68520.00
chr5	179674854	179674926	72	72	217.00	260.00	236.31	237.00	17014.00
chr1	209773327	209773456	129	129	110.00	161.00	141.91	150.00	18306.00
chr17	45691034	45691091	57	57	226.00	288.00	257.65	259.00	14686.00
chr1	19669871	19670118	247	247	18.00	42.00	27.64	25.00	6826.00
chr17	45664025	45664710	685	685	7.00	235.00	48.89	29.00	33492.00
chr19	2337634	2338840	1206	1206	7.00	65.00	23.77	21.00	28669.00
chr8	22011480	22011552	72	72	270.00	329.00	298.92	296.50	21522.00
