#chrom	start	end	size	num_data	min	max	mean	median	sum
chr12	1940100	1940691	591	591	25.00	59.00	42.19	43.00	24937.00
chr1	27480473	27481381	908	908	19.00	50.00	33.81	33.00	30703.00
chr15	63112684	63112809	125	125	132.00	194.00	162.23	165.00	20279.00
chr5	149231737	149232254	517	517	5.00	16.00	9.62	10.00	4976.00
chr5	140865429	140867182	1753	1753	3.00	38.00	16.24	16.00	28460.00
chr1	32209793	32209958	165	165	180.00	351.00	260.15	259.00	42925.00
chr16	87873307	87873431	124	124	150.00	267.00	197.44	198.50	24483.00
chr17	34157438	34158175	737	737	5.00	16.00	11.61	12.00	8553.00
chr2	127815619	127816088	469	469	13.00	70.00	37.47	32.00	17573.00
chr1	208212965	208213112	147	147	62.00	88.00	75.60	75.00	11113.00
chr22	19703883	19704666	783	783	7.00	41.00	24.02	23.00	18807.00
chr16	87872319	87872423	104	104	177.00	278.00	229.98	224.50	23918.00
chr9	140055740	140055868	128	128	1016.00	1169.00	1084.35	1083.00	138797.00
chr22	21096515	21096643	128	128	376.00	519.00	423.18	411.00	54167.00
chr9	140056321	140056540	219	219	7.00	1929.00	1157.28	1387.00	253445.00
chr11	78379981	78380253	272	272	7.00	21.00	13.19	13.00	3588.00
chr3	11070420	11070533	113	113	393.00	468.00	437.35	437.00	49421.00
chr1	109812554	109813222	668	668	1.00	447.00	173.77	182.00	116079.00
chr2	220161954	220162155	201	201	488.00	736.00	630.19	638.00	126668.00
chr15	74706887	74707086	199	199	58.00	89.00	76.05	77.00	15134.00
chr17	7318829	7319426	597	597	196.00	433.00	303.74	293.00	181331.00
chr1	21560050	21560154	104	104	70.00	95.00	83.44	81.00	8678.00
chr1	25573799	25573952	153	153	13.00	334.00	222.55	240.00	34050.00
chr14	93198993	93199160	167	167	77.00	108.00	90.40	87.00	15097.00
chr1	205554003	205554119	116	116	125.00	216.00	166.49	164.00	19313.00
chr1	9795005	9795232	227	227	1099.00	1635.00	1383.55	1393.00	314065.00
chr17	42426525	42426670	145	145	60.00	113.00	91.44	93.00	13259.00
chr18	70205887	70206179	292	292	9.00	186.00	74.98	18.00	21895.00
chr1	205553082	205553251	169	169	206.00	256.00	230.77	230.00	39000.00
chr9	140056623	140056766	143	143	11.00	1329.00	822.76	959.00	117655.00
chr6	33412147	33412394	247	247	1.00	432.00	220.07	280.00	54357.00
chr12	89992366	89992547	181	181	4.00	480.00	334.82	377.00	60602.00
chr2	220088827	220089576	749	749	76.00	175.00	118.88	117.00	89043.00
chr14	100763073	100765222	2149	2149	16.00	146.00	62.48	62.00	134269.00
chr1	110740697	110742543	1846	1846	2.00	521.00	340.09	351.50	627815.00
chr1	149878201	149879758	1557	1557	8.00	705.00	178.78	27.00	278359.00
chr3	197264139	197265259	1120	1120	6.00	23.00	14.64	15.00	16392.00
chr8	56449623	56450530	907	907	3.00	28.00	13.58	13.00	12314.00
chr9	139354208	139354326	118	118	43.00	69.00	52.88	50.00	6240.00
chr1	32204908	32205236	328	328	441.00	811.00	636.55	644.00	208789.00
chr7	75608768	75608897	129	129	125.00	161.00	140.55	139.00	18131.00
chr19	45161029	45161178	149	149	40.00	62.00	49.97	49.00	7445.00
chr19	5243911	5244493	582	582	73.00	202.00	120.61	105.00	70196.00
chr6	32119585	32119717	132	132	9.00	592.00	289.86	261.50	38262.00
chr3	42670878	42672067	1189	1189	0.00	37.00	12.89	10.00	15326.00
chr11	45892392	45892485	93	93	134.00	203.00	166.24	169.00	15460.00
chr17	80040789	80040991	202	202	328.00	440.00	376.78	374.50	76110.00
chr2	74902875	74903036	161	161	57.00	75.00	66.11	66.00	10643.00
chr17	38335969	38337946	1977	1977	3.00	156.00	21.19	15.00	41884.00
chr16	87870103	87870253	150	150	173.00	265.00	196.60	184.00	29490.00
chr1	32205947	32206142	195	195	376.00	510.00	438.91	439.00	85587.00
chr6	44117553	44117702	149	149	15.00	259.00	164.21	198.00	24468.00
chr1	159163659	159163830	171	171	673.00	840.00	751.75	751.00	128549.00
chr3	445565	446023	458	458	1.00	14.00	8.62	9.00	3950.00
chr2	25048913	25048995	82	82	104.00	139.00	124.33	123.00	10195.00
chr10	99504485	99504672	187	187	51.00	104.00	67.86	65.00	12690.00
chr4	54364807	54365010	203	203	49.00	116.00	73.62	70.00	14944.00
chr17	1634367	1634552	185	185	32.00	72.00	51.26	52.00	9484.00
chr7	72416124	72416247	123	123	82.00	94.00	87.24	87.00	10730.00
chr1	208212169	208212329	160	160	65.00	90.00	77.72	77.00	12435.00
chr9	140952500	140952702	202	202	45.00	73.00	56.06	54.00	11324.00
chr6	44197325	44197528	203	203	30.00	56.00	45.06	47.00	9148.00
chr6	44197643	44198218	575	575	12.00	63.00	31.10	32.00	17885.00
chr11	118981972	118982084	112	112	141.00	242.00	181.67	174.00	20347.00
chr5	150503846	150503952	106	106	8.00	1355.00	974.22	1239.50	103267.00
chr11	118981761	118981878	117	117	237.00	305.00	266.37	265.00	31165.00
chr11	126314873	126315000	127	127	62.00	90.00	74.17	75.00	9420.00
chr1	159165808	159166244	436	436	8.00	826.00	160.14	20.00	69820.00
chr7	134893542	134893750	208	208	15.00	45.00	24.47	22.00	5090.00
chr9	121976196	121976433	237	237	153.00	379.00	262.27	279.00	62157.00
chr19	54691042	54691169	127	127	214.00	429.00	308.99	295.00	39242.00
chr22	38621430	38621600	170	170	173.00	462.00	313.24	316.00	53251.00
chr13	42035681	42036205	524	524	13.00	32.00	23.66	24.00	12397.00
chr20	1915360	1915413	53	53	27.00	1528.00	1074.30	1355.00	56938.00
chr5	14496987	14497126	139	139	99.00	200.00	142.60	135.00	19821.00
chr12	56528125	56528212	87	87	49.00	66.00	58.06	58.00	5051.00
chr3	47466974	47467101	127	127	102.00	124.00	113.85	114.00	14459.00
chr17	7415476	7415663	187	187	115.00	150.00	133.97	135.00	25053.00
chr3	33588037	33589252	1215	1215	3.00	23.00	11.20	11.00	13611.00
chr7	887833	888615	782	782	11.00	49.00	25.55	23.00	19980.00
chr10	24813251	24813693	442	442	18.00	81.00	49.45	53.00	21857.00
chr1	109812045	109812213	168	168	187.00	377.00	269.45	242.00	45267.00
chr19	15276597	15276902	305	305	84.00	129.00	105.64	104.00	32221.00
chr16	2334779	2334999	220	220	112.00	228.00	169.43	162.00	37275.00
chr16	68404761	68405261	500	500	26.00	45.00	35.96	36.00	17982.00
chr4	110969111	110969871	760	760	9.00	54.00	27.96	29.00	21246.00
chr1	145693161	145693996	835	835	9.00	81.00	32.05	26.00	26758.00
chr7	44282848	44282932	84	84	267.00	384.00	307.10	299.50	25796.00
chr2	220164315	220164508	193	193	17.00	370.00	170.80	31.00	32965.00
chr12	50472203	50472360	157	157	56.00	88.00	72.02	71.00	11307.00
chr2	220163768	220163833	65	65	336.00	402.00	366.14	359.00	23799.00
chr2	222289928	222290862	934	934	52.00	143.00	109.14	109.00	101935.00
chr12	57599133	57599268	135	135	412.00	588.00	480.35	480.00	64847.00
chr7	157475416	157475629	213	213	221.00	339.00	277.24	286.00	59052.00
chr1	32203800	32203927	127	127	391.00	691.00	535.13	575.00	67961.00
chr1	109811731	109811912	181	181	250.00	449.00	371.88	382.00	67311.00
chr9	140052830	140052975	145	145	734.00	1542.00	1193.55	1247.00	173065.00
chr2	220161706	220161854	148	148	553.00	1043.00	793.17	814.00	117389.00
chr16	29896906	29897070	164	164	311.00	506.00	412.88	422.00	67712.00
chr16	47143393	47143622	229	229	35.00	74.00	53.74	50.00	12307.00
chr11	993753	993985	232	232	175.00	317.00	230.85	209.00	53558.00
chr9	124059698	124061137	1439	1439	6.00	53.00	24.34	23.00	35021.00
chr9	140350140	140350634	494	494	16.00	83.00	47.34	43.00	23388.00
chr11	14504577	14504697	120	120	57.00	89.00	68.62	65.00	8235.00
chr3	49898612	49898733	121	121	369.00	601.00	481.85	474.00	58304.00
chr9	131811659	131811777	118	118	43.00	71.00	55.54	50.00	6554.00
chr9	131810705	131810818	113	113	57.00	84.00	71.12	72.00	8037.00
chr1	223400935	223401080	145	145	91.00	158.00	128.06	132.00	18568.00
chr12	125612185	125612820	635	635	2.00	128.00	24.13	10.00	15323.00
chr2	220088590	220088744	154	154	141.00	187.00	166.69	167.00	25671.00
chr9	70888487	70888750	263	263	1.00	20.00	10.69	13.00	2811.00
chr14	69813756	69813898	142	142	119.00	218.00	154.93	144.00	22000.00
chr2	47399145	47399890	745	745	10.00	356.00	48.80	41.00	36356.00
chr11	62688689	62689041	352	352	2.00	104.00	27.37	9.00	9633.00
chr6	43745205	43745407	202	202	12.00	147.00	124.07	126.00	25063.00
chr3	11072492	11072997	505	505	9.00	634.00	145.80	47.00	73627.00
chr7	2696031	2696168	137	137	261.00	433.00	364.75	370.00	49971.00
chr16	14969196	14969279	83	83	319.00	546.00	456.99	493.00	37930.00
chr17	7377847	7378026	179	179	6.00	19.00	12.07	12.00	2160.00
chr12	65639640	65639719	79	79	51.00	108.00	77.48	73.00	6121.00
chr12	50294912	50295108	196	196	700.00	1417.00	929.47	862.50	182176.00
chr19	42485653	42485788	135	135	1125.00	1833.00	1533.21	1543.00	206984.00
chr10	99509230	99509343	113	113	58.00	158.00	94.26	91.00	10651.00
chr22	38883877	38888120	4243	4243	60.00	928.00	323.61	311.00	1373068.00
chr12	49416372	49416658	286	286	58.00	130.00	87.35	83.00	24981.00
chr6	24843089	24843782	693	693	18.00	45.00	34.05	34.00	23600.00
chr5	176295561	176295665	104	104	172.00	222.00	192.45	192.00	20015.00
chr10	99510087	99510227	140	140	119.00	159.00	140.81	143.00	19713.00
chr1	159173658	159174770	1112	1112	13.00	122.00	48.60	41.00	54045.00
chr11	1780745	1780869	124	124	1026.00	1363.00	1181.85	1174.00	146549.00
chr19	42486059	42486258	199	199	782.00	1202.00	991.11	1002.00	197231.00
chr3	47465422	47465535	113	113	113.00	187.00	134.36	128.00	15183.00
chr1	21573713	21573856	143	143	58.00	90.00	74.70	75.00	10682.00
chr11	65320330	65320453	123	123	149.00	229.00	204.19	208.00	25115.00
chr3	47462420	47462519	99	99	165.00	213.00	191.54	197.00	18962.00
chr2	219204751	219204864	113	113	75.00	94.00	83.53	82.00	9439.00
chr1	43906123	43906257	134	134	20.00	27.00	23.03	23.00	3086.00
chr7	38785158	38785840	682	682	11.00	175.00	32.49	20.00	22161.00
chr2	153499932	153500058	126	126	82.00	109.00	94.49	93.50	11906.00
chr1	32203011	32203132	121	121	0.00	553.00	387.98	442.00	46946.00
chr22	42290823	42290941	118	118	404.00	602.00	512.63	521.50	60490.00
chr19	47940718	47940818	100	100	365.00	549.00	430.88	426.00	43088.00
chr4	119539150	119539274	124	124	17.00	66.00	43.45	46.50	5388.00
chr17	44117067	44117250	183	183	47.00	72.00	55.68	54.00	10189.00
chr19	42485873	42485983	110	110	743.00	1123.00	899.88	890.00	98987.00
chr6	44114583	44114664	81	81	104.00	152.00	121.30	115.00	9825.00
chr19	47941105	47941292	187	187	12.00	588.00	333.98	427.00	62454.00
chr11	73074250	73074500	250	250	113.00	184.00	145.94	151.00	36484.00
chr3	33418764	33418825	61	61	142.00	230.00	181.82	187.00	11091.00
chr1	700258	700505	247	247	13.00	129.00	49.88	32.00	12320.00
chr9	74319510	74319719	209	209	27.00	55.00	41.55	43.00	8684.00
chr16	2336694	2336968	274	274	146.00	466.00	295.03	294.00	80838.00
chr20	3575125	3575219	94	94	66.00	87.00	77.17	77.00	7254.00
chr9	139231377	139231529	152	152	65.00	119.00	93.14	98.00	14157.00
chr5	140515951	140516498	547	547	12.00	44.00	26.82	26.00	14671.00
chr1	21938208	21938309	101	101	352.00	445.00	398.38	400.00	40236.00
chr3	155659188	155659936	748	748	6.00	79.00	44.96	47.00	33632.00
chr16	27483068	27483241	173	173	102.00	151.00	126.88	127.00	21951.00
chr11	994071	994245	174	174	130.00	226.00	194.83	198.00	33900.00
chr7	71175745	71175913	168	168	285.00	433.00	364.35	369.50	61211.00
chr12	121204065	121204175	110	110	109.00	141.00	122.30	123.00	13453.00
chr7	73118679	73118753	74	74	737.00	950.00	806.46	801.00	59678.00
chr9	140972565	140972710	145	145	42.00	69.00	57.37	59.00	8319.00
chr12	121683329	121684024	695	695	5.00	38.00	23.77	23.00	16522.00
chr16	74493579	74493687	108	108	109.00	189.00	149.32	152.00	16127.00
chr2	36771518	36771641	123	123	98.00	220.00	153.01	141.00	18820.00
chr7	94187181	94187996	815	815	0.00	20.00	9.95	10.00	8106.00
chr14	94156951	94157239	288	288	8.00	23.00	16.42	18.00	4729.00
chr7	121739000	121739524	524	524	3.00	15.00	9.28	9.00	4864.00
chr1	19549117	19549328	211	211	76.00	106.00	89.44	90.00	18872.00
chr19	5214571	5214747	176	176	168.00	452.00	249.01	230.00	43825.00
chr19	42557753	42557861	108	108	164.00	209.00	181.94	180.00	19650.00
chr15	102510686	102510925	239	239	4.00	47.00	27.36	29.00	6539.00
chr5	167673761	167675376	1615	1615	17.00	89.00	47.66	45.00	76975.00
chr7	44282158	44282253	95	95	407.00	752.00	587.86	582.00	55847.00
chr2	160621061	160621717	656	656	7.00	120.00	27.53	21.00	18057.00
chr5	10426501	10426634	133	133	126.00	211.00	164.12	167.00	21828.00
chr16	1814301	1814460	159	159	547.00	762.00	662.13	674.00	105278.00
chr11	21581734	21581928	194	194	45.00	73.00	58.11	59.00	11273.00
chr3	126749085	126749255	170	170	135.00	203.00	167.75	169.50	28518.00
chr11	12237765	12237866	101	101	218.00	329.00	271.83	272.00	27455.00
chr6	31750872	31750963	91	91	54.00	70.00	61.79	62.00	5623.00
chr3	53124201	53124398	197	197	6.00	17.00	11.72	12.00	2308.00
chr2	220161470	220161544	74	74	863.00	1004.00	936.58	939.50	69307.00
chr2	128951046	128951785	739	739	5.00	68.00	35.10	36.00	25937.00
chr5	24535811	24535931	120	120	60.00	90.00	73.76	74.00	8851.00
chr1	44083406	44083582	176	176	218.00	419.00	309.39	300.00	54453.00
chr1	32207653	32207818	165	165	215.00	388.00	296.02	294.00	48844.00
chr12	7293754	7294000	246	246	26.00	730.00	403.83	517.00	99341.00
chr3	131442289	131442469	180	180	65.00	95.00	77.55	76.00	13959.00
chr3	49898871	49899298	427	427	29.00	667.00	260.81	340.00	111365.00
chr16	66432358	66432464	106	106	33.00	63.00	44.93	39.00	4763.00
chr1	20982593	20982680	87	87	197.00	252.00	224.63	221.00	19543.00
chr16	68398653	68398809	156	156	30.00	46.00	37.79	37.00	5896.00
chr17	16676818	16678279	1461	1461	5.00	39.00	18.94	19.00	27677.00
chr1	109814899	109815027	128	128	253.00	394.00	320.37	314.50	41007.00
chr1	21940478	21940582	104	104	445.00	554.00	499.56	494.50	51954.00
chr20	57468284	57468793	509	509	3.00	20.00	10.79	11.00	5493.00
chr3	127358087	127358366	279	279	129.00	385.00	270.84	261.00	75565.00
chr3	126735359	126735527	168	168	61.00	89.00	77.12	77.00	12957.00
chr10	103869140	103869264	124	124	221.00	344.00	286.34	304.00	35506.00
chr20	44520554	44520666	112	112	127.00	204.00	162.50	155.00	18200.00
chr1	32203252	32203356	104	104	378.00	511.00	441.85	435.00	45952.00
chr21	40186196	40186316	120	120	118.00	139.00	127.54	127.00	15305.00
chr5	111067153	111068349	1196	1196	7.00	64.00	33.23	33.00	39739.00
chr9	128002954	128003186	232	232	237.00	440.00	346.66	365.00	80424.00
chr1	43408896	43408992	96	96	223.00	287.00	254.94	254.00	24474.00
chr3	47463931	47464026	95	95	163.00	204.00	187.41	189.00	17804.00
chr2	220161160	220161238	78	78	805.00	923.00	844.96	841.00	65907.00
chr11	62472772	62473089	317	317	653.00	1176.00	921.26	949.00	292040.00
chr9	130986341	130986906	565	565	12.00	397.00	91.20	21.00	51527.00
chr14	69358769	69359000	231	231	143.00	216.00	177.57	178.00	41019.00
chr11	64416205	64416379	174	174	120.00	158.00	141.18	141.00	24565.00
chr17	8398454	8398559	105	105	165.00	277.00	215.80	196.00	22659.00
chr12	53572943	53574193	1250	1250	5.00	62.00	30.41	29.00	38012.00
chr17	17696544	17701827	5283	5283	15.00	177.00	58.74	56.00	310322.00
chr8	11705187	11705331	144	144	642.00	1133.00	965.63	990.00	139051.00
chr19	54963829	54963931	102	102	288.00	369.00	319.17	313.50	32555.00
chr2	70451682	70456295	4613	4613	1.00	119.00	18.25	16.00	84193.00
chr11	118873959	118874169	210	210	17.00	26.00	22.21	23.00	4665.00
chr10	75548427	75548581	154	154	57.00	82.00	66.47	64.00	10236.00
chr6	33414351	33414563	212	212	326.00	547.00	473.15	486.00	100308.00
chr17	80042910	80043032	122	122	184.00	220.00	203.23	205.00	24794.00
chr11	11470290	11470483	193	193	43.00	103.00	67.17	61.00	12963.00
chr8	23294446	23294771	325	325	40.00	94.00	59.09	54.00	19205.00
chr1	116932060	116932663	603	603	5.00	1023.00	354.50	13.00	213765.00
chr15	83222627	83222741	114	114	58.00	76.00	67.03	66.00	7641.00
chr3	9841562	9841751	189	189	11.00	21.00	17.11	17.00	3234.00
chr1	116937731	116937907	176	176	711.00	1586.00	972.24	836.50	171114.00
chr16	87868019	87868197	178	178	190.00	259.00	218.51	210.00	38895.00
chr3	124209540	124209731	191	191	385.00	492.00	440.24	429.00	84086.00
chr7	71142195	71142291	96	96	302.00	378.00	341.57	348.00	32791.00
chr5	130497324	130497584	260	260	7.00	26.00	15.03	12.00	3909.00
chr13	100199238	100199358	120	120	188.00	240.00	214.15	217.00	25698.00
chr5	139943336	139943506	170	170	10.00	159.00	130.96	134.00	22263.00
chr17	74395529	74396002	473	473	43.00	140.00	94.37	97.00	44638.00
chr14	93179149	93179216	67	67	121.00	165.00	142.42	145.00	9542.00
chr4	160277004	160277310	306	306	40.00	212.00	134.94	143.00	41291.00
chr17	40666306	40666478	172	172	526.00	820.00	676.99	705.00	116443.00
chr15	34828065	34828207	142	142	12.00	179.00	134.30	145.00	19071.00
chr14	100165802	100165876	74	74	370.00	434.00	405.27	405.50	29990.00
chr22	20128089	20128231	142	142	10.00	138.00	75.49	92.00	10720.00
chr12	3392210	3394421	2211	2211	6.00	76.00	34.64	33.00	76597.00
chr17	16687866	16690667	2801	2801	1.00	117.00	24.78	22.00	69417.00
chr6	31664724	31664810	86	86	69.00	128.00	95.83	89.50	8241.00
chr6	30627512	30627611	99	99	25.00	40.00	33.01	33.00	3268.00
chr11	18752834	18755060	2226	2226	4.00	558.00	69.29	38.00	154245.00
chr12	109332602	109332731	129	129	166.00	235.00	201.51	205.00	25995.00
chr6	90072884	90073110	226	226	13.00	39.00	25.57	24.00	5779.00
chr16	2689371	2689711	340	340	0.00	3.00	1.18	1.00	400.00
chr1	20987373	20987484	111	111	152.00	206.00	184.09	183.00	20434.00
chr14	85985300	85986667	1367	1367	1.00	21.00	9.34	8.00	12774.00
chr13	32863769	32863880	111	111	92.00	118.00	103.88	102.00	11531.00
chr16	1510418	1510528	110	110	58.00	88.00	73.53	74.50	8088.00
chr19	54963269	54963444	175	175	351.00	439.00	397.38	402.00	69541.00
chr6	44224078	44224233	155	155	39.00	62.00	50.65	52.00	7850.00
chr20	3151172	3152285	1113	1113	2.00	50.00	29.65	34.00	33006.00
chr1	892273	892405	132	132	83.00	148.00	108.55	98.00	14328.00
chr16	90192167	90192724	557	557	1.00	26.00	16.58	19.00	9234.00
chr9	111663704	111663810	106	106	73.00	91.00	81.99	83.00	8691.00
chr6	44108764	44108835	71	71	99.00	145.00	119.00	121.00	8449.00
chr1	36028802	36029027	225	225	1047.00	2146.00	1667.27	1710.00	375136.00
chr11	66807259	66807674	415	415	3.00	118.00	84.86	91.00	35218.00
chr1	178426817	178427679	862	862	13.00	57.00	32.53	32.00	28043.00
chr19	42482302	42482478	176	176	1089.00	2118.00	1357.31	1251.00	238886.00
chr1	44084718	44084873	155	155	158.00	425.00	262.66	263.00	40713.00
chr1	109812315	109812442	127	127	213.00	392.00	295.91	309.00	37581.00
chr3	180324268	180324391	123	123	89.00	131.00	118.41	118.00	14565.00
chr15	63933668	63933842	174	174	71.00	96.00	83.09	84.00	14457.00
chr20	44521363	44521519	156	156	160.00	218.00	195.61	199.00	30515.00
chr3	33416779	33416910	131	131	93.00	164.00	118.55	108.00	15530.00
chr1	21934624	21934843	219	219	7.00	605.00	237.68	267.00	52052.00
chr14	69799801	69799886	85	85	77.00	94.00	84.12	84.00	7150.00
chr1	116936134	116936345	211	211	9.00	1038.00	839.80	902.00	177198.00
chr14	23634493	23634645	152	152	19.00	37.00	29.61	30.00	4500.00
chr16	1402538	1402947	409	409	7.00	25.00	17.11	18.00	6998.00
chr9	20331	25000	4669	4669	0.00	97.00	31.56	30.00	147336.00
chr17	43545574	43545959	385	385	15.00	39.00	24.90	25.00	9587.00
chr13	100201418	100201476	58	58	195.00	279.00	228.84	228.00	13273.00
chr15	41865505	41865665	160	160	239.00	563.00	374.82	394.00	59971.00
chr19	19641688	19642196	508	508	12.00	32.00	22.17	22.00	11264.00
chr11	134147593	134148159	566	566	5.00	21.00	10.58	10.00	5986.00
chr2	71656420	71657290	870	870	2.00	34.00	17.63	16.00	15337.00
chr7	97834775	97835016	241	241	69.00	121.00	95.51	98.00	23017.00
chr19	13363804	13363915	111	111	68.00	113.00	96.21	99.00	10679.00
chr18	31328383	31329011	628	628	4.00	22.00	12.86	13.00	8073.00
chr16	66431884	66432009	125	125	24.00	52.00	35.50	29.00	4437.00
chr19	47935155	47935702	547	547	2.00	992.00	319.97	327.00	175021.00
chr12	50291769	50291873	104	104	490.00	696.00	583.82	591.50	60717.00
chr11	1780198	1780317	119	119	558.00	1024.00	737.23	735.00	87730.00
chr15	65392626	65393167	541	541	8.00	46.00	20.44	17.00	11060.00
chr2	86397871	86397967	96	96	94.00	142.00	117.68	115.00	11297.00
chr7	97866087	97866233	146	146	55.00	102.00	80.45	90.00	11745.00
chr11	60687157	60687402	245	245	76.00	133.00	100.13	98.00	24531.00
chr21	43307700	43309453	1753	1753	9.00	48.00	27.73	26.00	48617.00
chr14	24619269	24619657	388	388	29.00	90.00	43.68	39.00	16947.00
chr11	65320634	65320727	93	93	87.00	141.00	108.47	108.00	10088.00
chr16	29891184	29891385	201	201	356.00	511.00	430.77	422.00	86585.00
chr1	32207224	32207326	102	102	606.00	767.00	674.98	682.50	68848.00
chr11	72300218	72300394	176	176	15.00	385.00	141.97	24.00	24986.00
chr17	7608878	7609038	160	160	23.00	96.00	55.96	59.50	8953.00
chr19	7607646	7607814	168	168	81.00	192.00	134.66	136.50	22623.00
chr19	54966129	54966271	142	142	170.00	278.00	236.82	252.50	33628.00
chr12	57995027	57995131	104	104	100.00	123.00	111.16	110.00	11561.00
chr1	27428875	27429049	174	174	56.00	92.00	73.53	74.00	12794.00
chr2	27688277	27688385	108	108	31.00	46.00	38.31	38.00	4137.00
chr16	2691449	2692254	805	805	0.00	18.00	3.80	3.00	3060.00
chr9	131503813	131503933	120	120	307.00	378.00	343.94	342.00	41273.00
chr16	2347766	2347922	156	156	129.00	186.00	158.54	158.00	24732.00
chr17	80039884	80040036	152	152	257.00	304.00	284.22	285.50	43201.00
chr1	32204432	32204538	106	106	546.00	676.00	606.23	604.00	64260.00
chr12	9242951	9243078	127	127	126.00	211.00	153.22	150.00	19459.00
chr3	49702661	49702751	90	90	133.00	177.00	154.76	154.50	13928.00
chr19	35820359	35820837	478	478	9.00	42.00	26.45	25.00	12643.00
chr1	201456762	201457615	853	853	15.00	60.00	33.03	31.00	28176.00
chr16	2334279	2334438	159	159	142.00	202.00	171.99	177.00	27346.00
chr10	73578373	73578481	108	108	2168.00	2729.00	2452.79	2418.50	264901.00
chr16	18530550	18530756	206	206	2.00	402.00	201.73	300.50	41557.00
chr16	16369094	16369300	206	206	2.00	410.00	205.51	304.50	42336.00
chr13	113975636	113975785	149	149	14.00	490.00	212.53	26.00	31667.00
chr11	119293822	119294227	405	405	11.00	3794.00	367.18	31.00	148708.00
chr5	150505962	150506041	79	79	808.00	1253.00	959.57	937.00	75806.00
chr22	44224939	44225078	139	139	536.00	628.00	593.86	595.00	82547.00
chr15	41865199	41865309	110	110	197.00	255.00	228.38	230.50	25122.00
chr17	25633807	25636298	2491	2491	7.00	514.00	192.20	209.00	478771.00
chr15	72495155	72495529	374	374	17.00	2522.00	888.62	37.00	332345.00
chr9	42540272	42542124	1852	1852	0.00	24.00	9.21	8.00	17059.00
chr11	119290760	119291704	944	944	2.00	4927.00	1391.18	14.50	1313271.00
chr19	5219949	5220165	216	216	178.00	280.00	224.50	214.50	48491.00
chr15	63910769	63911153	384	384	0.00	58.00	19.74	9.00	7579.00
chr17	74393879	74393969	90	90	107.00	180.00	136.71	133.00	12304.00
chr10	104129467	104129532	65	65	79.00	90.00	83.45	83.00	5424.00
chr3	142454224	142454620	396	396	1.00	8.00	5.22	5.00	2067.00
chr12	121205196	121205396	200	200	129.00	225.00	180.34	183.50	36068.00
chr3	31705570	31705724	154	154	9.00	22.00	15.05	15.00	2318.00
chr6	118635190	118636593	1403	1403	12.00	111.00	72.15	74.00	101220.00
chr8	10339867	10340829	962	962	2.00	32.00	20.41	20.50	19638.00
chr19	16952578	16952779	201	201	75.00	162.00	124.00	130.00	24923.00
chr8	110984486	110985016	530	530	72.00	142.00	105.53	105.00	55930.00
chr9	128001219	128001610	391	391	279.00	741.00	562.38	582.00	219890.00
chr11	73070878	73070997	119	119	95.00	138.00	120.45	122.00	14334.00
chr10	104130140	104130235	95	95	72.00	105.00	90.05	88.00	8555.00
chr5	95733039	95733173	134	134	68.00	103.00	82.66	81.50	11077.00
chr19	59059400	59059547	147	147	191.00	245.00	219.95	220.00	32332.00
chr5	139943169	139943255	86	86	41.00	132.00	109.64	116.00	9429.00
chr17	73487771	73487981	210	210	151.00	318.00	229.97	225.50	48293.00
chr1	154315588	154315777	189	189	29.00	63.00	47.42	47.00	8962.00
chr14	95652726	95653070	344	344	5.00	18.00	10.40	10.00	3579.00
chr12	123639801	123640772	971	971	7.00	45.00	29.44	31.00	28588.00
chr22	47064870	47065171	301	301	4.00	18.00	9.38	7.00	2824.00
chr5	24535220	24535388	168	168	57.00	83.00	70.65	71.00	11869.00
chr12	6806452	6806958	506	506	161.00	474.00	272.44	251.50	137855.00
chr22	29881711	29881836	125	125	111.00	147.00	128.67	129.00	16084.00
chr7	75894681	75894786	105	105	60.00	102.00	83.93	88.00	8813.00
chr12	121089007	121095893	6886	6886	4.00	156.00	56.53	53.00	389233.00
chr1	207940357	207942365	2008	2008	7.00	139.00	38.28	31.00	76866.00
chr7	154681166	154681240	74	74	244.00	283.00	267.62	268.00	19804.00
chr5	131696513	131697529	1016	1016	5.00	31.00	14.10	13.00	14323.00
chr11	1776135	1776258	123	123	326.00	817.00	511.60	472.00	62927.00
chr8	11706554	11706673	119	119	608.00	846.00	710.86	689.00	84592.00
chr11	18759426	18759511	85	85	273.00	357.00	317.18	322.00	26960.00
chr16	61689373	61689625	252	252	25.00	43.00	34.78	35.00	8764.00
chr15	51750702	51750824	122	122	111.00	135.00	122.44	122.00	14938.00
chr9	35555056	35555698	642	642	173.00	568.00	341.44	337.00	219204.00
chr2	198356200	198356621	421	421	5.00	20.00	10.87	10.00	4576.00
chr9	131001723	131001794	71	71	2002.00	2619.00	2378.82	2431.00	168896.00
chr19	5214371	5214491	120	120	331.00	493.00	436.40	443.50	52368.00
chr22	35719488	35719623	135	135	124.00	179.00	156.16	161.00	21082.00
chr12	121678738	121679829	1091	1091	15.00	59.00	30.44	29.00	33215.00
chr14	23820960	23821064	104	104	1136.00	1378.00	1273.17	1285.50	132410.00
chr1	32205710	32205779	69	69	422.00	599.00	508.42	517.00	35081.00
chr3	33420176	33420326	150	150	11.00	219.00	78.82	21.00	11823.00
chr9	114820707	114820966	259	259	13.00	34.00	20.01	18.00	5182.00
chr15	41865876	41866023	147	147	34.00	690.00	564.37	588.00	82963.00
chr19	55554308	55554637	329	329	10.00	20.00	13.70	13.00	4506.00
chr1	116933403	116933513	110	110	799.00	1067.00	955.78	947.50	105136.00
chr19	15374230	15374359	129	129	91.00	129.00	117.29	119.00	15130.00
chr12	56090682	56090852	170	170	154.00	193.00	168.81	169.00	28698.00
chr14	69445668	69445876	208	208	42.00	156.00	104.00	107.00	21633.00
chr12	57603474	57603651	177	177	305.00	433.00	377.71	384.00	66854.00
chr22	32897492	32898946	1454	1454	7.00	110.00	54.83	51.00	79718.00
chr16	16367702	16367764	62	62	4.00	306.00	148.34	169.50	9197.00
chr19	5245786	5246056	270	270	100.00	194.00	139.04	139.00	37542.00
chr16	74345440	74345829	389	389	4.00	19.00	10.54	10.00	4099.00
chr6	107096899	107097076	177	177	31.00	51.00	42.71	44.00	7560.00
chr1	29641883	29642019	136	136	30.00	70.00	47.87	45.00	6510.00
chr8	97342440	97342509	69	69	127.00	149.00	138.94	141.00	9587.00
chr8	68116914	68117054	140	140	49.00	90.00	74.85	79.50	10479.00
chr22	22037470	22037546	76	76	56.00	72.00	66.17	66.50	5029.00
chr22	50682147	50683420	1273	1273	12.00	109.00	63.32	67.00	80606.00
chr20	44048971	44049069	98	98	166.00	206.00	186.88	188.00	18314.00
chr1	36904356	36904511	155	155	34.00	49.00	41.23	40.00	6391.00
chr12	71054719	71054877	158	158	33.00	76.00	50.40	50.00	7963.00
chr15	50654364	50655515	1151	1151	3.00	31.00	16.30	15.00	18757.00
chr2	234198499	234198620	121	121	33.00	52.00	43.06	42.00	5210.00
chr9	128001699	128001812	113	113	328.00	426.00	384.75	402.00	43477.00
chr8	38272296	38272419	123	123	92.00	133.00	116.98	119.00	14388.00
chr11	73068069	73068179	110	110	62.00	161.00	103.22	110.00	11354.00
chr16	28123137	28123327	190	190	169.00	210.00	190.61	190.00	36215.00
chr12	49424062	49424222	160	160	25.00	59.00	39.92	35.00	6387.00
chr19	50302885	50303023	138	138	263.00	505.00	379.39	361.00	52356.00
chr19	42480567	42480718	151	151	2248.00	3364.00	2695.27	2685.00	406986.00
chr3	197904395	197905301	906	906	0.00	28.00	11.44	11.00	10369.00
chr13	100189992	100190117	125	125	136.00	182.00	161.25	161.00	20156.00
chr19	14268062	14268272	210	210	218.00	347.00	284.55	277.50	59755.00
chr10	93786886	93787057	171	171	64.00	96.00	73.64	73.00	12592.00
chr1	109808726	109808828	102	102	141.00	184.00	160.93	158.00	16415.00
chr4	134075461	134075520	59	59	221.00	253.00	236.03	235.00	13926.00
chr1	22052268	22053864	1596	1596	2.00	24.00	11.78	12.00	18800.00
chr9	140056855	140056968	113	113	979.00	1509.00	1277.55	1322.00	144363.00
chr19	42482087	42482224	137	137	2145.00	3319.00	2954.15	3051.00	404718.00
chr19	4556962	4557025	63	63	528.00	763.00	616.03	594.00	38810.00
chr19	14266921	14267013	92	92	226.00	347.00	301.50	308.50	27738.00
chr22	42273851	42274127	276	276	4.00	842.00	440.94	516.50	121700.00
chr1	205549788	205550049	261	261	112.00	211.00	162.03	164.00	42291.00
chr1	110765585	110766522	937	937	49.00	152.00	101.37	96.00	94985.00
chr19	55553595	55554158	563	563	12.00	31.00	19.47	19.00	10959.00
chr7	150929881	150931360	1479	1479	12.00	73.00	30.80	29.00	45560.00
chr3	124215157	124215260	103	103	333.00	569.00	473.74	501.00	48795.00
chr16	58220658	58220760	102	102	53.00	88.00	66.84	60.00	6818.00
chr3	10381925	10382033	108	108	288.00	445.00	392.44	405.00	42384.00
chr10	11356101	11356221	120	120	68.00	92.00	75.94	75.00	9113.00
chr22	42294652	42294785	133	133	364.00	635.00	517.65	506.00	68848.00
chr1	2005531	2005714	183	183	9.00	36.00	23.92	25.00	4377.00
chr12	113722522	113722576	54	54	106.00	130.00	119.20	119.00	6437.00
chr9	131502198	131502398	200	200	9.00	488.00	379.98	391.00	75996.00
chr19	40873602	40873786	184	184	662.00	1344.00	1095.72	1173.00	201613.00
chr2	220162606	220162825	219	219	205.00	503.00	331.59	314.00	72619.00
chr16	28270027	28270355	328	328	19.00	75.00	44.58	44.50	14623.00
chr4	3225718	3225858	140	140	132.00	188.00	163.29	164.00	22861.00
chr17	44127898	44128070	172	172	52.00	75.00	59.44	58.00	10223.00
chr3	47462043	47462262	219	219	106.00	205.00	137.70	133.00	30157.00
chr6	99873090	99873182	92	92	6.00	290.00	127.64	110.50	11743.00
chr7	142561723	142562504	781	781	148.00	527.00	343.59	350.00	268342.00
chr1	159169540	159169666	126	126	830.00	1118.00	973.13	979.00	122614.00
chr19	7606869	7606953	84	84	52.00	76.00	61.75	58.00	5187.00
chr16	2811561	2818298	6737	6737	3.00	536.00	292.90	287.00	1973278.00
chr3	47450652	47450807	155	155	51.00	85.00	70.14	74.00	10871.00
chr11	118403631	118403922	291	291	107.00	155.00	130.51	130.00	37979.00
chr1	205555161	205555335	174	174	103.00	162.00	130.73	131.00	22747.00
chr12	125603186	125603311	125	125	58.00	91.00	70.93	68.00	8866.00
chr11	86658288	86659498	1210	1210	14.00	90.00	31.59	24.00	38218.00
chr22	37764946	37768745	3799	3799	6.00	319.00	122.52	111.00	465464.00
chr10	46345664	46346215	551	551	7.00	30.00	18.69	19.00	10300.00
chr22	33673045	33673241	196	196	118.00	401.00	211.31	159.00	41417.00
chr9	140042599	140042666	67	67	7.00	154.00	112.49	119.00	7537.00
chr3	48717233	48717320	87	87	103.00	164.00	126.57	120.00	11012.00
chr11	60681600	60681740	140	140	10.00	103.00	46.81	33.50	6554.00
chr10	93784512	93784724	212	212	38.00	77.00	56.80	52.00	12041.00
chr12	7289424	7290372	948	948	7.00	456.00	127.38	22.00	120756.00
chr3	132387062	132387526	464	464	8.00	28.00	21.07	23.00	9776.00
chr16	2335442	2335647	205	205	168.00	261.00	227.21	231.00	46579.00
chr16	1794782	1797276	2494	2494	6.00	443.00	68.59	35.00	171060.00
chr16	3786036	3786204	168	168	91.00	154.00	120.76	118.50	20287.00
chr9	141131209	141131766	557	557	0.00	23.00	8.54	10.00	4757.00
chr14	92965028	92966015	987	987	6.00	41.00	20.39	19.00	20128.00
chr19	54692070	54692200	130	130	176.00	421.00	311.02	278.50	40432.00
chr15	43866006	43866230	224	224	70.00	93.00	81.18	81.00	18185.00
chr3	40231316	40231954	638	638	33.00	72.00	52.58	54.00	33549.00
chr3	50148937	50149455	518	518	9.00	48.00	28.32	31.00	14668.00
chr4	81117505	81117755	250	250	24.00	45.00	32.88	32.00	8221.00
chr10	46740404	46740638	234	234	1.00	10.00	5.89	5.00	1379.00
chr3	124210169	124210271	102	102	305.00	431.00	374.10	377.50	38158.00
chr11	107488830	107488932	102	102	118.00	166.00	140.95	142.50	14377.00
chr9	130591965	130592106	141	141	41.00	58.00	50.69	51.00	7147.00
chr1	20981932	20982027	95	95	232.00	315.00	271.24	273.00	25768.00
chr12	75875613	75875859	246	246	15.00	28.00	20.81	20.00	5119.00
chr22	32046684	32046764	80	80	61.00	86.00	75.15	77.00	6012.00
chr11	70331418	70331658	240	240	24.00	145.00	79.34	74.00	19041.00
chr14	51079976	51080069	93	93	236.00	362.00	296.15	293.00	27542.00
chr17	80041077	80041301	224	224	238.00	494.00	358.19	366.00	80235.00
chr7	158540884	158540971	87	87	106.00	156.00	123.44	120.00	10739.00
chr1	21553651	21553719	68	68	70.00	90.00	79.44	79.50	5402.00
chr2	219206256	219206349	93	93	55.00	73.00	63.08	61.00	5866.00
chr17	18444211	18445242	1031	1031	1.00	38.00	17.28	17.00	17817.00
chr12	57599340	57599460	120	120	367.00	488.00	422.84	415.00	50741.00
chr11	64417919	64418110	191	191	132.00	372.00	270.87	300.00	51736.00
chr19	3274926	3275650	724	724	4.00	32.00	15.14	16.00	10961.00
chr16	18532086	18532305	219	219	284.00	522.00	371.57	359.00	81374.00
chr17	3776702	3776756	54	54	382.00	468.00	430.33	448.00	23238.00
chr1	116932670	116933033	363	363	5.00	1245.00	555.80	823.00	201754.00
chr16	1505731	1505796	65	65	149.00	182.00	168.49	172.00	10952.00
chr1	9794029	9794200	171	171	1500.00	1833.00	1664.59	1676.00	284645.00
chr10	73579221	73579379	158	158	1914.00	2886.00	2298.86	2288.50	363220.00
chr11	6411684	6412146	462	462	10.00	109.00	72.71	78.00	33590.00
chr1	159163212	159163350	138	138	583.00	776.00	644.77	632.00	88978.00
chr16	1816723	1816804	81	81	431.00	600.00	519.77	518.00	42101.00
chr7	91722399	91722630	231	231	12.00	76.00	54.19	54.00	12519.00
chr7	44281816	44281939	123	123	626.00	751.00	694.68	700.00	85446.00
chr2	220467189	220467297	108	108	21.00	28.00	24.88	25.00	2687.00
chr16	4494664	4494729	65	65	144.00	184.00	167.49	168.00	10887.00
chr15	34681844	34681986	142	142	11.00	319.00	194.73	191.50	27652.00
chr9	139995935	139996124	189	189	64.00	121.00	87.09	79.00	16460.00
chr3	180324040	180324160	120	120	84.00	116.00	103.77	104.00	12452.00
chr3	42678359	42681242	2883	2883	38.00	166.00	92.45	89.00	266525.00
chr7	131812776	131815333	2557	2557	7.00	62.00	27.21	25.00	69584.00
chr20	1585387	1585522	135	135	25.00	514.00	276.49	265.00	37326.00
chr3	126751229	126751442	213	213	129.00	183.00	153.54	153.00	32704.00
chr15	63920875	63921014	139	139	145.00	195.00	161.92	161.00	22507.00
chr16	2040128	2040202	74	74	176.00	222.00	203.97	209.50	15094.00
chr9	74324174	74324390	216	216	21.00	48.00	31.38	30.00	6779.00
chr20	44521858	44521950	92	92	165.00	221.00	194.59	195.00	17902.00
chr9	139911647	139911798	151	151	303.00	466.00	400.83	416.00	60526.00
chr9	140055507	140055649	142	142	1133.00	1691.00	1395.75	1327.00	198196.00
chr12	120148055	120148191	136	136	129.00	172.00	147.50	147.00	20060.00
chr12	50474280	50474372	92	92	93.00	115.00	104.52	105.00	9616.00
chr15	63125702	63125828	126	126	92.00	137.00	114.81	116.50	14466.00
chr9	20907148	20907241	93	93	48.00	64.00	55.76	55.00	5186.00
chr16	87874655	87874761	106	106	152.00	251.00	194.46	177.00	20613.00
chr2	162833269	162833460	191	191	3.00	387.00	206.77	312.00	39493.00
chr8	11704560	11704677	117	117	525.00	666.00	591.31	581.00	69183.00
chr15	63926931	63927087	156	156	125.00	200.00	172.79	176.00	26956.00
chr6	31668718	31668805	87	87	74.00	125.00	104.08	103.00	9055.00
chr7	148910792	148910906	114	114	39.00	76.00	58.42	61.00	6660.00
chr14	42355808	42357213	1405	1405	8.00	108.00	44.62	43.00	62693.00
chr10	88678928	88679226	298	298	24.00	43.00	31.09	30.00	9265.00
chr3	140998219	140998346	127	127	36.00	53.00	45.48	46.00	5776.00
chr1	144859758	144859998	240	240	68.00	177.00	117.03	123.50	28087.00
chr9	96054772	96055455	683	683	39.00	255.00	130.27	113.00	88973.00
chr19	7604803	7604944	141	141	60.00	150.00	96.93	100.00	13667.00
chr12	30906277	30907432	1155	1155	14.00	70.00	35.88	32.00	41443.00
chr9	131112762	131112854	92	92	92.00	177.00	137.30	142.50	12632.00
chr20	61981328	61982379	1051	1051	38.00	104.00	61.61	58.00	64748.00
chr7	38431348	38431618	270	270	120.00	272.00	181.59	174.00	49028.00
chr20	44521036	44521123	87	87	153.00	195.00	178.18	179.00	15502.00
chr11	64418726	64419108	382	382	141.00	291.00	207.32	210.50	79198.00
chr12	120148344	120150270	1926	1926	6.00	274.00	42.89	26.00	82603.00
chr12	6930971	6931066	95	95	42.00	383.00	216.85	212.00	20601.00
chr16	2339434	2339621	187	187	108.00	176.00	132.29	121.00	24738.00
chr2	27700083	27700187	104	104	32.00	55.00	41.72	40.00	4339.00
chr14	69805367	69805494	127	127	90.00	238.00	169.13	157.00	21479.00
chr12	9242497	9242619	122	122	135.00	231.00	186.00	192.00	22692.00
chr3	58256658	58256791	133	133	37.00	77.00	52.38	46.00	6967.00
chr10	79744927	79745098	171	171	39.00	109.00	73.46	72.00	12562.00
chr1	159161725	159161866	141	141	319.00	601.00	496.76	524.00	70043.00
chr16	31085202	31085519	317	317	1.00	33.00	21.03	22.00	6668.00
chr1	171755018	171755218	200	200	26.00	56.00	44.99	46.00	8999.00
chr9	130988124	130989280	1156	1156	7.00	1351.00	178.22	40.00	206020.00
chr15	63127935	63127998	63	63	77.00	94.00	85.56	85.00	5390.00
chr19	1917676	1917821	145	145	11.00	224.00	155.14	162.00	22495.00
chr22	25315792	25315960	168	168	63.00	92.00	77.86	78.00	13080.00
chr2	207943790	207945085	1295	1295	15.00	56.00	30.63	29.00	39668.00
chr11	47330706	47330952	246	246	12.00	387.00	181.48	21.00	44643.00
chr3	142743978	142746095	2117	2117	2.00	120.00	16.92	11.00	35815.00
chr7	44839492	44839694	202	202	6.00	20.00	12.62	12.00	2550.00
chr22	31688260	31688471	211	211	15.00	121.00	85.17	103.00	17971.00
chr11	66333492	66333638	146	146	488.00	597.00	545.87	548.50	79697.00
chr9	131114916	131115026	110	110	169.00	218.00	200.33	200.50	22036.00
chr1	20206	21013	807	807	9.00	107.00	67.77	73.00	54688.00
chr11	108216469	108216635	166	166	21.00	39.00	30.80	31.00	5112.00
chr1	209778880	209779019	139	139	116.00	205.00	167.35	177.00	23261.00
chr1	202935876	202936026	150	150	127.00	195.00	157.21	157.00	23582.00
chr12	57600255	57600524	269	269	309.00	570.00	436.69	429.00	117469.00
chr19	15233503	15233615	112	112	68.00	91.00	78.71	79.00	8815.00
chr8	68115317	68115486	169	169	54.00	101.00	81.70	86.00	13808.00
chr19	13419229	13419342	113	113	46.00	79.00	64.28	62.00	7264.00
chr6	33266815	33267130	315	315	6.00	37.00	17.99	15.00	5668.00
chr16	89780611	89781646	1035	1035	8.00	49.00	24.14	22.00	24987.00
chr12	109964162	109964221	59	59	49.00	70.00	59.51	61.00	3511.00
chr22	24491893	24492045	152	152	39.00	131.00	85.94	85.00	13063.00
chr2	242592926	242593025	99	99	125.00	183.00	146.45	138.00	14499.00
chr1	21937944	21938074	130	130	365.00	650.00	547.45	561.50	71169.00
chr2	223789173	223789313	140	140	164.00	219.00	194.33	194.00	27206.00
chr20	3772318	3772535	217	217	3.00	17.00	7.05	6.00	1530.00
chr16	18531918	18532001	83	83	411.00	592.00	511.60	536.00	42463.00
chr1	43396296	43396537	241	241	162.00	314.00	232.66	223.00	56071.00
chr2	100037960	100038115	155	155	24.00	48.00	36.94	36.00	5725.00
chr16	1500497	1500770	273	273	2.00	136.00	77.59	114.00	21182.00
chr19	40876016	40876144	128	128	906.00	1233.00	1075.80	1065.00	137703.00
chr5	168112691	168112932	241	241	22.00	49.00	37.17	38.00	8959.00
chr2	127825738	127825831	93	93	262.00	333.00	289.85	291.00	26956.00
chr1	19232015	19234990	2975	2975	3.00	71.00	32.56	32.00	96871.00
chr16	1391129	1391196	67	67	207.00	269.00	236.64	230.00	15855.00
chr6	33410665	33411689	1024	1024	10.00	267.00	161.50	186.00	165378.00
chr9	95872033	95872266	233	233	9.00	29.00	18.27	18.00	4257.00
chr1	53378627	53378839	212	212	28.00	46.00	36.59	38.00	7758.00
chr2	80531276	80531693	417	417	14.00	60.00	41.34	44.00	17237.00
chr7	44286718	44286791	73	73	420.00	561.00	495.18	507.00	36148.00
chr7	157369304	157369471	167	167	289.00	462.00	370.99	376.00	61956.00
chr11	18755079	18755191	112	112	7.00	327.00	187.76	233.00	21029.00
chr6	86237979	86238080	101	101	110.00	141.00	125.29	126.00	12654.00
chr8	145000951	145001050	99	99	82.00	153.00	113.87	110.00	11273.00
chr19	45167680	45167966	286	286	9.00	24.00	16.02	15.00	4581.00
chr10	48930165	48930400	235	235	1.00	9.00	5.89	6.00	1383.00
chr16	87871450	87871547	97	97	247.00	293.00	267.90	269.00	25986.00
chr1	109815454	109815649	195	195	195.00	323.00	251.16	239.00	48976.00
chr1	208215442	208215711	269	269	71.00	140.00	109.52	111.00	29460.00
chr2	260866	261451	585	585	6.00	36.00	19.43	20.00	11367.00
chr5	180481266	180481724	458	458	5.00	28.00	17.67	18.00	8092.00
chr7	73119479	73119631	152	152	1.00	1149.00	482.62	10.00	73358.00
chr15	34677248	34677358	110	110	223.00	311.00	258.85	249.00	28474.00
chr16	57687114	57687247	133	133	216.00	411.00	300.22	304.00	39929.00
chr15	50649406	50649592	186	186	8.00	17.00	12.86	13.00	2392.00
chr22	21071995	21072066	71	71	1085.00	1186.00	1134.54	1136.00	80552.00
chr5	179200882	179201561	679	679	7.00	39.00	26.63	26.00	18083.00
chr10	98763824	98763979	155	155	112.00	201.00	153.48	144.00	23789.00
chr14	102963315	102963457	142	142	90.00	147.00	116.39	116.00	16528.00
chr1	21932558	21933138	580	580	7.00	727.00	151.95	20.00	88132.00
chr16	28118842	28118998	156	156	148.00	184.00	164.81	164.00	25711.00
chr1	241767561	241767881	320	320	44.00	93.00	68.33	68.50	21866.00
chr11	66812063	66812184	121	121	77.00	130.00	100.09	96.00	12111.00
chr11	12248571	12248678	107	107	291.00	364.00	329.92	328.00	35301.00
chr9	130588788	130588951	163	163	39.00	52.00	45.34	46.00	7390.00
chr22	21068915	21068988	73	73	926.00	1237.00	1097.56	1112.00	80122.00
chr1	43424304	43424531	227	227	29.00	325.00	227.11	259.00	51553.00
chr14	105852021	105853670	1649	1649	12.00	151.00	41.11	39.00	67789.00
chr15	34823469	34823579	110	110	221.00	303.00	257.35	252.50	28309.00
chr11	171365	172282	917	917	0.00	29.00	11.53	12.00	10573.00
chr22	24493976	24494155	179	179	60.00	149.00	101.20	98.00	18114.00
chr15	79291060	79291167	107	107	230.00	296.00	275.00	278.00	29425.00
chr16	2145904	2146194	290	290	25.00	45.00	30.61	29.00	8878.00
chr9	131503050	131503166	116	116	295.00	419.00	364.01	390.50	42225.00
chr11	61301983	61302579	596	596	10.00	32.00	20.10	21.00	11979.00
chr22	25308609	25308719	110	110	63.00	83.00	74.03	75.00	8143.00
chr12	63977826	63979986	2160	2160	0.00	29.00	12.48	11.00	26966.00
chr19	46928844	46930933	2089	2089	2.00	248.00	117.85	116.00	246193.00
chr16	56969146	56969224	78	78	99.00	121.00	108.88	109.00	8493.00
chr17	40665787	40665996	209	209	4.00	1000.00	409.08	559.00	85497.00
chr9	131669435	131671600	2165	2165	158.00	532.00	290.06	269.00	627981.00
chr2	220164026	220164271	245	245	17.00	434.00	147.59	30.00	36159.00
chr19	7589846	7590052	206	206	32.00	82.00	53.11	52.00	10941.00
chr6	91260186	91260268	82	82	60.00	80.00	70.27	71.00	5762.00
chr9	124543742	124543830	88	88	254.00	314.00	282.67	282.00	24875.00
chr12	54071005	54071170	165	165	3.00	22.00	13.08	13.00	2159.00
chr2	40443	41212	769	769	5.00	38.00	17.17	17.00	13204.00
chr11	67852159	67852747	588	588	14.00	49.00	30.69	30.00	18046.00
chr8	8233762	8234810	1048	1048	15.00	77.00	46.49	50.00	48724.00
chr2	175671113	175672148	1035	1035	14.00	66.00	30.26	26.00	31317.00
chr7	138984922	138985438	516	516	6.00	24.00	12.83	11.00	6622.00
chr22	40816850	40817104	254	254	79.00	182.00	149.33	156.00	37929.00
chr19	14263120	14263249	129	129	236.00	380.00	295.89	288.00	38170.00
chr19	16962222	16962345	123	123	84.00	219.00	165.88	182.00	20403.00
chr1	109813838	109813918	80	80	265.00	378.00	296.34	284.00	23707.00
chr3	49898148	49898562	414	414	4.00	694.00	326.45	482.00	135151.00
chr17	17131202	17131510	308	308	24.00	130.00	92.61	94.00	28524.00
chr1	21936067	21936139	72	72	210.00	320.00	266.72	286.00	19204.00
chr3	130424404	130424615	211	211	34.00	61.00	48.22	49.00	10175.00
chr12	56532710	56532797	87	87	50.00	68.00	58.31	58.00	5073.00
chr16	29888591	29888788	197	197	248.00	556.00	380.41	352.00	74941.00
chr2	114394588	114396196	1608	1608	2.00	55.00	21.26	19.00	34179.00
chr3	124180736	124180803	67	67	202.00	232.00	217.91	219.00	14600.00
chr9	111798485	111798660	175	175	48.00	75.00	62.54	61.00	10945.00
chr10	73847897	73848372	475	475	9.00	1059.00	340.59	332.00	161782.00
chr22	21075585	21075706	121	121	521.00	1109.00	862.81	898.00	104400.00
chr22	20920753	20921104	351	351	52.00	109.00	88.23	90.00	30967.00
chr9	140953020	140953185	165	165	30.00	73.00	49.36	46.00	8144.00
chr22	41620970	41621075	105	105	72.00	115.00	86.74	82.00	9108.00
chr11	6243671	6243839	168	168	49.00	74.00	62.62	64.00	10521.00
chr15	74704225	74704353	128	128	74.00	131.00	104.71	108.00	13403.00
chr3	48719780	48719985	205	205	122.00	183.00	150.78	147.00	30910.00
chr1	222833247	222833348	101	101	75.00	107.00	98.46	100.00	9944.00
chr1	6583675	6584824	1149	1149	12.00	78.00	43.71	44.00	50228.00
chr11	126135857	126135976	119	119	130.00	169.00	147.18	142.00	17515.00
chr8	75156763	75157410	647	647	19.00	51.00	37.85	39.00	24489.00
chr15	83345212	83345389	177	177	139.00	196.00	169.49	168.00	29999.00
chr14	68031638	68032561	923	923	11.00	66.00	30.17	29.00	27849.00
chr19	42479780	42479949	169	169	2254.00	3648.00	2777.22	2638.00	469351.00
chr16	31503329	31503407	78	78	265.00	313.00	286.63	284.50	22357.00
chr17	1564564	1564700	136	136	167.00	237.00	195.80	190.00	26629.00
chr16	58717858	58718082	224	224	14.00	40.00	30.97	32.00	6937.00
chr14	71575320	71575763	443	443	37.00	72.00	50.40	49.00	22329.00
chr1	202934498	202934628	130	130	133.00	217.00	176.72	180.00	22974.00
chr7	73118477	73118586	109	109	552.00	770.00	659.29	641.00	71863.00
chr19	13365908	13366073	165	165	71.00	115.00	92.83	90.00	15317.00
chr10	102265117	102265958	841	841	12.00	43.00	25.55	25.00	21491.00
chr9	139983320	139983457	137	137	59.00	71.00	66.02	66.00	9045.00
chr18	29206245	29206347	102	102	71.00	98.00	84.51	86.00	8620.00
chr12	120578662	120578827	165	165	62.00	79.00	70.16	69.00	11576.00
chr5	757516	758226	710	710	9.00	27.00	16.91	17.00	12007.00
chr8	21632483	21632567	84	84	51.00	74.00	60.20	58.00	5057.00
chr4	54011499	54011749	250	250	23.00	81.00	46.60	43.00	11651.00
chr8	141680613	141681365	752	752	6.00	75.00	40.92	39.00	30773.00
chr11	57367351	57367850	499	499	32.00	186.00	88.30	59.00	44064.00
chr12	63980009	63980784	775	775	1.00	10.00	5.56	6.00	4311.00
chr9	140057042	140057203	161	161	9.00	1564.00	1303.17	1393.00	209811.00
chr2	7055953	7056098	145	145	22.00	33.00	27.52	27.00	3991.00
chr12	52387768	52389043	1275	1275	3.00	260.00	104.43	94.00	133144.00
chr19	50104931	50105175	244	244	28.00	111.00	57.51	49.00	14033.00
chr19	5218430	5218543	113	113	319.00	493.00	417.32	426.00	47157.00
chr16	29898969	29899138	169	169	220.00	328.00	253.24	248.00	42798.00
chr7	99030900	99031041	141	141	20.00	40.00	30.98	32.00	4368.00
chr17	36692926	36693212	286	286	3.00	26.00	14.91	16.00	4264.00
chr15	73857770	73859335	1565	1565	8.00	59.00	34.40	36.00	53840.00
chr6	44104085	44104176	91	91	125.00	171.00	156.11	159.00	14206.00
chr1	21938518	21938602	84	84	403.00	482.00	443.80	439.00	37279.00
chr19	13423482	13423595	113	113	21.00	50.00	36.65	37.00	4141.00
chr16	70292882	70293089	207	207	472.00	724.00	610.15	629.00	126302.00
chr18	61060641	61060782	141	141	44.00	62.00	52.18	51.00	7358.00
chr16	22269814	22270016	202	202	6.00	33.00	20.14	21.00	4069.00
chr1	21554423	21554534	111	111	82.00	107.00	96.38	97.00	10698.00
chr9	140057255	140057455	200	200	19.00	1894.00	1119.40	1320.00	223880.00
chr7	1488255	1488397	142	142	49.00	63.00	56.32	56.00	7997.00
chr14	100166351	100166438	87	87	393.00	438.00	415.15	416.00	36118.00
chr9	101065522	101065705	183	183	342.00	522.00	454.81	479.00	83231.00
chr5	68411752	68412041	289	289	23.00	43.00	33.09	33.00	9562.00
chr1	2452539	2452754	215	215	44.00	91.00	59.67	58.00	12828.00
chr1	21564626	21564737	111	111	91.00	124.00	104.07	102.00	11552.00
chr13	42037713	42039066	1353	1353	12.00	57.00	33.87	34.00	45830.00
chr2	114350236	114350443	207	207	9.00	63.00	38.58	40.00	7986.00
chr1	21939668	21939722	54	54	375.00	434.00	405.72	406.50	21909.00
chr9	139353895	139354007	112	112	35.00	50.00	43.03	43.00	4819.00
chr7	102176367	102176618	251	251	12.00	38.00	24.76	24.00	6214.00
chr3	51411753	51412018	265	265	12.00	201.00	81.87	18.00	21696.00
chr17	73888091	73888266	175	175	17.00	31.00	21.11	20.00	3695.00
chr13	103297258	103297435	177	177	6.00	44.00	23.69	29.00	4193.00
chr15	63922664	63922834	170	170	122.00	214.00	167.49	169.00	28473.00
chr3	33400774	33400849	75	75	73.00	106.00	91.29	88.00	6847.00
chr22	50671744	50671955	211	211	30.00	72.00	49.01	46.00	10341.00
chr1	21190968	21191205	237	237	129.00	224.00	174.97	172.00	41468.00
chr5	14481649	14481727	78	78	147.00	180.00	165.27	166.00	12891.00
chr15	101605556	101606410	854	854	9.00	51.00	27.51	27.00	23490.00
chr17	80040402	80040554	152	152	251.00	416.00	325.82	325.00	49524.00
chr2	132269293	132270897	1604	1604	10.00	69.00	34.78	34.00	55792.00
chr11	1778553	1778786	233	233	783.00	1193.00	1035.19	1086.00	241200.00
chr11	1469616	1469808	192	192	11.00	35.00	24.32	25.00	4670.00
chr12	120138549	120138630	81	81	175.00	216.00	199.67	200.00	16173.00
chr7	901016	901101	85	85	146.00	197.00	168.82	167.00	14350.00
chr19	13372263	13372424	161	161	74.00	107.00	90.62	94.00	14590.00
chr17	40843154	40843311	157	157	120.00	202.00	161.16	157.00	25302.00
chr17	80039476	80039719	243	243	266.00	405.00	326.01	327.00	79221.00
chr17	16681109	16687365	6256	6256	2.00	126.00	44.82	46.00	280381.00
chr1	116935475	116935610	135	135	810.00	1049.00	928.93	945.00	125405.00
chr6	128294808	128294972	164	164	104.00	208.00	160.17	166.00	26268.00
chr5	109189927	109190617	690	690	2.00	26.00	13.36	13.00	9219.00
chr15	40757533	40757634	101	101	30.00	139.00	98.77	102.00	9976.00
chr2	220164706	220164981	275	275	365.00	792.00	559.74	563.00	153928.00
chr3	164905164	164908639	3475	3475	6.00	115.00	36.66	29.00	127380.00
chr11	60699157	60699356	199	199	104.00	597.00	440.30	429.00	87619.00
chr2	96680301	96680717	416	416	5.00	30.00	14.80	12.00	6157.00
chr17	40845314	40845554	240	240	151.00	260.00	194.40	184.50	46657.00
chr12	125264513	125265391	878	878	10.00	50.00	31.48	29.00	27643.00
chr1	156623704	156624158	454	454	11.00	47.00	31.29	29.00	14204.00
chr6	108370456	108370622	166	166	61.00	99.00	78.92	78.50	13100.00
chr11	19180486	19180587	101	101	19.00	30.00	24.78	25.00	2503.00
chr19	42489069	42489338	269	269	421.00	846.00	679.85	737.00	182879.00
chr2	198274493	198274731	238	238	105.00	214.00	159.16	161.00	37879.00
chr6	47220991	47221257	266	266	99.00	197.00	152.57	153.00	40584.00
chr19	40872679	40872822	143	143	1271.00	1969.00	1710.09	1778.00	244543.00
chr19	54693278	54693627	349	349	3.00	139.00	64.24	60.00	22420.00
chr12	81929	82174	245	245	20.00	49.00	36.40	38.00	8918.00
chr21	45513943	45514114	171	171	48.00	84.00	65.94	67.00	11275.00
chr3	124201630	124201747	117	117	13.00	468.00	356.62	441.00	41725.00
chr17	79805118	79805223	105	105	303.00	378.00	339.88	339.00	35687.00
chr20	46307419	46307548	129	129	47.00	91.00	65.69	63.00	8474.00
chr17	38187790	38187873	83	83	79.00	120.00	94.13	89.00	7813.00
chr2	207452814	207452878	64	64	160.00	189.00	171.94	172.00	11004.00
chr17	45695715	45695823	108	108	274.00	382.00	344.05	351.50	37157.00
chr7	44283023	44283126	103	103	329.00	477.00	430.55	439.00	44347.00
chr20	62274975	62275284	309	309	7.00	2108.00	944.08	1156.00	291721.00
chr11	108202605	108202764	159	159	28.00	50.00	39.50	41.00	6281.00
chr9	140051314	140051489	175	175	584.00	781.00	652.21	630.00	114136.00
chr22	45574118	45574781	663	663	30.00	88.00	55.72	53.00	36944.00
chr15	79312382	79312446	64	64	129.00	148.00	137.61	138.50	8807.00
chr1	21940120	21940199	79	79	400.00	488.00	447.49	453.00	35352.00
chr17	3775847	3775921	74	74	298.00	428.00	384.20	397.50	28431.00
chr7	73133931	73134019	88	88	12.00	747.00	266.70	171.50	23470.00
chr11	72292920	72292991	71	71	498.00	568.00	544.38	544.00	38651.00
chr7	43547616	43547730	114	114	83.00	108.00	96.98	97.00	11056.00
chr16	58713760	58714145	385	385	13.00	37.00	25.03	26.00	9638.00
chr22	21083600	21083794	194	194	702.00	1259.00	972.62	988.50	188688.00
chr11	66457275	66457414	139	139	339.00	613.00	439.56	414.00	61099.00
chr15	91561034	91561115	81	81	21.00	39.00	31.21	32.00	2528.00
chr11	2968525	2969001	476	476	8.00	33.00	17.02	15.00	8101.00
chr19	34869838	34869910	72	72	1227.00	1510.00	1360.38	1346.00	97947.00
chr9	121970996	121971219	223	223	193.00	386.00	307.56	322.00	68586.00
chr3	47449772	47449980	208	208	18.00	121.00	75.51	87.00	15706.00
chr12	57601820	57601999	179	179	309.00	704.00	516.35	531.00	92426.00
chr16	2345590	2345741	151	151	137.00	230.00	181.77	175.00	27447.00
chr12	50471782	50471910	128	128	63.00	99.00	78.96	79.00	10107.00
chr1	109814221	109814344	123	123	357.00	504.00	444.91	456.00	54724.00
chr19	16942304	16942458	154	154	88.00	137.00	116.32	123.00	17914.00
chr11	66333301	66333398	97	97	465.00	560.00	500.14	496.00	48514.00
chr5	74026084	74026223	139	139	72.00	107.00	91.00	92.00	12649.00
chr5	68417520	68417722	202	202	31.00	59.00	41.42	40.00	8367.00
chr19	15272262	15272525	263	263	28.00	89.00	58.18	50.00	15301.00
chr3	45872404	45872482	78	78	91.00	114.00	104.50	104.50	8151.00
chr7	73123374	73123452	78	78	763.00	1217.00	1049.12	1081.00	81831.00
chr5	14498197	14498360	163	163	141.00	193.00	169.96	169.00	27703.00
chr14	93180167	93180230	63	63	105.00	129.00	116.11	115.00	7315.00
chr9	130984739	130984875	136	136	1442.00	2022.00	1730.57	1692.00	235357.00
chr13	31216764	31216894	130	130	20.00	28.00	24.03	24.00	3124.00
chr12	112614399	112614506	107	107	105.00	223.00	167.17	165.00	17887.00
chr12	57602865	57602982	117	117	439.00	692.00	558.17	553.00	65306.00
chr14	72976861	72976987	126	126	41.00	88.00	61.83	53.00	7790.00
chr1	155209406	155209553	147	147	85.00	138.00	104.68	101.00	15388.00
chr10	49633930	49634113	183	183	80.00	118.00	100.11	99.00	18320.00
chr16	84100093	84100218	125	125	102.00	165.00	146.61	152.00	18326.00
chr1	155207924	155208097	173	173	102.00	207.00	138.66	126.00	23988.00
chr12	2786898	2787033	135	135	31.00	52.00	41.01	41.00	5536.00
chr2	233755457	233756197	740	740	6.00	792.00	147.11	40.00	108865.00
chr14	60631894	60632099	205	205	40.00	264.00	172.18	212.00	35296.00
chr1	11151549	11151654	105	105	87.00	110.00	96.23	96.00	10104.00
chr4	134076071	134076178	107	107	179.00	264.00	230.68	232.00	24683.00
chr15	91420364	91420441	77	77	116.00	152.00	133.56	126.00	10284.00
chr5	114961533	114961755	222	222	17.00	88.00	59.49	61.00	13207.00
chr16	1814047	1814211	164	164	9.00	717.00	299.43	419.00	49106.00
chr18	44250463	44252581	2118	2118	8.00	142.00	56.41	52.00	119474.00
chr6	158049380	158049518	138	138	42.00	67.00	56.58	57.00	7808.00
chr19	7675585	7675679	94	94	45.00	78.00	66.19	69.00	6222.00
chr13	99461604	99461719	115	115	5.00	220.00	182.18	181.00	20951.00
chr11	130010829	130011467	638	638	5.00	1162.00	142.06	18.00	90632.00
chr11	107526658	107526792	134	134	233.00	287.00	254.10	252.50	34049.00
chr16	1391294	1391490	196	196	139.00	262.00	178.80	176.00	35045.00
chr1	38182716	38184158	1442	1442	13.00	96.00	46.78	45.00	67454.00
chr5	179231023	179231323	300	300	6.00	14.00	9.24	9.00	2773.00
chr14	69814593	69814719	126	126	99.00	238.00	171.07	172.50	21555.00
chr14	69349174	69349309	135	135	207.00	282.00	252.01	257.00	34021.00
chr19	7614792	7614998	206	206	158.00	267.00	215.08	219.50	44307.00
chr1	228270375	228270466	91	91	6.00	896.00	281.12	124.00	25582.00
chr1	38186022	38186315	293	293	4.00	50.00	28.43	32.00	8331.00
chr13	77641715	77641999	284	284	168.00	232.00	200.42	199.00	56919.00
chr14	100157417	100157498	81	81	125.00	258.00	175.85	150.00	14244.00
chr13	32978280	32979333	1053	1053	20.00	90.00	40.74	37.00	42900.00
chr12	7301567	7301794	227	227	448.00	631.00	544.70	548.00	123647.00
chr9	123583116	123583257	141	141	39.00	50.00	44.71	45.00	6304.00
chr17	26883183	26883284	101	101	60.00	115.00	89.10	90.00	8999.00
chr12	6972993	6973137	144	144	176.00	238.00	209.27	209.00	30135.00
chr20	34322310	34322637	327	327	3.00	13.00	7.53	7.00	2461.00
chr19	7606407	7606570	163	163	81.00	142.00	112.74	113.00	18376.00
chr16	2333186	2333373	187	187	7.00	301.00	221.73	249.00	41463.00
chr12	113825548	113825711	163	163	60.00	171.00	109.13	110.00	17789.00
chr7	4802013	4807749	5736	5736	14.00	182.00	66.26	56.00	380048.00
chr1	43394880	43394985	105	105	259.00	311.00	287.50	287.00	30188.00
chr19	4554399	4554488	89	89	357.00	566.00	465.24	480.00	41406.00
chr16	31719139	31719372	233	233	7.00	22.00	17.45	19.00	4066.00
chr5	134060669	134061744	1075	1075	11.00	36.00	24.19	25.00	26009.00
chr1	202936318	202936371	53	53	18.00	127.00	88.09	110.00	4669.00
chr2	220087366	220087615	249	249	166.00	268.00	201.55	200.00	50185.00
chr2	36764494	36764689	195	195	81.00	165.00	124.54	119.00	24286.00
chr7	43519208	43519343	135	135	37.00	95.00	72.44	78.00	9780.00
chr10	51249585	51249993	408	408	2.00	19.00	11.38	11.00	4642.00
chr6	32123647	32123755	108	108	87.00	147.00	109.13	106.00	11786.00
chr3	118624442	118624692	250	250	9.00	61.00	33.82	16.00	8454.00
chr1	190129797	190130020	223	223	48.00	75.00	61.65	62.00	13749.00
chr9	131004491	131004624	133	133	7.00	2891.00	2155.71	2433.00	286710.00
chr22	33679187	33679334	147	147	164.00	233.00	192.52	190.00	28300.00
chr15	74709931	74710016	85	85	82.00	138.00	101.99	89.00	8669.00
chr7	6470110	6470238	128	128	29.00	48.00	35.11	35.00	4494.00
chr1	6640600	6641359	759	759	16.00	49.00	30.27	30.00	22977.00
chr16	31510622	31510728	106	106	147.00	186.00	170.56	172.00	18079.00
chr4	103710287	103711803	1516	1516	5.00	32.00	14.62	14.00	22161.00
chr19	2862339	2862746	407	407	7.00	35.00	21.45	23.00	8729.00
chr2	15467873	15467994	121	121	41.00	73.00	55.52	51.00	6718.00
chr2	36780721	36781492	771	771	4.00	28.00	17.45	18.00	13451.00
chr10	81070680	81070941	261	261	38.00	91.00	60.89	60.00	15892.00
chr2	217234866	217235986	1120	1120	18.00	54.00	35.10	35.00	39315.00
chr10	93786348	93786508	160	160	41.00	111.00	77.33	87.00	12373.00
chr17	20268785	20269076	291	291	1.00	8.00	3.94	4.00	1147.00
chr9	131002006	131002062	56	56	11.00	2698.00	2363.48	2538.00	132355.00
chr1	155208307	155208441	134	134	149.00	215.00	189.81	197.50	25434.00
chr2	162833877	162834373	496	496	3.00	348.00	35.71	10.00	17712.00
chr9	35799614	35799728	114	114	26.00	34.00	30.82	31.00	3513.00
chr20	62517856	62519234	1378	1378	15.00	141.00	49.74	50.00	68542.00
chr22	35942847	35943127	280	280	52.00	195.00	123.64	128.00	34618.00
chr13	26436438	26436546	108	108	11.00	21.00	15.17	15.00	1638.00
chr14	69371371	69371453	82	82	117.00	181.00	152.60	166.50	12513.00
chr7	44031274	44031581	307	307	2.00	25.00	12.64	11.00	3879.00
chr11	12274988	12275291	303	303	7.00	41.00	23.48	23.00	7115.00
chr5	1334403	1334498	95	95	115.00	150.00	132.76	133.00	12612.00
chr19	34868639	34868786	147	147	1534.00	2142.00	1870.05	1904.00	274897.00
chr16	1815960	1816143	183	183	369.00	590.00	445.50	437.00	81526.00
chr10	73578787	73578868	81	81	2254.00	2611.00	2449.09	2472.00	198376.00
chr17	37420427	37420640	213	213	22.00	33.00	28.69	29.00	6111.00
chr5	60835422	60835586	164	164	37.00	72.00	51.11	48.00	8382.00
chr15	79296143	79296517	374	374	191.00	381.00	273.07	271.00	102129.00
chr19	13039568	13039661	93	93	432.00	592.00	502.01	500.00	46687.00
chr12	49421585	49421713	128	128	100.00	152.00	129.98	133.00	16637.00
chr1	1661057	1662583	1526	1526	6.00	193.00	77.12	72.00	117685.00
chr2	207457340	207457460	120	120	209.00	305.00	256.70	260.00	30804.00
chr11	64542462	64543441	979	979	8.00	41.00	20.13	19.00	19710.00
chr20	61910250	61910347	97	97	112.00	170.00	140.55	135.00	13633.00
chr11	62394042	62394156	114	114	177.00	286.00	225.22	221.50	25675.00
chr5	37301538	37301652	114	114	20.00	31.00	23.83	23.00	2717.00
chr16	4733843	4733933	90	90	174.00	209.00	192.73	192.00	17346.00
chr15	43693913	43694048	135	135	49.00	67.00	59.45	60.00	8026.00
chr11	18764538	18764622	84	84	160.00	227.00	195.68	196.00	16437.00
chr17	57842331	57842499	168	168	85.00	146.00	104.02	104.00	17475.00
chr9	96076729	96078064	1335	1335	8.00	50.00	21.36	18.00	28518.00
chr11	12246219	12246367	148	148	191.00	274.00	239.32	246.00	35419.00
chr12	7030743	7031565	822	822	11.00	2442.00	813.68	41.00	668849.00
chr3	14523178	14523349	171	171	14.00	27.00	22.40	23.00	3831.00
chr5	758508	759483	975	975	1.00	23.00	12.01	12.00	11709.00
chr12	22635490	22635677	187	187	34.00	51.00	41.27	41.00	7718.00
chr5	14479369	14479459	90	90	121.00	152.00	132.62	130.00	11936.00
chr6	143655214	143656079	865	865	6.00	39.00	17.79	16.00	15387.00
chr7	75508360	75508578	218	218	64.00	927.00	629.84	718.00	137306.00
chr11	60697981	60698131	150	150	276.00	462.00	340.07	313.00	51011.00
chr1	151400598	151400889	291	291	105.00	300.00	198.54	207.00	57774.00
chr5	172196431	172197309	878	878	8.00	393.00	143.59	53.00	126072.00
chr3	49152660	49152794	134	134	52.00	90.00	72.83	71.00	9759.00
chr7	5518281	5519950	1669	1669	14.00	73.00	42.71	43.00	71286.00
chr17	16691106	16691449	343	343	4.00	81.00	35.54	48.00	12191.00
chr2	220086993	220087172	179	179	195.00	266.00	236.54	241.00	42340.00
chr10	51746916	51748006	1090	1090	3.00	110.00	38.61	30.00	42088.00
chr12	7302118	7302289	171	171	545.00	684.00	604.67	593.00	103399.00
chr11	59562844	59562955	111	111	34.00	68.00	53.68	59.00	5959.00
chr12	6100984	6101184	200	200	38.00	69.00	50.98	50.00	10195.00
chr19	5683274	5683627	353	353	4.00	30.00	18.62	21.00	6572.00
chr12	2786259	2786387	128	128	31.00	59.00	41.88	40.00	5360.00
chr15	26812727	26812880	153	153	137.00	255.00	177.63	172.00	27178.00
chr1	149007980	149008798	818	818	0.00	12.00	4.57	4.00	3735.00
chr19	54965608	54965861	253	253	118.00	281.00	184.28	173.00	46622.00
chr8	27293259	27293310	51	51	287.00	365.00	343.73	345.00	17530.00
chr15	23014437	23014528	91	91	97.00	115.00	106.12	106.00	9657.00
chr1	111717500	111717585	85	85	48.00	83.00	67.00	65.00	5695.00
chr6	150157220	150157433	213	213	143.00	213.00	176.00	176.00	37488.00
chr13	114566547	114566670	123	123	42.00	102.00	65.03	66.00	7999.00
chr16	58539291	58539605	314	314	11.00	40.00	25.81	25.00	8105.00
chr1	21936612	21936768	156	156	276.00	655.00	482.08	486.00	75204.00
chr1	17322880	17322991	111	111	258.00	459.00	377.22	415.00	41871.00
chr11	60699455	60699599	144	144	428.00	606.00	532.19	562.00	76635.00
chr5	6749669	6749770	101	101	50.00	82.00	68.54	70.00	6923.00
chr16	2156805	2156949	144	144	162.00	243.00	200.67	189.00	28897.00
chr15	34690834	34690930	96	96	86.00	176.00	131.00	130.00	12576.00
chr3	11074933	11075425	492	492	6.00	554.00	115.74	32.00	56945.00
chr5	74655222	74655381	159	159	90.00	154.00	113.75	111.00	18086.00
chr20	20022968	20023160	192	192	45.00	81.00	69.68	72.00	13378.00
chr2	39055481	39055578	97	97	21.00	28.00	23.93	23.00	2321.00
chr19	16793231	16793528	297	297	10.00	222.00	64.15	13.00	19053.00
chr2	219205450	219205509	59	59	71.00	89.00	77.97	77.00	4600.00
chr17	74087429	74087729	300	300	8.00	24.00	16.97	18.00	5091.00
chr3	184058150	184060036	1886	1886	8.00	655.00	111.67	38.00	210615.00
chr6	90333128	90333263	135	135	42.00	70.00	57.64	57.00	7781.00
chr12	125267019	125267429	410	410	13.00	98.00	38.34	19.00	15719.00
chr1	207942580	207943104	524	524	12.00	91.00	54.49	57.50	28555.00
chr4	89356876	89357043	167	167	104.00	167.00	136.89	137.00	22861.00
chr7	101995498	101995736	238	238	15.00	53.00	28.51	22.00	6785.00
chr3	11067458	11067562	104	104	529.00	657.00	597.94	602.50	62186.00
chr5	95734582	95734740	158	158	73.00	112.00	94.28	96.00	14897.00
chr6	152529106	152529341	235	235	133.00	192.00	159.34	156.00	37445.00
chr5	102295578	102295763	185	185	106.00	150.00	123.56	122.00	22859.00
chr22	21072980	21073110	130	130	749.00	1074.00	900.25	922.50	117032.00
chr12	121855306	121855714	408	408	57.00	167.00	103.12	102.50	42071.00
chr1	160326389	160326544	155	155	97.00	128.00	113.32	114.00	17565.00
chr11	60670930	60671007	77	77	248.00	357.00	289.51	281.00	22292.00
chr17	79804822	79804948	126	126	360.00	539.00	453.90	461.50	57191.00
chr16	18527204	18527332	128	128	387.00	610.00	484.70	466.00	62041.00
chr16	16372518	16372646	128	128	413.00	636.00	511.46	496.00	65467.00
chr2	32750530	32750695	165	165	36.00	60.00	49.79	52.00	8216.00
chr14	69369193	69369279	86	86	161.00	221.00	186.53	186.00	16042.00
chr7	66418212	66418356	144	144	121.00	154.00	136.29	135.50	19626.00
chr6	44107988	44108097	109	109	116.00	148.00	131.26	130.00	14307.00
chr7	70885893	70886091	198	198	215.00	469.00	307.31	260.00	60848.00
chr8	27295281	27295397	116	116	276.00	370.00	324.28	327.00	37617.00
chr7	73122918	73123018	100	100	1130.00	1321.00	1220.41	1215.50	122041.00
chr15	34698874	34699071	197	197	144.00	207.00	174.69	178.00	34414.00
chr8	22009343	22009513	170	170	217.00	356.00	263.84	256.00	44853.00
chr7	1526557	1526737	180	180	56.00	156.00	106.69	108.50	19205.00
chr5	178053946	178054065	119	119	8.00	138.00	73.75	72.00	8776.00
chr12	6103027	6103369	342	342	40.00	70.00	53.16	52.00	18181.00
chr2	3479491	3480482	991	991	7.00	29.00	18.47	18.00	18304.00
chr3	33883388	33883566	178	178	63.00	124.00	97.58	97.50	17369.00
chr19	11019778	11019883	105	105	99.00	176.00	138.70	141.00	14564.00
chr7	98446205	98446318	113	113	911.00	1780.00	1334.17	1215.00	150761.00
chr8	106813274	106813932	658	658	10.00	30.00	19.82	20.00	13041.00
chr2	223795338	223795530	192	192	255.00	486.00	339.09	318.00	65105.00
chr7	75511146	75511554	408	408	687.00	1264.00	967.85	975.00	394881.00
chr21	40184926	40185038	112	112	105.00	152.00	134.49	139.00	15063.00
chr19	53383575	53385236	1661	1661	12.00	48.00	29.69	31.00	49321.00
chr19	14208130	14208295	165	165	10.00	590.00	389.63	485.00	64289.00
chr15	91461013	91461618	605	605	20.00	342.00	99.81	28.00	60384.00
chr8	145278010	145278133	123	123	35.00	51.00	42.42	42.00	5218.00
chr16	28132990	28133083	93	93	107.00	181.00	144.29	137.00	13419.00
chr11	125280091	125280221	130	130	80.00	117.00	97.44	96.00	12667.00
chr15	63128089	63128317	228	228	41.00	176.00	123.10	139.00	28066.00
chr9	131181435	131181557	122	122	5.00	258.00	209.99	218.00	25619.00
chr19	3281196	3281343	147	147	227.00	369.00	312.73	330.00	45971.00
chr11	6240200	6240280	80	80	59.00	83.00	73.70	74.00	5896.00
chr20	31019123	31019287	164	164	24.00	41.00	31.36	32.00	5143.00
chr6	46825865	46827260	1395	1395	26.00	108.00	60.72	59.00	84702.00
chr12	1672006	1672666	660	660	4.00	48.00	21.13	19.00	13947.00
chr12	9098824	9099001	177	177	107.00	168.00	141.33	148.00	25015.00
chr7	121738503	121738630	127	127	22.00	33.00	28.40	30.00	3607.00
chr19	40875814	40875935	121	121	712.00	916.00	812.90	808.00	98361.00
chr20	3581592	3581671	79	79	69.00	100.00	83.08	81.00	6563.00
chr17	7226965	7227042	77	77	53.00	66.00	60.13	61.00	4630.00
chr2	74331800	74332809	1009	1009	13.00	50.00	24.80	23.00	25023.00
chr1	209785136	209785610	474	474	7.00	279.00	179.20	180.50	84941.00
chr9	35546426	35548532	2106	2106	96.00	241.00	152.65	151.00	321488.00
chr17	80040198	80040290	92	92	251.00	298.00	280.42	283.50	25799.00
chr11	73074791	73075284	493	493	7.00	129.00	46.74	25.00	23041.00
chr20	44674976	44675075	99	99	216.00	277.00	256.43	260.00	25387.00
chr20	5892091	5892328	237	237	33.00	349.00	156.97	132.00	37203.00
chr17	20316581	20317594	1013	1013	3.00	33.00	16.34	16.00	16553.00
chr12	99478702	99478801	99	99	113.00	139.00	123.24	122.00	12201.00
chr17	40842756	40842960	204	204	138.00	262.00	209.06	208.00	42649.00
chr11	107501142	107501288	146	146	160.00	260.00	195.88	180.00	28599.00
chr11	85429236	85429532	296	296	1.00	21.00	10.68	11.00	3160.00
chr20	9449217	9449319	102	102	33.00	42.00	36.71	37.00	3744.00
chr14	23371395	23371591	196	196	88.00	121.00	107.14	107.00	20999.00
chr7	716865	716957	92	92	1446.00	1710.00	1598.64	1603.50	147075.00
chr10	48862360	48862682	322	322	2.00	142.00	93.34	118.00	30057.00
chr10	68686678	68688210	1532	1532	15.00	115.00	38.69	31.00	59266.00
chr5	179674854	179674926	72	72	107.00	143.00	128.74	132.50	9269.00
chr1	209773327	209773456	129	129	109.00	152.00	135.44	142.00	17472.00
chr17	45691034	45691091	57	57	305.00	353.00	324.84	323.00	18516.00
chr1	19669871	19670118	247	247	27.00	48.00	39.60	41.00	9780.00
chr17	45664025	45664710	685	685	9.00	237.00	67.34	43.00	46126.00
chr19	2337634	2338840	1206	1206	8.00	70.00	27.96	29.00	33720.00
chr8	22011480	22011552	72	72	235.00	305.00	266.54	261.50	19191.00
