#chrom	start	end	size	num_data	min	max	mean	median	sum
chr12	1940100	1940691	591	591	23.00	69.00	42.40	39.00	25060.00
chr1	27480473	27481381	908	908	22.00	58.00	37.59	37.00	34135.00
chr15	63112684	63112809	125	125	119.00	180.00	156.16	161.00	19520.00
chr5	149231737	149232254	517	517	7.00	20.00	12.92	13.00	6678.00
chr5	140865429	140867182	1753	1753	9.00	68.00	28.09	30.00	49238.00
chr1	32209793	32209958	165	165	134.00	255.00	197.04	200.00	32511.00
chr16	87873307	87873431	124	124	166.00	256.00	203.06	202.50	25180.00
chr17	34157438	34158175	737	737	6.00	22.00	11.33	11.00	8351.00
chr2	127815619	127816088	469	469	15.00	68.00	43.69	46.00	20489.00
chr1	208212965	208213112	147	147	57.00	108.00	80.01	77.00	11761.00
chr22	19703883	19704666	783	783	3.00	41.00	25.90	24.00	20277.00
chr16	87872319	87872423	104	104	204.00	256.00	230.18	228.50	23939.00
chr9	140055740	140055868	128	128	1125.00	1369.00	1270.38	1287.00	162608.00
chr22	21096515	21096643	128	128	312.00	470.00	369.19	364.50	47256.00
chr9	140056321	140056540	219	219	8.00	1755.00	1106.45	1344.00	242313.00
chr11	78379981	78380253	272	272	6.00	17.00	9.97	9.00	2713.00
chr3	11070420	11070533	113	113	288.00	371.00	323.21	325.00	36523.00
chr1	109812554	109813222	668	668	5.00	413.00	154.54	176.00	103230.00
chr2	220161954	220162155	201	201	448.00	673.00	577.98	574.00	116174.00
chr15	74706887	74707086	199	199	79.00	149.00	103.30	98.00	20557.00
chr17	7318829	7319426	597	597	126.00	379.00	241.43	238.00	144135.00
chr1	21560050	21560154	104	104	49.00	63.00	55.03	55.50	5723.00
chr1	25573799	25573952	153	153	5.00	390.00	252.91	291.00	38695.00
chr14	93198993	93199160	167	167	122.00	157.00	135.87	135.00	22690.00
chr1	205554003	205554119	116	116	98.00	155.00	127.34	122.00	14771.00
chr1	9795005	9795232	227	227	1157.00	1672.00	1438.26	1435.00	326484.00
chr17	42426525	42426670	145	145	88.00	146.00	115.21	113.00	16706.00
chr18	70205887	70206179	292	292	6.00	255.00	102.21	19.00	29844.00
chr1	205553082	205553251	169	169	129.00	211.00	172.91	176.00	29222.00
chr9	140056623	140056766	143	143	14.00	1373.00	935.76	1059.00	133814.00
chr6	33412147	33412394	247	247	5.00	383.00	224.48	290.00	55446.00
chr12	89992366	89992547	181	181	4.00	490.00	356.20	402.00	64472.00
chr2	220088827	220089576	749	749	75.00	151.00	112.07	113.00	83938.00
chr14	100763073	100765222	2149	2149	16.00	153.00	46.57	44.00	100083.00
chr1	110740697	110742543	1846	1846	26.00	781.00	411.94	379.00	760450.00
chr1	149878201	149879758	1557	1557	17.00	1101.00	263.59	37.00	410414.00
chr3	197264139	197265259	1120	1120	1.00	20.00	7.84	7.00	8776.00
chr8	56449623	56450530	907	907	4.00	24.00	12.44	12.00	11284.00
chr9	139354208	139354326	118	118	44.00	90.00	57.29	52.00	6760.00
chr1	32204908	32205236	328	328	315.00	501.00	383.42	369.00	125761.00
chr7	75608768	75608897	129	129	111.00	165.00	140.53	142.00	18128.00
chr19	45161029	45161178	149	149	20.00	46.00	33.39	33.00	4975.00
chr19	5243911	5244493	582	582	44.00	111.00	62.87	59.00	36592.00
chr6	32119585	32119717	132	132	12.00	616.00	334.10	334.00	44101.00
chr3	42670878	42672067	1189	1189	5.00	41.00	20.69	21.00	24598.00
chr11	45892392	45892485	93	93	88.00	148.00	111.10	105.00	10332.00
chr17	80040789	80040991	202	202	339.00	490.00	404.45	403.50	81699.00
chr2	74902875	74903036	161	161	31.00	55.00	41.34	42.00	6655.00
chr17	38335969	38337946	1977	1977	3.00	155.00	23.00	15.00	45478.00
chr16	87870103	87870253	150	150	150.00	317.00	209.93	188.00	31490.00
chr1	32205947	32206142	195	195	243.00	377.00	308.36	313.00	60131.00
chr6	44117553	44117702	149	149	13.00	274.00	178.47	229.00	26592.00
chr1	159163659	159163830	171	171	703.00	915.00	807.20	809.00	138031.00
chr3	445565	446023	458	458	2.00	13.00	6.43	6.00	2944.00
chr2	25048913	25048995	82	82	130.00	160.00	146.43	147.00	12007.00
chr10	99504485	99504672	187	187	57.00	108.00	81.56	84.00	15251.00
chr4	54364807	54365010	203	203	50.00	91.00	71.13	68.00	14439.00
chr17	1634367	1634552	185	185	24.00	46.00	35.14	35.00	6500.00
chr7	72416124	72416247	123	123	67.00	97.00	80.83	79.00	9942.00
chr1	208212169	208212329	160	160	67.00	103.00	80.93	80.00	12949.00
chr9	140952500	140952702	202	202	38.00	79.00	53.93	53.00	10893.00
chr6	44197325	44197528	203	203	88.00	124.00	105.83	106.00	21483.00
chr6	44197643	44198218	575	575	28.00	95.00	56.12	50.00	32271.00
chr11	118981972	118982084	112	112	154.00	205.00	176.79	177.50	19800.00
chr5	150503846	150503952	106	106	13.00	1461.00	1061.85	1354.00	112556.00
chr11	118981761	118981878	117	117	192.00	230.00	214.55	214.00	25102.00
chr11	126314873	126315000	127	127	40.00	66.00	49.95	48.00	6344.00
chr1	159165808	159166244	436	436	6.00	935.00	166.71	14.00	72684.00
chr7	134893542	134893750	208	208	28.00	49.00	37.57	38.00	7815.00
chr9	121976196	121976433	237	237	140.00	345.00	233.55	242.00	55351.00
chr19	54691042	54691169	127	127	154.00	337.00	236.36	219.00	30018.00
chr22	38621430	38621600	170	170	166.00	233.00	203.11	203.50	34528.00
chr13	42035681	42036205	524	524	9.00	30.00	19.83	20.00	10389.00
chr20	1915360	1915413	53	53	12.00	1329.00	840.64	1013.00	44554.00
chr5	14496987	14497126	139	139	100.00	223.00	153.05	153.00	21274.00
chr12	56528125	56528212	87	87	74.00	96.00	86.20	86.00	7499.00
chr3	47466974	47467101	127	127	68.00	91.00	81.07	83.00	10296.00
chr17	7415476	7415663	187	187	97.00	171.00	122.57	117.00	22920.00
chr3	33588037	33589252	1215	1215	9.00	43.00	24.80	24.00	30128.00
chr7	887833	888615	782	782	5.00	40.00	16.83	14.00	13160.00
chr10	24813251	24813693	442	442	13.00	69.00	38.61	43.00	17065.00
chr1	109812045	109812213	168	168	161.00	343.00	237.49	199.00	39899.00
chr19	15276597	15276902	305	305	73.00	127.00	98.22	99.00	29957.00
chr16	2334779	2334999	220	220	134.00	206.00	171.45	169.00	37719.00
chr16	68404761	68405261	500	500	10.00	31.00	16.90	15.00	8449.00
chr4	110969111	110969871	760	760	11.00	38.00	25.01	26.00	19011.00
chr1	145693161	145693996	835	835	7.00	57.00	32.81	32.00	27399.00
chr7	44282848	44282932	84	84	502.00	636.00	579.05	576.50	48640.00
chr2	220164315	220164508	193	193	25.00	358.00	168.76	47.00	32571.00
chr12	50472203	50472360	157	157	68.00	100.00	82.17	84.00	12901.00
chr2	220163768	220163833	65	65	394.00	485.00	439.71	440.00	28581.00
chr2	222289928	222290862	934	934	50.00	165.00	118.79	119.00	110954.00
chr12	57599133	57599268	135	135	241.00	342.00	276.02	272.00	37263.00
chr7	157475416	157475629	213	213	236.00	331.00	268.18	261.00	57122.00
chr1	32203800	32203927	127	127	266.00	555.00	426.89	461.00	54215.00
chr1	109811731	109811912	181	181	175.00	368.00	284.43	283.00	51481.00
chr9	140052830	140052975	145	145	770.00	1762.00	1328.38	1465.00	192615.00
chr2	220161706	220161854	148	148	495.00	853.00	668.50	685.00	98938.00
chr16	29896906	29897070	164	164	319.00	483.00	402.74	404.00	66049.00
chr16	47143393	47143622	229	229	26.00	44.00	36.41	38.00	8339.00
chr11	993753	993985	232	232	159.00	309.00	223.76	195.50	51912.00
chr9	124059698	124061137	1439	1439	4.00	49.00	21.74	22.00	31286.00
chr9	140350140	140350634	494	494	13.00	77.00	45.60	46.00	22524.00
chr11	14504577	14504697	120	120	49.00	81.00	62.02	60.00	7443.00
chr3	49898612	49898733	121	121	452.00	640.00	547.59	548.00	66258.00
chr9	131811659	131811777	118	118	48.00	79.00	57.89	56.00	6831.00
chr9	131810705	131810818	113	113	68.00	91.00	80.16	81.00	9058.00
chr1	223400935	223401080	145	145	80.00	128.00	110.21	113.00	15981.00
chr12	125612185	125612820	635	635	5.00	109.00	23.39	11.00	14852.00
chr2	220088590	220088744	154	154	99.00	140.00	121.72	122.00	18745.00
chr9	70888487	70888750	263	263	6.00	31.00	18.97	20.00	4990.00
chr14	69813756	69813898	142	142	112.00	180.00	134.55	128.00	19106.00
chr2	47399145	47399890	745	745	11.00	322.00	50.41	47.00	37559.00
chr11	62688689	62689041	352	352	7.00	190.00	55.91	19.00	19679.00
chr6	43745205	43745407	202	202	11.00	101.00	77.70	74.50	15695.00
chr3	11072492	11072997	505	505	10.00	434.00	108.27	42.00	54677.00
chr7	2696031	2696168	137	137	124.00	169.00	149.77	149.00	20519.00
chr16	14969196	14969279	83	83	443.00	680.00	578.23	599.00	47993.00
chr17	7377847	7378026	179	179	1.00	8.00	4.81	4.00	861.00
chr12	65639640	65639719	79	79	46.00	78.00	58.80	55.00	4645.00
chr12	50294912	50295108	196	196	973.00	2299.00	1285.18	1177.50	251895.00
chr19	42485653	42485788	135	135	1470.00	2016.00	1741.48	1711.00	235100.00
chr10	99509230	99509343	113	113	89.00	166.00	118.74	112.00	13418.00
chr22	38883877	38888120	4243	4243	50.00	844.00	275.20	254.00	1167690.00
chr12	49416372	49416658	286	286	45.00	104.00	75.04	76.00	21462.00
chr6	24843089	24843782	693	693	13.00	41.00	25.07	24.00	17371.00
chr5	176295561	176295665	104	104	138.00	195.00	162.48	161.50	16898.00
chr10	99510087	99510227	140	140	116.00	164.00	141.76	142.00	19847.00
chr1	159173658	159174770	1112	1112	6.00	65.00	23.85	20.00	26522.00
chr11	1780745	1780869	124	124	969.00	1268.00	1104.13	1102.00	136912.00
chr19	42486059	42486258	199	199	1034.00	1916.00	1488.29	1488.00	296170.00
chr3	47465422	47465535	113	113	92.00	160.00	114.73	114.00	12965.00
chr1	21573713	21573856	143	143	66.00	102.00	81.02	79.00	11586.00
chr11	65320330	65320453	123	123	90.00	150.00	129.19	137.00	15890.00
chr3	47462420	47462519	99	99	139.00	231.00	194.28	207.00	19234.00
chr2	219204751	219204864	113	113	106.00	156.00	144.25	148.00	16300.00
chr1	43906123	43906257	134	134	17.00	30.00	23.32	24.00	3125.00
chr7	38785158	38785840	682	682	9.00	170.00	30.72	19.50	20951.00
chr2	153499932	153500058	126	126	61.00	95.00	81.00	83.00	10206.00
chr1	32203011	32203132	121	121	7.00	423.00	269.44	303.00	32602.00
chr22	42290823	42290941	118	118	318.00	534.00	447.18	451.50	52767.00
chr19	47940718	47940818	100	100	253.00	408.00	314.92	305.50	31492.00
chr4	119539150	119539274	124	124	7.00	18.00	12.49	13.00	1549.00
chr17	44117067	44117250	183	183	32.00	59.00	42.83	39.00	7838.00
chr19	42485873	42485983	110	110	1124.00	1475.00	1340.12	1348.50	147413.00
chr6	44114583	44114664	81	81	83.00	110.00	97.02	97.00	7859.00
chr19	47941105	47941292	187	187	7.00	484.00	265.43	359.00	49635.00
chr11	73074250	73074500	250	250	130.00	177.00	158.35	158.00	39587.00
chr3	33418764	33418825	61	61	163.00	229.00	194.72	198.00	11878.00
chr1	700258	700505	247	247	8.00	34.00	19.74	19.00	4876.00
chr9	74319510	74319719	209	209	18.00	46.00	26.27	23.00	5490.00
chr16	2336694	2336968	274	274	120.00	424.00	262.25	259.00	71856.00
chr20	3575125	3575219	94	94	56.00	107.00	67.54	65.00	6349.00
chr9	139231377	139231529	152	152	42.00	61.00	51.37	50.00	7808.00
chr5	140515951	140516498	547	547	5.00	28.00	19.01	20.00	10400.00
chr1	21938208	21938309	101	101	356.00	498.00	416.23	409.00	42039.00
chr3	155659188	155659936	748	748	9.00	81.00	53.50	57.00	40020.00
chr16	27483068	27483241	173	173	76.00	115.00	97.97	101.00	16949.00
chr11	994071	994245	174	174	124.00	221.00	186.95	199.50	32529.00
chr7	71175745	71175913	168	168	260.00	423.00	350.28	361.50	58847.00
chr12	121204065	121204175	110	110	106.00	162.00	139.12	144.00	15303.00
chr7	73118679	73118753	74	74	513.00	682.00	583.32	572.00	43166.00
chr9	140972565	140972710	145	145	52.00	67.00	59.08	59.00	8567.00
chr12	121683329	121684024	695	695	7.00	29.00	13.44	12.00	9338.00
chr16	74493579	74493687	108	108	112.00	127.00	120.11	120.00	12972.00
chr2	36771518	36771641	123	123	90.00	139.00	110.75	108.00	13622.00
chr7	94187181	94187996	815	815	3.00	17.00	9.53	9.00	7768.00
chr14	94156951	94157239	288	288	4.00	11.00	6.87	7.00	1979.00
chr7	121739000	121739524	524	524	9.00	40.00	19.96	18.00	10459.00
chr1	19549117	19549328	211	211	45.00	107.00	71.17	69.00	15017.00
chr19	5214571	5214747	176	176	160.00	388.00	218.52	189.50	38460.00
chr19	42557753	42557861	108	108	130.00	166.00	146.83	143.50	15858.00
chr15	102510686	102510925	239	239	11.00	46.00	31.16	32.00	7448.00
chr5	167673761	167675376	1615	1615	17.00	102.00	44.17	39.00	71332.00
chr7	44282158	44282253	95	95	535.00	766.00	627.54	614.00	59616.00
chr2	160621061	160621717	656	656	5.00	129.00	21.08	13.00	13826.00
chr5	10426501	10426634	133	133	195.00	254.00	221.90	223.00	29513.00
chr16	1814301	1814460	159	159	464.00	594.00	533.08	532.00	84759.00
chr11	21581734	21581928	194	194	74.00	127.00	99.64	99.00	19330.00
chr3	126749085	126749255	170	170	63.00	132.00	100.21	108.00	17035.00
chr11	12237765	12237866	101	101	171.00	243.00	210.35	210.00	21245.00
chr6	31750872	31750963	91	91	112.00	137.00	126.29	127.00	11492.00
chr3	53124201	53124398	197	197	9.00	24.00	14.56	14.00	2869.00
chr2	220161470	220161544	74	74	609.00	769.00	705.18	708.00	52183.00
chr2	128951046	128951785	739	739	11.00	72.00	32.38	29.00	23927.00
chr5	24535811	24535931	120	120	55.00	73.00	63.30	64.00	7596.00
chr1	44083406	44083582	176	176	179.00	251.00	210.43	210.00	37036.00
chr1	32207653	32207818	165	165	154.00	321.00	219.41	205.00	36203.00
chr12	7293754	7294000	246	246	4.00	576.00	343.80	500.00	84574.00
chr3	131442289	131442469	180	180	50.00	91.00	71.28	76.00	12831.00
chr3	49898871	49899298	427	427	40.00	701.00	302.98	420.00	129374.00
chr16	66432358	66432464	106	106	60.00	109.00	80.55	68.00	8538.00
chr1	20982593	20982680	87	87	223.00	372.00	288.98	277.00	25141.00
chr16	68398653	68398809	156	156	24.00	46.00	37.80	40.00	5897.00
chr17	16676818	16678279	1461	1461	4.00	25.00	15.08	15.00	22032.00
chr1	109814899	109815027	128	128	224.00	322.00	275.84	275.50	35308.00
chr1	21940478	21940582	104	104	482.00	597.00	547.32	560.00	56921.00
chr20	57468284	57468793	509	509	5.00	19.00	12.17	12.00	6192.00
chr3	127358087	127358366	279	279	217.00	436.00	316.41	318.00	88277.00
chr3	126735359	126735527	168	168	39.00	62.00	49.70	48.00	8350.00
chr10	103869140	103869264	124	124	280.00	403.00	341.30	347.50	42321.00
chr20	44520554	44520666	112	112	121.00	193.00	154.57	140.00	17312.00
chr1	32203252	32203356	104	104	259.00	361.00	313.17	302.00	32570.00
chr21	40186196	40186316	120	120	203.00	251.00	226.78	228.00	27214.00
chr5	111067153	111068349	1196	1196	6.00	61.00	24.56	21.00	29376.00
chr9	128002954	128003186	232	232	178.00	336.00	252.17	265.00	58503.00
chr1	43408896	43408992	96	96	446.00	602.00	526.49	516.50	50543.00
chr3	47463931	47464026	95	95	131.00	176.00	159.31	163.00	15134.00
chr2	220161160	220161238	78	78	623.00	698.00	653.46	653.50	50970.00
chr11	62472772	62473089	317	317	750.00	1720.00	1175.14	1140.00	372520.00
chr9	130986341	130986906	565	565	3.00	435.00	89.51	11.00	50572.00
chr14	69358769	69359000	231	231	163.00	215.00	183.26	182.00	42332.00
chr11	64416205	64416379	174	174	125.00	185.00	157.25	156.00	27361.00
chr17	8398454	8398559	105	105	198.00	297.00	243.57	234.00	25575.00
chr12	53572943	53574193	1250	1250	4.00	49.00	24.13	23.00	30161.00
chr17	17696544	17701827	5283	5283	19.00	216.00	56.36	53.00	297728.00
chr8	11705187	11705331	144	144	739.00	1096.00	983.19	1008.00	141580.00
chr19	54963829	54963931	102	102	254.00	347.00	297.37	298.50	30332.00
chr2	70451682	70456295	4613	4613	2.00	133.00	25.48	21.00	117539.00
chr11	118873959	118874169	210	210	9.00	24.00	17.14	17.00	3600.00
chr10	75548427	75548581	154	154	39.00	66.00	54.74	55.00	8430.00
chr6	33414351	33414563	212	212	255.00	519.00	408.96	411.50	86700.00
chr17	80042910	80043032	122	122	131.00	179.00	153.73	153.00	18755.00
chr11	11470290	11470483	193	193	54.00	96.00	68.51	68.00	13222.00
chr8	23294446	23294771	325	325	50.00	91.00	70.63	71.00	22955.00
chr1	116932060	116932663	603	603	7.00	1801.00	552.63	23.00	333236.00
chr15	83222627	83222741	114	114	56.00	81.00	70.98	73.00	8092.00
chr3	9841562	9841751	189	189	8.00	42.00	17.27	12.00	3264.00
chr1	116937731	116937907	176	176	1095.00	2668.00	1466.83	1246.50	258162.00
chr16	87868019	87868197	178	178	188.00	231.00	205.62	203.00	36601.00
chr3	124209540	124209731	191	191	312.00	472.00	386.68	375.00	73855.00
chr7	71142195	71142291	96	96	310.00	439.00	355.30	343.00	34109.00
chr5	130497324	130497584	260	260	6.00	17.00	12.93	13.00	3363.00
chr13	100199238	100199358	120	120	209.00	298.00	250.69	254.00	30083.00
chr5	139943336	139943506	170	170	23.00	228.00	185.68	191.00	31566.00
chr17	74395529	74396002	473	473	47.00	116.00	79.33	75.00	37523.00
chr14	93179149	93179216	67	67	138.00	153.00	145.90	146.00	9775.00
chr4	160277004	160277310	306	306	58.00	262.00	152.28	133.50	46597.00
chr17	40666306	40666478	172	172	621.00	1059.00	847.77	890.50	145816.00
chr15	34828065	34828207	142	142	8.00	150.00	106.98	117.00	15191.00
chr14	100165802	100165876	74	74	265.00	327.00	297.31	302.00	22001.00
chr22	20128089	20128231	142	142	11.00	134.00	68.47	84.00	9723.00
chr12	3392210	3394421	2211	2211	14.00	161.00	55.32	47.00	122318.00
chr17	16687866	16690667	2801	2801	2.00	140.00	22.86	16.00	64035.00
chr6	31664724	31664810	86	86	83.00	159.00	125.08	130.50	10757.00
chr6	30627512	30627611	99	99	50.00	63.00	56.14	55.00	5558.00
chr11	18752834	18755060	2226	2226	12.00	761.00	94.26	44.00	209829.00
chr12	109332602	109332731	129	129	141.00	231.00	193.62	208.00	24977.00
chr6	90072884	90073110	226	226	4.00	17.00	10.18	10.00	2301.00
chr16	2689371	2689711	340	340	0.00	2.00	0.79	1.00	268.00
chr1	20987373	20987484	111	111	215.00	256.00	232.45	232.00	25802.00
chr14	85985300	85986667	1367	1367	1.00	20.00	10.10	10.00	13810.00
chr13	32863769	32863880	111	111	72.00	100.00	84.68	85.00	9400.00
chr16	1510418	1510528	110	110	66.00	92.00	76.63	75.00	8429.00
chr19	54963269	54963444	175	175	342.00	587.00	469.06	474.00	82086.00
chr6	44224078	44224233	155	155	67.00	81.00	74.48	75.00	11544.00
chr20	3151172	3152285	1113	1113	3.00	34.00	21.05	23.00	23433.00
chr1	892273	892405	132	132	107.00	174.00	136.40	135.50	18005.00
chr16	90192167	90192724	557	557	2.00	29.00	15.10	14.00	8411.00
chr9	111663704	111663810	106	106	65.00	93.00	78.06	77.50	8274.00
chr6	44108764	44108835	71	71	103.00	145.00	123.99	125.00	8803.00
chr1	36028802	36029027	225	225	1456.00	2512.00	1941.19	1899.00	436767.00
chr11	66807259	66807674	415	415	14.00	120.00	91.48	98.00	37965.00
chr1	178426817	178427679	862	862	17.00	42.00	28.73	29.00	24764.00
chr19	42482302	42482478	176	176	1440.00	2854.00	1771.92	1602.00	311858.00
chr1	44084718	44084873	155	155	125.00	335.00	202.89	192.00	31448.00
chr1	109812315	109812442	127	127	192.00	268.00	228.24	236.00	28987.00
chr3	180324268	180324391	123	123	63.00	90.00	78.32	79.00	9633.00
chr15	63933668	63933842	174	174	88.00	165.00	122.93	122.50	21390.00
chr20	44521363	44521519	156	156	190.00	263.00	222.76	219.00	34751.00
chr3	33416779	33416910	131	131	75.00	185.00	119.31	116.00	15629.00
chr1	21934624	21934843	219	219	10.00	687.00	282.64	328.00	61898.00
chr14	69799801	69799886	85	85	74.00	107.00	96.55	98.00	8207.00
chr1	116936134	116936345	211	211	9.00	1705.00	1358.32	1523.00	286605.00
chr14	23634493	23634645	152	152	28.00	52.00	40.28	40.50	6122.00
chr16	1402538	1402947	409	409	4.00	16.00	10.49	12.00	4289.00
chr9	20331	25000	4669	4669	0.00	140.00	47.41	43.00	221367.00
chr17	43545574	43545959	385	385	12.00	34.00	22.91	24.00	8820.00
chr13	100201418	100201476	58	58	223.00	261.00	239.19	239.00	13873.00
chr15	41865505	41865665	160	160	232.00	460.00	313.87	313.00	50219.00
chr19	19641688	19642196	508	508	5.00	22.00	15.59	16.00	7921.00
chr11	134147593	134148159	566	566	8.00	38.00	18.98	17.00	10742.00
chr2	71656420	71657290	870	870	4.00	44.00	22.54	22.00	19609.00
chr7	97834775	97835016	241	241	58.00	98.00	74.71	76.00	18005.00
chr19	13363804	13363915	111	111	67.00	99.00	80.67	82.00	8954.00
chr18	31328383	31329011	628	628	2.00	16.00	7.23	6.00	4538.00
chr16	66431884	66432009	125	125	63.00	110.00	83.16	71.00	10395.00
chr19	47935155	47935702	547	547	8.00	551.00	202.69	240.00	110871.00
chr12	50291769	50291873	104	104	777.00	1184.00	969.74	1015.00	100853.00
chr11	1780198	1780317	119	119	566.00	992.00	717.43	700.00	85374.00
chr15	65392626	65393167	541	541	10.00	39.00	21.04	18.00	11383.00
chr2	86397871	86397967	96	96	86.00	142.00	122.25	130.50	11736.00
chr7	97866087	97866233	146	146	70.00	120.00	92.84	98.00	13554.00
chr11	60687157	60687402	245	245	102.00	206.00	152.98	156.00	37479.00
chr21	43307700	43309453	1753	1753	14.00	72.00	35.29	34.00	61863.00
chr14	24619269	24619657	388	388	23.00	62.00	35.43	34.00	13747.00
chr11	65320634	65320727	93	93	83.00	105.00	92.00	91.00	8556.00
chr16	29891184	29891385	201	201	381.00	523.00	451.32	452.00	90716.00
chr1	32207224	32207326	102	102	363.00	463.00	405.37	407.00	41348.00
chr11	72300218	72300394	176	176	4.00	333.00	108.25	7.00	19052.00
chr17	7608878	7609038	160	160	29.00	106.00	68.16	76.00	10906.00
chr19	7607646	7607814	168	168	100.00	144.00	121.23	123.00	20366.00
chr19	54966129	54966271	142	142	175.00	267.00	233.99	244.00	33226.00
chr12	57995027	57995131	104	104	120.00	141.00	132.82	133.00	13813.00
chr1	27428875	27429049	174	174	62.00	79.00	72.55	73.00	12623.00
chr2	27688277	27688385	108	108	20.00	58.00	35.11	38.00	3792.00
chr16	2691449	2692254	805	805	0.00	16.00	0.50	0.00	404.00
chr9	131503813	131503933	120	120	272.00	341.00	308.98	304.00	37078.00
chr16	2347766	2347922	156	156	100.00	169.00	137.64	137.50	21472.00
chr17	80039884	80040036	152	152	273.00	336.00	304.65	307.50	46307.00
chr1	32204432	32204538	106	106	328.00	615.00	485.54	519.50	51467.00
chr12	9242951	9243078	127	127	242.00	286.00	256.33	255.00	32554.00
chr3	49702661	49702751	90	90	87.00	129.00	112.20	112.50	10098.00
chr19	35820359	35820837	478	478	19.00	47.00	32.55	31.00	15558.00
chr1	201456762	201457615	853	853	10.00	41.00	26.44	26.00	22551.00
chr16	2334279	2334438	159	159	157.00	197.00	180.14	179.00	28642.00
chr10	73578373	73578481	108	108	2937.00	3603.00	3263.44	3238.50	352451.00
chr16	18530550	18530756	206	206	9.00	513.00	243.42	342.50	50145.00
chr16	16369094	16369300	206	206	9.00	522.00	246.54	349.50	50788.00
chr13	113975636	113975785	149	149	10.00	488.00	197.30	16.00	29398.00
chr11	119293822	119294227	405	405	5.00	5475.00	511.79	33.00	207275.00
chr5	150505962	150506041	79	79	872.00	1356.00	1042.71	1007.00	82374.00
chr22	44224939	44225078	139	139	738.00	1016.00	834.88	804.00	116049.00
chr15	41865199	41865309	110	110	205.00	280.00	238.56	241.00	26242.00
chr17	25633807	25636298	2491	2491	16.00	648.00	239.55	259.00	596723.00
chr15	72495155	72495529	374	374	26.00	2553.00	1035.43	38.50	387249.00
chr9	42540272	42542124	1852	1852	0.00	17.00	6.97	6.00	12910.00
chr11	119290760	119291704	944	944	4.00	6900.00	1590.74	25.00	1501662.00
chr19	5219949	5220165	216	216	90.00	191.00	132.95	117.00	28718.00
chr15	63910769	63911153	384	384	2.00	23.00	15.93	16.00	6117.00
chr17	74393879	74393969	90	90	92.00	130.00	111.41	110.00	10027.00
chr10	104129467	104129532	65	65	75.00	96.00	85.03	85.00	5527.00
chr3	142454224	142454620	396	396	2.00	15.00	8.44	9.00	3341.00
chr12	121205196	121205396	200	200	122.00	166.00	141.56	140.00	28313.00
chr3	31705570	31705724	154	154	18.00	36.00	27.48	29.00	4232.00
chr6	118635190	118636593	1403	1403	11.00	110.00	70.36	70.00	98711.00
chr8	10339867	10340829	962	962	7.00	39.00	21.27	20.00	20462.00
chr19	16952578	16952779	201	201	70.00	154.00	114.14	113.00	22942.00
chr8	110984486	110985016	530	530	52.00	134.00	84.58	78.00	44828.00
chr9	128001219	128001610	391	391	290.00	739.00	537.91	579.00	210322.00
chr11	73070878	73070997	119	119	125.00	171.00	149.48	151.00	17788.00
chr10	104130140	104130235	95	95	66.00	97.00	80.69	83.00	7666.00
chr5	95733039	95733173	134	134	71.00	102.00	84.51	86.00	11325.00
chr19	59059400	59059547	147	147	261.00	354.00	297.11	291.00	43675.00
chr5	139943169	139943255	86	86	23.00	169.00	119.20	125.00	10251.00
chr17	73487771	73487981	210	210	83.00	191.00	129.17	116.50	27126.00
chr1	154315588	154315777	189	189	28.00	39.00	33.77	34.00	6383.00
chr14	95652726	95653070	344	344	14.00	25.00	18.75	19.00	6450.00
chr12	123639801	123640772	971	971	9.00	28.00	18.14	17.00	17616.00
chr22	47064870	47065171	301	301	1.00	13.00	7.05	7.00	2121.00
chr5	24535220	24535388	168	168	49.00	71.00	62.17	63.00	10444.00
chr12	6806452	6806958	506	506	170.00	367.00	261.71	262.00	132426.00
chr22	29881711	29881836	125	125	332.00	435.00	369.37	368.00	46171.00
chr7	75894681	75894786	105	105	48.00	96.00	70.04	70.00	7354.00
chr12	121089007	121095893	6886	6886	8.00	179.00	41.63	35.00	286641.00
chr1	207940357	207942365	2008	2008	13.00	161.00	46.75	38.00	93872.00
chr7	154681166	154681240	74	74	264.00	330.00	297.72	298.00	22031.00
chr5	131696513	131697529	1016	1016	3.00	21.00	9.38	9.00	9532.00
chr11	1776135	1776258	123	123	377.00	903.00	614.42	603.00	75574.00
chr8	11706554	11706673	119	119	680.00	967.00	829.83	826.00	98750.00
chr11	18759426	18759511	85	85	271.00	371.00	323.44	319.00	27492.00
chr16	61689373	61689625	252	252	40.00	70.00	53.27	53.00	13423.00
chr15	51750702	51750824	122	122	100.00	134.00	116.26	114.00	14184.00
chr9	35555056	35555698	642	642	167.00	414.00	282.07	293.00	181087.00
chr2	198356200	198356621	421	421	15.00	37.00	26.17	27.00	11017.00
chr9	131001723	131001794	71	71	2297.00	2726.00	2585.15	2625.00	183546.00
chr19	5214371	5214491	120	120	248.00	402.00	337.23	328.00	40468.00
chr22	35719488	35719623	135	135	114.00	198.00	165.46	171.00	22337.00
chr12	121678738	121679829	1091	1091	10.00	47.00	21.80	20.00	23779.00
chr14	23820960	23821064	104	104	1277.00	1833.00	1574.71	1591.00	163770.00
chr1	32205710	32205779	69	69	302.00	384.00	333.91	336.00	23040.00
chr3	33420176	33420326	150	150	9.00	232.00	81.25	12.00	12188.00
chr9	114820707	114820966	259	259	26.00	55.00	37.04	37.00	9593.00
chr15	41865876	41866023	147	147	16.00	505.00	417.54	439.00	61379.00
chr19	55554308	55554637	329	329	4.00	17.00	10.23	11.00	3365.00
chr1	116933403	116933513	110	110	1354.00	1618.00	1493.87	1491.50	164326.00
chr19	15374230	15374359	129	129	34.00	99.00	71.55	81.00	9230.00
chr12	56090682	56090852	170	170	67.00	106.00	90.96	92.00	15464.00
chr14	69445668	69445876	208	208	68.00	175.00	135.02	147.00	28085.00
chr12	57603474	57603651	177	177	204.00	401.00	281.63	277.00	49849.00
chr22	32897492	32898946	1454	1454	11.00	210.00	74.14	62.00	107798.00
chr16	16367702	16367764	62	62	4.00	299.00	149.92	162.50	9295.00
chr19	5245786	5246056	270	270	58.00	131.00	87.56	87.00	23640.00
chr16	74345440	74345829	389	389	4.00	21.00	13.02	14.00	5063.00
chr6	107096899	107097076	177	177	22.00	52.00	36.93	38.00	6537.00
chr1	29641883	29642019	136	136	34.00	65.00	48.99	49.00	6663.00
chr8	97342440	97342509	69	69	142.00	161.00	153.16	155.00	10568.00
chr8	68116914	68117054	140	140	42.00	81.00	64.46	64.50	9024.00
chr22	22037470	22037546	76	76	47.00	59.00	53.38	53.00	4057.00
chr22	50682147	50683420	1273	1273	14.00	161.00	75.03	70.00	95518.00
chr20	44048971	44049069	98	98	184.00	230.00	206.37	208.50	20224.00
chr1	36904356	36904511	155	155	34.00	63.00	45.18	45.00	7003.00
chr12	71054719	71054877	158	158	33.00	49.00	39.91	40.50	6305.00
chr15	50654364	50655515	1151	1151	7.00	27.00	15.46	15.00	17792.00
chr2	234198499	234198620	121	121	43.00	69.00	56.83	59.00	6876.00
chr9	128001699	128001812	113	113	261.00	341.00	297.34	307.00	33599.00
chr8	38272296	38272419	123	123	88.00	122.00	107.20	105.00	13186.00
chr11	73068069	73068179	110	110	85.00	174.00	136.66	149.50	15033.00
chr16	28123137	28123327	190	190	113.00	271.00	204.58	209.50	38871.00
chr12	49424062	49424222	160	160	11.00	64.00	37.21	41.00	5954.00
chr19	50302885	50303023	138	138	222.00	386.00	304.59	288.00	42033.00
chr19	42480567	42480718	151	151	2890.00	4362.00	3565.23	3577.00	538349.00
chr3	197904395	197905301	906	906	0.00	31.00	10.98	10.00	9946.00
chr13	100189992	100190117	125	125	103.00	147.00	125.17	127.00	15646.00
chr19	14268062	14268272	210	210	189.00	320.00	250.70	248.50	52646.00
chr10	93786886	93787057	171	171	67.00	112.00	86.25	87.00	14749.00
chr1	109808726	109808828	102	102	104.00	152.00	125.01	120.00	12751.00
chr4	134075461	134075520	59	59	144.00	168.00	152.83	153.00	9017.00
chr1	22052268	22053864	1596	1596	6.00	32.00	17.98	18.00	28699.00
chr9	140056855	140056968	113	113	1196.00	1633.00	1452.35	1484.00	164116.00
chr19	42482087	42482224	137	137	2935.00	3938.00	3585.71	3656.00	491242.00
chr19	4556962	4557025	63	63	388.00	464.00	425.86	426.00	26829.00
chr19	14266921	14267013	92	92	177.00	264.00	222.55	216.50	20475.00
chr22	42273851	42274127	276	276	12.00	604.00	317.56	383.00	87646.00
chr1	205549788	205550049	261	261	98.00	143.00	114.02	112.00	29758.00
chr1	110765585	110766522	937	937	57.00	175.00	98.99	90.00	92751.00
chr19	55553595	55554158	563	563	10.00	24.00	15.58	15.00	8769.00
chr7	150929881	150931360	1479	1479	9.00	74.00	30.13	28.00	44565.00
chr3	124215157	124215260	103	103	307.00	484.00	418.82	437.00	43138.00
chr16	58220658	58220760	102	102	50.00	115.00	85.49	79.00	8720.00
chr3	10381925	10382033	108	108	251.00	354.00	310.96	315.00	33584.00
chr10	11356101	11356221	120	120	48.00	72.00	54.98	53.00	6598.00
chr22	42294652	42294785	133	133	414.00	628.00	543.69	551.00	72311.00
chr1	2005531	2005714	183	183	22.00	75.00	58.87	65.00	10773.00
chr12	113722522	113722576	54	54	67.00	82.00	73.74	73.50	3982.00
chr9	131502198	131502398	200	200	14.00	480.00	398.09	426.50	79618.00
chr19	40873602	40873786	184	184	797.00	1264.00	1014.14	1021.50	186602.00
chr2	220162606	220162825	219	219	243.00	456.00	334.62	323.00	73282.00
chr16	28270027	28270355	328	328	12.00	72.00	33.37	28.50	10946.00
chr4	3225718	3225858	140	140	101.00	128.00	115.30	115.00	16142.00
chr17	44127898	44128070	172	172	32.00	50.00	41.01	41.00	7053.00
chr3	47462043	47462262	219	219	75.00	218.00	127.73	118.00	27972.00
chr6	99873090	99873182	92	92	6.00	555.00	206.23	133.00	18973.00
chr7	142561723	142562504	781	781	191.00	647.00	374.77	356.00	292695.00
chr1	159169540	159169666	126	126	903.00	1245.00	1103.92	1115.50	139094.00
chr19	7606869	7606953	84	84	54.00	99.00	76.71	75.00	6444.00
chr16	2811561	2818298	6737	6737	36.00	682.00	314.26	285.00	2117189.00
chr3	47450652	47450807	155	155	55.00	79.00	68.25	68.00	10579.00
chr11	118403631	118403922	291	291	93.00	148.00	116.80	116.00	33988.00
chr1	205555161	205555335	174	174	98.00	132.00	113.83	115.00	19807.00
chr12	125603186	125603311	125	125	61.00	87.00	73.85	73.00	9231.00
chr11	86658288	86659498	1210	1210	9.00	41.00	23.98	23.00	29020.00
chr22	37764946	37768745	3799	3799	19.00	434.00	147.93	125.00	562002.00
chr10	46345664	46346215	551	551	2.00	33.00	14.26	12.00	7856.00
chr22	33673045	33673241	196	196	119.00	302.00	186.54	157.50	36562.00
chr9	140042599	140042666	67	67	5.00	279.00	233.49	245.00	15644.00
chr3	48717233	48717320	87	87	165.00	227.00	186.80	185.00	16252.00
chr11	60681600	60681740	140	140	9.00	177.00	90.72	75.00	12701.00
chr10	93784512	93784724	212	212	47.00	77.00	61.10	58.00	12954.00
chr12	7289424	7290372	948	948	8.00	508.00	134.47	18.00	127480.00
chr3	132387062	132387526	464	464	7.00	24.00	14.06	13.00	6526.00
chr16	2335442	2335647	205	205	127.00	254.00	195.05	209.00	39986.00
chr16	1794782	1797276	2494	2494	8.00	459.00	66.50	38.00	165851.00
chr16	3786036	3786204	168	168	60.00	85.00	72.00	72.00	12096.00
chr9	141131209	141131766	557	557	0.00	11.00	4.59	3.00	2558.00
chr14	92965028	92966015	987	987	10.00	37.00	23.42	23.00	23118.00
chr19	54692070	54692200	130	130	146.00	345.00	238.62	201.50	31021.00
chr15	43866006	43866230	224	224	69.00	121.00	94.45	94.00	21157.00
chr3	40231316	40231954	638	638	38.00	91.00	58.16	56.00	37103.00
chr3	50148937	50149455	518	518	14.00	35.00	24.34	23.00	12610.00
chr4	81117505	81117755	250	250	14.00	46.00	30.43	32.00	7607.00
chr10	46740404	46740638	234	234	0.00	12.00	5.07	4.00	1186.00
chr3	124210169	124210271	102	102	238.00	340.00	292.65	292.00	29850.00
chr11	107488830	107488932	102	102	157.00	182.00	171.01	171.00	17443.00
chr9	130591965	130592106	141	141	126.00	166.00	145.11	145.00	20461.00
chr1	20981932	20982027	95	95	248.00	326.00	286.65	289.00	27232.00
chr12	75875613	75875859	246	246	44.00	74.00	60.21	60.00	14812.00
chr22	32046684	32046764	80	80	84.00	126.00	104.64	104.00	8371.00
chr11	70331418	70331658	240	240	24.00	89.00	50.23	48.00	12055.00
chr14	51079976	51080069	93	93	289.00	388.00	322.24	322.00	29968.00
chr17	80041077	80041301	224	224	237.00	571.00	403.14	400.50	90304.00
chr7	158540884	158540971	87	87	95.00	221.00	144.93	153.00	12609.00
chr1	21553651	21553719	68	68	79.00	105.00	91.72	93.00	6237.00
chr2	219206256	219206349	93	93	114.00	157.00	136.67	135.00	12710.00
chr17	18444211	18445242	1031	1031	3.00	26.00	12.32	13.00	12701.00
chr12	57599340	57599460	120	120	218.00	274.00	248.12	248.00	29775.00
chr11	64417919	64418110	191	191	139.00	284.00	228.17	253.00	43580.00
chr19	3274926	3275650	724	724	7.00	33.00	17.61	17.00	12747.00
chr16	18532086	18532305	219	219	392.00	605.00	508.04	512.00	111260.00
chr17	3776702	3776756	54	54	549.00	751.00	681.83	689.00	36819.00
chr1	116932670	116933033	363	363	5.00	2111.00	950.39	1438.00	344990.00
chr16	1505731	1505796	65	65	155.00	182.00	165.62	164.00	10765.00
chr1	9794029	9794200	171	171	1558.00	2046.00	1817.08	1830.00	310721.00
chr10	73579221	73579379	158	158	2365.00	3524.00	2878.16	2876.00	454749.00
chr11	6411684	6412146	462	462	22.00	92.00	67.48	71.00	31175.00
chr1	159163212	159163350	138	138	591.00	862.00	683.13	671.50	94272.00
chr16	1816723	1816804	81	81	527.00	669.00	589.86	589.00	47779.00
chr7	91722399	91722630	231	231	7.00	63.00	42.97	43.00	9927.00
chr7	44281816	44281939	123	123	693.00	786.00	727.50	724.00	89483.00
chr2	220467189	220467297	108	108	20.00	34.00	26.31	27.00	2842.00
chr16	4494664	4494729	65	65	168.00	200.00	185.80	187.00	12077.00
chr15	34681844	34681986	142	142	7.00	257.00	153.06	136.50	21734.00
chr9	139995935	139996124	189	189	60.00	135.00	90.95	85.00	17190.00
chr3	180324040	180324160	120	120	62.00	77.00	69.17	69.00	8301.00
chr3	42678359	42681242	2883	2883	50.00	185.00	92.38	87.00	266323.00
chr7	131812776	131815333	2557	2557	8.00	48.00	26.05	25.00	66604.00
chr20	1585387	1585522	135	135	13.00	266.00	151.07	153.00	20394.00
chr3	126751229	126751442	213	213	94.00	126.00	104.92	104.00	22349.00
chr15	63920875	63921014	139	139	116.00	188.00	152.23	156.00	21160.00
chr16	2040128	2040202	74	74	267.00	317.00	289.95	284.00	21456.00
chr9	74324174	74324390	216	216	15.00	35.00	24.46	25.00	5283.00
chr20	44521858	44521950	92	92	178.00	269.00	223.17	217.50	20532.00
chr9	139911647	139911798	151	151	279.00	438.00	371.99	378.00	56171.00
chr9	140055507	140055649	142	142	1181.00	1927.00	1540.96	1438.50	218816.00
chr12	120148055	120148191	136	136	124.00	172.00	151.57	151.00	20614.00
chr12	50474280	50474372	92	92	96.00	118.00	107.54	107.00	9894.00
chr15	63125702	63125828	126	126	95.00	129.00	111.38	113.00	14034.00
chr9	20907148	20907241	93	93	46.00	72.00	59.48	58.00	5532.00
chr16	87874655	87874761	106	106	159.00	216.00	186.08	186.00	19724.00
chr2	162833269	162833460	191	191	4.00	483.00	272.68	426.00	52082.00
chr8	11704560	11704677	117	117	586.00	768.00	676.69	657.00	79173.00
chr15	63926931	63927087	156	156	129.00	180.00	149.34	147.50	23297.00
chr6	31668718	31668805	87	87	107.00	156.00	126.66	118.00	11019.00
chr7	148910792	148910906	114	114	15.00	46.00	34.46	40.00	3929.00
chr14	42355808	42357213	1405	1405	22.00	123.00	52.47	46.00	73723.00
chr10	88678928	88679226	298	298	17.00	30.00	25.13	26.00	7490.00
chr3	140998219	140998346	127	127	34.00	69.00	53.36	59.00	6777.00
chr1	144859758	144859998	240	240	81.00	125.00	97.39	97.00	23373.00
chr9	96054772	96055455	683	683	41.00	212.00	122.68	129.00	83789.00
chr19	7604803	7604944	141	141	62.00	117.00	85.19	84.00	12012.00
chr12	30906277	30907432	1155	1155	10.00	72.00	30.52	26.00	35245.00
chr9	131112762	131112854	92	92	76.00	156.00	120.97	119.00	11129.00
chr20	61981328	61982379	1051	1051	33.00	70.00	52.39	52.00	55063.00
chr7	38431348	38431618	270	270	235.00	488.00	321.83	307.00	86894.00
chr20	44521036	44521123	87	87	158.00	205.00	183.54	188.00	15968.00
chr11	64418726	64419108	382	382	120.00	263.00	185.25	182.00	70764.00
chr12	120148344	120150270	1926	1926	7.00	270.00	44.77	24.00	86229.00
chr12	6930971	6931066	95	95	30.00	611.00	354.26	391.00	33655.00
chr16	2339434	2339621	187	187	71.00	139.00	95.10	87.00	17784.00
chr2	27700083	27700187	104	104	24.00	36.00	30.01	29.00	3121.00
chr14	69805367	69805494	127	127	91.00	216.00	160.97	154.00	20443.00
chr12	9242497	9242619	122	122	232.00	270.00	252.38	250.00	30790.00
chr3	58256658	58256791	133	133	41.00	82.00	59.25	61.00	7880.00
chr10	79744927	79745098	171	171	38.00	103.00	71.94	68.00	12302.00
chr1	159161725	159161866	141	141	359.00	548.00	482.53	511.00	68037.00
chr16	31085202	31085519	317	317	6.00	29.00	19.04	18.00	6037.00
chr1	171755018	171755218	200	200	42.00	77.00	60.02	58.00	12004.00
chr9	130988124	130989280	1156	1156	4.00	1427.00	173.04	19.00	200032.00
chr15	63127935	63127998	63	63	102.00	113.00	106.56	106.00	6713.00
chr19	1917676	1917821	145	145	8.00	221.00	166.70	177.00	24172.00
chr22	25315792	25315960	168	168	58.00	84.00	71.86	73.00	12072.00
chr2	207943790	207945085	1295	1295	11.00	42.00	26.59	28.00	34438.00
chr11	47330706	47330952	246	246	21.00	438.00	209.15	33.00	51451.00
chr3	142743978	142746095	2117	2117	6.00	128.00	20.94	15.00	44334.00
chr7	44839492	44839694	202	202	6.00	33.00	20.73	22.00	4188.00
chr22	31688260	31688471	211	211	5.00	180.00	107.12	135.00	22603.00
chr11	66333492	66333638	146	146	415.00	549.00	490.78	493.00	71654.00
chr9	131114916	131115026	110	110	145.00	167.00	154.39	153.00	16983.00
chr1	20206	21013	807	807	12.00	110.00	68.27	71.00	55094.00
chr11	108216469	108216635	166	166	28.00	54.00	44.57	46.00	7398.00
chr1	209778880	209779019	139	139	198.00	288.00	245.31	250.00	34098.00
chr1	202935876	202936026	150	150	144.00	246.00	181.39	174.50	27209.00
chr12	57600255	57600524	269	269	249.00	335.00	293.49	296.00	78948.00
chr19	15233503	15233615	112	112	58.00	82.00	68.87	66.00	7713.00
chr8	68115317	68115486	169	169	59.00	90.00	77.24	77.00	13053.00
chr19	13419229	13419342	113	113	41.00	61.00	51.81	52.00	5854.00
chr6	33266815	33267130	315	315	6.00	44.00	24.21	23.00	7627.00
chr16	89780611	89781646	1035	1035	8.00	55.00	28.41	28.00	29407.00
chr12	109964162	109964221	59	59	48.00	60.00	52.29	52.00	3085.00
chr22	24491893	24492045	152	152	44.00	78.00	58.34	57.00	8867.00
chr2	242592926	242593025	99	99	183.00	225.00	198.73	196.00	19674.00
chr1	21937944	21938074	130	130	381.00	820.00	658.25	733.00	85572.00
chr2	223789173	223789313	140	140	162.00	212.00	184.41	186.00	25817.00
chr20	3772318	3772535	217	217	2.00	12.00	6.71	7.00	1456.00
chr16	18531918	18532001	83	83	556.00	720.00	633.25	636.00	52560.00
chr1	43396296	43396537	241	241	290.00	493.00	378.82	373.00	91296.00
chr2	100037960	100038115	155	155	31.00	57.00	46.67	50.00	7234.00
chr16	1500497	1500770	273	273	14.00	174.00	102.40	143.00	27954.00
chr19	40876016	40876144	128	128	1048.00	1327.00	1187.61	1189.00	152014.00
chr5	168112691	168112932	241	241	18.00	36.00	26.72	27.00	6439.00
chr2	127825738	127825831	93	93	332.00	400.00	373.30	374.00	34717.00
chr1	19232015	19234990	2975	2975	10.00	134.00	35.14	30.00	104547.00
chr16	1391129	1391196	67	67	183.00	234.00	208.75	209.00	13986.00
chr6	33410665	33411689	1024	1024	9.00	250.00	129.61	125.00	132722.00
chr9	95872033	95872266	233	233	11.00	23.00	16.69	16.00	3889.00
chr1	53378627	53378839	212	212	5.00	25.00	15.94	17.00	3379.00
chr2	80531276	80531693	417	417	12.00	43.00	30.10	31.00	12550.00
chr7	44286718	44286791	73	73	677.00	777.00	732.92	743.00	53503.00
chr7	157369304	157369471	167	167	337.00	449.00	387.67	391.00	64741.00
chr11	18755079	18755191	112	112	13.00	389.00	264.30	356.00	29602.00
chr6	86237979	86238080	101	101	98.00	148.00	126.67	129.00	12794.00
chr8	145000951	145001050	99	99	86.00	113.00	100.48	101.00	9948.00
chr19	45167680	45167966	286	286	8.00	16.00	13.15	13.00	3761.00
chr10	48930165	48930400	235	235	0.00	12.00	4.58	3.00	1076.00
chr16	87871450	87871547	97	97	187.00	313.00	267.00	295.00	25899.00
chr1	109815454	109815649	195	195	192.00	267.00	229.79	228.00	44809.00
chr1	208215442	208215711	269	269	58.00	108.00	80.51	79.00	21658.00
chr2	260866	261451	585	585	2.00	18.00	11.81	13.00	6909.00
chr5	180481266	180481724	458	458	9.00	50.00	29.02	31.00	13291.00
chr7	73119479	73119631	152	152	2.00	938.00	388.53	4.00	59056.00
chr15	34677248	34677358	110	110	230.00	328.00	278.50	263.50	30635.00
chr16	57687114	57687247	133	133	126.00	180.00	152.73	154.00	20313.00
chr15	50649406	50649592	186	186	9.00	23.00	17.31	18.00	3220.00
chr22	21071995	21072066	71	71	921.00	1081.00	1002.83	1012.00	71201.00
chr5	179200882	179201561	679	679	18.00	46.00	30.86	31.00	20952.00
chr10	98763824	98763979	155	155	65.00	134.00	93.94	81.00	14560.00
chr14	102963315	102963457	142	142	93.00	150.00	115.38	113.50	16384.00
chr1	21932558	21933138	580	580	8.00	786.00	151.49	20.00	87862.00
chr16	28118842	28118998	156	156	162.00	232.00	183.33	182.00	28599.00
chr1	241767561	241767881	320	320	50.00	106.00	76.47	72.00	24472.00
chr11	66812063	66812184	121	121	91.00	155.00	113.07	105.00	13682.00
chr11	12248571	12248678	107	107	295.00	367.00	329.87	332.00	35296.00
chr9	130588788	130588951	163	163	64.00	150.00	103.66	99.00	16897.00
chr22	21068915	21068988	73	73	800.00	1059.00	946.07	961.00	69063.00
chr1	43424304	43424531	227	227	27.00	588.00	426.98	503.00	96924.00
chr14	105852021	105853670	1649	1649	18.00	134.00	35.40	33.00	58368.00
chr15	34823469	34823579	110	110	240.00	343.00	296.76	287.00	32644.00
chr11	171365	172282	917	917	0.00	31.00	11.28	11.00	10341.00
chr22	24493976	24494155	179	179	61.00	98.00	79.23	78.00	14183.00
chr15	79291060	79291167	107	107	268.00	331.00	302.40	305.00	32357.00
chr16	2145904	2146194	290	290	23.00	40.00	30.25	29.00	8772.00
chr9	131503050	131503166	116	116	296.00	476.00	383.05	402.50	44434.00
chr11	61301983	61302579	596	596	9.00	38.00	22.12	22.00	13186.00
chr22	25308609	25308719	110	110	43.00	64.00	53.54	54.00	5889.00
chr12	63977826	63979986	2160	2160	0.00	26.00	11.63	11.00	25113.00
chr19	46928844	46930933	2089	2089	12.00	252.00	117.00	114.00	244403.00
chr16	56969146	56969224	78	78	183.00	226.00	209.94	214.00	16375.00
chr17	40665787	40665996	209	209	5.00	1259.00	517.84	736.00	108229.00
chr9	131669435	131671600	2165	2165	67.00	240.00	154.50	146.00	334501.00
chr2	220164026	220164271	245	245	15.00	439.00	154.24	34.00	37789.00
chr19	7589846	7590052	206	206	41.00	91.00	61.07	59.00	12581.00
chr6	91260186	91260268	82	82	61.00	81.00	69.12	68.00	5668.00
chr9	124543742	124543830	88	88	183.00	275.00	228.93	227.00	20146.00
chr12	54071005	54071170	165	165	17.00	115.00	76.59	77.00	12637.00
chr2	40443	41212	769	769	7.00	26.00	16.14	15.00	12409.00
chr11	67852159	67852747	588	588	9.00	25.00	15.32	15.00	9009.00
chr8	8233762	8234810	1048	1048	12.00	57.00	31.31	32.00	32816.00
chr2	175671113	175672148	1035	1035	4.00	21.00	10.12	9.00	10473.00
chr7	138984922	138985438	516	516	3.00	14.00	8.33	8.00	4299.00
chr22	40816850	40817104	254	254	63.00	121.00	92.85	93.00	23583.00
chr19	14263120	14263249	129	129	221.00	314.00	266.67	266.00	34401.00
chr19	16962222	16962345	123	123	95.00	230.00	173.02	190.00	21282.00
chr1	109813838	109813918	80	80	179.00	247.00	209.38	208.00	16750.00
chr3	49898148	49898562	414	414	22.00	738.00	362.48	479.00	150068.00
chr17	17131202	17131510	308	308	27.00	92.00	73.85	78.00	22747.00
chr1	21936067	21936139	72	72	279.00	356.00	314.04	319.50	22611.00
chr3	130424404	130424615	211	211	42.00	57.00	49.45	49.00	10435.00
chr12	56532710	56532797	87	87	81.00	108.00	98.46	102.00	8566.00
chr16	29888591	29888788	197	197	376.00	680.00	508.64	481.00	100202.00
chr2	114394588	114396196	1608	1608	1.00	65.00	21.17	17.00	34034.00
chr3	124180736	124180803	67	67	188.00	203.00	194.78	194.00	13050.00
chr9	111798485	111798660	175	175	36.00	68.00	51.25	51.00	8969.00
chr10	73847897	73848372	475	475	33.00	1295.00	442.60	402.00	210235.00
chr22	21075585	21075706	121	121	489.00	1169.00	927.09	995.00	112178.00
chr22	20920753	20921104	351	351	43.00	127.00	91.21	100.00	32016.00
chr9	140953020	140953185	165	165	45.00	86.00	65.42	64.00	10794.00
chr22	41620970	41621075	105	105	79.00	105.00	89.61	89.00	9409.00
chr11	6243671	6243839	168	168	34.00	59.00	46.98	47.00	7893.00
chr15	74704225	74704353	128	128	99.00	199.00	152.02	161.50	19459.00
chr3	48719780	48719985	205	205	126.00	211.00	165.02	156.00	33829.00
chr1	222833247	222833348	101	101	75.00	100.00	86.78	86.00	8765.00
chr1	6583675	6584824	1149	1149	2.00	42.00	22.35	23.00	25675.00
chr11	126135857	126135976	119	119	151.00	202.00	174.10	171.00	20718.00
chr8	75156763	75157410	647	647	21.00	45.00	31.23	30.00	20203.00
chr15	83345212	83345389	177	177	161.00	199.00	184.07	185.00	32581.00
chr14	68031638	68032561	923	923	10.00	46.00	25.27	24.00	23327.00
chr19	42479780	42479949	169	169	2566.00	3486.00	3034.73	3041.00	512870.00
chr16	31503329	31503407	78	78	244.00	308.00	279.81	279.00	21825.00
chr17	1564564	1564700	136	136	158.00	258.00	191.80	181.00	26085.00
chr16	58717858	58718082	224	224	20.00	39.00	27.94	28.00	6258.00
chr14	71575320	71575763	443	443	30.00	58.00	45.23	46.00	20036.00
chr1	202934498	202934628	130	130	120.00	195.00	143.02	135.50	18593.00
chr7	73118477	73118586	109	109	477.00	586.00	524.76	517.00	57199.00
chr19	13365908	13366073	165	165	59.00	86.00	70.39	69.00	11615.00
chr10	102265117	102265958	841	841	2.00	46.00	32.02	33.00	26932.00
chr9	139983320	139983457	137	137	60.00	100.00	72.12	68.00	9881.00
chr18	29206245	29206347	102	102	84.00	127.00	102.54	101.50	10459.00
chr12	120578662	120578827	165	165	53.00	80.00	68.11	69.00	11238.00
chr5	757516	758226	710	710	4.00	20.00	12.57	13.00	8927.00
chr8	21632483	21632567	84	84	39.00	52.00	45.04	45.00	3783.00
chr4	54011499	54011749	250	250	29.00	50.00	36.76	35.00	9191.00
chr8	141680613	141681365	752	752	5.00	40.00	28.40	30.00	21357.00
chr11	57367351	57367850	499	499	38.00	153.00	87.21	81.00	43516.00
chr12	63980009	63980784	775	775	3.00	15.00	8.16	8.00	6321.00
chr9	140057042	140057203	161	161	16.00	1692.00	1434.91	1554.00	231020.00
chr2	7055953	7056098	145	145	16.00	29.00	23.71	26.00	3438.00
chr12	52387768	52389043	1275	1275	17.00	367.00	131.78	102.00	168022.00
chr19	50104931	50105175	244	244	28.00	105.00	54.11	43.00	13202.00
chr19	5218430	5218543	113	113	210.00	319.00	273.68	281.00	30926.00
chr16	29898969	29899138	169	169	278.00	339.00	308.28	305.00	52100.00
chr7	99030900	99031041	141	141	15.00	26.00	20.79	22.00	2932.00
chr17	36692926	36693212	286	286	8.00	24.00	15.29	15.50	4373.00
chr15	73857770	73859335	1565	1565	9.00	77.00	34.66	32.00	54246.00
chr6	44104085	44104176	91	91	146.00	210.00	171.41	170.00	15598.00
chr1	21938518	21938602	84	84	463.00	598.00	535.18	543.00	44955.00
chr19	13423482	13423595	113	113	24.00	40.00	29.49	26.00	3332.00
chr16	70292882	70293089	207	207	623.00	992.00	815.93	823.00	168898.00
chr18	61060641	61060782	141	141	64.00	91.00	74.77	73.00	10542.00
chr16	22269814	22270016	202	202	12.00	30.00	21.35	22.50	4313.00
chr1	21554423	21554534	111	111	59.00	99.00	80.29	78.00	8912.00
chr9	140057255	140057455	200	200	22.00	2138.00	1266.98	1514.50	253397.00
chr7	1488255	1488397	142	142	36.00	62.00	50.97	53.00	7238.00
chr14	100166351	100166438	87	87	260.00	297.00	279.40	280.00	24308.00
chr9	101065522	101065705	183	183	274.00	386.00	341.53	347.00	62500.00
chr5	68411752	68412041	289	289	16.00	58.00	39.76	45.00	11492.00
chr1	2452539	2452754	215	215	56.00	151.00	102.05	98.00	21941.00
chr1	21564626	21564737	111	111	67.00	118.00	94.55	94.00	10495.00
chr13	42037713	42039066	1353	1353	12.00	82.00	44.82	43.00	60645.00
chr2	114350236	114350443	207	207	9.00	42.00	25.87	26.00	5355.00
chr1	21939668	21939722	54	54	475.00	534.00	504.33	507.00	27234.00
chr9	139353895	139354007	112	112	51.00	61.00	55.21	55.00	6183.00
chr7	102176367	102176618	251	251	9.00	24.00	17.59	18.00	4415.00
chr3	51411753	51412018	265	265	6.00	274.00	88.34	12.00	23411.00
chr17	73888091	73888266	175	175	14.00	28.00	19.72	19.00	3451.00
chr13	103297258	103297435	177	177	4.00	58.00	31.05	40.00	5495.00
chr15	63922664	63922834	170	170	147.00	187.00	164.49	165.00	27963.00
chr3	33400774	33400849	75	75	106.00	132.00	118.76	117.00	8907.00
chr22	50671744	50671955	211	211	43.00	66.00	51.69	52.00	10906.00
chr1	21190968	21191205	237	237	140.00	224.00	190.30	190.00	45101.00
chr5	14481649	14481727	78	78	101.00	151.00	118.71	115.00	9259.00
chr15	101605556	101606410	854	854	15.00	64.00	38.29	40.00	32699.00
chr17	80040402	80040554	152	152	304.00	473.00	380.12	353.50	57778.00
chr2	132269293	132270897	1604	1604	17.00	90.00	54.61	57.00	87600.00
chr11	1778553	1778786	233	233	806.00	1157.00	994.19	1012.00	231646.00
chr11	1469616	1469808	192	192	19.00	32.00	25.47	25.00	4890.00
chr12	120138549	120138630	81	81	171.00	238.00	215.90	217.00	17488.00
chr7	901016	901101	85	85	153.00	241.00	193.81	193.00	16474.00
chr19	13372263	13372424	161	161	81.00	116.00	95.27	93.00	15338.00
chr17	40843154	40843311	157	157	197.00	296.00	252.05	261.00	39572.00
chr17	80039476	80039719	243	243	282.00	407.00	331.72	320.00	80607.00
chr17	16681109	16687365	6256	6256	2.00	94.00	31.67	29.00	198116.00
chr1	116935475	116935610	135	135	1531.00	2091.00	1768.85	1755.00	238795.00
chr6	128294808	128294972	164	164	96.00	195.00	154.84	156.00	25394.00
chr5	109189927	109190617	690	690	7.00	19.00	12.07	12.00	8326.00
chr15	40757533	40757634	101	101	18.00	81.00	60.35	66.00	6095.00
chr2	220164706	220164981	275	275	340.00	875.00	598.36	590.00	164550.00
chr3	164905164	164908639	3475	3475	10.00	96.00	38.30	31.00	133086.00
chr11	60699157	60699356	199	199	79.00	427.00	334.85	332.00	66636.00
chr2	96680301	96680717	416	416	8.00	22.00	12.87	12.00	5355.00
chr17	40845314	40845554	240	240	215.00	359.00	288.19	290.50	69166.00
chr12	125264513	125265391	878	878	15.00	68.00	40.32	37.00	35404.00
chr1	156623704	156624158	454	454	12.00	39.00	23.02	23.00	10450.00
chr6	108370456	108370622	166	166	57.00	100.00	76.45	72.00	12690.00
chr11	19180486	19180587	101	101	16.00	32.00	24.40	25.00	2464.00
chr19	42489069	42489338	269	269	504.00	1047.00	852.81	904.00	229406.00
chr2	198274493	198274731	238	238	124.00	224.00	174.79	180.00	41601.00
chr6	47220991	47221257	266	266	126.00	256.00	181.00	170.50	48147.00
chr19	40872679	40872822	143	143	1296.00	2448.00	1968.79	1921.00	281537.00
chr19	54693278	54693627	349	349	5.00	174.00	74.72	53.00	26077.00
chr12	81929	82174	245	245	18.00	56.00	38.46	40.00	9422.00
chr21	45513943	45514114	171	171	52.00	93.00	75.71	78.00	12946.00
chr3	124201630	124201747	117	117	8.00	366.00	264.20	333.00	30911.00
chr17	79805118	79805223	105	105	307.00	400.00	342.65	338.00	35978.00
chr20	46307419	46307548	129	129	77.00	171.00	109.14	108.00	14079.00
chr17	38187790	38187873	83	83	109.00	145.00	125.83	123.00	10444.00
chr2	207452814	207452878	64	64	229.00	305.00	270.39	273.50	17305.00
chr17	45695715	45695823	108	108	273.00	323.00	297.67	297.00	32148.00
chr7	44283023	44283126	103	103	605.00	703.00	652.57	651.00	67215.00
chr20	62274975	62275284	309	309	7.00	2408.00	1101.41	1378.00	340335.00
chr11	108202605	108202764	159	159	23.00	32.00	27.09	27.00	4308.00
chr9	140051314	140051489	175	175	517.00	782.00	636.50	605.00	111388.00
chr22	45574118	45574781	663	663	24.00	80.00	52.28	52.00	34664.00
chr15	79312382	79312446	64	64	127.00	155.00	138.62	137.00	8872.00
chr1	21940120	21940199	79	79	473.00	534.00	497.11	497.00	39272.00
chr17	3775847	3775921	74	74	466.00	674.00	590.11	606.50	43668.00
chr7	73133931	73134019	88	88	15.00	879.00	334.65	264.00	29449.00
chr11	72292920	72292991	71	71	376.00	436.00	400.23	401.00	28416.00
chr7	43547616	43547730	114	114	84.00	137.00	115.68	122.50	13187.00
chr16	58713760	58714145	385	385	11.00	33.00	21.33	21.00	8211.00
chr22	21083600	21083794	194	194	420.00	837.00	643.51	671.00	124841.00
chr11	66457275	66457414	139	139	375.00	703.00	507.59	488.00	70555.00
chr15	91561034	91561115	81	81	38.00	54.00	45.20	44.00	3661.00
chr11	2968525	2969001	476	476	5.00	25.00	14.86	15.00	7075.00
chr19	34869838	34869910	72	72	1473.00	1792.00	1627.32	1623.50	117167.00
chr9	121970996	121971219	223	223	206.00	269.00	234.01	234.00	52185.00
chr3	47449772	47449980	208	208	19.00	88.00	61.11	73.00	12711.00
chr12	57601820	57601999	179	179	271.00	696.00	488.64	466.00	87467.00
chr16	2345590	2345741	151	151	154.00	214.00	185.71	185.00	28042.00
chr12	50471782	50471910	128	128	82.00	99.00	90.07	90.00	11529.00
chr1	109814221	109814344	123	123	221.00	378.00	321.54	333.00	39550.00
chr19	16942304	16942458	154	154	66.00	87.00	78.31	81.00	12059.00
chr11	66333301	66333398	97	97	438.00	564.00	486.33	482.00	47174.00
chr5	74026084	74026223	139	139	67.00	87.00	76.35	76.00	10613.00
chr5	68417520	68417722	202	202	46.00	70.00	59.38	60.00	11994.00
chr19	15272262	15272525	263	263	35.00	96.00	62.19	58.00	16356.00
chr3	45872404	45872482	78	78	92.00	112.00	103.32	103.00	8059.00
chr7	73123374	73123452	78	78	892.00	1146.00	1039.92	1051.00	81114.00
chr5	14498197	14498360	163	163	133.00	209.00	179.50	180.00	29258.00
chr14	93180167	93180230	63	63	109.00	161.00	137.73	142.00	8677.00
chr9	130984739	130984875	136	136	1712.00	2668.00	2133.86	2038.50	290205.00
chr13	31216764	31216894	130	130	22.00	40.00	27.45	27.00	3568.00
chr12	112614399	112614506	107	107	68.00	136.00	109.86	109.00	11755.00
chr12	57602865	57602982	117	117	386.00	563.00	454.11	444.00	53131.00
chr14	72976861	72976987	126	126	57.00	89.00	68.94	63.00	8686.00
chr1	155209406	155209553	147	147	57.00	113.00	81.40	78.00	11966.00
chr10	49633930	49634113	183	183	80.00	98.00	85.88	86.00	15716.00
chr16	84100093	84100218	125	125	133.00	179.00	155.82	155.00	19477.00
chr1	155207924	155208097	173	173	98.00	156.00	120.71	115.00	20883.00
chr12	2786898	2787033	135	135	17.00	42.00	26.94	27.00	3637.00
chr2	233755457	233756197	740	740	2.00	822.00	122.44	12.00	90608.00
chr14	60631894	60632099	205	205	89.00	299.00	224.02	252.00	45925.00
chr1	11151549	11151654	105	105	59.00	102.00	83.86	89.00	8805.00
chr4	134076071	134076178	107	107	148.00	179.00	164.62	164.00	17614.00
chr15	91420364	91420441	77	77	127.00	160.00	142.90	140.00	11003.00
chr5	114961533	114961755	222	222	8.00	89.00	54.26	54.00	12045.00
chr16	1814047	1814211	164	164	18.00	572.00	263.27	386.00	43176.00
chr18	44250463	44252581	2118	2118	7.00	81.00	35.48	35.00	75146.00
chr6	158049380	158049518	138	138	36.00	61.00	47.50	46.50	6555.00
chr19	7675585	7675679	94	94	38.00	49.00	43.30	44.00	4070.00
chr13	99461604	99461719	115	115	6.00	218.00	172.50	173.00	19838.00
chr11	130010829	130011467	638	638	5.00	1406.00	160.89	19.00	102649.00
chr11	107526658	107526792	134	134	177.00	234.00	211.03	213.00	28278.00
chr16	1391294	1391490	196	196	157.00	234.00	183.81	177.00	36026.00
chr1	38182716	38184158	1442	1442	7.00	106.00	54.27	52.00	78255.00
chr5	179231023	179231323	300	300	7.00	20.00	13.21	13.00	3963.00
chr14	69814593	69814719	126	126	119.00	198.00	165.13	171.00	20806.00
chr14	69349174	69349309	135	135	222.00	311.00	274.19	275.00	37016.00
chr19	7614792	7614998	206	206	153.00	196.00	176.99	178.00	36460.00
chr1	228270375	228270466	91	91	3.00	1865.00	598.27	255.00	54443.00
chr1	38186022	38186315	293	293	7.00	37.00	22.47	26.00	6584.00
chr13	77641715	77641999	284	284	178.00	244.00	209.77	210.00	59574.00
chr14	100157417	100157498	81	81	117.00	220.00	164.70	152.00	13341.00
chr13	32978280	32979333	1053	1053	14.00	85.00	35.47	31.00	37348.00
chr12	7301567	7301794	227	227	578.00	790.00	677.05	660.00	153690.00
chr9	123583116	123583257	141	141	30.00	39.00	33.85	33.00	4773.00
chr17	26883183	26883284	101	101	67.00	152.00	99.04	91.00	10003.00
chr12	6972993	6973137	144	144	220.00	303.00	266.44	269.00	38368.00
chr20	34322310	34322637	327	327	3.00	14.00	7.45	7.00	2436.00
chr19	7606407	7606570	163	163	103.00	141.00	119.95	119.00	19552.00
chr16	2333186	2333373	187	187	2.00	364.00	245.89	272.00	45981.00
chr12	113825548	113825711	163	163	60.00	177.00	108.26	105.00	17647.00
chr7	4802013	4807749	5736	5736	9.00	102.00	35.21	31.00	201958.00
chr1	43394880	43394985	105	105	416.00	648.00	543.55	586.00	57073.00
chr19	4554399	4554488	89	89	276.00	410.00	347.75	368.00	30950.00
chr16	31719139	31719372	233	233	6.00	13.00	9.33	10.00	2173.00
chr5	134060669	134061744	1075	1075	9.00	38.00	19.77	18.00	21248.00
chr1	202936318	202936371	53	53	14.00	148.00	89.09	133.00	4722.00
chr2	220087366	220087615	249	249	127.00	207.00	169.71	171.00	42257.00
chr2	36764494	36764689	195	195	64.00	122.00	85.99	76.00	16768.00
chr7	43519208	43519343	135	135	87.00	130.00	105.90	103.00	14296.00
chr10	51249585	51249993	408	408	0.00	16.00	5.71	4.00	2329.00
chr6	32123647	32123755	108	108	94.00	158.00	121.00	122.00	13068.00
chr3	118624442	118624692	250	250	16.00	50.00	31.00	27.00	7751.00
chr1	190129797	190130020	223	223	21.00	48.00	33.37	33.00	7441.00
chr9	131004491	131004624	133	133	4.00	2735.00	2185.15	2520.00	290625.00
chr22	33679187	33679334	147	147	133.00	157.00	142.95	142.00	21013.00
chr15	74709931	74710016	85	85	118.00	234.00	155.38	133.00	13207.00
chr7	6470110	6470238	128	128	27.00	39.00	34.14	34.00	4370.00
chr1	6640600	6641359	759	759	12.00	60.00	31.88	29.00	24197.00
chr16	31510622	31510728	106	106	122.00	180.00	143.58	142.50	15219.00
chr4	103710287	103711803	1516	1516	8.00	27.00	17.61	18.00	26695.00
chr19	2862339	2862746	407	407	7.00	20.00	13.17	12.00	5359.00
chr2	15467873	15467994	121	121	22.00	40.00	27.55	27.00	3333.00
chr2	36780721	36781492	771	771	7.00	41.00	21.94	21.00	16912.00
chr10	81070680	81070941	261	261	23.00	73.00	40.95	36.00	10689.00
chr2	217234866	217235986	1120	1120	12.00	44.00	25.38	24.00	28427.00
chr10	93786348	93786508	160	160	48.00	115.00	78.15	84.00	12504.00
chr17	20268785	20269076	291	291	4.00	20.00	11.88	11.00	3457.00
chr9	131002006	131002062	56	56	4.00	2770.00	2439.07	2627.50	136588.00
chr1	155208307	155208441	134	134	95.00	166.00	131.95	130.00	17681.00
chr2	162833877	162834373	496	496	6.00	489.00	46.48	11.00	23053.00
chr9	35799614	35799728	114	114	20.00	31.00	24.54	25.00	2797.00
chr20	62517856	62519234	1378	1378	12.00	194.00	45.64	40.00	62895.00
chr22	35942847	35943127	280	280	58.00	273.00	182.42	209.00	51077.00
chr13	26436438	26436546	108	108	32.00	48.00	40.08	41.00	4329.00
chr14	69371371	69371453	82	82	139.00	196.00	164.94	170.00	13525.00
chr7	44031274	44031581	307	307	11.00	54.00	26.58	23.00	8159.00
chr11	12274988	12275291	303	303	7.00	30.00	17.86	16.00	5413.00
chr5	1334403	1334498	95	95	127.00	159.00	142.92	145.00	13577.00
chr19	34868639	34868786	147	147	1760.00	2290.00	1960.48	1928.00	288191.00
chr16	1815960	1816143	183	183	344.00	500.00	438.86	437.00	80311.00
chr10	73578787	73578868	81	81	2525.00	3385.00	2934.27	2905.00	237676.00
chr17	37420427	37420640	213	213	12.00	19.00	15.02	15.00	3200.00
chr5	60835422	60835586	164	164	26.00	38.00	32.18	33.00	5277.00
chr15	79296143	79296517	374	374	167.00	259.00	212.91	213.00	79630.00
chr19	13039568	13039661	93	93	482.00	729.00	620.16	648.00	57675.00
chr12	49421585	49421713	128	128	97.00	165.00	135.45	133.00	17337.00
chr1	1661057	1662583	1526	1526	6.00	215.00	60.70	42.00	92629.00
chr2	207457340	207457460	120	120	268.00	426.00	314.93	314.00	37791.00
chr11	64542462	64543441	979	979	9.00	43.00	24.14	25.00	23629.00
chr20	61910250	61910347	97	97	133.00	164.00	151.19	151.00	14665.00
chr11	62394042	62394156	114	114	212.00	266.00	236.45	232.00	26955.00
chr5	37301538	37301652	114	114	13.00	22.00	16.55	16.00	1887.00
chr16	4733843	4733933	90	90	128.00	191.00	160.42	165.50	14438.00
chr15	43693913	43694048	135	135	42.00	57.00	49.79	49.00	6722.00
chr11	18764538	18764622	84	84	216.00	278.00	254.23	262.50	21355.00
chr17	57842331	57842499	168	168	81.00	133.00	103.83	103.00	17443.00
chr9	96076729	96078064	1335	1335	8.00	47.00	21.44	20.00	28616.00
chr11	12246219	12246367	148	148	198.00	332.00	269.36	268.50	39865.00
chr12	7030743	7031565	822	822	23.00	3561.00	1340.45	37.00	1101850.00
chr3	14523178	14523349	171	171	56.00	87.00	74.64	76.00	12763.00
chr5	758508	759483	975	975	3.00	18.00	9.28	9.00	9050.00
chr12	22635490	22635677	187	187	37.00	64.00	50.78	51.00	9495.00
chr5	14479369	14479459	90	90	115.00	148.00	128.59	127.50	11573.00
chr6	143655214	143656079	865	865	5.00	16.00	10.28	10.00	8892.00
chr7	75508360	75508578	218	218	96.00	978.00	734.79	798.00	160184.00
chr11	60697981	60698131	150	150	214.00	334.00	259.89	246.50	38984.00
chr1	151400598	151400889	291	291	94.00	218.00	145.57	150.00	42360.00
chr5	172196431	172197309	878	878	36.00	876.00	280.94	94.50	246662.00
chr3	49152660	49152794	134	134	50.00	72.00	61.14	61.00	8193.00
chr7	5518281	5519950	1669	1669	10.00	70.00	33.60	31.00	56075.00
chr17	16691106	16691449	343	343	1.00	80.00	34.26	49.00	11751.00
chr2	220086993	220087172	179	179	165.00	269.00	224.28	222.00	40147.00
chr10	51746916	51748006	1090	1090	14.00	128.00	43.77	30.00	47708.00
chr12	7302118	7302289	171	171	618.00	817.00	720.92	732.00	123277.00
chr11	59562844	59562955	111	111	25.00	50.00	37.43	41.00	4155.00
chr12	6100984	6101184	200	200	84.00	135.00	106.80	102.00	21360.00
chr19	5683274	5683627	353	353	7.00	34.00	21.25	20.00	7503.00
chr12	2786259	2786387	128	128	19.00	41.00	28.86	26.00	3694.00
chr15	26812727	26812880	153	153	89.00	241.00	134.75	116.00	20617.00
chr1	149007980	149008798	818	818	0.00	15.00	5.52	4.00	4517.00
chr19	54965608	54965861	253	253	97.00	275.00	170.68	156.00	43181.00
chr8	27293259	27293310	51	51	299.00	442.00	365.80	362.00	18656.00
chr15	23014437	23014528	91	91	113.00	158.00	135.77	135.00	12355.00
chr1	111717500	111717585	85	85	58.00	124.00	89.08	85.00	7572.00
chr6	150157220	150157433	213	213	165.00	279.00	227.51	229.00	48460.00
chr13	114566547	114566670	123	123	48.00	136.00	80.32	65.00	9879.00
chr16	58539291	58539605	314	314	6.00	30.00	16.92	16.00	5313.00
chr1	21936612	21936768	156	156	284.00	845.00	558.36	600.50	87104.00
chr1	17322880	17322991	111	111	229.00	378.00	314.60	344.00	34921.00
chr11	60699455	60699599	144	144	312.00	432.00	376.15	394.50	54166.00
chr5	6749669	6749770	101	101	47.00	62.00	52.78	53.00	5331.00
chr16	2156805	2156949	144	144	199.00	263.00	223.57	218.00	32194.00
chr15	34690834	34690930	96	96	77.00	150.00	130.79	133.00	12556.00
chr3	11074933	11075425	492	492	8.00	427.00	97.03	24.00	47741.00
chr5	74655222	74655381	159	159	76.00	141.00	105.07	106.00	16706.00
chr20	20022968	20023160	192	192	39.00	83.00	57.63	56.50	11065.00
chr2	39055481	39055578	97	97	20.00	32.00	23.53	23.00	2282.00
chr19	16793231	16793528	297	297	7.00	204.00	62.19	17.00	18471.00
chr2	219205450	219205509	59	59	120.00	140.00	131.29	132.00	7746.00
chr17	74087429	74087729	300	300	14.00	33.00	23.61	24.00	7082.00
chr3	184058150	184060036	1886	1886	10.00	658.00	111.43	48.00	210148.00
chr6	90333128	90333263	135	135	25.00	44.00	36.98	38.00	4992.00
chr12	125267019	125267429	410	410	18.00	56.00	32.90	27.00	13489.00
chr1	207942580	207943104	524	524	11.00	95.00	62.01	65.00	32492.00
chr4	89356876	89357043	167	167	51.00	77.00	63.37	63.00	10582.00
chr7	101995498	101995736	238	238	14.00	48.00	28.86	29.00	6868.00
chr3	11067458	11067562	104	104	372.00	597.00	498.52	486.50	51846.00
chr5	95734582	95734740	158	158	78.00	104.00	86.83	86.00	13719.00
chr6	152529106	152529341	235	235	92.00	124.00	108.75	109.00	25557.00
chr5	102295578	102295763	185	185	134.00	191.00	166.07	168.00	30723.00
chr22	21072980	21073110	130	130	769.00	1076.00	922.33	949.50	119903.00
chr12	121855306	121855714	408	408	75.00	206.00	108.60	98.00	44307.00
chr1	160326389	160326544	155	155	123.00	162.00	144.25	143.00	22359.00
chr11	60670930	60671007	77	77	351.00	430.00	388.31	395.00	29900.00
chr17	79804822	79804948	126	126	380.00	492.00	433.67	431.00	54643.00
chr16	18527204	18527332	128	128	511.00	736.00	643.45	647.00	82361.00
chr16	16372518	16372646	128	128	545.00	763.00	675.29	684.50	86437.00
chr2	32750530	32750695	165	165	27.00	48.00	36.51	36.00	6024.00
chr14	69369193	69369279	86	86	170.00	246.00	201.58	202.00	17336.00
chr7	66418212	66418356	144	144	114.00	160.00	132.98	131.50	19149.00
chr6	44107988	44108097	109	109	132.00	150.00	140.33	140.00	15296.00
chr7	70885893	70886091	198	198	256.00	526.00	359.77	334.50	71234.00
chr8	27295281	27295397	116	116	374.00	520.00	438.71	434.00	50890.00
chr7	73122918	73123018	100	100	824.00	1008.00	919.08	915.50	91908.00
chr15	34698874	34699071	197	197	74.00	134.00	108.03	110.00	21281.00
chr8	22009343	22009513	170	170	253.00	528.00	355.06	346.00	60361.00
chr7	1526557	1526737	180	180	51.00	103.00	82.45	89.00	14841.00
chr5	178053946	178054065	119	119	13.00	159.00	89.99	84.00	10709.00
chr12	6103027	6103369	342	342	78.00	151.00	119.73	128.00	40948.00
chr2	3479491	3480482	991	991	8.00	34.00	17.28	17.00	17120.00
chr3	33883388	33883566	178	178	88.00	139.00	114.30	114.00	20346.00
chr19	11019778	11019883	105	105	131.00	216.00	178.99	188.00	18794.00
chr7	98446205	98446318	113	113	1227.00	2495.00	1848.38	1635.00	208867.00
chr8	106813274	106813932	658	658	9.00	36.00	19.36	17.00	12741.00
chr2	223795338	223795530	192	192	278.00	415.00	342.98	336.00	65852.00
chr7	75511146	75511554	408	408	693.00	1202.00	931.79	915.00	380171.00
chr21	40184926	40185038	112	112	169.00	258.00	219.30	227.00	24562.00
chr19	53383575	53385236	1661	1661	5.00	27.00	14.41	14.00	23935.00
chr19	14208130	14208295	165	165	19.00	675.00	428.70	516.00	70736.00
chr15	91461013	91461618	605	605	7.00	394.00	110.27	18.00	66711.00
chr8	145278010	145278133	123	123	32.00	43.00	38.31	39.00	4712.00
chr16	28132990	28133083	93	93	108.00	194.00	149.33	143.00	13888.00
chr11	125280091	125280221	130	130	72.00	112.00	88.91	89.00	11558.00
chr15	63128089	63128317	228	228	46.00	185.00	120.08	128.00	27378.00
chr9	131181435	131181557	122	122	3.00	469.00	381.00	388.00	46482.00
chr19	3281196	3281343	147	147	169.00	250.00	212.68	213.00	31264.00
chr11	6240200	6240280	80	80	33.00	47.00	39.11	40.00	3129.00
chr20	31019123	31019287	164	164	24.00	38.00	31.73	32.00	5203.00
chr6	46825865	46827260	1395	1395	39.00	105.00	72.36	72.00	100945.00
chr12	1672006	1672666	660	660	2.00	33.00	14.07	14.00	9285.00
chr12	9098824	9099001	177	177	145.00	213.00	183.80	182.00	32533.00
chr7	121738503	121738630	127	127	24.00	44.00	33.06	33.00	4199.00
chr19	40875814	40875935	121	121	827.00	1049.00	945.26	945.00	114376.00
chr20	3581592	3581671	79	79	71.00	99.00	86.54	88.00	6837.00
chr17	7226965	7227042	77	77	51.00	71.00	64.05	66.00	4932.00
chr2	74331800	74332809	1009	1009	6.00	47.00	22.22	23.00	22425.00
chr1	209785136	209785610	474	474	10.00	294.00	206.30	216.00	97784.00
chr9	35546426	35548532	2106	2106	67.00	250.00	142.43	140.00	299967.00
chr17	80040198	80040290	92	92	279.00	358.00	317.76	317.50	29234.00
chr11	73074791	73075284	493	493	20.00	190.00	73.37	39.00	36172.00
chr20	44674976	44675075	99	99	263.00	353.00	301.61	302.00	29859.00
chr20	5892091	5892328	237	237	50.00	474.00	238.99	253.00	56640.00
chr17	20316581	20317594	1013	1013	1.00	28.00	11.12	10.00	11264.00
chr12	99478702	99478801	99	99	103.00	154.00	126.08	132.00	12482.00
chr17	40842756	40842960	204	204	278.00	477.00	371.02	374.00	75688.00
chr11	107501142	107501288	146	146	118.00	235.00	175.24	175.50	25585.00
chr11	85429236	85429532	296	296	5.00	28.00	11.49	10.00	3400.00
chr20	9449217	9449319	102	102	42.00	59.00	50.21	51.00	5121.00
chr14	23371395	23371591	196	196	96.00	144.00	121.03	119.00	23722.00
chr7	716865	716957	92	92	1487.00	1880.00	1780.95	1811.00	163847.00
chr10	48862360	48862682	322	322	3.00	120.00	71.11	86.00	22896.00
chr10	68686678	68688210	1532	1532	18.00	144.00	50.61	44.00	77542.00
chr5	179674854	179674926	72	72	200.00	253.00	227.18	233.00	16357.00
chr1	209773327	209773456	129	129	203.00	261.00	236.77	242.00	30543.00
chr17	45691034	45691091	57	57	273.00	320.00	292.44	291.00	16669.00
chr1	19669871	19670118	247	247	13.00	39.00	27.49	29.00	6790.00
chr17	45664025	45664710	685	685	7.00	234.00	61.49	45.00	42124.00
chr19	2337634	2338840	1206	1206	11.00	73.00	32.49	30.00	39184.00
chr8	22011480	22011552	72	72	319.00	380.00	347.85	347.50	25045.00
