#chrom	start	end	size	num_data	min	max	mean	median	sum
chr12	1940100	1940691	591	591	15.00	34.00	24.43	24.00	14438.00
chr1	27480473	27481381	908	908	9.00	46.00	24.16	22.00	21935.00
chr15	63112684	63112809	125	125	92.00	166.00	139.78	146.00	17472.00
chr5	149231737	149232254	517	517	0.00	6.00	3.58	4.00	1850.00
chr5	140865429	140867182	1753	1753	272.00	601.00	401.58	399.00	703976.00
chr1	32209793	32209958	165	165	167.00	239.00	200.09	201.00	33015.00
chr16	87873307	87873431	124	124	200.00	345.00	266.09	266.50	32995.00
chr17	34157438	34158175	737	737	22.00	49.00	35.57	35.00	26213.00
chr2	127815619	127816088	469	469	8.00	51.00	33.07	37.00	15508.00
chr1	208212965	208213112	147	147	184.00	246.00	212.05	210.00	31172.00
chr22	19703883	19704666	783	783	69.00	237.00	170.92	171.00	133832.00
chr16	87872319	87872423	104	104	206.00	264.00	231.88	226.00	24116.00
chr9	140055740	140055868	128	128	550.00	645.00	600.60	596.00	76877.00
chr22	21096515	21096643	128	128	200.00	252.00	228.09	228.00	29196.00
chr9	140056321	140056540	219	219	0.00	756.00	493.83	629.00	108148.00
chr11	78379981	78380253	272	272	78.00	132.00	102.26	99.00	27815.00
chr3	11070420	11070533	113	113	111.00	144.00	128.03	127.00	14467.00
chr1	109812554	109813222	668	668	14.00	449.00	200.12	237.00	133683.00
chr2	220161954	220162155	201	201	169.00	265.00	223.31	223.00	44885.00
chr15	74706887	74707086	199	199	103.00	144.00	122.21	121.00	24320.00
chr17	7318829	7319426	597	597	431.00	775.00	585.20	586.00	349364.00
chr1	21560050	21560154	104	104	33.00	47.00	41.09	42.00	4273.00
chr1	25573799	25573952	153	153	10.00	420.00	280.07	329.00	42850.00
chr14	93198993	93199160	167	167	75.00	182.00	148.43	158.00	24788.00
chr1	205554003	205554119	116	116	13.00	25.00	18.28	17.00	2121.00
chr1	9795005	9795232	227	227	1062.00	1498.00	1302.07	1311.00	295571.00
chr17	42426525	42426670	145	145	73.00	113.00	91.40	92.00	13253.00
chr18	70205887	70206179	292	292	99.00	938.00	429.05	151.00	125283.00
chr1	205553082	205553251	169	169	14.00	31.00	21.82	21.00	3688.00
chr9	140056623	140056766	143	143	10.00	641.00	423.72	490.00	60592.00
chr6	33412147	33412394	247	247	28.00	1012.00	567.28	726.00	140119.00
chr12	89992366	89992547	181	181	2.00	187.00	126.72	145.00	22936.00
chr2	220088827	220089576	749	749	68.00	195.00	115.38	109.00	86417.00
chr14	100763073	100765222	2149	2149	100.00	285.00	182.32	182.00	391803.00
chr1	110740697	110742543	1846	1846	5.00	144.00	76.47	71.00	141157.00
chr1	149878201	149879758	1557	1557	26.00	1015.00	265.00	61.00	412612.00
chr3	197264139	197265259	1120	1120	4.00	25.00	11.79	11.00	13200.00
chr8	56449623	56450530	907	907	46.00	168.00	101.90	102.00	92419.00
chr9	139354208	139354326	118	118	125.00	182.00	149.05	144.00	17588.00
chr1	32204908	32205236	328	328	329.00	544.00	410.70	398.00	134711.00
chr7	75608768	75608897	129	129	248.00	342.00	297.43	301.00	38369.00
chr19	45161029	45161178	149	149	51.00	82.00	66.21	68.00	9865.00
chr19	5243911	5244493	582	582	248.00	613.00	409.15	402.50	238124.00
chr6	32119585	32119717	132	132	4.00	53.00	32.20	34.50	4251.00
chr3	42670878	42672067	1189	1189	11.00	72.00	29.76	29.00	35385.00
chr11	45892392	45892485	93	93	86.00	127.00	105.71	106.00	9831.00
chr17	80040789	80040991	202	202	1041.00	1546.00	1236.93	1216.00	249859.00
chr2	74902875	74903036	161	161	87.00	123.00	106.81	107.00	17196.00
chr17	38335969	38337946	1977	1977	5.00	142.00	23.05	18.00	45571.00
chr16	87870103	87870253	150	150	186.00	306.00	230.27	220.00	34540.00
chr1	32205947	32206142	195	195	362.00	474.00	426.97	431.00	83259.00
chr6	44117553	44117702	149	149	19.00	752.00	462.52	565.00	68916.00
chr1	159163659	159163830	171	171	1395.00	1749.00	1556.40	1568.00	266145.00
chr3	445565	446023	458	458	4.00	16.00	10.60	11.00	4853.00
chr2	25048913	25048995	82	82	114.00	142.00	128.67	128.00	10551.00
chr10	99504485	99504672	187	187	105.00	204.00	154.58	160.00	28907.00
chr4	54364807	54365010	203	203	75.00	147.00	110.53	112.00	22437.00
chr17	1634367	1634552	185	185	30.00	44.00	36.30	36.00	6716.00
chr7	72416124	72416247	123	123	139.00	189.00	160.93	159.00	19795.00
chr1	208212169	208212329	160	160	182.00	268.00	220.61	212.00	35297.00
chr9	140952500	140952702	202	202	111.00	202.00	147.45	147.00	29784.00
chr6	44197325	44197528	203	203	48.00	74.00	62.21	64.00	12629.00
chr6	44197643	44198218	575	575	13.00	63.00	31.54	27.00	18137.00
chr11	118981972	118982084	112	112	116.00	159.00	133.89	132.00	14996.00
chr5	150503846	150503952	106	106	15.00	274.00	199.52	245.50	21149.00
chr11	118981761	118981878	117	117	147.00	178.00	160.62	160.00	18792.00
chr11	126314873	126315000	127	127	132.00	161.00	147.20	149.00	18695.00
chr1	159165808	159166244	436	436	72.00	1674.00	384.09	87.50	167465.00
chr7	134893542	134893750	208	208	48.00	77.00	59.38	57.00	12351.00
chr9	121976196	121976433	237	237	157.00	242.00	195.24	185.00	46273.00
chr19	54691042	54691169	127	127	196.00	309.00	238.74	222.00	30320.00
chr22	38621430	38621600	170	170	132.00	193.00	168.04	171.00	28566.00
chr13	42035681	42036205	524	524	1.00	6.00	3.65	4.00	1910.00
chr20	1915360	1915413	53	53	0.00	252.00	175.91	222.00	9323.00
chr5	14496987	14497126	139	139	521.00	759.00	618.73	609.00	86004.00
chr12	56528125	56528212	87	87	52.00	62.00	57.23	57.00	4979.00
chr3	47466974	47467101	127	127	177.00	218.00	197.22	195.00	25047.00
chr17	7415476	7415663	187	187	182.00	293.00	220.14	211.00	41167.00
chr3	33588037	33589252	1215	1215	22.00	62.00	41.77	42.00	50752.00
chr7	887833	888615	782	782	47.00	179.00	96.85	89.00	75734.00
chr10	24813251	24813693	442	442	5.00	20.00	12.51	13.00	5529.00
chr1	109812045	109812213	168	168	198.00	327.00	258.74	253.00	43468.00
chr19	15276597	15276902	305	305	80.00	109.00	96.05	97.00	29295.00
chr16	2334779	2334999	220	220	252.00	362.00	302.50	292.00	66549.00
chr16	68404761	68405261	500	500	189.00	319.00	249.78	247.50	124892.00
chr4	110969111	110969871	760	760	62.00	135.00	93.78	92.00	71273.00
chr1	145693161	145693996	835	835	17.00	155.00	83.50	79.00	69726.00
chr7	44282848	44282932	84	84	394.00	483.00	445.08	445.50	37387.00
chr2	220164315	220164508	193	193	14.00	157.00	74.47	25.00	14373.00
chr12	50472203	50472360	157	157	275.00	347.00	303.96	301.00	47722.00
chr2	220163768	220163833	65	65	154.00	232.00	203.98	209.00	13259.00
chr2	222289928	222290862	934	934	71.00	146.00	96.79	93.00	90405.00
chr12	57599133	57599268	135	135	415.00	608.00	490.59	477.00	66229.00
chr7	157475416	157475629	213	213	204.00	321.00	257.77	243.00	54906.00
chr1	32203800	32203927	127	127	312.00	509.00	419.50	444.00	53277.00
chr1	109811731	109811912	181	181	264.00	369.00	313.51	314.00	56746.00
chr9	140052830	140052975	145	145	386.00	943.00	702.98	779.00	101932.00
chr2	220161706	220161854	148	148	171.00	296.00	229.07	232.00	33903.00
chr16	29896906	29897070	164	164	448.00	680.00	607.60	636.50	99646.00
chr16	47143393	47143622	229	229	459.00	623.00	531.41	530.00	121694.00
chr11	993753	993985	232	232	262.00	515.00	412.61	409.00	95726.00
chr9	124059698	124061137	1439	1439	0.00	2.00	0.34	0.00	490.00
chr9	140350140	140350634	494	494	27.00	141.00	79.43	79.00	39237.00
chr11	14504577	14504697	120	120	223.00	306.00	264.27	260.50	31712.00
chr3	49898612	49898733	121	121	1076.00	1568.00	1372.05	1404.00	166018.00
chr9	131811659	131811777	118	118	44.00	66.00	54.31	52.00	6408.00
chr9	131810705	131810818	113	113	48.00	88.00	67.40	63.00	7616.00
chr1	223400935	223401080	145	145	27.00	44.00	35.92	36.00	5208.00
chr12	125612185	125612820	635	635	6.00	126.00	35.01	17.00	22229.00
chr2	220088590	220088744	154	154	109.00	137.00	122.16	122.00	18813.00
chr9	70888487	70888750	263	263	5.00	80.00	52.11	57.00	13705.00
chr14	69813756	69813898	142	142	75.00	106.00	84.96	84.00	12064.00
chr2	47399145	47399890	745	745	21.00	418.00	97.50	86.00	72639.00
chr11	62688689	62689041	352	352	16.00	86.00	42.89	28.00	15096.00
chr6	43745205	43745407	202	202	12.00	149.00	119.16	120.00	24071.00
chr3	11072492	11072997	505	505	13.00	249.00	82.38	50.00	41602.00
chr7	2696031	2696168	137	137	875.00	1251.00	1121.61	1159.00	153661.00
chr16	14969196	14969279	83	83	487.00	689.00	598.37	616.00	49665.00
chr17	7377847	7378026	179	179	2.00	9.00	4.50	4.00	806.00
chr12	65639640	65639719	79	79	110.00	182.00	146.27	145.00	11555.00
chr12	50294912	50295108	196	196	282.00	428.00	337.53	332.00	66155.00
chr19	42485653	42485788	135	135	1473.00	2008.00	1726.33	1708.00	233055.00
chr10	99509230	99509343	113	113	183.00	344.00	252.55	251.00	28538.00
chr22	38883877	38888120	4243	4243	78.00	2087.00	436.07	352.00	1850262.00
chr12	49416372	49416658	286	286	120.00	198.00	160.42	160.00	45879.00
chr6	24843089	24843782	693	693	27.00	68.00	47.36	45.00	32823.00
chr5	176295561	176295665	104	104	124.00	178.00	145.88	144.00	15172.00
chr10	99510087	99510227	140	140	240.00	366.00	300.10	292.00	42014.00
chr1	159173658	159174770	1112	1112	29.00	170.00	73.84	60.00	82112.00
chr11	1780745	1780869	124	124	337.00	543.00	448.35	483.00	55595.00
chr19	42486059	42486258	199	199	1330.00	2107.00	1659.12	1657.00	330164.00
chr3	47465422	47465535	113	113	186.00	226.00	205.99	205.00	23277.00
chr1	21573713	21573856	143	143	31.00	52.00	42.81	43.00	6122.00
chr11	65320330	65320453	123	123	87.00	133.00	112.87	112.00	13883.00
chr3	47462420	47462519	99	99	206.00	317.00	268.70	277.00	26601.00
chr2	219204751	219204864	113	113	19.00	30.00	25.94	27.00	2931.00
chr1	43906123	43906257	134	134	28.00	51.00	43.41	45.50	5817.00
chr7	38785158	38785840	682	682	13.00	295.00	45.06	26.00	30731.00
chr2	153499932	153500058	126	126	230.00	318.00	277.32	287.00	34942.00
chr1	32203011	32203132	121	121	21.00	457.00	348.49	407.00	42167.00
chr22	42290823	42290941	118	118	778.00	1211.00	1041.01	1036.00	122839.00
chr19	47940718	47940818	100	100	209.00	334.00	282.48	283.50	28248.00
chr4	119539150	119539274	124	124	11.00	46.00	31.64	35.00	3923.00
chr17	44117067	44117250	183	183	219.00	292.00	250.43	250.00	45828.00
chr19	42485873	42485983	110	110	1275.00	1685.00	1540.44	1553.50	169448.00
chr6	44114583	44114664	81	81	250.00	361.00	314.01	317.00	25435.00
chr19	47941105	47941292	187	187	5.00	366.00	194.33	268.00	36340.00
chr11	73074250	73074500	250	250	107.00	153.00	131.96	132.00	32990.00
chr3	33418764	33418825	61	61	180.00	261.00	224.10	232.00	13670.00
chr1	700258	700505	247	247	16.00	40.00	25.90	28.00	6398.00
chr9	74319510	74319719	209	209	68.00	103.00	81.98	80.00	17133.00
chr16	2336694	2336968	274	274	224.00	522.00	365.45	377.00	100132.00
chr20	3575125	3575219	94	94	135.00	214.00	161.28	161.00	15160.00
chr9	139231377	139231529	152	152	411.00	520.00	463.39	464.00	70435.00
chr5	140515951	140516498	547	547	30.00	57.00	40.18	38.00	21979.00
chr1	21938208	21938309	101	101	165.00	230.00	201.29	205.00	20330.00
chr3	155659188	155659936	748	748	13.00	183.00	126.05	147.00	94283.00
chr16	27483068	27483241	173	173	186.00	231.00	206.17	206.00	35667.00
chr11	994071	994245	174	174	98.00	283.00	227.35	259.00	39559.00
chr7	71175745	71175913	168	168	253.00	341.00	303.11	303.00	50923.00
chr12	121204065	121204175	110	110	336.00	470.00	413.02	414.00	45432.00
chr7	73118679	73118753	74	74	543.00	688.00	603.68	598.50	44672.00
chr9	140972565	140972710	145	145	113.00	166.00	146.90	152.00	21301.00
chr12	121683329	121684024	695	695	8.00	48.00	29.33	29.00	20386.00
chr16	74493579	74493687	108	108	190.00	301.00	252.22	251.00	27240.00
chr2	36771518	36771641	123	123	143.00	203.00	165.07	163.00	20304.00
chr7	94187181	94187996	815	815	21.00	107.00	64.58	67.00	52634.00
chr14	94156951	94157239	288	288	14.00	25.00	20.53	21.00	5914.00
chr7	121739000	121739524	524	524	4.00	25.00	14.65	15.00	7679.00
chr1	19549117	19549328	211	211	123.00	165.00	140.77	141.00	29702.00
chr19	5214571	5214747	176	176	695.00	1245.00	843.32	804.50	148424.00
chr19	42557753	42557861	108	108	328.00	433.00	394.24	400.00	42578.00
chr15	102510686	102510925	239	239	7.00	137.00	78.45	83.00	18750.00
chr5	167673761	167675376	1615	1615	79.00	276.00	163.37	163.00	263850.00
chr7	44282158	44282253	95	95	393.00	520.00	437.36	427.00	41549.00
chr2	160621061	160621717	656	656	55.00	343.00	94.70	79.00	62125.00
chr5	10426501	10426634	133	133	352.00	500.00	448.35	464.00	59631.00
chr16	1814301	1814460	159	159	377.00	433.00	406.08	407.00	64566.00
chr11	21581734	21581928	194	194	95.00	171.00	118.71	109.00	23029.00
chr3	126749085	126749255	170	170	302.00	445.00	370.19	374.50	62932.00
chr11	12237765	12237866	101	101	51.00	69.00	59.03	58.00	5962.00
chr6	31750872	31750963	91	91	284.00	368.00	329.59	332.00	29993.00
chr3	53124201	53124398	197	197	24.00	47.00	31.70	31.00	6244.00
chr2	220161470	220161544	74	74	243.00	320.00	291.92	300.00	21602.00
chr2	128951046	128951785	739	739	50.00	253.00	145.82	150.00	107760.00
chr5	24535811	24535931	120	120	149.00	208.00	169.70	168.00	20364.00
chr1	44083406	44083582	176	176	270.00	448.00	328.59	316.00	57831.00
chr1	32207653	32207818	165	165	249.00	390.00	314.67	305.00	51920.00
chr12	7293754	7294000	246	246	1.00	534.00	309.88	448.50	76231.00
chr3	131442289	131442469	180	180	92.00	133.00	114.81	115.00	20665.00
chr3	49898871	49899298	427	427	212.00	1514.00	716.07	922.00	305763.00
chr16	66432358	66432464	106	106	47.00	72.00	60.95	60.00	6461.00
chr1	20982593	20982680	87	87	618.00	704.00	659.72	656.00	57396.00
chr16	68398653	68398809	156	156	284.00	358.00	321.34	316.00	50129.00
chr17	16676818	16678279	1461	1461	17.00	100.00	49.22	45.00	71906.00
chr1	109814899	109815027	128	128	317.00	396.00	361.55	368.00	46279.00
chr1	21940478	21940582	104	104	208.00	279.00	248.21	252.00	25814.00
chr20	57468284	57468793	509	509	25.00	65.00	43.12	41.00	21950.00
chr3	127358087	127358366	279	279	722.00	1789.00	1138.91	1043.00	317755.00
chr3	126735359	126735527	168	168	188.00	249.00	224.31	224.00	37684.00
chr10	103869140	103869264	124	124	870.00	1305.00	1089.77	1105.50	135132.00
chr20	44520554	44520666	112	112	67.00	85.00	75.16	76.00	8418.00
chr1	32203252	32203356	104	104	283.00	417.00	353.18	334.50	36731.00
chr21	40186196	40186316	120	120	28.00	42.00	35.27	36.00	4233.00
chr5	111067153	111068349	1196	1196	37.00	186.00	102.03	91.00	122029.00
chr9	128002954	128003186	232	232	384.00	596.00	506.26	510.50	117453.00
chr1	43408896	43408992	96	96	146.00	204.00	172.21	162.00	16532.00
chr3	47463931	47464026	95	95	200.00	241.00	224.11	227.00	21290.00
chr2	220161160	220161238	78	78	232.00	295.00	261.78	253.00	20419.00
chr11	62472772	62473089	317	317	518.00	957.00	708.03	702.00	224447.00
chr9	130986341	130986906	565	565	29.00	417.00	125.42	46.00	70861.00
chr14	69358769	69359000	231	231	67.00	111.00	88.76	86.00	20504.00
chr11	64416205	64416379	174	174	364.00	632.00	510.52	530.00	88831.00
chr17	8398454	8398559	105	105	384.00	537.00	456.84	440.00	47968.00
chr12	53572943	53574193	1250	1250	41.00	172.00	120.61	122.00	150757.00
chr17	17696544	17701827	5283	5283	56.00	273.00	140.84	137.00	744042.00
chr8	11705187	11705331	144	144	347.00	479.00	411.41	410.50	59243.00
chr19	54963829	54963931	102	102	519.00	649.00	578.15	566.00	58971.00
chr2	70451682	70456295	4613	4613	34.00	681.00	163.57	151.00	754531.00
chr11	118873959	118874169	210	210	16.00	32.00	25.46	24.00	5346.00
chr10	75548427	75548581	154	154	108.00	162.00	137.02	138.00	21101.00
chr6	33414351	33414563	212	212	480.00	989.00	787.76	800.00	167005.00
chr17	80042910	80043032	122	122	639.00	800.00	719.36	713.50	87762.00
chr11	11470290	11470483	193	193	60.00	93.00	76.67	76.00	14798.00
chr8	23294446	23294771	325	325	77.00	123.00	102.58	103.00	33338.00
chr1	116932060	116932663	603	603	2.00	885.00	282.55	20.00	170375.00
chr15	83222627	83222741	114	114	3.00	8.00	5.48	5.00	625.00
chr3	9841562	9841751	189	189	24.00	50.00	36.67	37.00	6930.00
chr1	116937731	116937907	176	176	460.00	894.00	597.86	559.50	105223.00
chr16	87868019	87868197	178	178	207.00	250.00	226.19	225.00	40262.00
chr3	124209540	124209731	191	191	80.00	117.00	95.77	94.00	18293.00
chr7	71142195	71142291	96	96	310.00	501.00	380.45	356.00	36523.00
chr5	130497324	130497584	260	260	18.00	40.00	27.63	27.00	7185.00
chr13	100199238	100199358	120	120	383.00	631.00	496.47	478.50	59576.00
chr5	139943336	139943506	170	170	66.00	183.00	158.92	163.00	27017.00
chr17	74395529	74396002	473	473	124.00	224.00	190.06	196.00	89900.00
chr14	93179149	93179216	67	67	149.00	194.00	173.30	177.00	11611.00
chr4	160277004	160277310	306	306	30.00	227.00	119.48	122.00	36561.00
chr17	40666306	40666478	172	172	363.00	555.00	448.71	432.50	77178.00
chr15	34828065	34828207	142	142	22.00	232.00	162.87	172.00	23128.00
chr14	100165802	100165876	74	74	33.00	49.00	41.27	41.00	3054.00
chr22	20128089	20128231	142	142	46.00	171.00	111.18	136.50	15787.00
chr12	3392210	3394421	2211	2211	18.00	149.00	88.95	88.00	196674.00
chr17	16687866	16690667	2801	2801	10.00	204.00	48.62	42.00	136187.00
chr6	31664724	31664810	86	86	166.00	243.00	206.50	206.00	17759.00
chr6	30627512	30627611	99	99	79.00	103.00	89.51	89.00	8861.00
chr11	18752834	18755060	2226	2226	17.00	572.00	132.47	104.00	294873.00
chr12	109332602	109332731	129	129	212.00	308.00	250.95	253.00	32372.00
chr6	90072884	90073110	226	226	9.00	25.00	16.94	18.00	3829.00
chr16	2689371	2689711	340	340	0.00	0.00	0.00	0.00	0.00
chr1	20987373	20987484	111	111	538.00	704.00	629.02	632.00	69821.00
chr14	85985300	85986667	1367	1367	10.00	52.00	31.44	33.00	42979.00
chr13	32863769	32863880	111	111	161.00	212.00	182.18	181.00	20222.00
chr16	1510418	1510528	110	110	96.00	123.00	108.03	108.00	11883.00
chr19	54963269	54963444	175	175	575.00	728.00	666.66	669.00	116665.00
chr6	44224078	44224233	155	155	130.00	185.00	159.16	160.00	24670.00
chr20	3151172	3152285	1113	1113	12.00	45.00	30.68	33.00	34148.00
chr1	892273	892405	132	132	218.00	351.00	265.80	256.00	35086.00
chr16	90192167	90192724	557	557	2.00	13.00	7.36	7.00	4100.00
chr9	111663704	111663810	106	106	130.00	171.00	149.83	150.00	15882.00
chr6	44108764	44108835	71	71	326.00	392.00	354.35	358.00	25159.00
chr1	36028802	36029027	225	225	573.00	910.00	710.16	696.00	159786.00
chr11	66807259	66807674	415	415	0.00	8.00	4.07	4.00	1688.00
chr1	178426817	178427679	862	862	57.00	170.00	105.10	97.00	90598.00
chr19	42482302	42482478	176	176	1339.00	2096.00	1569.56	1535.50	276243.00
chr1	44084718	44084873	155	155	238.00	446.00	345.01	338.00	53477.00
chr1	109812315	109812442	127	127	227.00	340.00	296.90	308.00	37706.00
chr3	180324268	180324391	123	123	124.00	201.00	174.52	182.00	21466.00
chr15	63933668	63933842	174	174	158.00	338.00	242.21	213.00	42145.00
chr20	44521363	44521519	156	156	98.00	138.00	117.22	116.50	18287.00
chr3	33416779	33416910	131	131	116.00	198.00	146.92	144.00	19246.00
chr1	21934624	21934843	219	219	6.00	212.00	120.49	173.00	26388.00
chr14	69799801	69799886	85	85	44.00	69.00	60.64	62.00	5154.00
chr1	116936134	116936345	211	211	9.00	678.00	527.58	587.00	111319.00
chr14	23634493	23634645	152	152	16.00	26.00	21.35	22.00	3245.00
chr16	1402538	1402947	409	409	12.00	42.00	29.48	29.00	12058.00
chr9	20331	25000	4669	4669	0.00	462.00	139.40	130.00	650878.00
chr17	43545574	43545959	385	385	17.00	43.00	26.42	24.00	10170.00
chr13	100201418	100201476	58	58	429.00	524.00	485.57	488.00	28163.00
chr15	41865505	41865665	160	160	72.00	143.00	109.42	109.50	17508.00
chr19	19641688	19642196	508	508	26.00	63.00	42.12	40.50	21397.00
chr11	134147593	134148159	566	566	0.00	8.00	3.10	3.00	1757.00
chr2	71656420	71657290	870	870	11.00	60.00	29.71	28.50	25845.00
chr7	97834775	97835016	241	241	100.00	166.00	128.88	123.00	31061.00
chr19	13363804	13363915	111	111	149.00	201.00	171.53	167.00	19040.00
chr18	31328383	31329011	628	628	118.00	281.00	192.20	191.00	120699.00
chr16	66431884	66432009	125	125	33.00	55.00	40.68	39.00	5085.00
chr19	47935155	47935702	547	547	8.00	301.00	137.41	194.00	75165.00
chr12	50291769	50291873	104	104	261.00	365.00	316.49	319.50	32915.00
chr11	1780198	1780317	119	119	288.00	493.00	357.86	338.00	42585.00
chr15	65392626	65393167	541	541	5.00	23.00	13.96	13.00	7555.00
chr2	86397871	86397967	96	96	167.00	241.00	206.59	214.00	19833.00
chr7	97866087	97866233	146	146	106.00	175.00	132.45	138.00	19337.00
chr11	60687157	60687402	245	245	81.00	106.00	92.76	92.00	22726.00
chr21	43307700	43309453	1753	1753	5.00	41.00	19.95	19.00	34967.00
chr14	24619269	24619657	388	388	47.00	80.00	61.62	61.00	23908.00
chr11	65320634	65320727	93	93	78.00	95.00	86.96	88.00	8087.00
chr16	29891184	29891385	201	201	460.00	703.00	586.24	575.00	117834.00
chr1	32207224	32207326	102	102	410.00	550.00	470.84	463.50	48026.00
chr11	72300218	72300394	176	176	2.00	214.00	70.48	5.00	12404.00
chr17	7608878	7609038	160	160	85.00	440.00	278.22	291.50	44515.00
chr19	7607646	7607814	168	168	68.00	142.00	106.76	114.00	17935.00
chr19	54966129	54966271	142	142	277.00	552.00	459.84	493.00	65297.00
chr12	57995027	57995131	104	104	74.00	98.00	86.26	87.00	8971.00
chr1	27428875	27429049	174	174	33.00	54.00	44.87	46.00	7808.00
chr2	27688277	27688385	108	108	70.00	88.00	80.19	81.00	8661.00
chr16	2691449	2692254	805	805	0.00	20.00	1.99	2.00	1599.00
chr9	131503813	131503933	120	120	252.00	326.00	294.38	299.00	35325.00
chr16	2347766	2347922	156	156	264.00	360.00	305.15	300.00	47603.00
chr17	80039884	80040036	152	152	1064.00	1313.00	1165.85	1136.00	177209.00
chr1	32204432	32204538	106	106	326.00	504.00	421.10	426.00	44637.00
chr12	9242951	9243078	127	127	116.00	151.00	136.09	138.00	17284.00
chr3	49702661	49702751	90	90	109.00	150.00	136.67	138.50	12300.00
chr19	35820359	35820837	478	478	0.00	0.00	0.00	0.00	0.00
chr1	201456762	201457615	853	853	2.00	9.00	4.96	5.00	4232.00
chr16	2334279	2334438	159	159	291.00	360.00	324.76	323.00	51637.00
chr10	73578373	73578481	108	108	1687.00	2156.00	1928.16	1935.00	208241.00
chr16	18530550	18530756	206	206	8.00	345.00	164.58	232.50	33904.00
chr16	16369094	16369300	206	206	8.00	376.00	173.14	240.50	35666.00
chr13	113975636	113975785	149	149	19.00	439.00	193.76	26.00	28870.00
chr11	119293822	119294227	405	405	0.00	722.00	66.22	2.00	26818.00
chr5	150505962	150506041	79	79	164.00	188.00	177.63	178.00	14033.00
chr22	44224939	44225078	139	139	250.00	373.00	291.29	280.00	40489.00
chr15	41865199	41865309	110	110	77.00	120.00	94.13	92.00	10354.00
chr17	25633807	25636298	2491	2491	99.00	1523.00	581.32	619.00	1448075.00
chr15	72495155	72495529	374	374	34.00	1070.00	455.38	49.50	170313.00
chr9	42540272	42542124	1852	1852	0.00	9.00	3.41	3.00	6314.00
chr11	119290760	119291704	944	944	7.00	895.00	284.51	40.00	268580.00
chr19	5219949	5220165	216	216	518.00	689.00	603.88	603.00	130437.00
chr15	63910769	63911153	384	384	4.00	32.00	17.68	16.00	6788.00
chr17	74393879	74393969	90	90	179.00	241.00	217.16	218.00	19544.00
chr10	104129467	104129532	65	65	157.00	187.00	168.80	168.00	10972.00
chr3	142454224	142454620	396	396	6.00	19.00	13.25	13.00	5247.00
chr12	121205196	121205396	200	200	365.00	474.00	414.08	411.50	82817.00
chr3	31705570	31705724	154	154	29.00	47.00	37.27	37.00	5739.00
chr6	118635190	118636593	1403	1403	38.00	358.00	246.95	249.00	346476.00
chr8	10339867	10340829	962	962	12.00	118.00	72.74	76.00	69979.00
chr19	16952578	16952779	201	201	190.00	304.00	257.59	259.00	51776.00
chr8	110984486	110985016	530	530	83.00	144.00	123.30	126.00	65347.00
chr9	128001219	128001610	391	391	565.00	1198.00	894.13	941.00	349604.00
chr11	73070878	73070997	119	119	105.00	141.00	123.03	123.00	14641.00
chr10	104130140	104130235	95	95	177.00	226.00	204.93	204.00	19468.00
chr5	95733039	95733173	134	134	3.00	7.00	4.82	5.00	646.00
chr19	59059400	59059547	147	147	1246.00	1800.00	1475.54	1481.00	216905.00
chr5	139943169	139943255	86	86	74.00	151.00	128.84	136.00	11080.00
chr17	73487771	73487981	210	210	121.00	179.00	139.45	137.00	29285.00
chr1	154315588	154315777	189	189	45.00	67.00	55.85	57.00	10556.00
chr14	95652726	95653070	344	344	0.00	4.00	1.44	1.00	497.00
chr12	123639801	123640772	971	971	22.00	77.00	44.58	41.00	43283.00
chr22	47064870	47065171	301	301	27.00	46.00	36.80	37.00	11076.00
chr5	24535220	24535388	168	168	135.00	195.00	160.38	156.50	26944.00
chr12	6806452	6806958	506	506	141.00	500.00	276.78	253.00	140051.00
chr22	29881711	29881836	125	125	3.00	11.00	6.08	6.00	760.00
chr7	75894681	75894786	105	105	85.00	114.00	98.52	99.00	10345.00
chr12	121089007	121095893	6886	6886	0.00	23.00	9.24	9.00	63637.00
chr1	207940357	207942365	2008	2008	36.00	244.00	95.89	88.00	192554.00
chr7	154681166	154681240	74	74	283.00	359.00	323.05	321.00	23906.00
chr5	131696513	131697529	1016	1016	22.00	68.00	40.65	39.00	41297.00
chr11	1776135	1776258	123	123	176.00	415.00	269.15	243.00	33106.00
chr8	11706554	11706673	119	119	363.00	459.00	407.19	413.00	48456.00
chr11	18759426	18759511	85	85	314.00	384.00	345.19	341.00	29341.00
chr16	61689373	61689625	252	252	44.00	69.00	54.58	53.00	13753.00
chr15	51750702	51750824	122	122	195.00	242.00	217.44	216.00	26528.00
chr9	35555056	35555698	642	642	329.00	690.00	504.51	515.00	323897.00
chr2	198356200	198356621	421	421	12.00	35.00	26.41	27.00	11120.00
chr9	131001723	131001794	71	71	714.00	866.00	804.08	817.00	57090.00
chr19	5214371	5214491	120	120	857.00	1238.00	1087.62	1080.50	130515.00
chr22	35719488	35719623	135	135	43.00	72.00	61.96	65.00	8365.00
chr12	121678738	121679829	1091	1091	12.00	43.00	20.01	18.00	21828.00
chr14	23820960	23821064	104	104	839.00	996.00	922.66	925.50	95957.00
chr1	32205710	32205779	69	69	348.00	460.00	414.38	419.00	28592.00
chr3	33420176	33420326	150	150	19.00	297.00	108.57	24.00	16285.00
chr9	114820707	114820966	259	259	27.00	80.00	55.32	61.00	14329.00
chr15	41865876	41866023	147	147	6.00	144.00	120.12	128.00	17658.00
chr19	55554308	55554637	329	329	11.00	29.00	19.19	19.00	6314.00
chr1	116933403	116933513	110	110	618.00	791.00	714.10	717.00	78551.00
chr19	15374230	15374359	129	129	126.00	207.00	174.40	179.00	22497.00
chr12	56090682	56090852	170	170	34.00	57.00	46.34	47.00	7878.00
chr14	69445668	69445876	208	208	19.00	78.00	53.84	59.50	11198.00
chr12	57603474	57603651	177	177	390.00	652.00	537.81	561.00	95192.00
chr22	32897492	32898946	1454	1454	24.00	296.00	157.07	157.00	228385.00
chr16	16367702	16367764	62	62	14.00	252.00	135.50	150.00	8401.00
chr19	5245786	5246056	270	270	387.00	693.00	506.16	485.50	136662.00
chr16	74345440	74345829	389	389	21.00	59.00	41.68	41.00	16215.00
chr6	107096899	107097076	177	177	58.00	100.00	76.90	73.00	13611.00
chr1	29641883	29642019	136	136	79.00	102.00	88.32	87.00	12011.00
chr8	97342440	97342509	69	69	368.00	444.00	408.70	409.00	28200.00
chr8	68116914	68117054	140	140	151.00	224.00	185.41	187.50	25958.00
chr22	22037470	22037546	76	76	132.00	189.00	159.49	158.00	12121.00
chr22	50682147	50683420	1273	1273	36.00	240.00	145.56	147.00	185293.00
chr20	44048971	44049069	98	98	178.00	218.00	196.26	195.50	19233.00
chr1	36904356	36904511	155	155	24.00	39.00	31.92	32.00	4948.00
chr12	71054719	71054877	158	158	100.00	141.00	111.70	110.00	17649.00
chr15	50654364	50655515	1151	1151	5.00	110.00	79.76	85.00	91805.00
chr2	234198499	234198620	121	121	92.00	132.00	113.09	114.00	13684.00
chr9	128001699	128001812	113	113	630.00	803.00	700.91	701.00	79203.00
chr8	38272296	38272419	123	123	79.00	112.00	98.88	101.00	12162.00
chr11	73068069	73068179	110	110	71.00	129.00	94.04	97.50	10344.00
chr16	28123137	28123327	190	190	224.00	379.00	309.01	312.50	58712.00
chr12	49424062	49424222	160	160	34.00	84.00	50.88	46.00	8140.00
chr19	50302885	50303023	138	138	363.00	491.00	417.31	406.00	57589.00
chr19	42480567	42480718	151	151	2156.00	2899.00	2568.13	2590.00	387788.00
chr3	197904395	197905301	906	906	0.00	10.00	4.82	6.00	4367.00
chr13	100189992	100190117	125	125	334.00	417.00	366.92	366.00	45865.00
chr19	14268062	14268272	210	210	383.00	573.00	473.84	472.00	99507.00
chr10	93786886	93787057	171	171	142.00	194.00	171.82	171.00	29381.00
chr1	109808726	109808828	102	102	189.00	234.00	211.44	211.00	21567.00
chr4	134075461	134075520	59	59	497.00	705.00	572.05	572.00	33751.00
chr1	22052268	22053864	1596	1596	14.00	46.00	27.88	27.50	44493.00
chr9	140056855	140056968	113	113	373.00	575.00	471.38	479.00	53266.00
chr19	42482087	42482224	137	137	2105.00	2663.00	2395.07	2418.00	328125.00
chr19	4556962	4557025	63	63	359.00	439.00	403.17	401.00	25400.00
chr19	14266921	14267013	92	92	474.00	615.00	540.76	530.00	49750.00
chr22	42273851	42274127	276	276	15.00	1249.00	701.08	979.00	193499.00
chr1	205549788	205550049	261	261	8.00	19.00	13.01	12.00	3395.00
chr1	110765585	110766522	937	937	28.00	108.00	65.36	64.00	61238.00
chr19	55553595	55554158	563	563	19.00	66.00	37.54	35.00	21134.00
chr7	150929881	150931360	1479	1479	23.00	108.00	58.77	55.00	86922.00
chr3	124215157	124215260	103	103	58.00	86.00	69.99	70.00	7209.00
chr16	58220658	58220760	102	102	130.00	207.00	165.57	167.50	16888.00
chr3	10381925	10382033	108	108	128.00	155.00	143.08	145.50	15453.00
chr10	11356101	11356221	120	120	203.00	241.00	220.26	218.00	26431.00
chr22	42294652	42294785	133	133	846.00	1284.00	1089.87	1095.00	144953.00
chr1	2005531	2005714	183	183	3.00	14.00	9.80	11.00	1794.00
chr12	113722522	113722576	54	54	14.00	25.00	19.80	18.50	1069.00
chr9	131502198	131502398	200	200	10.00	367.00	290.81	309.50	58163.00
chr19	40873602	40873786	184	184	752.00	1108.00	926.17	930.50	170415.00
chr2	220162606	220162825	219	219	93.00	171.00	130.09	129.00	28489.00
chr16	28270027	28270355	328	328	0.00	4.00	2.12	2.00	697.00
chr4	3225718	3225858	140	140	136.00	179.00	161.48	162.00	22607.00
chr17	44127898	44128070	172	172	197.00	297.00	251.74	256.50	43300.00
chr3	47462043	47462262	219	219	147.00	284.00	194.51	186.00	42597.00
chr6	99873090	99873182	92	92	18.00	525.00	268.77	262.50	24727.00
chr7	142561723	142562504	781	781	101.00	277.00	192.89	185.00	150650.00
chr1	159169540	159169666	126	126	1267.00	1653.00	1465.21	1486.50	184617.00
chr19	7606869	7606953	84	84	90.00	127.00	108.33	109.00	9100.00
chr16	2811561	2818298	6737	6737	19.00	997.00	574.42	607.00	3869886.00
chr3	47450652	47450807	155	155	149.00	230.00	197.83	196.00	30663.00
chr11	118403631	118403922	291	291	153.00	222.00	183.64	176.00	53440.00
chr1	205555161	205555335	174	174	11.00	20.00	16.14	16.00	2808.00
chr12	125603186	125603311	125	125	81.00	122.00	100.83	100.00	12604.00
chr11	86658288	86659498	1210	1210	53.00	122.00	84.55	86.00	102300.00
chr22	37764946	37768745	3799	3799	23.00	713.00	298.00	267.00	1132104.00
chr10	46345664	46346215	551	551	16.00	79.00	39.61	35.00	21824.00
chr22	33673045	33673241	196	196	120.00	236.00	169.48	151.50	33219.00
chr9	140042599	140042666	67	67	6.00	67.00	51.16	53.00	3428.00
chr3	48717233	48717320	87	87	41.00	71.00	61.32	63.00	5335.00
chr11	60681600	60681740	140	140	6.00	88.00	47.04	46.50	6585.00
chr10	93784512	93784724	212	212	97.00	175.00	147.53	152.00	31276.00
chr12	7289424	7290372	948	948	5.00	527.00	148.96	26.00	141213.00
chr3	132387062	132387526	464	464	11.00	30.00	21.05	21.00	9765.00
chr16	2335442	2335647	205	205	250.00	404.00	336.27	342.00	68936.00
chr16	1794782	1797276	2494	2494	17.00	336.00	84.28	67.00	210187.00
chr16	3786036	3786204	168	168	344.00	450.00	395.92	391.00	66515.00
chr9	141131209	141131766	557	557	0.00	7.00	2.62	3.00	1462.00
chr14	92965028	92966015	987	987	5.00	26.00	15.00	15.00	14808.00
chr19	54692070	54692200	130	130	142.00	317.00	215.98	176.50	28077.00
chr15	43866006	43866230	224	224	36.00	83.00	49.85	49.00	11166.00
chr3	40231316	40231954	638	638	9.00	28.00	13.99	13.00	8924.00
chr3	50148937	50149455	518	518	48.00	96.00	71.73	73.00	37154.00
chr4	81117505	81117755	250	250	70.00	89.00	80.16	80.00	20040.00
chr10	46740404	46740638	234	234	2.00	53.00	27.39	22.00	6410.00
chr3	124210169	124210271	102	102	71.00	104.00	90.33	90.00	9214.00
chr11	107488830	107488932	102	102	242.00	358.00	300.68	295.00	30669.00
chr9	130591965	130592106	141	141	52.00	67.00	60.06	61.00	8468.00
chr1	20981932	20982027	95	95	523.00	637.00	582.17	575.00	55306.00
chr12	75875613	75875859	246	246	6.00	14.00	10.99	11.00	2703.00
chr22	32046684	32046764	80	80	45.00	93.00	73.81	83.50	5905.00
chr11	70331418	70331658	240	240	23.00	158.00	86.69	92.00	20805.00
chr14	51079976	51080069	93	93	243.00	307.00	272.25	269.00	25319.00
chr17	80041077	80041301	224	224	870.00	1504.00	1197.59	1248.50	268260.00
chr7	158540884	158540971	87	87	143.00	193.00	165.91	164.00	14434.00
chr1	21553651	21553719	68	68	43.00	54.00	49.34	50.00	3355.00
chr2	219206256	219206349	93	93	20.00	39.00	31.66	31.00	2944.00
chr17	18444211	18445242	1031	1031	40.00	114.00	74.74	74.00	77060.00
chr12	57599340	57599460	120	120	425.00	548.00	479.24	478.00	57509.00
chr11	64417919	64418110	191	191	505.00	881.00	716.07	756.00	136769.00
chr19	3274926	3275650	724	724	19.00	91.00	53.15	50.00	38481.00
chr16	18532086	18532305	219	219	268.00	572.00	413.45	403.00	90546.00
chr17	3776702	3776756	54	54	88.00	125.00	109.50	110.00	5913.00
chr1	116932670	116933033	363	363	6.00	924.00	463.01	751.00	168073.00
chr16	1505731	1505796	65	65	151.00	202.00	184.60	191.00	11999.00
chr1	9794029	9794200	171	171	1183.00	1570.00	1397.58	1396.00	238986.00
chr10	73579221	73579379	158	158	1461.00	2482.00	1944.12	2027.00	307171.00
chr11	6411684	6412146	462	462	18.00	83.00	62.85	67.00	29039.00
chr1	159163212	159163350	138	138	1305.00	1631.00	1385.67	1366.50	191222.00
chr16	1816723	1816804	81	81	376.00	513.00	447.06	451.00	36212.00
chr7	91722399	91722630	231	231	28.00	296.00	236.96	244.00	54738.00
chr7	44281816	44281939	123	123	436.00	645.00	520.20	513.00	63984.00
chr2	220467189	220467297	108	108	45.00	61.00	51.94	52.00	5610.00
chr16	4494664	4494729	65	65	124.00	176.00	153.98	158.00	10009.00
chr15	34681844	34681986	142	142	18.00	274.00	211.04	232.50	29968.00
chr9	139995935	139996124	189	189	134.00	238.00	202.74	213.00	38318.00
chr3	180324040	180324160	120	120	122.00	142.00	131.26	131.00	15751.00
chr3	42678359	42681242	2883	2883	89.00	382.00	195.35	174.00	563198.00
chr7	131812776	131815333	2557	2557	89.00	486.00	237.53	234.00	607374.00
chr20	1585387	1585522	135	135	3.00	45.00	31.97	36.00	4316.00
chr3	126751229	126751442	213	213	332.00	484.00	400.73	396.00	85356.00
chr15	63920875	63921014	139	139	154.00	273.00	197.91	201.00	27510.00
chr16	2040128	2040202	74	74	26.00	77.00	51.68	51.00	3824.00
chr9	74324174	74324390	216	216	77.00	103.00	90.40	91.00	19527.00
chr20	44521858	44521950	92	92	98.00	122.00	112.62	113.00	10361.00
chr9	139911647	139911798	151	151	84.00	123.00	105.18	107.00	15882.00
chr9	140055507	140055649	142	142	589.00	928.00	732.10	678.50	103958.00
chr12	120148055	120148191	136	136	19.00	32.00	26.05	27.00	3543.00
chr12	50474280	50474372	92	92	351.00	438.00	393.74	394.50	36224.00
chr15	63125702	63125828	126	126	58.00	144.00	103.94	105.00	13096.00
chr9	20907148	20907241	93	93	74.00	98.00	89.01	91.00	8278.00
chr16	87874655	87874761	106	106	261.00	347.00	304.07	301.50	32231.00
chr2	162833269	162833460	191	191	4.00	277.00	155.88	234.00	29774.00
chr8	11704560	11704677	117	117	268.00	343.00	301.69	301.00	35298.00
chr15	63926931	63927087	156	156	244.00	353.00	309.71	325.00	48315.00
chr6	31668718	31668805	87	87	171.00	234.00	196.00	186.00	17052.00
chr7	148910792	148910906	114	114	72.00	175.00	136.92	152.00	15609.00
chr14	42355808	42357213	1405	1405	79.00	279.00	142.12	144.00	199681.00
chr10	88678928	88679226	298	298	82.00	126.00	103.09	100.50	30721.00
chr3	140998219	140998346	127	127	140.00	230.00	188.50	194.00	23940.00
chr1	144859758	144859998	240	240	138.00	217.00	165.81	164.00	39794.00
chr9	96054772	96055455	683	683	71.00	273.00	177.66	184.00	121344.00
chr19	7604803	7604944	141	141	96.00	140.00	114.32	113.00	16119.00
chr12	30906277	30907432	1155	1155	14.00	104.00	57.08	57.00	65931.00
chr9	131112762	131112854	92	92	76.00	148.00	114.92	120.00	10573.00
chr20	61981328	61982379	1051	1051	75.00	140.00	102.20	101.00	107417.00
chr7	38431348	38431618	270	270	181.00	341.00	272.65	283.50	73615.00
chr20	44521036	44521123	87	87	77.00	125.00	103.99	108.00	9047.00
chr11	64418726	64419108	382	382	433.00	858.00	634.14	630.50	242242.00
chr12	120148344	120150270	1926	1926	0.00	45.00	9.42	6.00	18141.00
chr12	6930971	6931066	95	95	16.00	337.00	188.63	205.00	17920.00
chr16	2339434	2339621	187	187	229.00	353.00	270.92	256.00	50662.00
chr2	27700083	27700187	104	104	70.00	96.00	86.95	88.00	9043.00
chr14	69805367	69805494	127	127	49.00	91.00	67.69	60.00	8596.00
chr12	9242497	9242619	122	122	111.00	185.00	159.08	165.00	19408.00
chr3	58256658	58256791	133	133	44.00	98.00	66.91	65.00	8899.00
chr10	79744927	79745098	171	171	140.00	230.00	166.20	152.00	28421.00
chr1	159161725	159161866	141	141	910.00	1286.00	1155.97	1192.00	162992.00
chr16	31085202	31085519	317	317	10.00	49.00	33.37	37.00	10577.00
chr1	171755018	171755218	200	200	71.00	120.00	91.06	88.50	18213.00
chr9	130988124	130989280	1156	1156	12.00	193.00	95.82	92.00	110773.00
chr15	63127935	63127998	63	63	59.00	104.00	77.29	69.00	4869.00
chr19	1917676	1917821	145	145	18.00	218.00	168.70	185.00	24462.00
chr22	25315792	25315960	168	168	72.00	95.00	82.40	81.00	13843.00
chr2	207943790	207945085	1295	1295	188.00	492.00	343.83	338.00	445262.00
chr11	47330706	47330952	246	246	10.00	536.00	233.22	21.00	57371.00
chr3	142743978	142746095	2117	2117	19.00	336.00	58.28	47.00	123385.00
chr7	44839492	44839694	202	202	45.00	75.00	57.02	59.00	11519.00
chr22	31688260	31688471	211	211	4.00	64.00	40.85	49.00	8619.00
chr11	66333492	66333638	146	146	297.00	426.00	365.92	370.50	53425.00
chr9	131114916	131115026	110	110	135.00	174.00	156.91	160.00	17260.00
chr1	20206	21013	807	807	115.00	415.00	266.64	283.00	215177.00
chr11	108216469	108216635	166	166	51.00	103.00	85.05	88.00	14119.00
chr1	209778880	209779019	139	139	36.00	62.00	50.64	52.00	7039.00
chr1	202935876	202936026	150	150	108.00	175.00	142.29	141.00	21343.00
chr12	57600255	57600524	269	269	377.00	533.00	465.14	473.00	125123.00
chr19	15233503	15233615	112	112	94.00	178.00	126.84	114.50	14206.00
chr8	68115317	68115486	169	169	197.00	269.00	237.75	241.00	40180.00
chr19	13419229	13419342	113	113	113.00	153.00	139.54	143.00	15768.00
chr6	33266815	33267130	315	315	21.00	151.00	84.54	85.00	26629.00
chr16	89780611	89781646	1035	1035	3.00	27.00	14.98	15.00	15500.00
chr12	109964162	109964221	59	59	89.00	104.00	96.92	98.00	5718.00
chr22	24491893	24492045	152	152	92.00	145.00	121.58	122.50	18480.00
chr2	242592926	242593025	99	99	269.00	344.00	316.95	322.00	31378.00
chr1	21937944	21938074	130	130	216.00	328.00	278.74	286.50	36236.00
chr2	223789173	223789313	140	140	219.00	274.00	240.29	239.50	33641.00
chr20	3772318	3772535	217	217	6.00	13.00	9.04	10.00	1962.00
chr16	18531918	18532001	83	83	442.00	611.00	522.14	524.00	43338.00
chr1	43396296	43396537	241	241	83.00	152.00	118.16	115.00	28477.00
chr2	100037960	100038115	155	155	133.00	195.00	163.14	165.00	25287.00
chr16	1500497	1500770	273	273	14.00	157.00	88.02	120.00	24030.00
chr19	40876016	40876144	128	128	697.00	988.00	818.09	811.00	104716.00
chr5	168112691	168112932	241	241	22.00	38.00	28.27	28.00	6813.00
chr2	127825738	127825831	93	93	395.00	483.00	441.78	442.00	41086.00
chr1	19232015	19234990	2975	2975	13.00	161.00	49.87	45.00	148369.00
chr16	1391129	1391196	67	67	30.00	47.00	38.16	35.00	2557.00
chr6	33410665	33411689	1024	1024	10.00	581.00	325.24	362.50	333042.00
chr9	95872033	95872266	233	233	13.00	27.00	20.32	21.00	4734.00
chr1	53378627	53378839	212	212	1.00	11.00	6.40	6.00	1356.00
chr2	80531276	80531693	417	417	48.00	192.00	133.16	155.00	55528.00
chr7	44286718	44286791	73	73	373.00	483.00	434.23	440.00	31699.00
chr7	157369304	157369471	167	167	318.00	396.00	350.74	347.00	58573.00
chr11	18755079	18755191	112	112	20.00	426.00	283.74	367.50	31779.00
chr6	86237979	86238080	101	101	198.00	267.00	241.83	246.00	24425.00
chr8	145000951	145001050	99	99	53.00	72.00	64.26	65.00	6362.00
chr19	45167680	45167966	286	286	26.00	45.00	34.40	33.00	9839.00
chr10	48930165	48930400	235	235	2.00	41.00	20.29	15.00	4769.00
chr16	87871450	87871547	97	97	223.00	316.00	282.51	299.00	27403.00
chr1	109815454	109815649	195	195	271.00	436.00	326.35	313.00	63639.00
chr1	208215442	208215711	269	269	174.00	320.00	249.64	245.00	67154.00
chr2	260866	261451	585	585	35.00	72.00	51.29	51.00	30003.00
chr5	180481266	180481724	458	458	6.00	23.00	13.90	13.00	6366.00
chr7	73119479	73119631	152	152	1.00	924.00	370.70	5.00	56347.00
chr15	34677248	34677358	110	110	319.00	498.00	395.84	364.50	43542.00
chr16	57687114	57687247	133	133	333.00	448.00	397.28	412.00	52838.00
chr15	50649406	50649592	186	186	51.00	107.00	78.70	79.00	14639.00
chr22	21071995	21072066	71	71	479.00	630.00	552.82	556.00	39250.00
chr5	179200882	179201561	679	679	44.00	153.00	110.90	113.00	75299.00
chr10	98763824	98763979	155	155	396.00	533.00	475.62	478.00	73721.00
chr14	102963315	102963457	142	142	37.00	62.00	48.62	48.00	6904.00
chr1	21932558	21933138	580	580	5.00	224.00	54.08	16.00	31365.00
chr16	28118842	28118998	156	156	303.00	373.00	336.79	339.00	52539.00
chr1	241767561	241767881	320	320	11.00	25.00	18.23	18.00	5835.00
chr11	66812063	66812184	121	121	3.00	6.00	4.90	5.00	593.00
chr11	12248571	12248678	107	107	45.00	65.00	55.49	54.00	5937.00
chr9	130588788	130588951	163	163	35.00	67.00	50.44	52.00	8221.00
chr22	21068915	21068988	73	73	451.00	552.00	506.29	510.00	36959.00
chr1	43424304	43424531	227	227	19.00	247.00	173.29	184.00	39336.00
chr14	105852021	105853670	1649	1649	39.00	100.00	69.81	71.00	115114.00
chr15	34823469	34823579	110	110	342.00	553.00	436.39	401.00	48003.00
chr11	171365	172282	917	917	0.00	10.00	5.00	6.00	4589.00
chr22	24493976	24494155	179	179	70.00	139.00	106.47	106.00	19058.00
chr15	79291060	79291167	107	107	43.00	55.00	50.12	51.00	5363.00
chr16	2145904	2146194	290	290	19.00	38.00	28.31	28.00	8209.00
chr9	131503050	131503166	116	116	259.00	357.00	310.49	316.50	36017.00
chr11	61301983	61302579	596	596	11.00	29.00	18.74	19.00	11169.00
chr22	25308609	25308719	110	110	61.00	78.00	69.91	69.00	7690.00
chr12	63977826	63979986	2160	2160	1.00	142.00	47.08	42.00	101703.00
chr19	46928844	46930933	2089	2089	7.00	257.00	125.17	130.00	261489.00
chr16	56969146	56969224	78	78	145.00	201.00	173.09	176.00	13501.00
chr17	40665787	40665996	209	209	12.00	671.00	291.11	441.00	60843.00
chr9	131669435	131671600	2165	2165	84.00	236.00	145.69	141.00	315417.00
chr2	220164026	220164271	245	245	13.00	244.00	84.06	20.00	20595.00
chr19	7589846	7590052	206	206	67.00	140.00	114.89	124.00	23668.00
chr6	91260186	91260268	82	82	96.00	124.00	112.66	113.00	9238.00
chr9	124543742	124543830	88	88	356.00	453.00	392.18	387.50	34512.00
chr12	54071005	54071170	165	165	5.00	40.00	25.45	24.00	4199.00
chr2	40443	41212	769	769	1.00	19.00	8.76	9.00	6735.00
chr11	67852159	67852747	588	588	15.00	40.00	24.85	24.00	14611.00
chr8	8233762	8234810	1048	1048	27.00	85.00	56.12	59.00	58810.00
chr2	175671113	175672148	1035	1035	1.00	14.00	6.22	6.00	6437.00
chr7	138984922	138985438	516	516	15.00	33.00	23.49	23.00	12119.00
chr22	40816850	40817104	254	254	119.00	217.00	183.02	187.50	46486.00
chr19	14263120	14263249	129	129	410.00	584.00	513.98	519.00	66303.00
chr19	16962222	16962345	123	123	234.00	300.00	268.26	271.00	32996.00
chr1	109813838	109813918	80	80	193.00	270.00	227.30	224.50	18184.00
chr3	49898148	49898562	414	414	36.00	1566.00	802.25	1199.50	332132.00
chr17	17131202	17131510	308	308	2.00	107.00	85.36	95.00	26292.00
chr1	21936067	21936139	72	72	124.00	179.00	148.83	145.00	10716.00
chr3	130424404	130424615	211	211	41.00	60.00	51.29	51.00	10823.00
chr12	56532710	56532797	87	87	54.00	74.00	60.92	59.00	5300.00
chr16	29888591	29888788	197	197	389.00	657.00	521.93	496.00	102821.00
chr2	114394588	114396196	1608	1608	4.00	91.00	31.39	29.50	50475.00
chr3	124180736	124180803	67	67	69.00	81.00	74.84	76.00	5014.00
chr9	111798485	111798660	175	175	77.00	124.00	101.60	101.00	17780.00
chr10	73847897	73848372	475	475	22.00	395.00	201.76	217.00	95834.00
chr22	21075585	21075706	121	121	277.00	435.00	377.73	380.00	45705.00
chr22	20920753	20921104	351	351	63.00	153.00	96.43	91.00	33848.00
chr9	140953020	140953185	165	165	145.00	219.00	187.28	189.00	30901.00
chr22	41620970	41621075	105	105	101.00	137.00	122.90	126.00	12904.00
chr11	6243671	6243839	168	168	75.00	116.00	98.02	99.00	16467.00
chr15	74704225	74704353	128	128	103.00	142.00	120.30	121.00	15398.00
chr3	48719780	48719985	205	205	37.00	58.00	48.43	47.00	9928.00
chr1	222833247	222833348	101	101	150.00	219.00	187.20	186.00	18907.00
chr1	6583675	6584824	1149	1149	20.00	151.00	98.14	100.00	112762.00
chr11	126135857	126135976	119	119	107.00	136.00	122.85	124.00	14619.00
chr8	75156763	75157410	647	647	28.00	72.00	53.33	55.00	34506.00
chr15	83345212	83345389	177	177	290.00	393.00	343.18	344.00	60742.00
chr14	68031638	68032561	923	923	2.00	13.00	7.16	7.00	6612.00
chr19	42479780	42479949	169	169	1705.00	2505.00	2137.43	2122.00	361226.00
chr16	31503329	31503407	78	78	257.00	364.00	312.55	313.00	24379.00
chr17	1564564	1564700	136	136	504.00	680.00	576.69	563.50	78430.00
chr16	58717858	58718082	224	224	48.00	81.00	63.15	63.00	14145.00
chr14	71575320	71575763	443	443	67.00	138.00	96.81	97.00	42888.00
chr1	202934498	202934628	130	130	95.00	129.00	113.44	113.00	14747.00
chr7	73118477	73118586	109	109	474.00	596.00	532.62	527.00	58056.00
chr19	13365908	13366073	165	165	125.00	175.00	144.64	141.00	23866.00
chr10	102265117	102265958	841	841	14.00	60.00	42.07	41.00	35378.00
chr9	139983320	139983457	137	137	145.00	221.00	185.35	183.00	25393.00
chr18	29206245	29206347	102	102	28.00	44.00	36.94	37.00	3768.00
chr12	120578662	120578827	165	165	163.00	216.00	184.68	182.00	30473.00
chr5	757516	758226	710	710	2.00	9.00	5.88	6.00	4172.00
chr8	21632483	21632567	84	84	47.00	59.00	52.38	52.00	4400.00
chr4	54011499	54011749	250	250	57.00	89.00	71.30	69.00	17825.00
chr8	141680613	141681365	752	752	2.00	15.00	8.50	9.00	6391.00
chr11	57367351	57367850	499	499	24.00	84.00	49.62	46.00	24758.00
chr12	63980009	63980784	775	775	15.00	58.00	34.43	33.00	26685.00
chr9	140057042	140057203	161	161	16.00	621.00	526.39	563.00	84748.00
chr2	7055953	7056098	145	145	5.00	16.00	9.63	9.00	1396.00
chr12	52387768	52389043	1275	1275	42.00	638.00	359.56	362.00	458439.00
chr19	50104931	50105175	244	244	83.00	284.00	136.11	108.00	33212.00
chr19	5218430	5218543	113	113	943.00	1304.00	1178.53	1200.00	133174.00
chr16	29898969	29899138	169	169	418.00	512.00	465.54	469.00	78676.00
chr7	99030900	99031041	141	141	25.00	38.00	30.79	30.00	4342.00
chr17	36692926	36693212	286	286	23.00	46.00	33.37	34.50	9543.00
chr15	73857770	73859335	1565	1565	13.00	97.00	62.07	66.00	97138.00
chr6	44104085	44104176	91	91	318.00	438.00	373.47	377.00	33986.00
chr1	21938518	21938602	84	84	202.00	263.00	236.25	240.00	19845.00
chr19	13423482	13423595	113	113	77.00	127.00	104.49	105.00	11807.00
chr16	70292882	70293089	207	207	311.00	453.00	398.31	409.00	82450.00
chr18	61060641	61060782	141	141	54.00	86.00	71.16	70.00	10034.00
chr16	22269814	22270016	202	202	23.00	39.00	31.11	31.00	6284.00
chr1	21554423	21554534	111	111	38.00	53.00	45.50	45.00	5050.00
chr9	140057255	140057455	200	200	16.00	715.00	506.54	632.50	101307.00
chr7	1488255	1488397	142	142	27.00	42.00	34.85	36.00	4948.00
chr14	100166351	100166438	87	87	35.00	55.00	45.56	46.00	3964.00
chr9	101065522	101065705	183	183	212.00	270.00	238.68	238.00	43678.00
chr5	68411752	68412041	289	289	68.00	126.00	104.47	110.00	30193.00
chr1	2452539	2452754	215	215	89.00	217.00	146.81	126.00	31565.00
chr1	21564626	21564737	111	111	40.00	56.00	47.03	45.00	5220.00
chr13	42037713	42039066	1353	1353	1.00	20.00	7.87	7.00	10651.00
chr2	114350236	114350443	207	207	18.00	145.00	84.24	87.00	17438.00
chr1	21939668	21939722	54	54	222.00	251.00	234.52	235.00	12664.00
chr9	139353895	139354007	112	112	142.00	180.00	158.50	158.00	17752.00
chr7	102176367	102176618	251	251	15.00	71.00	51.67	54.00	12970.00
chr3	51411753	51412018	265	265	7.00	202.00	85.48	15.00	22651.00
chr17	73888091	73888266	175	175	22.00	31.00	27.55	28.00	4821.00
chr13	103297258	103297435	177	177	6.00	175.00	90.22	127.00	15969.00
chr15	63922664	63922834	170	170	234.00	306.00	269.25	267.00	45773.00
chr3	33400774	33400849	75	75	149.00	206.00	179.24	172.00	13443.00
chr22	50671744	50671955	211	211	107.00	139.00	125.41	127.00	26462.00
chr1	21190968	21191205	237	237	234.00	365.00	307.55	313.00	72889.00
chr5	14481649	14481727	78	78	604.00	679.00	647.13	647.50	50476.00
chr15	101605556	101606410	854	854	2.00	10.00	5.67	5.00	4845.00
chr17	80040402	80040554	152	152	965.00	1414.00	1184.93	1112.50	180110.00
chr2	132269293	132270897	1604	1604	28.00	120.00	79.63	84.00	127730.00
chr11	1778553	1778786	233	233	326.00	458.00	414.09	424.00	96483.00
chr11	1469616	1469808	192	192	15.00	31.00	23.64	23.50	4538.00
chr12	120138549	120138630	81	81	32.00	46.00	39.64	38.00	3211.00
chr7	901016	901101	85	85	303.00	433.00	368.14	373.00	31292.00
chr19	13372263	13372424	161	161	148.00	225.00	192.13	194.00	30933.00
chr17	40843154	40843311	157	157	16.00	31.00	25.41	27.00	3989.00
chr17	80039476	80039719	243	243	1012.00	1475.00	1215.71	1201.00	295417.00
chr17	16681109	16687365	6256	6256	2.00	401.00	95.21	74.00	595634.00
chr1	116935475	116935610	135	135	583.00	772.00	672.67	683.00	90810.00
chr6	128294808	128294972	164	164	132.00	284.00	221.02	232.00	36247.00
chr5	109189927	109190617	690	690	0.00	6.00	2.80	3.00	1933.00
chr15	40757533	40757634	101	101	84.00	187.00	160.14	166.00	16174.00
chr2	220164706	220164981	275	275	158.00	301.00	240.87	258.00	66240.00
chr3	164905164	164908639	3475	3475	20.00	152.00	99.06	99.00	344222.00
chr11	60699157	60699356	199	199	202.00	1054.00	788.12	771.00	156836.00
chr2	96680301	96680717	416	416	4.00	19.00	11.65	12.00	4847.00
chr17	40845314	40845554	240	240	18.00	32.00	23.52	22.00	5645.00
chr12	125264513	125265391	878	878	22.00	66.00	39.78	40.00	34926.00
chr1	156623704	156624158	454	454	31.00	68.00	51.48	53.00	23373.00
chr6	108370456	108370622	166	166	102.00	158.00	130.93	133.50	21735.00
chr11	19180486	19180587	101	101	58.00	82.00	69.45	68.00	7014.00
chr19	42489069	42489338	269	269	735.00	1349.00	1091.10	1145.00	293506.00
chr2	198274493	198274731	238	238	309.00	460.00	378.56	383.00	90097.00
chr6	47220991	47221257	266	266	198.00	262.00	225.95	224.00	60104.00
chr19	40872679	40872822	143	143	931.00	1366.00	1181.68	1221.00	168980.00
chr19	54693278	54693627	349	349	1.00	65.00	28.05	27.00	9790.00
chr12	81929	82174	245	245	18.00	91.00	65.20	72.00	15975.00
chr21	45513943	45514114	171	171	61.00	95.00	70.80	68.00	12107.00
chr3	124201630	124201747	117	117	3.00	115.00	79.72	97.00	9327.00
chr17	79805118	79805223	105	105	440.00	564.00	504.42	500.00	52964.00
chr20	46307419	46307548	129	129	126.00	200.00	143.42	138.00	18501.00
chr17	38187790	38187873	83	83	303.00	368.00	336.92	336.00	27964.00
chr2	207452814	207452878	64	64	144.00	164.00	151.03	150.00	9666.00
chr17	45695715	45695823	108	108	644.00	756.00	694.55	696.00	75011.00
chr7	44283023	44283126	103	103	386.00	478.00	434.07	426.00	44709.00
chr20	62274975	62275284	309	309	10.00	1762.00	878.42	1350.00	271433.00
chr11	108202605	108202764	159	159	60.00	82.00	72.77	74.00	11570.00
chr9	140051314	140051489	175	175	323.00	451.00	382.38	385.00	66916.00
chr22	45574118	45574781	663	663	86.00	197.00	138.36	138.00	91731.00
chr15	79312382	79312446	64	64	43.00	56.00	50.09	51.00	3206.00
chr1	21940120	21940199	79	79	240.00	264.00	251.39	251.00	19860.00
chr17	3775847	3775921	74	74	81.00	120.00	104.27	108.00	7716.00
chr7	73133931	73134019	88	88	3.00	679.00	239.72	182.50	21095.00
chr11	72292920	72292991	71	71	214.00	266.00	243.38	247.00	17280.00
chr7	43547616	43547730	114	114	128.00	167.00	150.05	154.50	17106.00
chr16	58713760	58714145	385	385	35.00	71.00	48.54	49.00	18686.00
chr22	21083600	21083794	194	194	262.00	409.00	339.37	351.00	65837.00
chr11	66457275	66457414	139	139	407.00	603.00	475.56	466.00	66103.00
chr15	91561034	91561115	81	81	92.00	119.00	107.33	109.00	8694.00
chr11	2968525	2969001	476	476	31.00	77.00	50.98	48.00	24265.00
chr19	34869838	34869910	72	72	735.00	934.00	827.35	825.50	59569.00
chr9	121970996	121971219	223	223	187.00	244.00	215.23	214.00	47997.00
chr3	47449772	47449980	208	208	19.00	248.00	153.72	196.00	31973.00
chr12	57601820	57601999	179	179	336.00	725.00	550.39	576.00	98519.00
chr16	2345590	2345741	151	151	313.00	400.00	351.94	348.00	53143.00
chr12	50471782	50471910	128	128	259.00	404.00	333.02	339.50	42626.00
chr1	109814221	109814344	123	123	266.00	407.00	352.92	367.00	43409.00
chr19	16942304	16942458	154	154	126.00	218.00	175.81	187.50	27075.00
chr11	66333301	66333398	97	97	264.00	346.00	303.40	291.00	29430.00
chr5	74026084	74026223	139	139	113.00	152.00	132.98	134.00	18484.00
chr5	68417520	68417722	202	202	72.00	107.00	90.27	91.00	18234.00
chr19	15272262	15272525	263	263	32.00	88.00	56.58	50.00	14881.00
chr3	45872404	45872482	78	78	57.00	73.00	65.09	66.50	5077.00
chr7	73123374	73123452	78	78	675.00	842.00	773.62	775.50	60342.00
chr5	14498197	14498360	163	163	591.00	768.00	699.74	702.00	114058.00
chr14	93180167	93180230	63	63	166.00	211.00	187.75	184.00	11828.00
chr9	130984739	130984875	136	136	462.00	705.00	582.76	568.00	79256.00
chr13	31216764	31216894	130	130	47.00	89.00	63.15	62.00	8210.00
chr12	112614399	112614506	107	107	191.00	398.00	363.54	368.00	38899.00
chr12	57602865	57602982	117	117	593.00	868.00	710.20	711.00	83093.00
chr14	72976861	72976987	126	126	21.00	39.00	29.90	29.00	3767.00
chr1	155209406	155209553	147	147	57.00	103.00	79.27	80.00	11652.00
chr10	49633930	49634113	183	183	511.00	682.00	589.51	599.00	107880.00
chr16	84100093	84100218	125	125	227.00	312.00	281.80	287.00	35225.00
chr1	155207924	155208097	173	173	78.00	112.00	89.91	88.00	15555.00
chr12	2786898	2787033	135	135	33.00	72.00	53.42	56.00	7212.00
chr2	233755457	233756197	740	740	1.00	235.00	46.85	19.00	34670.00
chr14	60631894	60632099	205	205	92.00	160.00	128.71	129.00	26385.00
chr1	11151549	11151654	105	105	188.00	251.00	221.82	218.00	23291.00
chr4	134076071	134076178	107	107	555.00	753.00	674.79	675.00	72203.00
chr15	91420364	91420441	77	77	178.00	207.00	190.97	188.00	14705.00
chr5	114961533	114961755	222	222	4.00	56.00	36.69	39.00	8146.00
chr16	1814047	1814211	164	164	16.00	426.00	217.29	334.00	35635.00
chr18	44250463	44252581	2118	2118	16.00	86.00	50.14	47.00	106192.00
chr6	158049380	158049518	138	138	31.00	53.00	42.64	43.00	5884.00
chr19	7675585	7675679	94	94	280.00	353.00	322.01	326.00	30269.00
chr13	99461604	99461719	115	115	16.00	368.00	232.76	218.00	26767.00
chr11	130010829	130011467	638	638	30.00	1088.00	160.19	52.00	102200.00
chr11	107526658	107526792	134	134	551.00	682.00	622.05	632.50	83355.00
chr16	1391294	1391490	196	196	28.00	45.00	36.21	36.00	7097.00
chr1	38182716	38184158	1442	1442	7.00	102.00	62.91	63.00	90719.00
chr5	179231023	179231323	300	300	19.00	39.00	30.83	32.00	9249.00
chr14	69814593	69814719	126	126	75.00	110.00	94.81	95.00	11946.00
chr14	69349174	69349309	135	135	72.00	108.00	92.01	92.00	12421.00
chr19	7614792	7614998	206	206	116.00	153.00	133.09	131.00	27417.00
chr1	228270375	228270466	91	91	5.00	1606.00	518.21	190.00	47157.00
chr1	38186022	38186315	293	293	9.00	63.00	41.01	50.00	12016.00
chr13	77641715	77641999	284	284	202.00	379.00	308.09	324.50	87497.00
chr14	100157417	100157498	81	81	21.00	40.00	28.79	27.00	2332.00
chr13	32978280	32979333	1053	1053	4.00	34.00	11.92	10.00	12548.00
chr12	7301567	7301794	227	227	359.00	645.00	508.01	522.00	115318.00
chr9	123583116	123583257	141	141	80.00	104.00	96.20	97.00	13564.00
chr17	26883183	26883284	101	101	103.00	150.00	127.10	130.00	12837.00
chr12	6972993	6973137	144	144	268.00	352.00	307.99	307.00	44351.00
chr20	34322310	34322637	327	327	3.00	14.00	8.70	9.00	2844.00
chr19	7606407	7606570	163	163	117.00	148.00	131.65	132.00	21459.00
chr16	2333186	2333373	187	187	18.00	414.00	327.33	356.00	61211.00
chr12	113825548	113825711	163	163	57.00	91.00	70.93	70.00	11562.00
chr7	4802013	4807749	5736	5736	8.00	204.00	74.07	66.00	424849.00
chr1	43394880	43394985	105	105	139.00	200.00	172.32	182.00	18094.00
chr19	4554399	4554488	89	89	305.00	463.00	393.31	409.00	35005.00
chr16	31719139	31719372	233	233	21.00	34.00	26.57	27.00	6191.00
chr5	134060669	134061744	1075	1075	34.00	96.00	61.33	60.00	65926.00
chr1	202936318	202936371	53	53	17.00	141.00	88.83	116.00	4708.00
chr2	220087366	220087615	249	249	118.00	180.00	148.11	148.00	36880.00
chr2	36764494	36764689	195	195	102.00	150.00	123.73	122.00	24128.00
chr7	43519208	43519343	135	135	107.00	187.00	153.34	159.00	20701.00
chr10	51249585	51249993	408	408	1.00	22.00	13.32	15.50	5436.00
chr6	32123647	32123755	108	108	157.00	209.00	180.84	177.00	19531.00
chr3	118624442	118624692	250	250	4.00	39.00	19.38	8.00	4844.00
chr1	190129797	190130020	223	223	194.00	256.00	223.87	225.00	49923.00
chr9	131004491	131004624	133	133	5.00	961.00	743.96	849.00	98947.00
chr22	33679187	33679334	147	147	126.00	163.00	146.72	146.00	21568.00
chr15	74709931	74710016	85	85	100.00	152.00	122.87	118.00	10444.00
chr7	6470110	6470238	128	128	51.00	82.00	68.95	72.00	8826.00
chr1	6640600	6641359	759	759	36.00	91.00	62.49	62.00	47433.00
chr16	31510622	31510728	106	106	218.00	263.00	240.70	240.00	25514.00
chr4	103710287	103711803	1516	1516	5.00	27.00	13.77	14.00	20879.00
chr19	2862339	2862746	407	407	11.00	31.00	20.01	20.00	8143.00
chr2	15467873	15467994	121	121	101.00	138.00	125.63	127.00	15201.00
chr2	36780721	36781492	771	771	20.00	54.00	36.99	37.00	28519.00
chr10	81070680	81070941	261	261	356.00	510.00	409.75	403.00	106945.00
chr2	217234866	217235986	1120	1120	239.00	525.00	395.81	405.00	443306.00
chr10	93786348	93786508	160	160	94.00	191.00	139.74	139.00	22358.00
chr17	20268785	20269076	291	291	5.00	15.00	9.39	9.00	2733.00
chr9	131002006	131002062	56	56	2.00	907.00	786.88	848.50	44065.00
chr1	155208307	155208441	134	134	82.00	110.00	98.18	98.00	13156.00
chr2	162833877	162834373	496	496	6.00	269.00	31.75	15.00	15747.00
chr9	35799614	35799728	114	114	86.00	111.00	99.96	101.00	11395.00
chr20	62517856	62519234	1378	1378	12.00	196.00	76.71	73.00	105711.00
chr22	35942847	35943127	280	280	17.00	71.00	46.17	47.00	12928.00
chr13	26436438	26436546	108	108	98.00	114.00	108.23	109.00	11689.00
chr14	69371371	69371453	82	82	38.00	95.00	64.72	67.00	5307.00
chr7	44031274	44031581	307	307	1.00	26.00	16.57	17.00	5086.00
chr11	12274988	12275291	303	303	2.00	13.00	7.15	7.00	2167.00
chr5	1334403	1334498	95	95	176.00	244.00	208.11	204.00	19770.00
chr19	34868639	34868786	147	147	822.00	1068.00	928.90	919.00	136549.00
chr16	1815960	1816143	183	183	228.00	370.00	285.45	279.00	52238.00
chr10	73578787	73578868	81	81	1551.00	2034.00	1748.70	1718.00	141645.00
chr17	37420427	37420640	213	213	75.00	95.00	86.28	87.00	18378.00
chr5	60835422	60835586	164	164	111.00	142.00	129.16	129.00	21183.00
chr15	79296143	79296517	374	374	37.00	68.00	52.34	52.00	19575.00
chr19	13039568	13039661	93	93	426.00	620.00	527.67	544.00	49073.00
chr12	49421585	49421713	128	128	121.00	183.00	151.08	151.00	19338.00
chr1	1661057	1662583	1526	1526	31.00	806.00	287.06	225.50	438057.00
chr2	207457340	207457460	120	120	163.00	211.00	184.93	183.50	22192.00
chr11	64542462	64543441	979	979	4.00	43.00	25.94	25.00	25392.00
chr20	61910250	61910347	97	97	143.00	204.00	172.73	169.00	16755.00
chr11	62394042	62394156	114	114	380.00	502.00	434.29	432.00	49509.00
chr5	37301538	37301652	114	114	73.00	95.00	82.80	83.00	9439.00
chr16	4733843	4733933	90	90	315.00	394.00	350.84	349.00	31576.00
chr15	43693913	43694048	135	135	48.00	77.00	65.16	68.00	8797.00
chr11	18764538	18764622	84	84	194.00	250.00	223.70	225.00	18791.00
chr17	57842331	57842499	168	168	204.00	265.00	235.91	237.00	39633.00
chr9	96076729	96078064	1335	1335	26.00	87.00	48.31	47.00	64496.00
chr11	12246219	12246367	148	148	45.00	65.00	53.30	52.00	7889.00
chr12	7030743	7031565	822	822	19.00	2714.00	918.80	52.00	755255.00
chr3	14523178	14523349	171	171	33.00	70.00	55.91	59.00	9561.00
chr5	758508	759483	975	975	1.00	10.00	4.34	4.00	4234.00
chr12	22635490	22635677	187	187	89.00	126.00	104.52	101.00	19546.00
chr5	14479369	14479459	90	90	635.00	802.00	689.81	685.00	62083.00
chr6	143655214	143656079	865	865	6.00	32.00	15.94	15.00	13785.00
chr7	75508360	75508578	218	218	53.00	348.00	274.23	309.00	59783.00
chr11	60697981	60698131	150	150	461.00	624.00	556.23	553.00	83435.00
chr1	151400598	151400889	291	291	207.00	333.00	272.43	284.00	79276.00
chr5	172196431	172197309	878	878	7.00	286.00	81.65	18.00	71690.00
chr3	49152660	49152794	134	134	140.00	206.00	165.99	161.00	22242.00
chr7	5518281	5519950	1669	1669	26.00	102.00	54.14	54.00	90356.00
chr17	16691106	16691449	343	343	15.00	132.00	55.64	64.00	19084.00
chr2	220086993	220087172	179	179	139.00	185.00	162.43	161.00	29075.00
chr10	51746916	51748006	1090	1090	10.00	148.00	58.07	45.00	63301.00
chr12	7302118	7302289	171	171	472.00	594.00	525.74	525.00	89902.00
chr11	59562844	59562955	111	111	53.00	113.00	90.01	99.00	9991.00
chr12	6100984	6101184	200	200	14.00	33.00	24.05	24.00	4811.00
chr19	5683274	5683627	353	353	39.00	115.00	80.11	87.00	28279.00
chr12	2786259	2786387	128	128	31.00	56.00	41.48	43.00	5310.00
chr15	26812727	26812880	153	153	236.00	383.00	308.33	306.00	47174.00
chr1	149007980	149008798	818	818	0.00	6.00	1.39	1.00	1141.00
chr19	54965608	54965861	253	253	176.00	421.00	298.77	285.00	75590.00
chr8	27293259	27293310	51	51	41.00	62.00	54.84	56.00	2797.00
chr15	23014437	23014528	91	91	142.00	205.00	171.99	168.00	15651.00
chr1	111717500	111717585	85	85	78.00	112.00	98.51	102.00	8373.00
chr6	150157220	150157433	213	213	116.00	150.00	130.97	131.00	27896.00
chr13	114566547	114566670	123	123	35.00	112.00	69.90	70.00	8598.00
chr16	58539291	58539605	314	314	10.00	58.00	39.31	42.00	12343.00
chr1	21936612	21936768	156	156	137.00	342.00	229.18	236.50	35752.00
chr1	17322880	17322991	111	111	323.00	552.00	439.09	482.00	48739.00
chr11	60699455	60699599	144	144	667.00	1047.00	836.23	830.00	120417.00
chr5	6749669	6749770	101	101	110.00	155.00	127.81	121.00	12909.00
chr16	2156805	2156949	144	144	177.00	263.00	207.81	202.50	29924.00
chr15	34690834	34690930	96	96	106.00	174.00	149.00	151.00	14304.00
chr3	11074933	11075425	492	492	10.00	255.00	62.29	26.00	30645.00
chr5	74655222	74655381	159	159	730.00	1092.00	882.37	871.00	140297.00
chr20	20022968	20023160	192	192	149.00	212.00	175.08	173.00	33615.00
chr2	39055481	39055578	97	97	128.00	172.00	151.82	155.00	14727.00
chr19	16793231	16793528	297	297	8.00	50.00	21.03	15.00	6247.00
chr2	219205450	219205509	59	59	24.00	35.00	30.12	30.00	1777.00
chr17	74087429	74087729	300	300	12.00	82.00	62.56	64.00	18768.00
chr3	184058150	184060036	1886	1886	1.00	309.00	67.03	40.00	126412.00
chr6	90333128	90333263	135	135	100.00	147.00	123.94	128.00	16732.00
chr12	125267019	125267429	410	410	23.00	63.00	40.48	38.00	16598.00
chr1	207942580	207943104	524	524	30.00	216.00	151.42	160.00	79342.00
chr4	89356876	89357043	167	167	8.00	17.00	11.66	11.00	1947.00
chr7	101995498	101995736	238	238	14.00	57.00	40.90	41.00	9734.00
chr3	11067458	11067562	104	104	141.00	209.00	179.61	179.00	18679.00
chr5	95734582	95734740	158	158	0.00	6.00	3.09	3.00	488.00
chr6	152529106	152529341	235	235	97.00	151.00	121.47	112.00	28546.00
chr5	102295578	102295763	185	185	90.00	150.00	119.31	120.00	22072.00
chr22	21072980	21073110	130	130	322.00	636.00	482.18	521.50	62683.00
chr12	121855306	121855714	408	408	164.00	271.00	217.35	222.00	88677.00
chr1	160326389	160326544	155	155	174.00	245.00	214.09	214.00	33184.00
chr11	60670930	60671007	77	77	277.00	311.00	292.90	294.00	22553.00
chr17	79804822	79804948	126	126	538.00	715.00	622.23	609.00	78401.00
chr16	18527204	18527332	128	128	373.00	535.00	458.96	453.00	58747.00
chr16	16372518	16372646	128	128	430.00	572.00	505.57	508.00	64713.00
chr2	32750530	32750695	165	165	79.00	111.00	91.16	90.00	15041.00
chr14	69369193	69369279	86	86	86.00	122.00	99.40	97.00	8548.00
chr7	66418212	66418356	144	144	150.00	204.00	178.12	176.00	25649.00
chr6	44107988	44108097	109	109	327.00	412.00	377.08	379.00	41102.00
chr7	70885893	70886091	198	198	243.00	526.00	368.69	338.50	73001.00
chr8	27295281	27295397	116	116	44.00	81.00	63.06	61.00	7315.00
chr7	73122918	73123018	100	100	597.00	903.00	804.04	797.50	80404.00
chr15	34698874	34699071	197	197	18.00	188.00	113.03	126.00	22266.00
chr8	22009343	22009513	170	170	2.00	6.00	3.89	4.00	662.00
chr7	1526557	1526737	180	180	55.00	176.00	113.47	117.00	20425.00
chr5	178053946	178054065	119	119	5.00	153.00	83.00	77.00	9877.00
chr12	6103027	6103369	342	342	24.00	52.00	36.73	35.00	12563.00
chr2	3479491	3480482	991	991	25.00	68.00	41.93	41.00	41554.00
chr3	33883388	33883566	178	178	172.00	254.00	218.53	222.50	38898.00
chr19	11019778	11019883	105	105	310.00	411.00	365.59	376.00	38387.00
chr7	98446205	98446318	113	113	285.00	513.00	390.77	346.00	44157.00
chr8	106813274	106813932	658	658	61.00	114.00	88.99	91.00	58556.00
chr2	223795338	223795530	192	192	275.00	448.00	340.83	344.50	65439.00
chr7	75511146	75511554	408	408	283.00	475.00	375.23	377.00	153092.00
chr21	40184926	40185038	112	112	15.00	36.00	25.71	28.00	2880.00
chr19	53383575	53385236	1661	1661	54.00	129.00	94.40	94.00	156795.00
chr19	14208130	14208295	165	165	3.00	513.00	342.95	442.00	56586.00
chr15	91461013	91461618	605	605	35.00	252.00	105.14	65.00	63609.00
chr8	145278010	145278133	123	123	56.00	68.00	62.58	63.00	7697.00
chr16	28132990	28133083	93	93	238.00	385.00	313.60	316.00	29165.00
chr11	125280091	125280221	130	130	80.00	111.00	95.98	98.00	12478.00
chr15	63128089	63128317	228	228	1.00	108.00	71.85	84.00	16382.00
chr9	131181435	131181557	122	122	0.00	2.00	0.66	1.00	81.00
chr19	3281196	3281343	147	147	514.00	719.00	632.39	644.00	92962.00
chr11	6240200	6240280	80	80	91.00	116.00	103.33	103.50	8266.00
chr20	31019123	31019287	164	164	140.00	210.00	180.77	185.50	29647.00
chr6	46825865	46827260	1395	1395	6.00	27.00	18.61	19.00	25954.00
chr12	1672006	1672666	660	660	3.00	22.00	11.51	11.00	7595.00
chr12	9098824	9099001	177	177	118.00	238.00	188.90	188.00	33435.00
chr7	121738503	121738630	127	127	20.00	41.00	31.83	35.00	4043.00
chr19	40875814	40875935	121	121	673.00	886.00	755.07	725.00	91363.00
chr20	3581592	3581671	79	79	128.00	186.00	158.54	160.00	12525.00
chr17	7226965	7227042	77	77	102.00	119.00	109.32	108.00	8418.00
chr2	74331800	74332809	1009	1009	99.00	214.00	145.34	141.00	146646.00
chr1	209785136	209785610	474	474	7.00	54.00	33.78	35.00	16011.00
chr9	35546426	35548532	2106	2106	274.00	567.00	398.93	397.00	840151.00
chr17	80040198	80040290	92	92	1000.00	1197.00	1091.35	1100.50	100404.00
chr11	73074791	73075284	493	493	21.00	154.00	60.94	33.00	30045.00
chr20	44674976	44675075	99	99	83.00	105.00	95.03	96.00	9408.00
chr20	5892091	5892328	237	237	78.00	260.00	195.15	216.00	46250.00
chr17	20316581	20317594	1013	1013	21.00	76.00	45.74	46.00	46339.00
chr12	99478702	99478801	99	99	116.00	144.00	131.35	131.00	13004.00
chr17	40842756	40842960	204	204	21.00	32.00	27.02	27.00	5512.00
chr11	107501142	107501288	146	146	321.00	463.00	386.40	381.00	56415.00
chr11	85429236	85429532	296	296	0.00	2.00	0.68	0.00	200.00
chr20	9449217	9449319	102	102	40.00	61.00	49.58	48.00	5057.00
chr14	23371395	23371591	196	196	200.00	330.00	285.79	291.00	56015.00
chr7	716865	716957	92	92	700.00	1000.00	861.25	860.50	79235.00
chr10	48862360	48862682	322	322	0.00	12.00	3.57	2.00	1148.00
chr10	68686678	68688210	1532	1532	64.00	160.00	106.77	106.00	163564.00
chr5	179674854	179674926	72	72	87.00	115.00	101.36	101.00	7298.00
chr1	209773327	209773456	129	129	49.00	63.00	56.21	56.00	7251.00
chr17	45691034	45691091	57	57	614.00	749.00	683.26	693.00	38946.00
chr1	19669871	19670118	247	247	34.00	59.00	42.02	41.00	10379.00
chr17	45664025	45664710	685	685	29.00	688.00	160.46	95.00	109912.00
chr19	2337634	2338840	1206	1206	29.00	170.00	66.86	60.00	80632.00
chr8	22011480	22011552	72	72	5.00	10.00	7.47	8.00	538.00
