#chrom	start	end	size	num_data	min	max	mean	median	sum
chr12	1940100	1940691	591	591	12.00	34.00	19.52	19.00	11534.00
chr1	27480473	27481381	908	908	7.00	28.00	17.04	17.00	15476.00
chr15	63112684	63112809	125	125	69.00	106.00	88.86	90.00	11108.00
chr5	149231737	149232254	517	517	3.00	20.00	8.02	6.00	4144.00
chr5	140865429	140867182	1753	1753	0.00	18.00	5.32	5.00	9331.00
chr1	32209793	32209958	165	165	60.00	101.00	76.22	72.00	12577.00
chr16	87873307	87873431	124	124	63.00	137.00	97.82	98.00	12130.00
chr17	34157438	34158175	737	737	3.00	19.00	10.89	11.00	8026.00
chr2	127815619	127816088	469	469	2.00	30.00	15.26	14.00	7156.00
chr1	208212965	208213112	147	147	26.00	55.00	38.12	35.00	5604.00
chr22	19703883	19704666	783	783	3.00	30.00	15.66	14.00	12263.00
chr16	87872319	87872423	104	104	70.00	149.00	116.73	119.00	12140.00
chr9	140055740	140055868	128	128	368.00	466.00	413.65	427.00	52947.00
chr22	21096515	21096643	128	128	122.00	181.00	138.62	134.00	17744.00
chr9	140056321	140056540	219	219	0.00	851.00	506.59	604.00	110943.00
chr11	78379981	78380253	272	272	1.00	12.00	5.07	4.00	1380.00
chr3	11070420	11070533	113	113	239.00	318.00	282.88	290.00	31965.00
chr1	109812554	109813222	668	668	3.00	260.00	89.28	101.00	59638.00
chr2	220161954	220162155	201	201	170.00	249.00	215.63	216.00	43341.00
chr15	74706887	74707086	199	199	20.00	61.00	39.17	40.00	7795.00
chr17	7318829	7319426	597	597	68.00	201.00	136.58	147.00	81536.00
chr1	21560050	21560154	104	104	50.00	67.00	58.98	60.00	6134.00
chr1	25573799	25573952	153	153	5.00	151.00	96.43	104.00	14754.00
chr14	93198993	93199160	167	167	39.00	73.00	58.83	57.00	9824.00
chr1	205554003	205554119	116	116	21.00	62.00	38.91	39.00	4514.00
chr1	9795005	9795232	227	227	504.00	698.00	619.45	641.00	140616.00
chr17	42426525	42426670	145	145	20.00	65.00	49.66	56.00	7201.00
chr18	70205887	70206179	292	292	5.00	97.00	40.79	13.00	11912.00
chr1	205553082	205553251	169	169	54.00	80.00	69.64	73.00	11770.00
chr9	140056623	140056766	143	143	6.00	614.00	382.60	442.00	54712.00
chr6	33412147	33412394	247	247	8.00	205.00	90.63	106.00	22386.00
chr12	89992366	89992547	181	181	2.00	219.00	142.92	162.00	25869.00
chr2	220088827	220089576	749	749	37.00	82.00	58.91	57.00	44121.00
chr14	100763073	100765222	2149	2149	5.00	67.00	32.65	31.00	70175.00
chr1	110740697	110742543	1846	1846	4.00	218.00	111.41	115.00	205656.00
chr1	149878201	149879758	1557	1557	8.00	242.00	66.16	22.00	103005.00
chr3	197264139	197265259	1120	1120	0.00	23.00	9.96	9.00	11157.00
chr8	56449623	56450530	907	907	1.00	11.00	3.66	3.00	3317.00
chr9	139354208	139354326	118	118	23.00	39.00	34.08	36.00	4021.00
chr1	32204908	32205236	328	328	166.00	257.00	221.28	223.00	72579.00
chr7	75608768	75608897	129	129	64.00	107.00	83.44	82.00	10764.00
chr19	45161029	45161178	149	149	14.00	25.00	18.87	19.00	2812.00
chr19	5243911	5244493	582	582	17.00	78.00	37.36	30.00	21745.00
chr6	32119585	32119717	132	132	5.00	331.00	156.70	152.50	20684.00
chr3	42670878	42672067	1189	1189	3.00	21.00	12.18	12.00	14485.00
chr11	45892392	45892485	93	93	107.00	131.00	119.91	120.00	11152.00
chr17	80040789	80040991	202	202	192.00	278.00	234.44	237.00	47357.00
chr2	74902875	74903036	161	161	24.00	44.00	29.57	29.00	4761.00
chr17	38335969	38337946	1977	1977	1.00	85.00	13.77	10.00	27219.00
chr16	87870103	87870253	150	150	79.00	123.00	96.73	94.50	14509.00
chr1	32205947	32206142	195	195	132.00	155.00	144.90	145.00	28256.00
chr6	44117553	44117702	149	149	16.00	144.00	83.03	95.00	12372.00
chr1	159163659	159163830	171	171	190.00	275.00	233.85	233.00	39989.00
chr3	445565	446023	458	458	2.00	7.00	4.28	5.00	1958.00
chr2	25048913	25048995	82	82	79.00	100.00	92.50	93.00	7585.00
chr10	99504485	99504672	187	187	26.00	49.00	36.18	36.00	6766.00
chr4	54364807	54365010	203	203	12.00	50.00	24.43	19.00	4959.00
chr17	1634367	1634552	185	185	17.00	60.00	41.68	42.00	7710.00
chr7	72416124	72416247	123	123	44.00	65.00	52.44	52.00	6450.00
chr1	208212169	208212329	160	160	35.00	52.00	45.88	47.00	7341.00
chr9	140952500	140952702	202	202	7.00	19.00	11.52	12.00	2327.00
chr6	44197325	44197528	203	203	18.00	35.00	23.33	23.00	4737.00
chr6	44197643	44198218	575	575	6.00	28.00	16.54	17.00	9513.00
chr11	118981972	118982084	112	112	61.00	95.00	74.50	72.50	8344.00
chr5	150503846	150503952	106	106	5.00	723.00	532.94	676.00	56492.00
chr11	118981761	118981878	117	117	90.00	118.00	101.31	101.00	11853.00
chr11	126314873	126315000	127	127	29.00	41.00	35.43	36.00	4500.00
chr1	159165808	159166244	436	436	5.00	286.00	61.84	11.00	26961.00
chr7	134893542	134893750	208	208	10.00	31.00	19.00	18.00	3953.00
chr9	121976196	121976433	237	237	69.00	157.00	111.58	121.00	26444.00
chr19	54691042	54691169	127	127	69.00	141.00	101.25	99.00	12859.00
chr22	38621430	38621600	170	170	99.00	295.00	197.11	204.50	33508.00
chr13	42035681	42036205	524	524	6.00	28.00	15.24	14.00	7984.00
chr20	1915360	1915413	53	53	5.00	880.00	625.55	791.00	33154.00
chr5	14496987	14497126	139	139	61.00	119.00	84.10	84.00	11690.00
chr12	56528125	56528212	87	87	28.00	57.00	41.17	42.00	3582.00
chr3	47466974	47467101	127	127	48.00	67.00	56.72	58.00	7204.00
chr17	7415476	7415663	187	187	78.00	132.00	102.70	104.00	19205.00
chr3	33588037	33589252	1215	1215	2.00	18.00	11.79	11.00	14324.00
chr7	887833	888615	782	782	4.00	42.00	15.48	12.00	12103.00
chr10	24813251	24813693	442	442	2.00	22.00	9.50	9.00	4197.00
chr1	109812045	109812213	168	168	66.00	146.00	97.33	95.50	16351.00
chr19	15276597	15276902	305	305	65.00	99.00	86.13	88.00	26270.00
chr16	2334779	2334999	220	220	82.00	132.00	107.59	108.00	23670.00
chr16	68404761	68405261	500	500	5.00	17.00	9.30	9.00	4648.00
chr4	110969111	110969871	760	760	3.00	33.00	13.04	11.00	9908.00
chr1	145693161	145693996	835	835	1.00	32.00	15.20	14.00	12694.00
chr7	44282848	44282932	84	84	196.00	285.00	230.81	224.50	19388.00
chr2	220164315	220164508	193	193	4.00	131.00	60.16	10.00	11610.00
chr12	50472203	50472360	157	157	38.00	50.00	43.97	43.00	6904.00
chr2	220163768	220163833	65	65	156.00	192.00	175.40	175.00	11401.00
chr2	222289928	222290862	934	934	29.00	85.00	47.87	47.00	44710.00
chr12	57599133	57599268	135	135	225.00	297.00	264.04	277.00	35646.00
chr7	157475416	157475629	213	213	74.00	112.00	93.61	95.00	19939.00
chr1	32203800	32203927	127	127	158.00	281.00	224.81	241.00	28551.00
chr1	109811731	109811912	181	181	71.00	180.00	137.55	148.00	24896.00
chr9	140052830	140052975	145	145	288.00	595.00	464.68	492.00	67378.00
chr2	220161706	220161854	148	148	198.00	501.00	358.31	388.00	53030.00
chr16	29896906	29897070	164	164	107.00	196.00	160.93	162.50	26393.00
chr16	47143393	47143622	229	229	6.00	15.00	11.00	11.00	2518.00
chr11	993753	993985	232	232	61.00	165.00	101.12	90.00	23460.00
chr9	124059698	124061137	1439	1439	2.00	32.00	14.03	12.00	20189.00
chr9	140350140	140350634	494	494	10.00	42.00	23.47	21.50	11593.00
chr11	14504577	14504697	120	120	40.00	55.00	46.58	46.00	5589.00
chr3	49898612	49898733	121	121	99.00	207.00	158.02	163.00	19121.00
chr9	131811659	131811777	118	118	29.00	45.00	34.36	34.00	4054.00
chr9	131810705	131810818	113	113	30.00	45.00	36.48	36.00	4122.00
chr1	223400935	223401080	145	145	43.00	72.00	56.48	55.00	8189.00
chr12	125612185	125612820	635	635	1.00	61.00	14.02	10.00	8902.00
chr2	220088590	220088744	154	154	62.00	105.00	85.53	84.00	13172.00
chr9	70888487	70888750	263	263	2.00	21.00	11.46	10.00	3014.00
chr14	69813756	69813898	142	142	65.00	127.00	89.19	83.00	12665.00
chr2	47399145	47399890	745	745	10.00	228.00	54.37	46.00	40505.00
chr11	62688689	62689041	352	352	0.00	41.00	13.07	5.00	4600.00
chr6	43745205	43745407	202	202	3.00	72.00	51.36	50.00	10375.00
chr3	11072492	11072997	505	505	9.00	434.00	104.14	31.00	52593.00
chr7	2696031	2696168	137	137	76.00	114.00	96.34	96.00	13198.00
chr16	14969196	14969279	83	83	164.00	292.00	243.80	269.00	20235.00
chr17	7377847	7378026	179	179	6.00	12.00	8.58	8.00	1535.00
chr12	65639640	65639719	79	79	31.00	60.00	42.95	39.00	3393.00
chr12	50294912	50295108	196	196	275.00	546.00	384.89	361.00	75439.00
chr19	42485653	42485788	135	135	362.00	649.00	544.83	557.00	73552.00
chr10	99509230	99509343	113	113	46.00	66.00	57.08	59.00	6450.00
chr22	38883877	38888120	4243	4243	20.00	561.00	188.70	184.00	800643.00
chr12	49416372	49416658	286	286	39.00	75.00	50.88	49.00	14552.00
chr6	24843089	24843782	693	693	6.00	37.00	16.58	14.00	11493.00
chr5	176295561	176295665	104	104	49.00	89.00	65.14	62.00	6775.00
chr10	99510087	99510227	140	140	51.00	71.00	62.33	63.00	8726.00
chr1	159173658	159174770	1112	1112	1.00	66.00	21.97	21.00	24430.00
chr11	1780745	1780869	124	124	559.00	756.00	669.27	656.50	82990.00
chr19	42486059	42486258	199	199	237.00	426.00	333.03	346.00	66273.00
chr3	47465422	47465535	113	113	58.00	81.00	66.42	66.00	7506.00
chr1	21573713	21573856	143	143	39.00	70.00	52.90	48.00	7564.00
chr11	65320330	65320453	123	123	125.00	167.00	148.66	151.00	18285.00
chr3	47462420	47462519	99	99	99.00	134.00	117.46	116.00	11629.00
chr2	219204751	219204864	113	113	34.00	43.00	39.07	40.00	4415.00
chr1	43906123	43906257	134	134	1.00	23.00	11.31	8.50	1516.00
chr7	38785158	38785840	682	682	4.00	113.00	25.41	18.00	17327.00
chr2	153499932	153500058	126	126	28.00	61.00	44.71	47.00	5633.00
chr1	32203011	32203132	121	121	0.00	199.00	149.63	172.00	18105.00
chr22	42290823	42290941	118	118	195.00	247.00	223.10	224.00	26326.00
chr19	47940718	47940818	100	100	91.00	158.00	117.38	117.00	11738.00
chr4	119539150	119539274	124	124	10.00	25.00	17.94	18.00	2225.00
chr17	44117067	44117250	183	183	32.00	46.00	38.79	39.00	7098.00
chr19	42485873	42485983	110	110	257.00	364.00	297.36	283.50	32710.00
chr6	44114583	44114664	81	81	37.00	50.00	44.96	47.00	3642.00
chr19	47941105	47941292	187	187	2.00	169.00	92.20	116.00	17241.00
chr11	73074250	73074500	250	250	51.00	109.00	79.18	81.00	19794.00
chr3	33418764	33418825	61	61	54.00	85.00	70.25	73.00	4285.00
chr1	700258	700505	247	247	1.00	12.00	6.55	8.00	1618.00
chr9	74319510	74319719	209	209	15.00	34.00	22.50	21.00	4702.00
chr16	2336694	2336968	274	274	80.00	280.00	178.32	186.00	48859.00
chr20	3575125	3575219	94	94	39.00	51.00	43.72	43.00	4110.00
chr9	139231377	139231529	152	152	24.00	68.00	44.85	46.00	6817.00
chr5	140515951	140516498	547	547	12.00	45.00	29.81	31.00	16307.00
chr1	21938208	21938309	101	101	133.00	168.00	154.75	157.00	15630.00
chr3	155659188	155659936	748	748	1.00	38.00	22.03	25.00	16482.00
chr16	27483068	27483241	173	173	35.00	81.00	61.54	63.00	10646.00
chr11	994071	994245	174	174	63.00	106.00	86.71	89.00	15087.00
chr7	71175745	71175913	168	168	103.00	162.00	131.77	135.00	22137.00
chr12	121204065	121204175	110	110	45.00	94.00	65.25	63.00	7178.00
chr7	73118679	73118753	74	74	277.00	344.00	296.01	291.50	21905.00
chr9	140972565	140972710	145	145	14.00	24.00	19.17	20.00	2779.00
chr12	121683329	121684024	695	695	1.00	17.00	9.32	9.00	6474.00
chr16	74493579	74493687	108	108	82.00	128.00	104.38	109.00	11273.00
chr2	36771518	36771641	123	123	70.00	92.00	80.27	80.00	9873.00
chr7	94187181	94187996	815	815	3.00	8.00	5.84	6.00	4758.00
chr14	94156951	94157239	288	288	1.00	25.00	9.99	8.00	2876.00
chr7	121739000	121739524	524	524	6.00	30.00	16.71	16.00	8757.00
chr1	19549117	19549328	211	211	36.00	72.00	47.46	43.00	10015.00
chr19	5214571	5214747	176	176	61.00	163.00	90.17	88.00	15870.00
chr19	42557753	42557861	108	108	76.00	100.00	87.85	87.00	9488.00
chr15	102510686	102510925	239	239	3.00	68.00	35.65	37.00	8520.00
chr5	167673761	167675376	1615	1615	4.00	36.00	14.12	13.00	22801.00
chr7	44282158	44282253	95	95	294.00	509.00	415.13	428.00	39437.00
chr2	160621061	160621717	656	656	5.00	100.00	15.34	10.00	10060.00
chr5	10426501	10426634	133	133	107.00	151.00	130.93	135.00	17414.00
chr16	1814301	1814460	159	159	272.00	353.00	311.03	318.00	49453.00
chr11	21581734	21581928	194	194	11.00	26.00	17.78	17.00	3450.00
chr3	126749085	126749255	170	170	45.00	75.00	62.28	61.00	10588.00
chr11	12237765	12237866	101	101	75.00	96.00	87.81	88.00	8869.00
chr6	31750872	31750963	91	91	43.00	57.00	50.10	52.00	4559.00
chr3	53124201	53124398	197	197	3.00	11.00	6.70	7.00	1319.00
chr2	220161470	220161544	74	74	393.00	488.00	441.15	447.00	32645.00
chr2	128951046	128951785	739	739	3.00	37.00	19.05	18.00	14078.00
chr5	24535811	24535931	120	120	24.00	41.00	32.85	32.00	3942.00
chr1	44083406	44083582	176	176	93.00	205.00	141.63	135.00	24927.00
chr1	32207653	32207818	165	165	62.00	108.00	83.16	84.00	13722.00
chr12	7293754	7294000	246	246	7.00	215.00	123.48	157.00	30377.00
chr3	131442289	131442469	180	180	14.00	22.00	18.72	18.50	3370.00
chr3	49898871	49899298	427	427	17.00	237.00	99.67	112.00	42560.00
chr16	66432358	66432464	106	106	30.00	49.00	39.84	40.00	4223.00
chr1	20982593	20982680	87	87	99.00	176.00	142.92	149.00	12434.00
chr16	68398653	68398809	156	156	7.00	18.00	12.15	11.50	1895.00
chr17	16676818	16678279	1461	1461	1.00	24.00	8.58	8.00	12532.00
chr1	109814899	109815027	128	128	114.00	159.00	138.95	139.50	17786.00
chr1	21940478	21940582	104	104	177.00	240.00	203.81	200.00	21196.00
chr20	57468284	57468793	509	509	1.00	12.00	5.82	5.00	2961.00
chr3	127358087	127358366	279	279	47.00	191.00	111.39	106.00	31079.00
chr3	126735359	126735527	168	168	10.00	28.00	19.28	19.00	3239.00
chr10	103869140	103869264	124	124	164.00	274.00	223.65	236.50	27733.00
chr20	44520554	44520666	112	112	72.00	100.00	86.43	87.50	9680.00
chr1	32203252	32203356	104	104	139.00	185.00	162.29	165.00	16878.00
chr21	40186196	40186316	120	120	61.00	94.00	73.06	73.50	8767.00
chr5	111067153	111068349	1196	1196	1.00	27.00	12.39	12.00	14823.00
chr9	128002954	128003186	232	232	86.00	156.00	125.59	138.00	29137.00
chr1	43408896	43408992	96	96	223.00	361.00	285.51	275.00	27409.00
chr3	47463931	47464026	95	95	87.00	135.00	110.96	112.00	10541.00
chr2	220161160	220161238	78	78	330.00	400.00	362.55	360.50	28279.00
chr11	62472772	62473089	317	317	385.00	659.00	525.06	535.00	166445.00
chr9	130986341	130986906	565	565	1.00	151.00	37.34	8.00	21096.00
chr14	69358769	69359000	231	231	54.00	92.00	70.88	74.00	16373.00
chr11	64416205	64416379	174	174	51.00	81.00	68.43	69.00	11906.00
chr17	8398454	8398559	105	105	63.00	112.00	83.82	76.00	8801.00
chr12	53572943	53574193	1250	1250	7.00	35.00	17.16	15.00	21453.00
chr17	17696544	17701827	5283	5283	3.00	143.00	29.84	27.00	157636.00
chr8	11705187	11705331	144	144	365.00	543.00	503.74	518.00	72539.00
chr19	54963829	54963931	102	102	165.00	210.00	183.89	184.00	18757.00
chr2	70451682	70456295	4613	4613	4.00	86.00	19.34	16.00	89193.00
chr11	118873959	118874169	210	210	2.00	7.00	4.76	5.00	999.00
chr10	75548427	75548581	154	154	17.00	35.00	26.14	27.00	4026.00
chr6	33414351	33414563	212	212	155.00	262.00	223.71	224.00	47427.00
chr17	80042910	80043032	122	122	63.00	89.00	78.07	80.50	9525.00
chr11	11470290	11470483	193	193	29.00	46.00	39.61	40.00	7644.00
chr8	23294446	23294771	325	325	17.00	41.00	27.54	26.00	8952.00
chr1	116932060	116932663	603	603	8.00	475.00	167.84	19.00	101208.00
chr15	83222627	83222741	114	114	21.00	39.00	29.28	28.00	3338.00
chr3	9841562	9841751	189	189	5.00	12.00	8.43	9.00	1593.00
chr1	116937731	116937907	176	176	437.00	963.00	573.48	505.00	100932.00
chr16	87868019	87868197	178	178	75.00	114.00	95.15	94.00	16936.00
chr3	124209540	124209731	191	191	146.00	222.00	174.89	169.00	33404.00
chr7	71142195	71142291	96	96	126.00	173.00	142.59	139.50	13689.00
chr5	130497324	130497584	260	260	4.00	13.00	9.16	10.00	2382.00
chr13	100199238	100199358	120	120	89.00	123.00	105.35	107.00	12642.00
chr5	139943336	139943506	170	170	10.00	79.00	62.75	63.00	10668.00
chr17	74395529	74396002	473	473	20.00	63.00	37.17	34.00	17582.00
chr14	93179149	93179216	67	67	55.00	72.00	64.73	66.00	4337.00
chr4	160277004	160277310	306	306	14.00	104.00	72.36	84.00	22143.00
chr17	40666306	40666478	172	172	197.00	377.00	289.00	306.00	49708.00
chr15	34828065	34828207	142	142	17.00	109.00	70.72	71.00	10042.00
chr14	100165802	100165876	74	74	158.00	224.00	191.70	190.50	14186.00
chr22	20128089	20128231	142	142	3.00	63.00	36.73	49.00	5215.00
chr12	3392210	3394421	2211	2211	1.00	48.00	19.37	19.00	42829.00
chr17	16687866	16690667	2801	2801	2.00	91.00	14.98	11.00	41969.00
chr6	31664724	31664810	86	86	46.00	79.00	64.45	66.00	5543.00
chr6	30627512	30627611	99	99	15.00	31.00	23.16	24.00	2293.00
chr11	18752834	18755060	2226	2226	1.00	279.00	37.09	21.00	82556.00
chr12	109332602	109332731	129	129	58.00	79.00	66.22	65.00	8542.00
chr6	90072884	90073110	226	226	4.00	8.00	5.50	5.00	1243.00
chr16	2689371	2689711	340	340	0.00	0.00	0.00	0.00	0.00
chr1	20987373	20987484	111	111	97.00	130.00	113.29	113.00	12575.00
chr14	85985300	85986667	1367	1367	1.00	12.00	5.60	6.00	7660.00
chr13	32863769	32863880	111	111	36.00	64.00	53.53	56.00	5942.00
chr16	1510418	1510528	110	110	25.00	40.00	31.44	31.00	3458.00
chr19	54963269	54963444	175	175	156.00	230.00	189.10	183.00	33093.00
chr6	44224078	44224233	155	155	40.00	58.00	47.68	47.00	7390.00
chr20	3151172	3152285	1113	1113	1.00	25.00	10.91	9.00	12140.00
chr1	892273	892405	132	132	29.00	98.00	59.58	53.00	7864.00
chr16	90192167	90192724	557	557	2.00	23.00	12.08	11.00	6731.00
chr9	111663704	111663810	106	106	23.00	28.00	25.42	25.50	2694.00
chr6	44108764	44108835	71	71	48.00	68.00	61.10	63.00	4338.00
chr1	36028802	36029027	225	225	592.00	1308.00	993.84	1048.00	223613.00
chr11	66807259	66807674	415	415	2.00	42.00	25.94	26.00	10764.00
chr1	178426817	178427679	862	862	9.00	29.00	16.38	15.00	14120.00
chr19	42482302	42482478	176	176	419.00	714.00	493.08	473.50	86782.00
chr1	44084718	44084873	155	155	68.00	170.00	116.95	131.00	18127.00
chr1	109812315	109812442	127	127	96.00	180.00	135.35	139.00	17190.00
chr3	180324268	180324391	123	123	53.00	85.00	75.07	77.00	9233.00
chr15	63933668	63933842	174	174	29.00	56.00	41.99	39.00	7306.00
chr20	44521363	44521519	156	156	85.00	124.00	108.64	109.50	16948.00
chr3	33416779	33416910	131	131	29.00	60.00	41.91	41.00	5490.00
chr1	21934624	21934843	219	219	0.00	252.00	110.40	142.00	24178.00
chr14	69799801	69799886	85	85	22.00	35.00	27.62	27.00	2348.00
chr1	116936134	116936345	211	211	1.00	528.00	434.53	470.00	91686.00
chr14	23634493	23634645	152	152	6.00	11.00	8.43	8.00	1281.00
chr16	1402538	1402947	409	409	8.00	27.00	15.14	15.00	6193.00
chr9	20331	25000	4669	4669	0.00	117.00	28.62	23.00	133649.00
chr17	43545574	43545959	385	385	7.00	28.00	15.88	16.00	6113.00
chr13	100201418	100201476	58	58	110.00	156.00	141.14	143.00	8186.00
chr15	41865505	41865665	160	160	115.00	229.00	163.10	166.00	26096.00
chr19	19641688	19642196	508	508	4.00	21.00	12.99	15.00	6598.00
chr11	134147593	134148159	566	566	0.00	12.00	4.86	5.00	2753.00
chr2	71656420	71657290	870	870	3.00	25.00	13.06	12.00	11365.00
chr7	97834775	97835016	241	241	23.00	36.00	28.89	29.00	6962.00
chr19	13363804	13363915	111	111	41.00	65.00	52.15	53.00	5789.00
chr18	31328383	31329011	628	628	2.00	15.00	8.80	8.00	5527.00
chr16	66431884	66432009	125	125	28.00	52.00	37.58	37.00	4697.00
chr19	47935155	47935702	547	547	1.00	313.00	102.32	102.00	55967.00
chr12	50291769	50291873	104	104	284.00	419.00	330.02	319.00	34322.00
chr11	1780198	1780317	119	119	318.00	550.00	393.71	383.00	46852.00
chr15	65392626	65393167	541	541	1.00	18.00	9.69	10.00	5240.00
chr2	86397871	86397967	96	96	56.00	78.00	67.85	68.00	6514.00
chr7	97866087	97866233	146	146	23.00	43.00	32.36	33.00	4724.00
chr11	60687157	60687402	245	245	52.00	93.00	71.23	72.00	17451.00
chr21	43307700	43309453	1753	1753	8.00	35.00	19.42	18.00	34045.00
chr14	24619269	24619657	388	388	14.00	41.00	21.90	20.00	8497.00
chr11	65320634	65320727	93	93	69.00	127.00	83.46	76.00	7762.00
chr16	29891184	29891385	201	201	111.00	190.00	150.43	151.00	30237.00
chr1	32207224	32207326	102	102	184.00	278.00	231.14	227.00	23576.00
chr11	72300218	72300394	176	176	1.00	114.00	40.23	4.00	7080.00
chr17	7608878	7609038	160	160	5.00	21.00	10.03	9.00	1604.00
chr19	7607646	7607814	168	168	59.00	98.00	76.50	75.00	12852.00
chr19	54966129	54966271	142	142	100.00	148.00	127.82	131.00	18151.00
chr12	57995027	57995131	104	104	58.00	77.00	66.93	66.50	6961.00
chr1	27428875	27429049	174	174	38.00	74.00	57.93	61.00	10080.00
chr2	27688277	27688385	108	108	14.00	21.00	18.31	19.00	1977.00
chr16	2691449	2692254	805	805	0.00	19.00	1.26	1.00	1016.00
chr9	131503813	131503933	120	120	175.00	224.00	192.50	187.00	23100.00
chr16	2347766	2347922	156	156	65.00	83.00	75.34	75.00	11753.00
chr17	80039884	80040036	152	152	129.00	164.00	144.29	143.00	21932.00
chr1	32204432	32204538	106	106	177.00	280.00	220.53	213.00	23376.00
chr12	9242951	9243078	127	127	69.00	100.00	78.76	78.00	10002.00
chr3	49702661	49702751	90	90	30.00	43.00	36.42	36.00	3278.00
chr19	35820359	35820837	478	478	8.00	22.00	13.17	12.00	6297.00
chr1	201456762	201457615	853	853	9.00	37.00	21.00	20.00	17911.00
chr16	2334279	2334438	159	159	98.00	129.00	115.98	116.00	18441.00
chr10	73578373	73578481	108	108	1336.00	1907.00	1637.69	1622.50	176870.00
chr16	18530550	18530756	206	206	2.00	249.00	122.46	178.00	25226.00
chr16	16369094	16369300	206	206	2.00	249.00	122.17	179.00	25168.00
chr13	113975636	113975785	149	149	5.00	303.00	128.48	12.00	19143.00
chr11	119293822	119294227	405	405	1.00	1477.00	138.80	9.00	56213.00
chr5	150505962	150506041	79	79	367.00	658.00	479.61	465.00	37889.00
chr22	44224939	44225078	139	139	149.00	211.00	182.22	181.00	25329.00
chr15	41865199	41865309	110	110	70.00	111.00	89.99	91.00	9899.00
chr17	25633807	25636298	2491	2491	5.00	311.00	132.72	155.00	330598.00
chr15	72495155	72495529	374	374	9.00	1728.00	579.39	14.00	216693.00
chr9	42540272	42542124	1852	1852	0.00	19.00	6.48	6.00	12001.00
chr11	119290760	119291704	944	944	2.00	1965.00	584.22	13.00	551506.00
chr19	5219949	5220165	216	216	60.00	109.00	79.57	73.00	17188.00
chr15	63910769	63911153	384	384	0.00	67.00	28.12	29.00	10798.00
chr17	74393879	74393969	90	90	42.00	67.00	52.57	53.00	4731.00
chr10	104129467	104129532	65	65	37.00	47.00	41.66	42.00	2708.00
chr3	142454224	142454620	396	396	0.00	9.00	4.13	4.00	1634.00
chr12	121205196	121205396	200	200	78.00	105.00	90.56	90.00	18111.00
chr3	31705570	31705724	154	154	3.00	9.00	4.67	5.00	719.00
chr6	118635190	118636593	1403	1403	7.00	48.00	24.69	25.00	34646.00
chr8	10339867	10340829	962	962	3.00	28.00	14.65	14.00	14092.00
chr19	16952578	16952779	201	201	25.00	67.00	43.98	44.00	8840.00
chr8	110984486	110985016	530	530	10.00	38.00	23.88	23.00	12659.00
chr9	128001219	128001610	391	391	142.00	322.00	243.23	248.00	95102.00
chr11	73070878	73070997	119	119	65.00	83.00	73.41	72.00	8736.00
chr10	104130140	104130235	95	95	53.00	72.00	64.43	65.00	6121.00
chr5	95733039	95733173	134	134	16.00	39.00	26.14	22.00	3503.00
chr19	59059400	59059547	147	147	132.00	177.00	151.86	150.00	22323.00
chr5	139943169	139943255	86	86	12.00	67.00	56.22	60.00	4835.00
chr17	73487771	73487981	210	210	134.00	232.00	192.29	193.00	40380.00
chr1	154315588	154315777	189	189	11.00	33.00	21.48	19.00	4060.00
chr14	95652726	95653070	344	344	4.00	15.00	9.58	9.00	3295.00
chr12	123639801	123640772	971	971	4.00	26.00	14.18	14.00	13765.00
chr22	47064870	47065171	301	301	2.00	11.00	4.62	4.00	1391.00
chr5	24535220	24535388	168	168	17.00	34.00	25.35	26.00	4258.00
chr12	6806452	6806958	506	506	62.00	205.00	129.02	133.00	65286.00
chr22	29881711	29881836	125	125	115.00	141.00	128.25	130.00	16031.00
chr7	75894681	75894786	105	105	28.00	67.00	47.84	54.00	5023.00
chr12	121089007	121095893	6886	6886	2.00	89.00	22.98	20.00	158222.00
chr1	207940357	207942365	2008	2008	8.00	96.00	28.03	24.00	56294.00
chr7	154681166	154681240	74	74	127.00	153.00	142.77	144.00	10565.00
chr5	131696513	131697529	1016	1016	2.00	16.00	9.14	9.00	9283.00
chr11	1776135	1776258	123	123	171.00	470.00	296.86	285.00	36514.00
chr8	11706554	11706673	119	119	229.00	378.00	285.68	269.00	33996.00
chr11	18759426	18759511	85	85	110.00	149.00	130.15	131.00	11063.00
chr16	61689373	61689625	252	252	8.00	27.00	18.25	18.50	4598.00
chr15	51750702	51750824	122	122	49.00	94.00	69.54	68.00	8484.00
chr9	35555056	35555698	642	642	94.00	328.00	176.71	167.00	113448.00
chr2	198356200	198356621	421	421	3.00	12.00	7.09	7.00	2985.00
chr9	131001723	131001794	71	71	918.00	1206.00	1101.56	1120.00	78211.00
chr19	5214371	5214491	120	120	148.00	198.00	178.84	183.00	21461.00
chr22	35719488	35719623	135	135	97.00	136.00	122.50	128.00	16537.00
chr12	121678738	121679829	1091	1091	2.00	18.00	9.55	10.00	10418.00
chr14	23820960	23821064	104	104	456.00	559.00	520.57	527.50	54139.00
chr1	32205710	32205779	69	69	132.00	185.00	156.23	155.00	10780.00
chr3	33420176	33420326	150	150	10.00	79.00	31.57	14.00	4736.00
chr9	114820707	114820966	259	259	3.00	18.00	9.82	8.00	2544.00
chr15	41865876	41866023	147	147	11.00	310.00	251.95	272.00	37037.00
chr19	55554308	55554637	329	329	1.00	10.00	6.59	7.00	2167.00
chr1	116933403	116933513	110	110	434.00	545.00	506.05	509.00	55665.00
chr19	15374230	15374359	129	129	38.00	66.00	54.43	56.00	7021.00
chr12	56090682	56090852	170	170	85.00	108.00	93.31	92.00	15863.00
chr14	69445668	69445876	208	208	23.00	56.00	40.71	42.00	8468.00
chr12	57603474	57603651	177	177	198.00	322.00	249.20	238.00	44109.00
chr22	32897492	32898946	1454	1454	5.00	54.00	25.45	23.00	37000.00
chr16	16367702	16367764	62	62	0.00	166.00	83.52	92.50	5178.00
chr19	5245786	5246056	270	270	29.00	79.00	56.35	58.00	15214.00
chr16	74345440	74345829	389	389	2.00	16.00	8.73	9.00	3395.00
chr6	107096899	107097076	177	177	14.00	28.00	19.50	20.00	3452.00
chr1	29641883	29642019	136	136	14.00	31.00	20.90	20.00	2842.00
chr8	97342440	97342509	69	69	77.00	91.00	85.10	85.00	5872.00
chr8	68116914	68117054	140	140	19.00	48.00	30.56	28.00	4279.00
chr22	22037470	22037546	76	76	15.00	27.00	23.89	26.00	1816.00
chr22	50682147	50683420	1273	1273	6.00	65.00	28.96	29.00	36871.00
chr20	44048971	44049069	98	98	99.00	125.00	112.11	112.00	10987.00
chr1	36904356	36904511	155	155	20.00	29.00	24.68	25.00	3825.00
chr12	71054719	71054877	158	158	2.00	11.00	6.27	6.00	991.00
chr15	50654364	50655515	1151	1151	5.00	22.00	11.65	11.00	13409.00
chr2	234198499	234198620	121	121	28.00	42.00	35.32	35.00	4274.00
chr9	128001699	128001812	113	113	157.00	204.00	184.29	188.00	20825.00
chr8	38272296	38272419	123	123	43.00	75.00	60.83	64.00	7482.00
chr11	73068069	73068179	110	110	38.00	75.00	52.19	49.50	5741.00
chr16	28123137	28123327	190	190	85.00	122.00	101.25	101.00	19237.00
chr12	49424062	49424222	160	160	4.00	17.00	9.57	8.00	1531.00
chr19	50302885	50303023	138	138	122.00	227.00	163.22	147.50	22525.00
chr19	42480567	42480718	151	151	894.00	1268.00	1037.14	1029.00	156608.00
chr3	197904395	197905301	906	906	0.00	22.00	7.92	6.00	7175.00
chr13	100189992	100190117	125	125	64.00	106.00	89.73	95.00	11216.00
chr19	14268062	14268272	210	210	70.00	129.00	99.74	100.00	20946.00
chr10	93786886	93787057	171	171	44.00	71.00	58.30	58.00	9969.00
chr1	109808726	109808828	102	102	48.00	65.00	55.96	56.00	5708.00
chr4	134075461	134075520	59	59	125.00	147.00	134.56	133.00	7939.00
chr1	22052268	22053864	1596	1596	0.00	21.00	10.67	11.00	17035.00
chr9	140056855	140056968	113	113	455.00	801.00	641.54	645.00	72494.00
chr19	42482087	42482224	137	137	720.00	1211.00	1052.42	1123.00	144182.00
chr19	4556962	4557025	63	63	213.00	300.00	241.21	229.00	15196.00
chr19	14266921	14267013	92	92	84.00	125.00	106.17	107.50	9768.00
chr22	42273851	42274127	276	276	4.00	398.00	212.22	246.00	58572.00
chr1	205549788	205550049	261	261	33.00	57.00	46.16	46.00	12047.00
chr1	110765585	110766522	937	937	19.00	83.00	46.50	46.00	43568.00
chr19	55553595	55554158	563	563	4.00	18.00	10.65	10.00	5994.00
chr7	150929881	150931360	1479	1479	2.00	65.00	15.88	13.00	23483.00
chr3	124215157	124215260	103	103	188.00	256.00	226.50	229.00	23330.00
chr16	58220658	58220760	102	102	40.00	62.00	52.17	52.00	5321.00
chr3	10381925	10382033	108	108	89.00	123.00	109.28	112.00	11802.00
chr10	11356101	11356221	120	120	21.00	37.00	29.62	31.00	3555.00
chr22	42294652	42294785	133	133	185.00	364.00	277.55	265.00	36914.00
chr1	2005531	2005714	183	183	5.00	19.00	13.10	14.00	2398.00
chr12	113722522	113722576	54	54	94.00	121.00	111.85	112.50	6040.00
chr9	131502198	131502398	200	200	3.00	330.00	247.21	256.00	49441.00
chr19	40873602	40873786	184	184	293.00	599.00	477.90	487.00	87934.00
chr2	220162606	220162825	219	219	53.00	169.00	110.55	110.00	24210.00
chr16	28270027	28270355	328	328	2.00	12.00	8.27	9.00	2713.00
chr4	3225718	3225858	140	140	41.00	67.00	56.62	61.00	7927.00
chr17	44127898	44128070	172	172	34.00	47.00	40.34	40.00	6939.00
chr3	47462043	47462262	219	219	54.00	105.00	69.65	65.00	15254.00
chr6	99873090	99873182	92	92	6.00	183.00	84.16	73.00	7743.00
chr7	142561723	142562504	781	781	69.00	250.00	141.55	135.00	110547.00
chr1	159169540	159169666	126	126	539.00	638.00	599.13	601.50	75491.00
chr19	7606869	7606953	84	84	26.00	56.00	39.27	37.50	3299.00
chr16	2811561	2818298	6737	6737	5.00	345.00	176.57	164.00	1189524.00
chr3	47450652	47450807	155	155	22.00	36.00	27.86	27.00	4318.00
chr11	118403631	118403922	291	291	47.00	75.00	63.19	64.00	18388.00
chr1	205555161	205555335	174	174	24.00	51.00	40.59	41.00	7063.00
chr12	125603186	125603311	125	125	24.00	35.00	28.17	28.00	3521.00
chr11	86658288	86659498	1210	1210	4.00	53.00	21.58	20.00	26106.00
chr22	37764946	37768745	3799	3799	1.00	180.00	53.38	45.00	202791.00
chr10	46345664	46346215	551	551	1.00	16.00	8.34	8.00	4598.00
chr22	33673045	33673241	196	196	37.00	133.00	71.33	62.00	13980.00
chr9	140042599	140042666	67	67	5.00	79.00	61.79	64.00	4140.00
chr3	48717233	48717320	87	87	87.00	131.00	105.47	104.00	9176.00
chr11	60681600	60681740	140	140	7.00	75.00	40.91	37.00	5727.00
chr10	93784512	93784724	212	212	17.00	55.00	40.86	43.00	8662.00
chr12	7289424	7290372	948	948	1.00	130.00	30.62	12.00	29024.00
chr3	132387062	132387526	464	464	5.00	20.00	11.52	11.00	5347.00
chr16	2335442	2335647	205	205	116.00	158.00	135.85	134.00	27850.00
chr16	1794782	1797276	2494	2494	0.00	238.00	29.48	15.00	73528.00
chr16	3786036	3786204	168	168	54.00	84.00	68.95	69.00	11584.00
chr9	141131209	141131766	557	557	0.00	7.00	2.62	3.00	1458.00
chr14	92965028	92966015	987	987	1.00	23.00	12.57	13.00	12408.00
chr19	54692070	54692200	130	130	67.00	137.00	100.14	96.50	13018.00
chr15	43866006	43866230	224	224	29.00	57.00	41.02	41.00	9189.00
chr3	40231316	40231954	638	638	12.00	44.00	21.87	20.00	13956.00
chr3	50148937	50149455	518	518	5.00	25.00	14.62	15.00	7572.00
chr4	81117505	81117755	250	250	10.00	21.00	13.80	13.00	3449.00
chr10	46740404	46740638	234	234	1.00	14.00	7.20	7.00	1684.00
chr3	124210169	124210271	102	102	115.00	184.00	160.30	164.00	16351.00
chr11	107488830	107488932	102	102	25.00	45.00	33.09	32.00	3375.00
chr9	130591965	130592106	141	141	78.00	110.00	97.34	99.00	13725.00
chr1	20981932	20982027	95	95	177.00	243.00	209.14	208.00	19868.00
chr12	75875613	75875859	246	246	1.00	7.00	3.86	4.00	949.00
chr22	32046684	32046764	80	80	22.00	34.00	29.39	29.00	2351.00
chr11	70331418	70331658	240	240	6.00	39.00	24.52	29.00	5885.00
chr14	51079976	51080069	93	93	142.00	260.00	186.43	187.00	17338.00
chr17	80041077	80041301	224	224	92.00	312.00	191.30	165.50	42852.00
chr7	158540884	158540971	87	87	50.00	61.00	55.72	56.00	4848.00
chr1	21553651	21553719	68	68	51.00	91.00	71.63	76.00	4871.00
chr2	219206256	219206349	93	93	39.00	57.00	45.98	45.00	4276.00
chr17	18444211	18445242	1031	1031	0.00	21.00	6.99	6.00	7210.00
chr12	57599340	57599460	120	120	215.00	330.00	261.77	249.50	31412.00
chr11	64417919	64418110	191	191	66.00	129.00	101.88	111.00	19460.00
chr19	3274926	3275650	724	724	3.00	16.00	7.93	7.00	5740.00
chr16	18532086	18532305	219	219	137.00	312.00	197.55	178.00	43264.00
chr17	3776702	3776756	54	54	230.00	281.00	257.91	263.00	13927.00
chr1	116932670	116933033	363	363	8.00	627.00	292.60	457.00	106213.00
chr16	1505731	1505796	65	65	71.00	85.00	78.51	79.00	5103.00
chr1	9794029	9794200	171	171	650.00	814.00	730.94	736.00	124990.00
chr10	73579221	73579379	158	158	1262.00	1564.00	1367.82	1343.50	216115.00
chr11	6411684	6412146	462	462	8.00	57.00	29.34	25.00	13554.00
chr1	159163212	159163350	138	138	182.00	234.00	201.39	196.00	27792.00
chr16	1816723	1816804	81	81	240.00	343.00	295.64	298.00	23947.00
chr7	91722399	91722630	231	231	6.00	50.00	38.62	41.00	8922.00
chr7	44281816	44281939	123	123	365.00	499.00	424.05	436.00	52158.00
chr2	220467189	220467297	108	108	5.00	22.00	16.21	16.00	1751.00
chr16	4494664	4494729	65	65	85.00	106.00	97.15	97.00	6315.00
chr15	34681844	34681986	142	142	16.00	203.00	110.22	88.50	15651.00
chr9	139995935	139996124	189	189	54.00	73.00	61.63	61.00	11648.00
chr3	180324040	180324160	120	120	64.00	88.00	78.42	78.00	9410.00
chr3	42678359	42681242	2883	2883	27.00	115.00	59.18	58.00	170612.00
chr7	131812776	131815333	2557	2557	0.00	25.00	8.26	7.00	21122.00
chr20	1585387	1585522	135	135	11.00	289.00	137.79	126.00	18601.00
chr3	126751229	126751442	213	213	67.00	95.00	79.79	81.00	16996.00
chr15	63920875	63921014	139	139	45.00	105.00	66.15	62.00	9195.00
chr16	2040128	2040202	74	74	68.00	78.00	72.66	72.00	5377.00
chr9	74324174	74324390	216	216	7.00	33.00	21.44	20.00	4630.00
chr20	44521858	44521950	92	92	99.00	137.00	120.10	124.00	11049.00
chr9	139911647	139911798	151	151	142.00	249.00	200.47	196.00	30271.00
chr9	140055507	140055649	142	142	374.00	631.00	494.71	455.00	70249.00
chr12	120148055	120148191	136	136	61.00	90.00	73.12	72.00	9944.00
chr12	50474280	50474372	92	92	43.00	62.00	51.95	53.00	4779.00
chr15	63125702	63125828	126	126	29.00	90.00	60.93	60.00	7677.00
chr9	20907148	20907241	93	93	29.00	43.00	37.06	38.00	3447.00
chr16	87874655	87874761	106	106	79.00	122.00	99.25	102.00	10521.00
chr2	162833269	162833460	191	191	3.00	141.00	80.37	120.00	15351.00
chr8	11704560	11704677	117	117	249.00	367.00	297.99	295.00	34865.00
chr15	63926931	63927087	156	156	59.00	81.00	73.04	73.00	11394.00
chr6	31668718	31668805	87	87	26.00	67.00	49.82	52.00	4334.00
chr7	148910792	148910906	114	114	21.00	43.00	33.30	34.00	3796.00
chr14	42355808	42357213	1405	1405	4.00	50.00	22.94	21.00	32235.00
chr10	88678928	88679226	298	298	10.00	31.00	15.56	14.00	4638.00
chr3	140998219	140998346	127	127	16.00	37.00	27.54	29.00	3497.00
chr1	144859758	144859998	240	240	49.00	149.00	88.31	91.00	21195.00
chr9	96054772	96055455	683	683	19.00	111.00	58.35	58.00	39851.00
chr19	7604803	7604944	141	141	38.00	55.00	44.22	45.00	6235.00
chr12	30906277	30907432	1155	1155	6.00	36.00	19.10	18.00	22065.00
chr9	131112762	131112854	92	92	36.00	69.00	52.71	53.00	4849.00
chr20	61981328	61982379	1051	1051	12.00	41.00	25.65	25.00	26956.00
chr7	38431348	38431618	270	270	51.00	100.00	69.97	68.00	18891.00
chr20	44521036	44521123	87	87	96.00	121.00	103.93	102.00	9042.00
chr11	64418726	64419108	382	382	52.00	110.00	85.11	87.00	32513.00
chr12	120148344	120150270	1926	1926	2.00	129.00	26.82	19.00	51661.00
chr12	6930971	6931066	95	95	7.00	190.00	100.99	103.00	9594.00
chr16	2339434	2339621	187	187	26.00	92.00	57.72	58.00	10793.00
chr2	27700083	27700187	104	104	13.00	27.00	21.73	22.00	2260.00
chr14	69805367	69805494	127	127	34.00	74.00	59.27	61.00	7527.00
chr12	9242497	9242619	122	122	81.00	155.00	111.19	109.50	13565.00
chr3	58256658	58256791	133	133	11.00	49.00	24.59	19.00	3271.00
chr10	79744927	79745098	171	171	15.00	29.00	22.19	22.00	3794.00
chr1	159161725	159161866	141	141	106.00	238.00	184.04	188.00	25949.00
chr16	31085202	31085519	317	317	1.00	16.00	10.69	11.00	3389.00
chr1	171755018	171755218	200	200	15.00	30.00	20.57	20.00	4115.00
chr9	130988124	130989280	1156	1156	2.00	620.00	76.12	11.00	87991.00
chr15	63127935	63127998	63	63	30.00	41.00	34.16	34.00	2152.00
chr19	1917676	1917821	145	145	4.00	123.00	98.93	110.00	14345.00
chr22	25315792	25315960	168	168	20.00	44.00	30.59	28.00	5139.00
chr2	207943790	207945085	1295	1295	4.00	44.00	19.10	19.00	24738.00
chr11	47330706	47330952	246	246	5.00	195.00	81.14	10.00	19961.00
chr3	142743978	142746095	2117	2117	3.00	118.00	15.42	11.00	32635.00
chr7	44839492	44839694	202	202	4.00	8.00	5.64	6.00	1140.00
chr22	31688260	31688471	211	211	1.00	126.00	75.41	97.00	15911.00
chr11	66333492	66333638	146	146	312.00	404.00	367.18	367.00	53609.00
chr9	131114916	131115026	110	110	69.00	95.00	82.38	82.00	9062.00
chr1	20206	21013	807	807	1.00	107.00	53.55	60.00	43216.00
chr11	108216469	108216635	166	166	14.00	31.00	22.98	22.00	3814.00
chr1	209778880	209779019	139	139	91.00	124.00	108.86	110.00	15132.00
chr1	202935876	202936026	150	150	76.00	124.00	103.11	105.00	15467.00
chr12	57600255	57600524	269	269	184.00	398.00	298.54	318.00	80308.00
chr19	15233503	15233615	112	112	35.00	54.00	45.46	46.00	5091.00
chr8	68115317	68115486	169	169	42.00	66.00	56.36	57.00	9525.00
chr19	13419229	13419342	113	113	14.00	34.00	22.51	22.00	2544.00
chr6	33266815	33267130	315	315	0.00	12.00	5.41	5.00	1704.00
chr16	89780611	89781646	1035	1035	2.00	38.00	15.47	13.00	16008.00
chr12	109964162	109964221	59	59	43.00	60.00	53.68	55.00	3167.00
chr22	24491893	24492045	152	152	40.00	68.00	57.33	59.50	8714.00
chr2	242592926	242593025	99	99	78.00	148.00	109.38	111.00	10829.00
chr1	21937944	21938074	130	130	135.00	272.00	209.03	209.00	27174.00
chr2	223789173	223789313	140	140	108.00	145.00	121.26	120.00	16976.00
chr20	3772318	3772535	217	217	0.00	4.00	1.47	1.00	319.00
chr16	18531918	18532001	83	83	251.00	370.00	319.13	333.00	26488.00
chr1	43396296	43396537	241	241	229.00	342.00	273.11	264.00	65820.00
chr2	100037960	100038115	155	155	20.00	37.00	29.61	29.00	4590.00
chr16	1500497	1500770	273	273	6.00	101.00	47.66	55.00	13010.00
chr19	40876016	40876144	128	128	389.00	610.00	507.49	487.00	64959.00
chr5	168112691	168112932	241	241	6.00	26.00	13.43	13.00	3236.00
chr2	127825738	127825831	93	93	130.00	193.00	158.17	153.00	14710.00
chr1	19232015	19234990	2975	2975	2.00	59.00	18.62	16.00	55385.00
chr16	1391129	1391196	67	67	81.00	107.00	94.88	93.00	6357.00
chr6	33410665	33411689	1024	1024	8.00	110.00	54.70	54.00	56010.00
chr9	95872033	95872266	233	233	5.00	11.00	8.07	8.00	1880.00
chr1	53378627	53378839	212	212	14.00	34.00	25.41	27.00	5387.00
chr2	80531276	80531693	417	417	5.00	25.00	14.11	13.00	5883.00
chr7	44286718	44286791	73	73	234.00	272.00	254.01	257.00	18543.00
chr7	157369304	157369471	167	167	117.00	213.00	165.04	161.00	27561.00
chr11	18755079	18755191	112	112	6.00	157.00	94.29	120.00	10561.00
chr6	86237979	86238080	101	101	82.00	104.00	92.32	92.00	9324.00
chr8	145000951	145001050	99	99	44.00	91.00	64.99	59.00	6434.00
chr19	45167680	45167966	286	286	0.00	14.00	7.34	8.00	2099.00
chr10	48930165	48930400	235	235	1.00	17.00	9.02	9.00	2119.00
chr16	87871450	87871547	97	97	109.00	145.00	126.98	128.00	12317.00
chr1	109815454	109815649	195	195	102.00	154.00	121.32	119.00	23658.00
chr1	208215442	208215711	269	269	37.00	71.00	54.14	53.00	14564.00
chr2	260866	261451	585	585	0.00	9.00	3.77	3.00	2208.00
chr5	180481266	180481724	458	458	2.00	18.00	11.14	12.00	5102.00
chr7	73119479	73119631	152	152	1.00	363.00	168.15	3.00	25559.00
chr15	34677248	34677358	110	110	166.00	275.00	194.63	183.00	21409.00
chr16	57687114	57687247	133	133	102.00	130.00	110.30	109.00	14670.00
chr15	50649406	50649592	186	186	3.00	14.00	9.62	10.00	1789.00
chr22	21071995	21072066	71	71	485.00	559.00	520.44	524.00	36951.00
chr5	179200882	179201561	679	679	5.00	26.00	17.08	18.00	11597.00
chr10	98763824	98763979	155	155	35.00	67.00	51.08	47.00	7918.00
chr14	102963315	102963457	142	142	49.00	82.00	62.56	63.00	8884.00
chr1	21932558	21933138	580	580	4.00	331.00	68.80	11.00	39902.00
chr16	28118842	28118998	156	156	85.00	123.00	104.10	105.00	16240.00
chr1	241767561	241767881	320	320	11.00	48.00	26.56	23.00	8500.00
chr11	66812063	66812184	121	121	25.00	46.00	34.86	35.00	4218.00
chr11	12248571	12248678	107	107	146.00	190.00	164.72	160.00	17625.00
chr9	130588788	130588951	163	163	27.00	96.00	57.17	51.00	9318.00
chr22	21068915	21068988	73	73	414.00	544.00	491.47	497.00	35877.00
chr1	43424304	43424531	227	227	20.00	325.00	215.87	248.00	49003.00
chr14	105852021	105853670	1649	1649	3.00	72.00	20.10	16.00	33150.00
chr15	34823469	34823579	110	110	184.00	246.00	204.77	199.50	22525.00
chr11	171365	172282	917	917	0.00	25.00	8.33	6.00	7636.00
chr22	24493976	24494155	179	179	40.00	70.00	53.92	51.00	9652.00
chr15	79291060	79291167	107	107	67.00	89.00	80.50	81.00	8614.00
chr16	2145904	2146194	290	290	2.00	18.00	9.61	9.50	2786.00
chr9	131503050	131503166	116	116	156.00	277.00	218.28	228.00	25320.00
chr11	61301983	61302579	596	596	0.00	7.00	3.27	3.00	1948.00
chr22	25308609	25308719	110	110	23.00	36.00	29.95	30.00	3295.00
chr12	63977826	63979986	2160	2160	0.00	22.00	8.48	9.00	18316.00
chr19	46928844	46930933	2089	2089	0.00	128.00	50.27	46.00	105004.00
chr16	56969146	56969224	78	78	30.00	85.00	57.76	56.00	4505.00
chr17	40665787	40665996	209	209	6.00	498.00	197.33	215.00	41241.00
chr9	131669435	131671600	2165	2165	130.00	528.00	246.57	213.00	533825.00
chr2	220164026	220164271	245	245	5.00	169.00	55.56	8.00	13611.00
chr19	7589846	7590052	206	206	13.00	43.00	22.14	21.00	4561.00
chr6	91260186	91260268	82	82	23.00	34.00	28.88	29.00	2368.00
chr9	124543742	124543830	88	88	166.00	209.00	187.07	188.50	16462.00
chr12	54071005	54071170	165	165	3.00	31.00	19.16	22.00	3161.00
chr2	40443	41212	769	769	1.00	15.00	6.63	6.00	5100.00
chr11	67852159	67852747	588	588	7.00	28.00	17.51	18.00	10297.00
chr8	8233762	8234810	1048	1048	6.00	42.00	18.71	18.00	19603.00
chr2	175671113	175672148	1035	1035	2.00	24.00	11.26	12.00	11658.00
chr7	138984922	138985438	516	516	2.00	10.00	5.10	5.00	2630.00
chr22	40816850	40817104	254	254	39.00	97.00	74.50	76.00	18922.00
chr19	14263120	14263249	129	129	118.00	182.00	152.07	156.00	19617.00
chr19	16962222	16962345	123	123	33.00	113.00	85.27	92.00	10488.00
chr1	109813838	109813918	80	80	107.00	176.00	127.26	121.50	10181.00
chr3	49898148	49898562	414	414	1.00	249.00	116.66	142.50	48297.00
chr17	17131202	17131510	308	308	2.00	52.00	30.57	32.00	9415.00
chr1	21936067	21936139	72	72	66.00	105.00	86.82	88.00	6251.00
chr3	130424404	130424615	211	211	18.00	35.00	28.77	29.00	6070.00
chr12	56532710	56532797	87	87	36.00	54.00	42.34	41.00	3684.00
chr16	29888591	29888788	197	197	100.00	231.00	159.39	158.00	31400.00
chr2	114394588	114396196	1608	1608	0.00	44.00	12.12	11.00	19495.00
chr3	124180736	124180803	67	67	78.00	104.00	88.30	87.00	5916.00
chr9	111798485	111798660	175	175	30.00	65.00	46.01	46.00	8051.00
chr10	73847897	73848372	475	475	7.00	503.00	144.32	109.00	68551.00
chr22	21075585	21075706	121	121	236.00	460.00	365.22	380.00	44192.00
chr22	20920753	20921104	351	351	39.00	76.00	56.54	54.00	19846.00
chr9	140953020	140953185	165	165	10.00	25.00	18.48	20.00	3050.00
chr22	41620970	41621075	105	105	47.00	71.00	56.65	57.00	5948.00
chr11	6243671	6243839	168	168	32.00	50.00	41.90	42.00	7039.00
chr15	74704225	74704353	128	128	32.00	56.00	45.27	47.00	5794.00
chr3	48719780	48719985	205	205	77.00	132.00	105.63	107.00	21654.00
chr1	222833247	222833348	101	101	34.00	49.00	43.23	44.00	4366.00
chr1	6583675	6584824	1149	1149	5.00	62.00	29.70	27.00	34128.00
chr11	126135857	126135976	119	119	74.00	111.00	94.13	97.00	11201.00
chr8	75156763	75157410	647	647	6.00	21.00	14.02	15.00	9069.00
chr15	83345212	83345389	177	177	72.00	106.00	88.22	87.00	15615.00
chr14	68031638	68032561	923	923	4.00	24.00	13.89	14.00	12825.00
chr19	42479780	42479949	169	169	948.00	1810.00	1288.34	1255.00	217730.00
chr16	31503329	31503407	78	78	137.00	165.00	154.87	156.00	12080.00
chr17	1564564	1564700	136	136	57.00	97.00	74.04	72.00	10069.00
chr16	58717858	58718082	224	224	1.00	10.00	3.64	3.00	815.00
chr14	71575320	71575763	443	443	18.00	48.00	31.54	30.00	13973.00
chr1	202934498	202934628	130	130	95.00	159.00	125.07	120.00	16259.00
chr7	73118477	73118586	109	109	224.00	299.00	262.20	260.00	28580.00
chr19	13365908	13366073	165	165	22.00	62.00	38.02	34.00	6274.00
chr10	102265117	102265958	841	841	7.00	33.00	16.44	15.00	13822.00
chr9	139983320	139983457	137	137	36.00	48.00	41.80	42.00	5727.00
chr18	29206245	29206347	102	102	12.00	24.00	18.58	20.00	1895.00
chr12	120578662	120578827	165	165	35.00	46.00	40.67	41.00	6711.00
chr5	757516	758226	710	710	1.00	20.00	7.76	6.00	5507.00
chr8	21632483	21632567	84	84	11.00	24.00	16.55	16.00	1390.00
chr4	54011499	54011749	250	250	28.00	50.00	37.75	35.00	9437.00
chr8	141680613	141681365	752	752	6.00	39.00	25.59	25.00	19246.00
chr11	57367351	57367850	499	499	27.00	191.00	87.48	65.00	43654.00
chr12	63980009	63980784	775	775	0.00	20.00	9.08	10.00	7034.00
chr9	140057042	140057203	161	161	6.00	909.00	759.78	814.00	122325.00
chr2	7055953	7056098	145	145	14.00	30.00	21.26	24.00	3083.00
chr12	52387768	52389043	1275	1275	3.00	111.00	49.72	43.00	63399.00
chr19	50104931	50105175	244	244	11.00	75.00	30.54	21.00	7451.00
chr19	5218430	5218543	113	113	114.00	213.00	166.50	167.00	18815.00
chr16	29898969	29899138	169	169	43.00	110.00	58.64	51.00	9911.00
chr7	99030900	99031041	141	141	7.00	17.00	12.13	11.00	1710.00
chr17	36692926	36693212	286	286	1.00	4.00	2.06	2.00	590.00
chr15	73857770	73859335	1565	1565	5.00	48.00	17.97	16.00	28123.00
chr6	44104085	44104176	91	91	45.00	58.00	52.36	54.00	4765.00
chr1	21938518	21938602	84	84	151.00	199.00	176.82	177.00	14853.00
chr19	13423482	13423595	113	113	7.00	15.00	9.79	9.00	1106.00
chr16	70292882	70293089	207	207	297.00	435.00	375.67	384.00	77763.00
chr18	61060641	61060782	141	141	29.00	53.00	36.34	36.00	5124.00
chr16	22269814	22270016	202	202	7.00	35.00	21.62	21.00	4367.00
chr1	21554423	21554534	111	111	47.00	69.00	58.53	60.00	6497.00
chr9	140057255	140057455	200	200	8.00	1053.00	614.49	724.00	122897.00
chr7	1488255	1488397	142	142	31.00	42.00	36.34	36.00	5160.00
chr14	100166351	100166438	87	87	178.00	211.00	191.41	191.00	16653.00
chr9	101065522	101065705	183	183	106.00	178.00	146.61	150.00	26830.00
chr5	68411752	68412041	289	289	18.00	35.00	27.43	28.00	7926.00
chr1	2452539	2452754	215	215	30.00	60.00	42.58	43.00	9154.00
chr1	21564626	21564737	111	111	63.00	85.00	72.19	72.00	8013.00
chr13	42037713	42039066	1353	1353	3.00	38.00	19.62	19.00	26542.00
chr2	114350236	114350443	207	207	5.00	52.00	29.58	30.00	6124.00
chr1	21939668	21939722	54	54	153.00	188.00	168.04	164.00	9074.00
chr9	139353895	139354007	112	112	28.00	42.00	34.32	33.00	3844.00
chr7	102176367	102176618	251	251	0.00	13.00	6.31	4.00	1585.00
chr3	51411753	51412018	265	265	2.00	81.00	33.45	7.00	8864.00
chr17	73888091	73888266	175	175	9.00	24.00	16.26	17.00	2845.00
chr13	103297258	103297435	177	177	4.00	41.00	20.97	30.00	3712.00
chr15	63922664	63922834	170	170	76.00	114.00	95.65	96.50	16261.00
chr3	33400774	33400849	75	75	35.00	50.00	43.72	43.00	3279.00
chr22	50671744	50671955	211	211	18.00	44.00	27.50	28.00	5803.00
chr1	21190968	21191205	237	237	58.00	112.00	87.65	88.00	20774.00
chr5	14481649	14481727	78	78	66.00	97.00	77.74	74.00	6064.00
chr15	101605556	101606410	854	854	7.00	26.00	16.01	16.00	13676.00
chr17	80040402	80040554	152	152	149.00	242.00	183.64	173.00	27913.00
chr2	132269293	132270897	1604	1604	2.00	45.00	20.30	20.00	32554.00
chr11	1778553	1778786	233	233	409.00	706.00	562.76	580.00	131122.00
chr11	1469616	1469808	192	192	1.00	10.00	6.48	5.00	1244.00
chr12	120138549	120138630	81	81	110.00	151.00	139.56	143.00	11304.00
chr7	901016	901101	85	85	80.00	116.00	100.59	102.00	8550.00
chr19	13372263	13372424	161	161	22.00	37.00	29.67	27.00	4777.00
chr17	40843154	40843311	157	157	49.00	73.00	63.01	63.00	9892.00
chr17	80039476	80039719	243	243	139.00	232.00	183.32	172.00	44547.00
chr17	16681109	16687365	6256	6256	1.00	85.00	19.91	18.00	124529.00
chr1	116935475	116935610	135	135	451.00	623.00	532.69	540.00	71913.00
chr6	128294808	128294972	164	164	64.00	109.00	86.09	87.00	14119.00
chr5	109189927	109190617	690	690	2.00	20.00	11.07	11.00	7639.00
chr15	40757533	40757634	101	101	13.00	69.00	56.61	59.00	5718.00
chr2	220164706	220164981	275	275	122.00	291.00	196.73	189.00	54101.00
chr3	164905164	164908639	3475	3475	1.00	66.00	18.27	12.00	63471.00
chr11	60699157	60699356	199	199	37.00	212.00	144.92	142.00	28840.00
chr2	96680301	96680717	416	416	4.00	21.00	10.63	11.00	4424.00
chr17	40845314	40845554	240	240	59.00	135.00	90.39	74.50	21694.00
chr12	125264513	125265391	878	878	5.00	33.00	17.73	17.00	15570.00
chr1	156623704	156624158	454	454	11.00	33.00	20.24	19.00	9188.00
chr6	108370456	108370622	166	166	44.00	72.00	59.08	61.00	9808.00
chr11	19180486	19180587	101	101	8.00	32.00	17.32	15.00	1749.00
chr19	42489069	42489338	269	269	120.00	265.00	202.88	220.00	54574.00
chr2	198274493	198274731	238	238	79.00	153.00	121.63	125.00	28949.00
chr6	47220991	47221257	266	266	54.00	145.00	94.89	83.00	25240.00
chr19	40872679	40872822	143	143	512.00	871.00	751.52	808.00	107468.00
chr19	54693278	54693627	349	349	1.00	35.00	19.13	23.00	6677.00
chr12	81929	82174	245	245	2.00	28.00	15.07	13.00	3691.00
chr21	45513943	45514114	171	171	33.00	44.00	39.61	40.00	6774.00
chr3	124201630	124201747	117	117	14.00	201.00	152.38	187.00	17828.00
chr17	79805118	79805223	105	105	224.00	280.00	251.31	249.00	26388.00
chr20	46307419	46307548	129	129	33.00	66.00	44.99	43.00	5804.00
chr17	38187790	38187873	83	83	52.00	70.00	61.05	60.00	5067.00
chr2	207452814	207452878	64	64	75.00	106.00	87.50	87.00	5600.00
chr17	45695715	45695823	108	108	125.00	200.00	167.69	178.00	18111.00
chr7	44283023	44283126	103	103	197.00	258.00	235.84	234.00	24292.00
chr20	62274975	62275284	309	309	2.00	1209.00	542.37	666.00	167593.00
chr11	108202605	108202764	159	159	8.00	17.00	12.53	13.00	1992.00
chr9	140051314	140051489	175	175	210.00	300.00	238.54	231.00	41744.00
chr22	45574118	45574781	663	663	11.00	45.00	21.55	19.00	14290.00
chr15	79312382	79312446	64	64	27.00	46.00	36.44	36.00	2332.00
chr1	21940120	21940199	79	79	147.00	187.00	169.46	173.00	13387.00
chr17	3775847	3775921	74	74	188.00	243.00	223.27	230.00	16522.00
chr7	73133931	73134019	88	88	2.00	186.00	63.92	38.00	5625.00
chr11	72292920	72292991	71	71	214.00	246.00	236.41	238.00	16785.00
chr7	43547616	43547730	114	114	45.00	64.00	56.40	58.00	6430.00
chr16	58713760	58714145	385	385	8.00	20.00	13.08	13.00	5036.00
chr22	21083600	21083794	194	194	275.00	513.00	387.63	392.50	75201.00
chr11	66457275	66457414	139	139	162.00	314.00	212.29	199.00	29509.00
chr15	91561034	91561115	81	81	19.00	28.00	23.72	24.00	1921.00
chr11	2968525	2969001	476	476	3.00	20.00	11.91	13.00	5669.00
chr19	34869838	34869910	72	72	639.00	820.00	721.29	714.00	51933.00
chr9	121970996	121971219	223	223	91.00	174.00	140.13	138.00	31250.00
chr3	47449772	47449980	208	208	20.00	72.00	39.28	34.00	8170.00
chr12	57601820	57601999	179	179	196.00	490.00	327.46	294.00	58616.00
chr16	2345590	2345741	151	151	67.00	114.00	91.83	90.00	13866.00
chr12	50471782	50471910	128	128	34.00	53.00	45.91	48.00	5877.00
chr1	109814221	109814344	123	123	152.00	228.00	206.46	210.00	25394.00
chr19	16942304	16942458	154	154	32.00	56.00	45.10	44.00	6946.00
chr11	66333301	66333398	97	97	297.00	358.00	321.87	319.00	31221.00
chr5	74026084	74026223	139	139	47.00	66.00	56.97	57.00	7919.00
chr5	68417520	68417722	202	202	17.00	31.00	25.22	26.00	5094.00
chr19	15272262	15272525	263	263	20.00	91.00	55.34	57.00	14554.00
chr3	45872404	45872482	78	78	57.00	73.00	64.45	66.00	5027.00
chr7	73123374	73123452	78	78	191.00	389.00	291.62	296.50	22746.00
chr5	14498197	14498360	163	163	70.00	104.00	88.29	89.00	14392.00
chr14	93180167	93180230	63	63	52.00	79.00	65.10	63.00	4101.00
chr9	130984739	130984875	136	136	560.00	798.00	672.21	659.00	91421.00
chr13	31216764	31216894	130	130	10.00	15.00	12.30	12.00	1599.00
chr12	112614399	112614506	107	107	28.00	61.00	49.33	50.00	5278.00
chr12	57602865	57602982	117	117	296.00	448.00	367.92	366.00	43047.00
chr14	72976861	72976987	126	126	22.00	34.00	26.66	26.50	3359.00
chr1	155209406	155209553	147	147	54.00	82.00	65.95	64.00	9695.00
chr10	49633930	49634113	183	183	48.00	74.00	61.29	63.00	11216.00
chr16	84100093	84100218	125	125	69.00	98.00	85.98	86.00	10747.00
chr1	155207924	155208097	173	173	43.00	108.00	65.35	68.00	11305.00
chr12	2786898	2787033	135	135	7.00	21.00	13.53	12.00	1827.00
chr2	233755457	233756197	740	740	0.00	360.00	64.17	7.00	47487.00
chr14	60631894	60632099	205	205	21.00	118.00	75.79	88.00	15537.00
chr1	11151549	11151654	105	105	46.00	67.00	57.16	58.00	6002.00
chr4	134076071	134076178	107	107	105.00	154.00	137.16	139.00	14676.00
chr15	91420364	91420441	77	77	54.00	75.00	64.17	60.00	4941.00
chr5	114961533	114961755	222	222	14.00	35.00	22.62	22.00	5022.00
chr16	1814047	1814211	164	164	0.00	319.00	143.67	209.50	23562.00
chr18	44250463	44252581	2118	2118	1.00	50.00	18.28	14.00	38724.00
chr6	158049380	158049518	138	138	27.00	47.00	35.92	35.00	4957.00
chr19	7675585	7675679	94	94	16.00	23.00	19.21	19.00	1806.00
chr13	99461604	99461719	115	115	1.00	109.00	93.21	94.00	10719.00
chr11	130010829	130011467	638	638	2.00	533.00	68.37	13.00	43623.00
chr11	107526658	107526792	134	134	86.00	113.00	101.05	100.50	13541.00
chr16	1391294	1391490	196	196	62.00	97.00	78.73	79.00	15432.00
chr1	38182716	38184158	1442	1442	4.00	57.00	25.45	24.00	36693.00
chr5	179231023	179231323	300	300	2.00	14.00	6.11	4.00	1832.00
chr14	69814593	69814719	126	126	70.00	127.00	92.56	86.00	11662.00
chr14	69349174	69349309	135	135	113.00	158.00	135.01	133.00	18226.00
chr19	7614792	7614998	206	206	79.00	138.00	115.18	115.00	23728.00
chr1	228270375	228270466	91	91	2.00	456.00	139.22	64.00	12669.00
chr1	38186022	38186315	293	293	2.00	17.00	9.22	11.00	2702.00
chr13	77641715	77641999	284	284	66.00	93.00	79.74	81.00	22646.00
chr14	100157417	100157498	81	81	58.00	135.00	80.25	69.00	6500.00
chr13	32978280	32979333	1053	1053	9.00	60.00	29.72	26.00	31293.00
chr12	7301567	7301794	227	227	151.00	251.00	191.90	171.00	43561.00
chr9	123583116	123583257	141	141	14.00	24.00	19.91	20.00	2807.00
chr17	26883183	26883284	101	101	46.00	74.00	55.02	52.00	5557.00
chr12	6972993	6973137	144	144	118.00	205.00	154.07	146.50	22186.00
chr20	34322310	34322637	327	327	2.00	9.00	5.06	5.00	1654.00
chr19	7606407	7606570	163	163	51.00	91.00	75.07	77.00	12237.00
chr16	2333186	2333373	187	187	3.00	236.00	145.94	150.00	27291.00
chr12	113825548	113825711	163	163	18.00	101.00	63.75	75.00	10391.00
chr7	4802013	4807749	5736	5736	4.00	101.00	29.12	24.00	167052.00
chr1	43394880	43394985	105	105	366.00	476.00	415.76	409.00	43655.00
chr19	4554399	4554488	89	89	145.00	206.00	178.88	181.00	15920.00
chr16	31719139	31719372	233	233	1.00	6.00	2.87	3.00	669.00
chr5	134060669	134061744	1075	1075	5.00	31.00	14.89	14.00	16002.00
chr1	202936318	202936371	53	53	9.00	84.00	57.23	75.00	3033.00
chr2	220087366	220087615	249	249	89.00	133.00	112.31	114.00	27966.00
chr2	36764494	36764689	195	195	55.00	84.00	72.82	74.00	14199.00
chr7	43519208	43519343	135	135	27.00	42.00	34.45	35.00	4651.00
chr10	51249585	51249993	408	408	3.00	16.00	10.10	11.00	4122.00
chr6	32123647	32123755	108	108	75.00	104.00	86.38	85.00	9329.00
chr3	118624442	118624692	250	250	6.00	37.00	22.04	18.00	5510.00
chr1	190129797	190130020	223	223	26.00	44.00	32.86	33.00	7328.00
chr9	131004491	131004624	133	133	3.00	1579.00	1188.20	1340.00	158030.00
chr22	33679187	33679334	147	147	40.00	71.00	54.29	51.00	7981.00
chr15	74709931	74710016	85	85	29.00	56.00	40.09	36.00	3408.00
chr7	6470110	6470238	128	128	11.00	30.00	22.23	23.00	2846.00
chr1	6640600	6641359	759	759	6.00	22.00	13.62	14.00	10334.00
chr16	31510622	31510728	106	106	64.00	95.00	84.40	85.00	8946.00
chr4	103710287	103711803	1516	1516	0.00	19.00	6.13	5.00	9297.00
chr19	2862339	2862746	407	407	4.00	26.00	14.21	13.00	5784.00
chr2	15467873	15467994	121	121	21.00	42.00	31.12	31.00	3766.00
chr2	36780721	36781492	771	771	7.00	26.00	15.50	15.00	11948.00
chr10	81070680	81070941	261	261	33.00	71.00	50.77	49.00	13250.00
chr2	217234866	217235986	1120	1120	2.00	17.00	8.11	7.00	9083.00
chr10	93786348	93786508	160	160	35.00	62.00	47.99	49.00	7679.00
chr17	20268785	20269076	291	291	1.00	10.00	4.67	5.00	1360.00
chr9	131002006	131002062	56	56	0.00	1327.00	1175.55	1259.50	65831.00
chr1	155208307	155208441	134	134	85.00	139.00	115.95	120.00	15537.00
chr2	162833877	162834373	496	496	0.00	135.00	14.37	5.00	7128.00
chr9	35799614	35799728	114	114	14.00	29.00	19.92	18.00	2271.00
chr20	62517856	62519234	1378	1378	1.00	89.00	30.86	29.00	42520.00
chr22	35942847	35943127	280	280	22.00	117.00	70.29	72.00	19680.00
chr13	26436438	26436546	108	108	5.00	10.00	6.53	7.00	705.00
chr14	69371371	69371453	82	82	46.00	86.00	64.54	64.50	5292.00
chr7	44031274	44031581	307	307	1.00	13.00	6.61	8.00	2029.00
chr11	12274988	12275291	303	303	3.00	29.00	13.72	10.00	4157.00
chr5	1334403	1334498	95	95	58.00	84.00	69.72	69.00	6623.00
chr19	34868639	34868786	147	147	833.00	1168.00	1025.61	1036.00	150764.00
chr16	1815960	1816143	183	183	204.00	292.00	250.26	244.00	45798.00
chr10	73578787	73578868	81	81	1544.00	1663.00	1599.21	1599.00	129536.00
chr17	37420427	37420640	213	213	7.00	18.00	13.58	14.00	2892.00
chr5	60835422	60835586	164	164	17.00	26.00	21.27	21.00	3489.00
chr15	79296143	79296517	374	374	45.00	127.00	75.02	69.00	28056.00
chr19	13039568	13039661	93	93	302.00	422.00	353.97	342.00	32919.00
chr12	49421585	49421713	128	128	30.00	59.00	47.73	48.00	6109.00
chr1	1661057	1662583	1526	1526	3.00	161.00	36.72	25.00	56033.00
chr2	207457340	207457460	120	120	126.00	165.00	144.89	143.00	17387.00
chr11	64542462	64543441	979	979	4.00	28.00	13.50	13.00	13216.00
chr20	61910250	61910347	97	97	72.00	93.00	82.41	83.00	7994.00
chr11	62394042	62394156	114	114	140.00	210.00	168.62	167.00	19223.00
chr5	37301538	37301652	114	114	10.00	18.00	13.70	14.00	1562.00
chr16	4733843	4733933	90	90	116.00	147.00	133.04	134.50	11974.00
chr15	43693913	43694048	135	135	18.00	27.00	23.13	24.00	3122.00
chr11	18764538	18764622	84	84	46.00	67.00	55.54	55.00	4665.00
chr17	57842331	57842499	168	168	46.00	80.00	58.94	57.00	9902.00
chr9	96076729	96078064	1335	1335	1.00	21.00	8.33	7.00	11121.00
chr11	12246219	12246367	148	148	77.00	126.00	103.76	113.00	15357.00
chr12	7030743	7031565	822	822	10.00	1329.00	433.52	31.50	356356.00
chr3	14523178	14523349	171	171	3.00	26.00	18.78	20.00	3211.00
chr5	758508	759483	975	975	0.00	12.00	4.84	5.00	4715.00
chr12	22635490	22635677	187	187	11.00	24.00	18.54	18.00	3467.00
chr5	14479369	14479459	90	90	59.00	83.00	69.27	68.00	6234.00
chr6	143655214	143656079	865	865	1.00	13.00	7.09	7.00	6133.00
chr7	75508360	75508578	218	218	20.00	452.00	290.75	335.00	63384.00
chr11	60697981	60698131	150	150	88.00	191.00	131.03	123.00	19655.00
chr1	151400598	151400889	291	291	77.00	169.00	119.08	121.00	34651.00
chr5	172196431	172197309	878	878	2.00	160.00	55.36	18.00	48602.00
chr3	49152660	49152794	134	134	20.00	38.00	28.20	30.00	3779.00
chr7	5518281	5519950	1669	1669	3.00	45.00	23.39	23.00	39034.00
chr17	16691106	16691449	343	343	2.00	56.00	22.59	30.00	7749.00
chr2	220086993	220087172	179	179	111.00	145.00	127.82	128.00	22880.00
chr10	51746916	51748006	1090	1090	0.00	52.00	17.71	14.00	19306.00
chr12	7302118	7302289	171	171	200.00	257.00	229.09	228.00	39175.00
chr11	59562844	59562955	111	111	19.00	30.00	26.33	27.00	2923.00
chr12	6100984	6101184	200	200	49.00	120.00	82.80	84.00	16560.00
chr19	5683274	5683627	353	353	8.00	18.00	11.99	12.00	4231.00
chr12	2786259	2786387	128	128	11.00	29.00	19.22	18.50	2460.00
chr15	26812727	26812880	153	153	29.00	48.00	37.43	36.00	5727.00
chr1	149007980	149008798	818	818	0.00	9.00	2.35	1.00	1925.00
chr19	54965608	54965861	253	253	58.00	160.00	105.11	98.00	26592.00
chr8	27293259	27293310	51	51	167.00	194.00	176.29	174.00	8991.00
chr15	23014437	23014528	91	91	46.00	76.00	58.65	57.00	5337.00
chr1	111717500	111717585	85	85	40.00	61.00	50.33	49.00	4278.00
chr6	150157220	150157433	213	213	63.00	109.00	91.35	92.00	19458.00
chr13	114566547	114566670	123	123	21.00	72.00	43.21	43.00	5315.00
chr16	58539291	58539605	314	314	7.00	35.00	21.00	23.00	6594.00
chr1	21936612	21936768	156	156	97.00	277.00	193.06	193.50	30118.00
chr1	17322880	17322991	111	111	172.00	260.00	220.09	232.00	24430.00
chr11	60699455	60699599	144	144	167.00	232.00	201.35	205.00	28994.00
chr5	6749669	6749770	101	101	31.00	44.00	36.24	36.00	3660.00
chr16	2156805	2156949	144	144	37.00	69.00	48.53	46.50	6988.00
chr15	34690834	34690930	96	96	68.00	169.00	124.23	123.00	11926.00
chr3	11074933	11075425	492	492	15.00	380.00	88.48	36.00	43533.00
chr5	74655222	74655381	159	159	45.00	69.00	54.16	53.00	8611.00
chr20	20022968	20023160	192	192	22.00	50.00	35.51	36.50	6817.00
chr2	39055481	39055578	97	97	12.00	38.00	25.73	28.00	2496.00
chr19	16793231	16793528	297	297	5.00	122.00	34.84	9.00	10347.00
chr2	219205450	219205509	59	59	35.00	43.00	39.08	40.00	2306.00
chr17	74087429	74087729	300	300	3.00	14.00	9.37	9.00	2812.00
chr3	184058150	184060036	1886	1886	0.00	244.00	49.08	26.00	92568.00
chr6	90333128	90333263	135	135	23.00	34.00	28.90	29.00	3901.00
chr12	125267019	125267429	410	410	6.00	63.00	23.42	16.00	9601.00
chr1	207942580	207943104	524	524	5.00	38.00	25.20	26.00	13205.00
chr4	89356876	89357043	167	167	21.00	39.00	30.82	33.00	5147.00
chr7	101995498	101995736	238	238	5.00	30.00	13.96	12.00	3322.00
chr3	11067458	11067562	104	104	312.00	383.00	351.31	351.50	36536.00
chr5	95734582	95734740	158	158	10.00	20.00	15.80	16.00	2496.00
chr6	152529106	152529341	235	235	77.00	139.00	106.82	101.00	25103.00
chr5	102295578	102295763	185	185	23.00	47.00	37.41	38.00	6920.00
chr22	21072980	21073110	130	130	295.00	476.00	374.79	386.50	48723.00
chr12	121855306	121855714	408	408	29.00	78.00	51.80	49.00	21135.00
chr1	160326389	160326544	155	155	78.00	148.00	103.86	101.00	16099.00
chr11	60670930	60671007	77	77	154.00	236.00	179.57	172.00	13827.00
chr17	79804822	79804948	126	126	250.00	359.00	300.48	308.50	37861.00
chr16	18527204	18527332	128	128	182.00	337.00	271.09	262.00	34700.00
chr16	16372518	16372646	128	128	195.00	342.00	280.35	271.00	35885.00
chr2	32750530	32750695	165	165	12.00	19.00	15.91	16.00	2625.00
chr14	69369193	69369279	86	86	77.00	111.00	94.97	96.00	8167.00
chr7	66418212	66418356	144	144	55.00	73.00	64.65	65.00	9310.00
chr6	44107988	44108097	109	109	50.00	67.00	57.25	57.00	6240.00
chr7	70885893	70886091	198	198	59.00	125.00	78.81	70.00	15605.00
chr8	27295281	27295397	116	116	208.00	249.00	228.47	228.00	26502.00
chr7	73122918	73123018	100	100	357.00	419.00	389.23	385.50	38923.00
chr15	34698874	34699071	197	197	96.00	152.00	127.41	133.00	25100.00
chr8	22009343	22009513	170	170	124.00	221.00	154.58	141.00	26279.00
chr7	1526557	1526737	180	180	23.00	77.00	45.08	42.00	8114.00
chr5	178053946	178054065	119	119	4.00	45.00	25.15	25.00	2993.00
chr12	6103027	6103369	342	342	81.00	137.00	109.80	111.00	37552.00
chr2	3479491	3480482	991	991	3.00	20.00	10.77	11.00	10672.00
chr3	33883388	33883566	178	178	59.00	90.00	74.56	75.00	13271.00
chr19	11019778	11019883	105	105	77.00	108.00	95.49	97.00	10026.00
chr7	98446205	98446318	113	113	494.00	795.00	636.54	581.00	71929.00
chr8	106813274	106813932	658	658	4.00	24.00	12.13	11.00	7981.00
chr2	223795338	223795530	192	192	185.00	306.00	234.71	220.50	45065.00
chr7	75511146	75511554	408	408	298.00	589.00	444.00	457.00	181151.00
chr21	40184926	40185038	112	112	67.00	117.00	91.56	92.00	10255.00
chr19	53383575	53385236	1661	1661	3.00	22.00	12.12	12.00	20138.00
chr19	14208130	14208295	165	165	8.00	347.00	203.13	242.00	33517.00
chr15	91461013	91461618	605	605	4.00	198.00	61.49	17.00	37202.00
chr8	145278010	145278133	123	123	11.00	26.00	18.13	19.00	2230.00
chr16	28132990	28133083	93	93	64.00	101.00	83.12	82.00	7730.00
chr11	125280091	125280221	130	130	29.00	58.00	45.70	48.00	5941.00
chr15	63128089	63128317	228	228	14.00	69.00	49.61	56.50	11312.00
chr9	131181435	131181557	122	122	11.00	165.00	133.38	138.00	16272.00
chr19	3281196	3281343	147	147	52.00	100.00	82.66	91.00	12151.00
chr11	6240200	6240280	80	80	34.00	40.00	36.80	37.00	2944.00
chr20	31019123	31019287	164	164	9.00	21.00	15.25	16.00	2501.00
chr6	46825865	46827260	1395	1395	18.00	65.00	43.22	44.00	60292.00
chr12	1672006	1672666	660	660	1.00	12.00	5.33	5.00	3517.00
chr12	9098824	9099001	177	177	54.00	74.00	61.59	61.00	10901.00
chr7	121738503	121738630	127	127	36.00	45.00	41.17	42.00	5229.00
chr19	40875814	40875935	121	121	289.00	398.00	343.12	340.00	41518.00
chr20	3581592	3581671	79	79	32.00	49.00	41.67	43.00	3292.00
chr17	7226965	7227042	77	77	34.00	44.00	38.88	39.00	2994.00
chr2	74331800	74332809	1009	1009	2.00	24.00	10.88	10.00	10973.00
chr1	209785136	209785610	474	474	5.00	242.00	142.75	133.00	67665.00
chr9	35546426	35548532	2106	2106	26.00	155.00	72.86	71.00	153445.00
chr17	80040198	80040290	92	92	136.00	173.00	154.65	151.50	14228.00
chr11	73074791	73075284	493	493	7.00	73.00	29.17	14.00	14383.00
chr20	44674976	44675075	99	99	63.00	81.00	72.15	73.00	7143.00
chr20	5892091	5892328	237	237	9.00	59.00	28.53	25.00	6761.00
chr17	20316581	20317594	1013	1013	0.00	21.00	8.54	9.00	8651.00
chr12	99478702	99478801	99	99	43.00	59.00	51.85	52.00	5133.00
chr17	40842756	40842960	204	204	69.00	115.00	91.25	93.00	18614.00
chr11	107501142	107501288	146	146	39.00	77.00	58.51	57.00	8542.00
chr11	85429236	85429532	296	296	0.00	8.00	1.47	1.00	436.00
chr20	9449217	9449319	102	102	15.00	21.00	18.74	19.00	1911.00
chr14	23371395	23371591	196	196	44.00	63.00	53.62	54.00	10510.00
chr7	716865	716957	92	92	661.00	914.00	839.41	844.00	77226.00
chr10	48862360	48862682	322	322	0.00	46.00	23.32	25.50	7509.00
chr10	68686678	68688210	1532	1532	6.00	41.00	16.23	13.00	24867.00
chr5	179674854	179674926	72	72	35.00	53.00	44.56	46.00	3208.00
chr1	209773327	209773456	129	129	66.00	132.00	100.40	104.00	12951.00
chr17	45691034	45691091	57	57	157.00	189.00	176.02	180.00	10033.00
chr1	19669871	19670118	247	247	5.00	12.00	9.28	9.00	2291.00
chr17	45664025	45664710	685	685	3.00	130.00	38.76	34.00	26553.00
chr19	2337634	2338840	1206	1206	4.00	59.00	18.54	16.00	22356.00
chr8	22011480	22011552	72	72	137.00	196.00	159.39	154.00	11476.00
