#chrom	start	end	size	num_data	min	max	mean	median	sum
chr12	1940100	1940691	591	591	1.00	9.00	3.81	4.00	2252.00
chr1	27480473	27481381	908	908	3.00	29.00	10.98	9.00	9973.00
chr15	63112684	63112809	125	125	48.00	79.00	63.76	65.00	7970.00
chr5	149231737	149232254	517	517	0.00	9.00	4.05	3.00	2094.00
chr5	140865429	140867182	1753	1753	69.00	309.00	144.14	137.00	252677.00
chr1	32209793	32209958	165	165	103.00	172.00	132.99	128.00	21943.00
chr16	87873307	87873431	124	124	93.00	310.00	188.71	174.00	23400.00
chr17	34157438	34158175	737	737	16.00	55.00	39.65	40.00	29219.00
chr2	127815619	127816088	469	469	6.00	40.00	23.37	23.00	10960.00
chr1	208212965	208213112	147	147	188.00	258.00	219.65	209.00	32288.00
chr22	19703883	19704666	783	783	49.00	204.00	108.88	95.00	85250.00
chr16	87872319	87872423	104	104	93.00	131.00	112.38	110.00	11687.00
chr9	140055740	140055868	128	128	239.00	316.00	282.95	287.00	36218.00
chr22	21096515	21096643	128	128	100.00	138.00	118.87	118.00	15215.00
chr9	140056321	140056540	219	219	0.00	365.00	220.26	252.00	48236.00
chr11	78379981	78380253	272	272	46.00	123.00	68.65	67.00	18674.00
chr3	11070420	11070533	113	113	84.00	106.00	94.68	95.00	10699.00
chr1	109812554	109813222	668	668	10.00	304.00	126.39	139.00	84426.00
chr2	220161954	220162155	201	201	62.00	95.00	80.95	80.00	16270.00
chr15	74706887	74707086	199	199	43.00	90.00	66.61	68.00	13255.00
chr17	7318829	7319426	597	597	168.00	535.00	339.43	350.00	202637.00
chr1	21560050	21560154	104	104	16.00	25.00	22.05	22.00	2293.00
chr1	25573799	25573952	153	153	13.00	487.00	315.14	338.00	48216.00
chr14	93198993	93199160	167	167	81.00	138.00	117.90	119.00	19690.00
chr1	205554003	205554119	116	116	1.00	4.00	2.50	3.00	290.00
chr1	9795005	9795232	227	227	409.00	742.00	591.34	587.00	134235.00
chr17	42426525	42426670	145	145	67.00	117.00	90.57	87.00	13133.00
chr18	70205887	70206179	292	292	11.00	267.00	103.33	23.00	30173.00
chr1	205553082	205553251	169	169	0.00	3.00	0.41	0.00	70.00
chr9	140056623	140056766	143	143	7.00	285.00	155.22	169.00	22196.00
chr6	33412147	33412394	247	247	8.00	687.00	368.58	461.00	91040.00
chr12	89992366	89992547	181	181	6.00	168.00	110.55	122.00	20010.00
chr2	220088827	220089576	749	749	24.00	129.00	57.80	49.00	43289.00
chr14	100763073	100765222	2149	2149	67.00	239.00	136.44	132.00	293215.00
chr1	110740697	110742543	1846	1846	3.00	122.00	57.49	55.00	106120.00
chr1	149878201	149879758	1557	1557	12.00	590.00	124.01	37.00	193082.00
chr3	197264139	197265259	1120	1120	4.00	29.00	14.53	14.00	16269.00
chr8	56449623	56450530	907	907	22.00	89.00	50.44	50.00	45746.00
chr9	139354208	139354326	118	118	59.00	104.00	72.91	68.50	8603.00
chr1	32204908	32205236	328	328	164.00	309.00	207.59	200.00	68089.00
chr7	75608768	75608897	129	129	120.00	171.00	141.45	139.00	18247.00
chr19	45161029	45161178	149	149	34.00	60.00	49.45	53.00	7368.00
chr19	5243911	5244493	582	582	146.00	365.00	258.29	256.00	150325.00
chr6	32119585	32119717	132	132	2.00	39.00	22.80	20.50	3009.00
chr3	42670878	42672067	1189	1189	21.00	142.00	58.48	57.00	69534.00
chr11	45892392	45892485	93	93	38.00	52.00	43.95	44.00	4087.00
chr17	80040789	80040991	202	202	425.00	767.00	526.84	493.50	106422.00
chr2	74902875	74903036	161	161	52.00	81.00	61.77	58.00	9945.00
chr17	38335969	38337946	1977	1977	1.00	92.00	14.33	9.00	28328.00
chr16	87870103	87870253	150	150	101.00	210.00	139.35	122.00	20902.00
chr1	32205947	32206142	195	195	286.00	450.00	363.51	351.00	70885.00
chr6	44117553	44117702	149	149	14.00	342.00	216.30	272.00	32229.00
chr1	159163659	159163830	171	171	655.00	831.00	726.71	728.00	124268.00
chr3	445565	446023	458	458	15.00	39.00	28.41	28.00	13011.00
chr2	25048913	25048995	82	82	82.00	116.00	102.20	102.00	8380.00
chr10	99504485	99504672	187	187	66.00	117.00	92.74	95.00	17342.00
chr4	54364807	54365010	203	203	40.00	112.00	73.51	75.00	14922.00
chr17	1634367	1634552	185	185	9.00	21.00	15.30	15.00	2830.00
chr7	72416124	72416247	123	123	54.00	129.00	77.93	63.00	9585.00
chr1	208212169	208212329	160	160	207.00	297.00	244.78	244.00	39164.00
chr9	140952500	140952702	202	202	80.00	168.00	111.50	102.00	22522.00
chr6	44197325	44197528	203	203	28.00	58.00	39.33	37.00	7984.00
chr6	44197643	44198218	575	575	13.00	53.00	26.13	22.00	15024.00
chr11	118981972	118982084	112	112	48.00	85.00	66.07	68.00	7400.00
chr5	150503846	150503952	106	106	5.00	204.00	143.26	180.00	15186.00
chr11	118981761	118981878	117	117	77.00	92.00	85.15	86.00	9963.00
chr11	126314873	126315000	127	127	40.00	50.00	45.43	46.00	5770.00
chr1	159165808	159166244	436	436	30.00	779.00	172.06	60.00	75016.00
chr7	134893542	134893750	208	208	23.00	46.00	32.80	31.00	6822.00
chr9	121976196	121976433	237	237	72.00	145.00	110.07	109.00	26086.00
chr19	54691042	54691169	127	127	78.00	164.00	114.89	105.00	14591.00
chr22	38621430	38621600	170	170	59.00	104.00	83.87	85.00	14258.00
chr13	42035681	42036205	524	524	1.00	12.00	5.15	5.00	2699.00
chr20	1915360	1915413	53	53	3.00	164.00	107.68	135.00	5707.00
chr5	14496987	14497126	139	139	370.00	563.00	440.09	428.00	61172.00
chr12	56528125	56528212	87	87	41.00	52.00	46.89	48.00	4079.00
chr3	47466974	47467101	127	127	84.00	132.00	107.72	103.00	13680.00
chr17	7415476	7415663	187	187	98.00	144.00	116.12	111.00	21715.00
chr3	33588037	33589252	1215	1215	23.00	100.00	52.99	53.00	64381.00
chr7	887833	888615	782	782	40.00	208.00	112.89	101.00	88279.00
chr10	24813251	24813693	442	442	1.00	20.00	6.64	6.00	2934.00
chr1	109812045	109812213	168	168	123.00	239.00	176.39	171.00	29634.00
chr19	15276597	15276902	305	305	41.00	89.00	64.45	63.00	19656.00
chr16	2334779	2334999	220	220	113.00	164.00	135.36	129.00	29779.00
chr16	68404761	68405261	500	500	88.00	173.00	131.84	135.00	65920.00
chr4	110969111	110969871	760	760	37.00	153.00	76.95	72.00	58482.00
chr1	145693161	145693996	835	835	13.00	156.00	61.16	59.00	51069.00
chr7	44282848	44282932	84	84	123.00	173.00	153.83	156.00	12922.00
chr2	220164315	220164508	193	193	12.00	52.00	27.50	17.00	5308.00
chr12	50472203	50472360	157	157	154.00	192.00	173.10	173.00	27176.00
chr2	220163768	220163833	65	65	62.00	104.00	90.17	96.00	5861.00
chr2	222289928	222290862	934	934	122.00	280.00	198.31	198.50	185221.00
chr12	57599133	57599268	135	135	169.00	291.00	209.70	200.00	28310.00
chr7	157475416	157475629	213	213	125.00	227.00	177.23	174.00	37749.00
chr1	32203800	32203927	127	127	163.00	389.00	288.78	304.00	36675.00
chr1	109811731	109811912	181	181	164.00	275.00	225.90	224.00	40887.00
chr9	140052830	140052975	145	145	177.00	595.00	402.70	434.00	58391.00
chr2	220161706	220161854	148	148	52.00	119.00	84.20	88.50	12461.00
chr16	29896906	29897070	164	164	165.00	298.00	239.92	254.00	39347.00
chr16	47143393	47143622	229	229	419.00	653.00	526.51	521.00	120571.00
chr11	993753	993985	232	232	120.00	255.00	190.39	176.50	44171.00
chr9	124059698	124061137	1439	1439	0.00	4.00	1.24	1.00	1789.00
chr9	140350140	140350634	494	494	19.00	115.00	65.80	65.50	32507.00
chr11	14504577	14504697	120	120	171.00	263.00	214.69	215.00	25763.00
chr3	49898612	49898733	121	121	552.00	1012.00	799.43	816.00	96731.00
chr9	131811659	131811777	118	118	21.00	41.00	27.71	26.00	3270.00
chr9	131810705	131810818	113	113	32.00	45.00	39.65	41.00	4480.00
chr1	223400935	223401080	145	145	21.00	50.00	40.27	44.00	5839.00
chr12	125612185	125612820	635	635	3.00	63.00	16.84	10.00	10691.00
chr2	220088590	220088744	154	154	36.00	49.00	42.03	42.00	6472.00
chr9	70888487	70888750	263	263	5.00	38.00	20.53	20.00	5400.00
chr14	69813756	69813898	142	142	46.00	71.00	57.22	57.00	8125.00
chr2	47399145	47399890	745	745	20.00	400.00	89.23	76.00	66474.00
chr11	62688689	62689041	352	352	2.00	32.00	14.31	12.00	5036.00
chr6	43745205	43745407	202	202	28.00	149.00	126.06	128.00	25465.00
chr3	11072492	11072997	505	505	29.00	220.00	89.88	78.00	45391.00
chr7	2696031	2696168	137	137	374.00	562.00	479.42	496.00	65680.00
chr16	14969196	14969279	83	83	181.00	331.00	269.43	295.00	22363.00
chr17	7377847	7378026	179	179	5.00	12.00	8.32	9.00	1489.00
chr12	65639640	65639719	79	79	74.00	185.00	124.06	121.00	9801.00
chr12	50294912	50295108	196	196	98.00	303.00	156.20	144.00	30616.00
chr19	42485653	42485788	135	135	570.00	926.00	761.00	761.00	102735.00
chr10	99509230	99509343	113	113	94.00	190.00	141.62	142.00	16003.00
chr22	38883877	38888120	4243	4243	94.00	1860.00	500.86	463.00	2125156.00
chr12	49416372	49416658	286	286	63.00	128.00	100.68	104.00	28795.00
chr6	24843089	24843782	693	693	20.00	75.00	47.26	44.00	32754.00
chr5	176295561	176295665	104	104	22.00	56.00	33.58	28.00	3492.00
chr10	99510087	99510227	140	140	143.00	226.00	172.39	162.50	24134.00
chr1	159173658	159174770	1112	1112	6.00	89.00	27.79	22.00	30906.00
chr11	1780745	1780869	124	124	218.00	471.00	373.44	422.00	46307.00
chr19	42486059	42486258	199	199	485.00	933.00	696.06	703.00	138516.00
chr3	47465422	47465535	113	113	87.00	151.00	105.75	101.00	11950.00
chr1	21573713	21573856	143	143	22.00	39.00	32.45	35.00	4641.00
chr11	65320330	65320453	123	123	113.00	189.00	169.07	180.00	20795.00
chr3	47462420	47462519	99	99	149.00	209.00	182.40	187.00	18058.00
chr2	219204751	219204864	113	113	10.00	22.00	17.36	18.00	1962.00
chr1	43906123	43906257	134	134	25.00	35.00	29.24	29.00	3918.00
chr7	38785158	38785840	682	682	9.00	203.00	46.90	36.00	31988.00
chr2	153499932	153500058	126	126	164.00	256.00	200.27	203.00	25234.00
chr1	32203011	32203132	121	121	39.00	306.00	250.07	287.00	30258.00
chr22	42290823	42290941	118	118	423.00	867.00	693.14	692.00	81790.00
chr19	47940718	47940818	100	100	119.00	256.00	189.77	205.00	18977.00
chr4	119539150	119539274	124	124	12.00	50.00	30.03	32.00	3724.00
chr17	44117067	44117250	183	183	110.00	141.00	124.62	123.00	22806.00
chr19	42485873	42485983	110	110	523.00	647.00	587.56	587.50	64632.00
chr6	44114583	44114664	81	81	116.00	164.00	138.25	136.00	11198.00
chr19	47941105	47941292	187	187	4.00	240.00	121.59	160.00	22737.00
chr11	73074250	73074500	250	250	53.00	83.00	66.18	64.00	16546.00
chr3	33418764	33418825	61	61	141.00	259.00	194.20	202.00	11846.00
chr1	700258	700505	247	247	13.00	37.00	23.17	24.00	5722.00
chr9	74319510	74319719	209	209	24.00	74.00	41.37	36.00	8646.00
chr16	2336694	2336968	274	274	87.00	332.00	197.82	198.50	54202.00
chr20	3575125	3575219	94	94	76.00	160.00	90.15	83.00	8474.00
chr9	139231377	139231529	152	152	179.00	252.00	218.36	225.00	33191.00
chr5	140515951	140516498	547	547	32.00	73.00	48.07	47.00	26296.00
chr1	21938208	21938309	101	101	120.00	160.00	142.92	142.00	14435.00
chr3	155659188	155659936	748	748	14.00	110.00	70.22	78.00	52523.00
chr16	27483068	27483241	173	173	58.00	125.00	80.71	78.00	13962.00
chr11	994071	994245	174	174	64.00	149.00	115.74	120.00	20138.00
chr7	71175745	71175913	168	168	46.00	66.00	55.76	56.00	9367.00
chr12	121204065	121204175	110	110	102.00	146.00	133.14	137.00	14645.00
chr7	73118679	73118753	74	74	189.00	287.00	223.99	212.00	16575.00
chr9	140972565	140972710	145	145	77.00	129.00	99.78	98.00	14468.00
chr12	121683329	121684024	695	695	18.00	59.00	35.50	36.00	24673.00
chr16	74493579	74493687	108	108	113.00	211.00	152.81	140.50	16504.00
chr2	36771518	36771641	123	123	102.00	157.00	123.30	121.00	15166.00
chr7	94187181	94187996	815	815	4.00	33.00	15.13	15.00	12329.00
chr14	94156951	94157239	288	288	9.00	22.00	15.43	16.00	4444.00
chr7	121739000	121739524	524	524	11.00	42.00	27.73	28.50	14530.00
chr1	19549117	19549328	211	211	34.00	80.00	49.30	46.00	10403.00
chr19	5214571	5214747	176	176	356.00	729.00	461.05	411.00	81145.00
chr19	42557753	42557861	108	108	165.00	199.00	185.27	186.00	20009.00
chr15	102510686	102510925	239	239	16.00	143.00	76.10	79.00	18189.00
chr5	167673761	167675376	1615	1615	39.00	154.00	83.43	81.00	134746.00
chr7	44282158	44282253	95	95	125.00	213.00	164.02	157.00	15582.00
chr2	160621061	160621717	656	656	50.00	256.00	94.72	78.00	62139.00
chr5	10426501	10426634	133	133	237.00	416.00	337.62	354.00	44903.00
chr16	1814301	1814460	159	159	183.00	229.00	208.16	211.00	33098.00
chr11	21581734	21581928	194	194	47.00	125.00	73.21	67.00	14202.00
chr3	126749085	126749255	170	170	147.00	181.00	165.89	166.00	28201.00
chr11	12237765	12237866	101	101	12.00	19.00	14.98	15.00	1513.00
chr6	31750872	31750963	91	91	209.00	256.00	235.05	235.00	21390.00
chr3	53124201	53124398	197	197	10.00	18.00	14.15	14.00	2787.00
chr2	220161470	220161544	74	74	90.00	110.00	100.12	101.00	7409.00
chr2	128951046	128951785	739	739	22.00	137.00	68.66	73.00	50739.00
chr5	24535811	24535931	120	120	59.00	96.00	76.17	80.00	9141.00
chr1	44083406	44083582	176	176	160.00	336.00	225.32	215.00	39656.00
chr1	32207653	32207818	165	165	168.00	259.00	213.25	207.00	35187.00
chr12	7293754	7294000	246	246	0.00	271.00	130.09	184.00	32001.00
chr3	131442289	131442469	180	180	30.00	54.00	39.50	39.00	7110.00
chr3	49898871	49899298	427	427	112.00	969.00	421.18	450.00	179844.00
chr16	66432358	66432464	106	106	23.00	32.00	26.76	26.00	2837.00
chr1	20982593	20982680	87	87	311.00	393.00	347.25	348.00	30211.00
chr16	68398653	68398809	156	156	107.00	163.00	128.54	121.50	20052.00
chr17	16676818	16678279	1461	1461	10.00	115.00	48.40	40.00	70710.00
chr1	109814899	109815027	128	128	149.00	217.00	184.84	193.50	23659.00
chr1	21940478	21940582	104	104	137.00	215.00	183.13	195.50	19046.00
chr20	57468284	57468793	509	509	37.00	90.00	60.21	59.00	30646.00
chr3	127358087	127358366	279	279	381.00	1122.00	659.02	639.00	183866.00
chr3	126735359	126735527	168	168	77.00	145.00	105.36	104.00	17701.00
chr10	103869140	103869264	124	124	407.00	931.00	636.59	613.50	78937.00
chr20	44520554	44520666	112	112	36.00	48.00	42.14	43.00	4720.00
chr1	32203252	32203356	104	104	149.00	251.00	207.20	219.50	21549.00
chr21	40186196	40186316	120	120	19.00	41.00	26.62	23.00	3195.00
chr5	111067153	111068349	1196	1196	44.00	157.00	115.08	115.00	137632.00
chr9	128002954	128003186	232	232	234.00	347.00	302.97	309.50	70288.00
chr1	43408896	43408992	96	96	89.00	143.00	116.19	111.00	11154.00
chr3	47463931	47464026	95	95	150.00	182.00	163.72	163.00	15553.00
chr2	220161160	220161238	78	78	91.00	114.00	99.35	98.00	7749.00
chr11	62472772	62473089	317	317	175.00	556.00	344.49	354.00	109203.00
chr9	130986341	130986906	565	565	32.00	193.00	78.10	52.00	44127.00
chr14	69358769	69359000	231	231	58.00	78.00	67.27	68.00	15539.00
chr11	64416205	64416379	174	174	130.00	238.00	189.82	201.50	33028.00
chr17	8398454	8398559	105	105	349.00	592.00	488.30	492.00	51271.00
chr12	53572943	53574193	1250	1250	26.00	167.00	96.79	92.00	120993.00
chr17	17696544	17701827	5283	5283	31.00	204.00	80.24	76.00	423906.00
chr8	11705187	11705331	144	144	205.00	338.00	267.71	264.00	38550.00
chr19	54963829	54963931	102	102	262.00	432.00	338.00	323.00	34476.00
chr2	70451682	70456295	4613	4613	36.00	762.00	192.87	174.00	889729.00
chr11	118873959	118874169	210	210	13.00	32.00	21.69	20.00	4554.00
chr10	75548427	75548581	154	154	92.00	164.00	136.34	142.00	20996.00
chr6	33414351	33414563	212	212	294.00	586.00	480.45	497.00	101856.00
chr17	80042910	80043032	122	122	239.00	303.00	278.80	280.00	34014.00
chr11	11470290	11470483	193	193	13.00	33.00	20.15	19.00	3888.00
chr8	23294446	23294771	325	325	52.00	107.00	69.92	67.00	22725.00
chr1	116932060	116932663	603	603	5.00	655.00	213.11	22.00	128506.00
chr15	83222627	83222741	114	114	2.00	4.00	2.66	3.00	303.00
chr3	9841562	9841751	189	189	10.00	30.00	21.00	22.00	3969.00
chr1	116937731	116937907	176	176	332.00	641.00	399.88	361.00	70378.00
chr16	87868019	87868197	178	178	103.00	127.00	112.29	110.00	19988.00
chr3	124209540	124209731	191	191	97.00	162.00	125.14	121.00	23901.00
chr7	71142195	71142291	96	96	47.00	113.00	67.83	57.00	6512.00
chr5	130497324	130497584	260	260	11.00	45.00	27.73	24.00	7211.00
chr13	100199238	100199358	120	120	181.00	391.00	267.89	244.00	32147.00
chr5	139943336	139943506	170	170	73.00	169.00	141.55	137.00	24064.00
chr17	74395529	74396002	473	473	43.00	211.00	125.31	117.00	59273.00
chr14	93179149	93179216	67	67	103.00	126.00	116.01	116.00	7773.00
chr4	160277004	160277310	306	306	13.00	182.00	69.13	65.00	21154.00
chr17	40666306	40666478	172	172	153.00	280.00	214.00	219.00	36808.00
chr15	34828065	34828207	142	142	35.00	141.00	88.39	92.00	12551.00
chr14	100165802	100165876	74	74	32.00	41.00	37.47	38.00	2773.00
chr22	20128089	20128231	142	142	14.00	79.00	47.67	58.00	6769.00
chr12	3392210	3394421	2211	2211	25.00	169.00	95.14	93.00	210351.00
chr17	16687866	16690667	2801	2801	7.00	76.00	33.02	32.00	92477.00
chr6	31664724	31664810	86	86	86.00	115.00	104.71	106.00	9005.00
chr6	30627512	30627611	99	99	35.00	55.00	45.16	46.00	4471.00
chr11	18752834	18755060	2226	2226	12.00	307.00	76.50	61.50	170292.00
chr12	109332602	109332731	129	129	126.00	198.00	165.18	169.00	21308.00
chr6	90072884	90073110	226	226	5.00	18.00	13.57	15.00	3066.00
chr16	2689371	2689711	340	340	0.00	6.00	0.79	0.00	268.00
chr1	20987373	20987484	111	111	227.00	336.00	286.42	281.00	31793.00
chr14	85985300	85986667	1367	1367	7.00	38.00	20.74	21.00	28355.00
chr13	32863769	32863880	111	111	61.00	82.00	71.07	71.00	7889.00
chr16	1510418	1510528	110	110	43.00	64.00	50.76	50.50	5584.00
chr19	54963269	54963444	175	175	372.00	563.00	442.30	438.00	77403.00
chr6	44224078	44224233	155	155	61.00	90.00	73.35	70.00	11369.00
chr20	3151172	3152285	1113	1113	6.00	37.00	19.97	20.00	22230.00
chr1	892273	892405	132	132	133.00	195.00	159.91	155.50	21108.00
chr16	90192167	90192724	557	557	4.00	46.00	27.20	30.00	15149.00
chr9	111663704	111663810	106	106	107.00	128.00	117.71	117.50	12477.00
chr6	44108764	44108835	71	71	122.00	162.00	140.85	141.00	10000.00
chr1	36028802	36029027	225	225	200.00	349.00	250.88	233.00	56449.00
chr11	66807259	66807674	415	415	0.00	2.00	0.88	1.00	365.00
chr1	178426817	178427679	862	862	39.00	127.00	70.69	64.50	60934.00
chr19	42482302	42482478	176	176	517.00	806.00	585.45	563.00	103039.00
chr1	44084718	44084873	155	155	124.00	348.00	206.86	178.00	32064.00
chr1	109812315	109812442	127	127	160.00	230.00	186.43	181.00	23677.00
chr3	180324268	180324391	123	123	159.00	301.00	257.50	257.00	31672.00
chr15	63933668	63933842	174	174	83.00	237.00	147.56	105.00	25675.00
chr20	44521363	44521519	156	156	48.00	72.00	59.33	59.00	9255.00
chr3	33416779	33416910	131	131	87.00	148.00	110.50	106.00	14475.00
chr1	21934624	21934843	219	219	5.00	148.00	76.30	99.00	16710.00
chr14	69799801	69799886	85	85	35.00	54.00	44.62	46.00	3793.00
chr1	116936134	116936345	211	211	5.00	555.00	395.64	437.00	83480.00
chr14	23634493	23634645	152	152	11.00	23.00	14.14	14.00	2149.00
chr16	1402538	1402947	409	409	17.00	53.00	32.71	33.00	13380.00
chr9	20331	25000	4669	4669	0.00	575.00	119.87	96.00	559670.00
chr17	43545574	43545959	385	385	11.00	32.00	22.37	22.00	8612.00
chr13	100201418	100201476	58	58	213.00	343.00	266.50	265.00	15457.00
chr15	41865505	41865665	160	160	45.00	100.00	65.92	64.00	10548.00
chr19	19641688	19642196	508	508	24.00	58.00	40.67	41.00	20661.00
chr11	134147593	134148159	566	566	0.00	5.00	1.35	1.00	762.00
chr2	71656420	71657290	870	870	3.00	64.00	28.69	27.00	24960.00
chr7	97834775	97835016	241	241	45.00	82.00	63.25	61.00	15244.00
chr19	13363804	13363915	111	111	45.00	65.00	55.23	56.00	6130.00
chr18	31328383	31329011	628	628	61.00	144.00	95.78	94.00	60149.00
chr16	66431884	66432009	125	125	20.00	37.00	26.74	26.00	3342.00
chr19	47935155	47935702	547	547	4.00	224.00	73.48	60.00	40195.00
chr12	50291769	50291873	104	104	74.00	140.00	103.04	104.00	10716.00
chr11	1780198	1780317	119	119	159.00	403.00	239.08	207.00	28450.00
chr15	65392626	65393167	541	541	5.00	29.00	15.33	15.00	8296.00
chr2	86397871	86397967	96	96	89.00	197.00	144.61	143.00	13883.00
chr7	97866087	97866233	146	146	56.00	106.00	78.78	86.00	11502.00
chr11	60687157	60687402	245	245	30.00	65.00	46.99	46.00	11512.00
chr21	43307700	43309453	1753	1753	0.00	29.00	14.08	14.00	24685.00
chr14	24619269	24619657	388	388	20.00	43.00	30.71	30.00	11917.00
chr11	65320634	65320727	93	93	93.00	117.00	102.54	102.00	9536.00
chr16	29891184	29891385	201	201	139.00	225.00	189.98	194.00	38186.00
chr1	32207224	32207326	102	102	436.00	629.00	522.80	534.50	53326.00
chr11	72300218	72300394	176	176	6.00	149.00	51.61	14.00	9084.00
chr17	7608878	7609038	160	160	60.00	226.00	154.49	172.00	24719.00
chr19	7607646	7607814	168	168	36.00	60.00	51.33	53.00	8624.00
chr19	54966129	54966271	142	142	179.00	339.00	280.87	304.00	39884.00
chr12	57995027	57995131	104	104	39.00	52.00	45.71	45.00	4754.00
chr1	27428875	27429049	174	174	16.00	24.00	19.93	19.00	3467.00
chr2	27688277	27688385	108	108	37.00	77.00	57.02	59.00	6158.00
chr16	2691449	2692254	805	805	0.00	24.00	3.69	3.00	2968.00
chr9	131503813	131503933	120	120	132.00	165.00	151.51	153.00	18181.00
chr16	2347766	2347922	156	156	113.00	158.00	134.37	132.00	20962.00
chr17	80039884	80040036	152	152	513.00	703.00	595.55	602.00	90524.00
chr1	32204432	32204538	106	106	185.00	432.00	313.96	330.00	33280.00
chr12	9242951	9243078	127	127	91.00	119.00	100.76	99.00	12797.00
chr3	49702661	49702751	90	90	53.00	74.00	66.26	67.50	5963.00
chr19	35820359	35820837	478	478	0.00	0.00	0.00	0.00	0.00
chr1	201456762	201457615	853	853	2.00	11.00	5.81	6.00	4954.00
chr16	2334279	2334438	159	159	86.00	166.00	125.31	130.00	19924.00
chr10	73578373	73578481	108	108	979.00	1365.00	1191.16	1209.50	128645.00
chr16	18530550	18530756	206	206	5.00	162.00	66.50	84.00	13699.00
chr16	16369094	16369300	206	206	5.00	165.00	67.65	85.00	13936.00
chr13	113975636	113975785	149	149	12.00	264.00	115.71	17.00	17241.00
chr11	119293822	119294227	405	405	0.00	322.00	28.41	0.00	11506.00
chr5	150505962	150506041	79	79	128.00	165.00	138.76	137.00	10962.00
chr22	44224939	44225078	139	139	128.00	189.00	155.83	152.00	21661.00
chr15	41865199	41865309	110	110	40.00	58.00	48.19	47.00	5301.00
chr17	25633807	25636298	2491	2491	103.00	1595.00	546.02	453.00	1360137.00
chr15	72495155	72495529	374	374	17.00	440.00	185.13	46.00	69238.00
chr9	42540272	42542124	1852	1852	0.00	9.00	1.57	1.00	2902.00
chr11	119290760	119291704	944	944	2.00	416.00	115.67	21.00	109194.00
chr19	5219949	5220165	216	216	261.00	397.00	318.48	303.00	68791.00
chr15	63910769	63911153	384	384	1.00	53.00	23.76	17.00	9125.00
chr17	74393879	74393969	90	90	98.00	164.00	125.60	116.00	11304.00
chr10	104129467	104129532	65	65	131.00	159.00	144.80	146.00	9412.00
chr3	142454224	142454620	396	396	3.00	34.00	14.24	11.00	5639.00
chr12	121205196	121205396	200	200	132.00	179.00	158.09	159.00	31618.00
chr3	31705570	31705724	154	154	13.00	25.00	19.26	18.50	2966.00
chr6	118635190	118636593	1403	1403	30.00	296.00	186.51	188.00	261679.00
chr8	10339867	10340829	962	962	57.00	286.00	140.21	133.00	134883.00
chr19	16952578	16952779	201	201	122.00	271.00	197.72	196.00	39742.00
chr8	110984486	110985016	530	530	25.00	57.00	38.23	38.00	20261.00
chr9	128001219	128001610	391	391	247.00	758.00	526.76	567.00	205964.00
chr11	73070878	73070997	119	119	78.00	110.00	93.71	94.00	11151.00
chr10	104130140	104130235	95	95	106.00	156.00	138.93	139.00	13198.00
chr5	95733039	95733173	134	134	5.00	12.00	7.77	7.00	1041.00
chr19	59059400	59059547	147	147	676.00	975.00	796.76	804.00	117124.00
chr5	139943169	139943255	86	86	58.00	142.00	114.00	117.50	9804.00
chr17	73487771	73487981	210	210	83.00	122.00	102.24	102.00	21470.00
chr1	154315588	154315777	189	189	29.00	51.00	41.10	42.00	7768.00
chr14	95652726	95653070	344	344	0.00	2.00	0.81	1.00	279.00
chr12	123639801	123640772	971	971	14.00	73.00	33.99	33.00	33000.00
chr22	47064870	47065171	301	301	16.00	41.00	31.54	34.00	9494.00
chr5	24535220	24535388	168	168	57.00	86.00	74.71	76.00	12552.00
chr12	6806452	6806958	506	506	49.00	194.00	115.70	114.50	58546.00
chr22	29881711	29881836	125	125	2.00	5.00	3.96	4.00	495.00
chr7	75894681	75894786	105	105	62.00	98.00	81.92	87.00	8602.00
chr12	121089007	121095893	6886	6886	0.00	14.00	3.61	3.00	24853.00
chr1	207940357	207942365	2008	2008	29.00	127.00	62.38	59.00	125258.00
chr7	154681166	154681240	74	74	135.00	187.00	161.08	164.50	11920.00
chr5	131696513	131697529	1016	1016	25.00	85.00	51.14	50.00	51954.00
chr11	1776135	1776258	123	123	100.00	226.00	158.28	159.00	19468.00
chr8	11706554	11706673	119	119	197.00	282.00	234.11	237.00	27859.00
chr11	18759426	18759511	85	85	108.00	146.00	130.92	132.00	11128.00
chr16	61689373	61689625	252	252	35.00	64.00	43.43	41.00	10944.00
chr15	51750702	51750824	122	122	121.00	146.00	136.86	139.00	16697.00
chr9	35555056	35555698	642	642	122.00	292.00	215.95	217.00	138638.00
chr2	198356200	198356621	421	421	7.00	33.00	19.19	19.00	8080.00
chr9	131001723	131001794	71	71	294.00	379.00	346.68	354.00	24614.00
chr19	5214371	5214491	120	120	531.00	781.00	682.97	701.00	81956.00
chr22	35719488	35719623	135	135	19.00	35.00	28.88	31.00	3899.00
chr12	121678738	121679829	1091	1091	3.00	29.00	10.14	8.00	11064.00
chr14	23820960	23821064	104	104	307.00	449.00	402.12	421.00	41820.00
chr1	32205710	32205779	69	69	296.00	390.00	336.14	330.00	23194.00
chr3	33420176	33420326	150	150	18.00	251.00	88.79	25.00	13318.00
chr9	114820707	114820966	259	259	26.00	63.00	43.64	42.00	11303.00
chr15	41865876	41866023	147	147	14.00	104.00	85.60	88.00	12583.00
chr19	55554308	55554637	329	329	6.00	21.00	13.56	14.00	4460.00
chr1	116933403	116933513	110	110	430.00	628.00	542.73	532.00	59700.00
chr19	15374230	15374359	129	129	92.00	137.00	116.90	117.00	15080.00
chr12	56090682	56090852	170	170	18.00	33.00	25.35	26.00	4309.00
chr14	69445668	69445876	208	208	20.00	88.00	61.11	71.00	12711.00
chr12	57603474	57603651	177	177	163.00	265.00	226.32	238.00	40058.00
chr22	32897492	32898946	1454	1454	19.00	223.00	113.31	100.00	164748.00
chr16	16367702	16367764	62	62	3.00	167.00	87.69	99.00	5437.00
chr19	5245786	5246056	270	270	176.00	429.00	288.93	275.50	78011.00
chr16	74345440	74345829	389	389	24.00	67.00	53.02	55.00	20625.00
chr6	107096899	107097076	177	177	59.00	82.00	70.07	70.00	12402.00
chr1	29641883	29642019	136	136	22.00	65.00	44.65	45.00	6072.00
chr8	97342440	97342509	69	69	211.00	251.00	234.58	238.00	16186.00
chr8	68116914	68117054	140	140	75.00	148.00	117.06	124.00	16388.00
chr22	22037470	22037546	76	76	84.00	154.00	127.84	136.50	9716.00
chr22	50682147	50683420	1273	1273	33.00	208.00	112.76	108.00	143538.00
chr20	44048971	44049069	98	98	84.00	110.00	97.56	98.50	9561.00
chr1	36904356	36904511	155	155	18.00	36.00	26.72	26.00	4141.00
chr12	71054719	71054877	158	158	16.00	61.00	28.36	26.00	4481.00
chr15	50654364	50655515	1151	1151	48.00	260.00	144.98	135.00	166874.00
chr2	234198499	234198620	121	121	35.00	60.00	47.06	47.00	5694.00
chr9	128001699	128001812	113	113	300.00	450.00	377.53	377.00	42661.00
chr8	38272296	38272419	123	123	89.00	144.00	125.71	133.00	15462.00
chr11	73068069	73068179	110	110	48.00	100.00	74.50	78.00	8195.00
chr16	28123137	28123327	190	190	85.00	195.00	137.86	135.50	26193.00
chr12	49424062	49424222	160	160	17.00	49.00	26.46	22.00	4234.00
chr19	50302885	50303023	138	138	140.00	295.00	203.78	174.50	28121.00
chr19	42480567	42480718	151	151	967.00	1159.00	1086.60	1103.00	164076.00
chr3	197904395	197905301	906	906	0.00	37.00	17.01	19.00	15415.00
chr13	100189992	100190117	125	125	172.00	248.00	205.93	212.00	25741.00
chr19	14268062	14268272	210	210	175.00	340.00	256.57	264.50	53879.00
chr10	93786886	93787057	171	171	105.00	185.00	125.66	125.00	21488.00
chr1	109808726	109808828	102	102	106.00	164.00	128.05	122.00	13061.00
chr4	134075461	134075520	59	59	221.00	302.00	251.36	256.00	14830.00
chr1	22052268	22053864	1596	1596	12.00	56.00	32.07	32.00	51183.00
chr9	140056855	140056968	113	113	132.00	212.00	167.21	168.00	18895.00
chr19	42482087	42482224	137	137	817.00	1109.00	983.47	989.00	134735.00
chr19	4556962	4557025	63	63	172.00	212.00	191.49	189.00	12064.00
chr19	14266921	14267013	92	92	195.00	284.00	239.04	242.00	21992.00
chr22	42273851	42274127	276	276	9.00	672.00	378.58	488.00	104487.00
chr1	205549788	205550049	261	261	0.00	3.00	1.15	1.00	300.00
chr1	110765585	110766522	937	937	1.00	39.00	21.86	24.00	20480.00
chr19	55553595	55554158	563	563	8.00	30.00	17.18	18.00	9675.00
chr7	150929881	150931360	1479	1479	7.00	77.00	29.41	27.00	43494.00
chr3	124215157	124215260	103	103	81.00	96.00	88.33	89.00	9098.00
chr16	58220658	58220760	102	102	127.00	200.00	162.35	165.00	16560.00
chr3	10381925	10382033	108	108	98.00	124.00	109.49	110.00	11825.00
chr10	11356101	11356221	120	120	165.00	212.00	188.70	190.50	22644.00
chr22	42294652	42294785	133	133	381.00	782.00	632.38	667.00	84106.00
chr1	2005531	2005714	183	183	4.00	17.00	10.29	11.00	1883.00
chr12	113722522	113722576	54	54	17.00	21.00	18.94	19.00	1023.00
chr9	131502198	131502398	200	200	9.00	170.00	114.06	109.00	22812.00
chr19	40873602	40873786	184	184	230.00	339.00	281.35	286.00	51769.00
chr2	220162606	220162825	219	219	21.00	70.00	37.76	35.00	8269.00
chr16	28270027	28270355	328	328	0.00	1.00	0.56	1.00	184.00
chr4	3225718	3225858	140	140	81.00	112.00	91.07	91.00	12750.00
chr17	44127898	44128070	172	172	121.00	166.00	141.81	140.00	24391.00
chr3	47462043	47462262	219	219	69.00	196.00	107.11	91.00	23456.00
chr6	99873090	99873182	92	92	20.00	645.00	322.68	301.50	29687.00
chr7	142561723	142562504	781	781	60.00	214.00	135.96	133.00	106188.00
chr1	159169540	159169666	126	126	626.00	778.00	701.58	705.50	88399.00
chr19	7606869	7606953	84	84	42.00	60.00	47.31	45.00	3974.00
chr16	2811561	2818298	6737	6737	16.00	1016.00	449.27	427.00	3026717.00
chr3	47450652	47450807	155	155	50.00	99.00	75.85	81.00	11756.00
chr11	118403631	118403922	291	291	52.00	121.00	73.08	65.00	21267.00
chr1	205555161	205555335	174	174	1.00	3.00	2.30	2.00	400.00
chr12	125603186	125603311	125	125	40.00	64.00	50.10	48.00	6263.00
chr11	86658288	86659498	1210	1210	9.00	72.00	31.36	28.00	37945.00
chr22	37764946	37768745	3799	3799	21.00	433.00	169.86	146.00	645308.00
chr10	46345664	46346215	551	551	9.00	82.00	40.94	35.00	22559.00
chr22	33673045	33673241	196	196	105.00	291.00	155.08	127.00	30395.00
chr9	140042599	140042666	67	67	6.00	40.00	31.99	33.00	2143.00
chr3	48717233	48717320	87	87	31.00	49.00	41.87	43.00	3643.00
chr11	60681600	60681740	140	140	6.00	58.00	26.22	28.00	3671.00
chr10	93784512	93784724	212	212	64.00	121.00	92.30	93.00	19568.00
chr12	7289424	7290372	948	948	5.00	231.00	65.79	17.00	62369.00
chr3	132387062	132387526	464	464	15.00	44.00	29.36	30.00	13624.00
chr16	2335442	2335647	205	205	106.00	182.00	145.93	144.00	29915.00
chr16	1794782	1797276	2494	2494	10.00	234.00	70.91	59.00	176838.00
chr16	3786036	3786204	168	168	247.00	431.00	331.43	333.50	55680.00
chr9	141131209	141131766	557	557	0.00	28.00	8.51	4.00	4741.00
chr14	92965028	92966015	987	987	0.00	2.00	0.76	1.00	751.00
chr19	54692070	54692200	130	130	51.00	159.00	97.17	70.00	12632.00
chr15	43866006	43866230	224	224	21.00	43.00	29.76	29.00	6666.00
chr3	40231316	40231954	638	638	0.00	7.00	3.20	3.00	2044.00
chr3	50148937	50149455	518	518	27.00	126.00	66.97	67.50	34693.00
chr4	81117505	81117755	250	250	9.00	25.00	17.49	19.00	4372.00
chr10	46740404	46740638	234	234	7.00	71.00	38.01	36.00	8894.00
chr3	124210169	124210271	102	102	71.00	147.00	101.03	89.00	10305.00
chr11	107488830	107488932	102	102	210.00	292.00	254.63	251.00	25972.00
chr9	130591965	130592106	141	141	11.00	30.00	22.86	26.00	3223.00
chr1	20981932	20982027	95	95	227.00	325.00	272.57	259.00	25894.00
chr12	75875613	75875859	246	246	8.00	23.00	15.78	15.50	3883.00
chr22	32046684	32046764	80	80	49.00	90.00	73.42	79.00	5874.00
chr11	70331418	70331658	240	240	35.00	121.00	85.33	94.00	20479.00
chr14	51079976	51080069	93	93	97.00	161.00	124.91	124.00	11617.00
chr17	80041077	80041301	224	224	375.00	896.00	633.38	630.00	141878.00
chr7	158540884	158540971	87	87	119.00	152.00	132.28	129.00	11508.00
chr1	21553651	21553719	68	68	30.00	37.00	32.22	32.00	2191.00
chr2	219206256	219206349	93	93	14.00	28.00	21.67	23.00	2015.00
chr17	18444211	18445242	1031	1031	51.00	131.00	82.39	80.00	84942.00
chr12	57599340	57599460	120	120	198.00	235.00	216.03	216.00	25924.00
chr11	64417919	64418110	191	191	212.00	448.00	362.72	384.00	69279.00
chr19	3274926	3275650	724	724	18.00	67.00	46.47	49.00	33641.00
chr16	18532086	18532305	219	219	137.00	337.00	209.05	193.00	45783.00
chr17	3776702	3776756	54	54	46.00	72.00	65.69	68.00	3547.00
chr1	116932670	116933033	363	363	8.00	769.00	345.28	513.00	125338.00
chr16	1505731	1505796	65	65	85.00	122.00	106.72	107.00	6937.00
chr1	9794029	9794200	171	171	483.00	703.00	596.07	606.00	101928.00
chr10	73579221	73579379	158	158	809.00	1388.00	1027.61	1048.00	162363.00
chr11	6411684	6412146	462	462	18.00	69.00	38.89	38.00	17968.00
chr1	159163212	159163350	138	138	533.00	763.00	617.83	589.50	85260.00
chr16	1816723	1816804	81	81	153.00	223.00	189.33	192.00	15336.00
chr7	91722399	91722630	231	231	28.00	268.00	204.89	204.00	47329.00
chr7	44281816	44281939	123	123	170.00	219.00	190.48	188.00	23429.00
chr2	220467189	220467297	108	108	33.00	46.00	39.63	40.00	4280.00
chr16	4494664	4494729	65	65	70.00	91.00	84.88	86.00	5517.00
chr15	34681844	34681986	142	142	24.00	142.00	104.06	109.00	14776.00
chr9	139995935	139996124	189	189	52.00	104.00	75.56	76.00	14281.00
chr3	180324040	180324160	120	120	122.00	244.00	196.68	206.00	23602.00
chr3	42678359	42681242	2883	2883	98.00	520.00	222.63	205.00	641850.00
chr7	131812776	131815333	2557	2557	5.00	436.00	200.57	185.00	512850.00
chr20	1585387	1585522	135	135	5.00	39.00	20.50	22.00	2767.00
chr3	126751229	126751442	213	213	139.00	201.00	173.23	175.00	36898.00
chr15	63920875	63921014	139	139	76.00	176.00	116.83	120.00	16239.00
chr16	2040128	2040202	74	74	6.00	30.00	16.72	12.00	1237.00
chr9	74324174	74324390	216	216	44.00	69.00	57.61	58.00	12444.00
chr20	44521858	44521950	92	92	59.00	75.00	67.55	68.00	6215.00
chr9	139911647	139911798	151	151	64.00	86.00	73.49	73.00	11097.00
chr9	140055507	140055649	142	142	259.00	411.00	337.63	326.00	47944.00
chr12	120148055	120148191	136	136	19.00	35.00	28.30	29.00	3849.00
chr12	50474280	50474372	92	92	193.00	289.00	257.28	270.50	23670.00
chr15	63125702	63125828	126	126	34.00	63.00	45.73	45.00	5762.00
chr9	20907148	20907241	93	93	42.00	60.00	50.72	49.00	4717.00
chr16	87874655	87874761	106	106	157.00	298.00	235.86	216.50	25001.00
chr2	162833269	162833460	191	191	0.00	153.00	84.13	130.00	16069.00
chr8	11704560	11704677	117	117	183.00	227.00	200.70	198.00	23482.00
chr15	63926931	63927087	156	156	129.00	230.00	193.69	205.00	30215.00
chr6	31668718	31668805	87	87	77.00	107.00	90.03	89.00	7833.00
chr7	148910792	148910906	114	114	36.00	114.00	87.04	99.00	9923.00
chr14	42355808	42357213	1405	1405	18.00	83.00	43.22	44.00	60730.00
chr10	88678928	88679226	298	298	61.00	129.00	76.59	73.00	22824.00
chr3	140998219	140998346	127	127	116.00	217.00	162.80	178.00	20675.00
chr1	144859758	144859998	240	240	55.00	152.00	90.55	97.00	21732.00
chr9	96054772	96055455	683	683	43.00	150.00	83.05	81.00	56723.00
chr19	7604803	7604944	141	141	43.00	81.00	56.82	54.00	8012.00
chr12	30906277	30907432	1155	1155	15.00	167.00	69.70	67.00	80509.00
chr9	131112762	131112854	92	92	37.00	68.00	53.93	55.00	4962.00
chr20	61981328	61982379	1051	1051	19.00	103.00	53.18	47.00	55889.00
chr7	38431348	38431618	270	270	87.00	205.00	128.36	118.00	34657.00
chr20	44521036	44521123	87	87	39.00	57.00	47.20	47.00	4106.00
chr11	64418726	64419108	382	382	166.00	419.00	288.25	286.50	110112.00
chr12	120148344	120150270	1926	1926	0.00	59.00	7.31	5.00	14077.00
chr12	6930971	6931066	95	95	13.00	164.00	99.27	111.00	9431.00
chr16	2339434	2339621	187	187	82.00	187.00	128.91	110.00	24106.00
chr2	27700083	27700187	104	104	50.00	76.00	63.94	65.00	6650.00
chr14	69805367	69805494	127	127	43.00	109.00	74.43	67.00	9452.00
chr12	9242497	9242619	122	122	103.00	149.00	129.54	135.00	15804.00
chr3	58256658	58256791	133	133	18.00	49.00	27.98	25.00	3721.00
chr10	79744927	79745098	171	171	62.00	155.00	104.61	99.00	17889.00
chr1	159161725	159161866	141	141	362.00	537.00	469.82	484.00	66244.00
chr16	31085202	31085519	317	317	7.00	21.00	15.07	16.00	4777.00
chr1	171755018	171755218	200	200	24.00	63.00	43.45	43.00	8691.00
chr9	130988124	130989280	1156	1156	19.00	182.00	102.13	101.00	118058.00
chr15	63127935	63127998	63	63	25.00	35.00	30.33	31.00	1911.00
chr19	1917676	1917821	145	145	13.00	176.00	109.03	118.00	15810.00
chr22	25315792	25315960	168	168	37.00	62.00	47.82	47.00	8033.00
chr2	207943790	207945085	1295	1295	93.00	429.00	226.48	208.00	293293.00
chr11	47330706	47330952	246	246	24.00	363.00	178.26	40.00	43852.00
chr3	142743978	142746095	2117	2117	12.00	325.00	67.60	52.00	143107.00
chr7	44839492	44839694	202	202	19.00	68.00	42.21	39.00	8527.00
chr22	31688260	31688471	211	211	8.00	87.00	59.98	68.00	12656.00
chr11	66333492	66333638	146	146	131.00	229.00	190.92	199.00	27874.00
chr9	131114916	131115026	110	110	54.00	98.00	75.65	76.50	8322.00
chr1	20206	21013	807	807	17.00	494.00	194.68	170.00	157104.00
chr11	108216469	108216635	166	166	72.00	117.00	97.63	96.00	16206.00
chr1	209778880	209779019	139	139	14.00	50.00	34.28	38.00	4765.00
chr1	202935876	202936026	150	150	50.00	89.00	68.19	66.00	10229.00
chr12	57600255	57600524	269	269	143.00	276.00	224.53	233.00	60399.00
chr19	15233503	15233615	112	112	44.00	64.00	52.54	52.00	5884.00
chr8	68115317	68115486	169	169	97.00	182.00	145.29	151.00	24554.00
chr19	13419229	13419342	113	113	53.00	134.00	105.87	107.00	11963.00
chr6	33266815	33267130	315	315	21.00	134.00	73.41	68.00	23124.00
chr16	89780611	89781646	1035	1035	1.00	16.00	7.71	7.00	7985.00
chr12	109964162	109964221	59	59	41.00	55.00	46.83	46.00	2763.00
chr22	24491893	24492045	152	152	59.00	84.00	69.70	69.00	10595.00
chr2	242592926	242593025	99	99	109.00	178.00	133.91	124.00	13257.00
chr1	21937944	21938074	130	130	127.00	328.00	247.76	267.00	32209.00
chr2	223789173	223789313	140	140	130.00	223.00	183.00	192.00	25620.00
chr20	3772318	3772535	217	217	4.00	13.00	7.03	7.00	1525.00
chr16	18531918	18532001	83	83	177.00	324.00	269.31	303.00	22353.00
chr1	43396296	43396537	241	241	51.00	106.00	72.08	69.00	17371.00
chr2	100037960	100038115	155	155	87.00	137.00	110.51	111.00	17129.00
chr16	1500497	1500770	273	273	8.00	79.00	45.45	60.00	12408.00
chr19	40876016	40876144	128	128	263.00	342.00	299.84	293.00	38380.00
chr5	168112691	168112932	241	241	3.00	11.00	6.02	5.00	1452.00
chr2	127825738	127825831	93	93	217.00	265.00	243.69	247.00	22663.00
chr1	19232015	19234990	2975	2975	3.00	101.00	25.20	19.00	74962.00
chr16	1391129	1391196	67	67	27.00	35.00	30.81	31.00	2064.00
chr6	33410665	33411689	1024	1024	19.00	569.00	230.89	207.50	236427.00
chr9	95872033	95872266	233	233	8.00	20.00	13.83	13.00	3223.00
chr1	53378627	53378839	212	212	7.00	22.00	14.26	14.00	3023.00
chr2	80531276	80531693	417	417	7.00	53.00	33.19	35.00	13841.00
chr7	44286718	44286791	73	73	168.00	207.00	183.77	184.00	13415.00
chr7	157369304	157369471	167	167	171.00	227.00	200.39	200.00	33465.00
chr11	18755079	18755191	112	112	11.00	159.00	108.63	145.00	12167.00
chr6	86237979	86238080	101	101	99.00	147.00	125.60	126.00	12686.00
chr8	145000951	145001050	99	99	50.00	92.00	74.74	75.00	7399.00
chr19	45167680	45167966	286	286	11.00	40.00	24.74	25.50	7077.00
chr10	48930165	48930400	235	235	6.00	62.00	38.31	37.00	9002.00
chr16	87871450	87871547	97	97	113.00	207.00	167.93	187.00	16289.00
chr1	109815454	109815649	195	195	179.00	247.00	202.76	199.00	39539.00
chr1	208215442	208215711	269	269	179.00	317.00	250.02	256.00	67256.00
chr2	260866	261451	585	585	23.00	79.00	51.61	53.00	30193.00
chr5	180481266	180481724	458	458	3.00	30.00	12.28	8.00	5625.00
chr7	73119479	73119631	152	152	1.00	427.00	167.49	3.00	25459.00
chr15	34677248	34677358	110	110	240.00	391.00	308.27	281.00	33910.00
chr16	57687114	57687247	133	133	159.00	297.00	224.53	222.00	29863.00
chr15	50649406	50649592	186	186	71.00	161.00	114.89	118.50	21369.00
chr22	21071995	21072066	71	71	258.00	329.00	287.55	280.00	20416.00
chr5	179200882	179201561	679	679	28.00	99.00	72.57	76.00	49275.00
chr10	98763824	98763979	155	155	167.00	232.00	202.23	201.00	31346.00
chr14	102963315	102963457	142	142	25.00	55.00	37.96	35.50	5391.00
chr1	21932558	21933138	580	580	2.00	183.00	52.26	21.00	30311.00
chr16	28118842	28118998	156	156	144.00	181.00	160.46	159.50	25031.00
chr1	241767561	241767881	320	320	10.00	23.00	14.71	14.00	4706.00
chr11	66812063	66812184	121	121	0.00	6.00	2.35	2.00	284.00
chr11	12248571	12248678	107	107	7.00	18.00	12.44	12.00	1331.00
chr9	130588788	130588951	163	163	8.00	29.00	14.04	12.00	2288.00
chr22	21068915	21068988	73	73	255.00	297.00	275.04	275.00	20078.00
chr1	43424304	43424531	227	227	15.00	161.00	112.68	120.00	25578.00
chr14	105852021	105853670	1649	1649	26.00	87.00	56.61	58.00	93349.00
chr15	34823469	34823579	110	110	224.00	425.00	304.55	259.00	33501.00
chr11	171365	172282	917	917	0.00	37.00	18.23	19.00	16713.00
chr22	24493976	24494155	179	179	35.00	90.00	69.65	67.00	12468.00
chr15	79291060	79291167	107	107	8.00	15.00	12.03	13.00	1287.00
chr16	2145904	2146194	290	290	11.00	38.00	28.15	31.00	8164.00
chr9	131503050	131503166	116	116	115.00	167.00	140.70	140.00	16321.00
chr11	61301983	61302579	596	596	1.00	22.00	12.22	12.00	7284.00
chr22	25308609	25308719	110	110	17.00	24.00	20.48	20.00	2253.00
chr12	63977826	63979986	2160	2160	2.00	225.00	71.37	60.00	154169.00
chr19	46928844	46930933	2089	2089	1.00	178.00	71.94	66.00	150276.00
chr16	56969146	56969224	78	78	54.00	89.00	71.22	75.00	5555.00
chr17	40665787	40665996	209	209	11.00	404.00	156.56	175.00	32722.00
chr9	131669435	131671600	2165	2165	39.00	143.00	82.72	82.00	179088.00
chr2	220164026	220164271	245	245	10.00	107.00	37.79	12.00	9259.00
chr19	7589846	7590052	206	206	35.00	78.00	55.37	54.00	11407.00
chr6	91260186	91260268	82	82	91.00	103.00	96.56	97.00	7918.00
chr9	124543742	124543830	88	88	194.00	269.00	229.43	230.00	20190.00
chr12	54071005	54071170	165	165	10.00	112.00	69.32	64.00	11437.00
chr2	40443	41212	769	769	2.00	24.00	11.49	12.00	8835.00
chr11	67852159	67852747	588	588	10.00	44.00	25.38	27.00	14926.00
chr8	8233762	8234810	1048	1048	10.00	57.00	34.74	37.00	36411.00
chr2	175671113	175672148	1035	1035	2.00	15.00	8.47	8.00	8766.00
chr7	138984922	138985438	516	516	18.00	51.00	33.84	32.00	17459.00
chr22	40816850	40817104	254	254	71.00	167.00	133.50	140.50	33910.00
chr19	14263120	14263249	129	129	143.00	305.00	202.97	200.00	26183.00
chr19	16962222	16962345	123	123	104.00	175.00	136.26	132.00	16760.00
chr1	109813838	109813918	80	80	93.00	131.00	110.79	111.50	8863.00
chr3	49898148	49898562	414	414	25.00	897.00	454.13	629.00	188011.00
chr17	17131202	17131510	308	308	4.00	66.00	45.30	50.00	13951.00
chr1	21936067	21936139	72	72	51.00	77.00	65.64	68.50	4726.00
chr3	130424404	130424615	211	211	30.00	53.00	40.60	39.00	8566.00
chr12	56532710	56532797	87	87	29.00	47.00	37.15	35.00	3232.00
chr16	29888591	29888788	197	197	125.00	291.00	203.30	207.00	40051.00
chr2	114394588	114396196	1608	1608	1.00	80.00	31.23	27.00	50224.00
chr3	124180736	124180803	67	67	78.00	92.00	85.16	85.00	5706.00
chr9	111798485	111798660	175	175	75.00	116.00	96.31	99.00	16855.00
chr10	73847897	73848372	475	475	3.00	170.00	68.62	65.00	32596.00
chr22	21075585	21075706	121	121	145.00	272.00	232.55	247.00	28139.00
chr22	20920753	20921104	351	351	30.00	114.00	67.53	70.00	23703.00
chr9	140953020	140953185	165	165	70.00	174.00	123.67	116.00	20405.00
chr22	41620970	41621075	105	105	53.00	69.00	61.63	61.00	6471.00
chr11	6243671	6243839	168	168	54.00	92.00	74.96	75.00	12593.00
chr15	74704225	74704353	128	128	73.00	105.00	85.56	85.00	10952.00
chr3	48719780	48719985	205	205	14.00	25.00	19.35	19.00	3966.00
chr1	222833247	222833348	101	101	65.00	113.00	86.01	80.00	8687.00
chr1	6583675	6584824	1149	1149	21.00	116.00	57.01	52.00	65506.00
chr11	126135857	126135976	119	119	75.00	104.00	86.96	85.00	10348.00
chr8	75156763	75157410	647	647	7.00	43.00	26.68	27.00	17259.00
chr15	83345212	83345389	177	177	170.00	230.00	204.23	209.00	36149.00
chr14	68031638	68032561	923	923	2.00	19.00	8.67	8.00	8002.00
chr19	42479780	42479949	169	169	556.00	986.00	778.59	778.00	131582.00
chr16	31503329	31503407	78	78	128.00	196.00	159.63	165.00	12451.00
chr17	1564564	1564700	136	136	322.00	676.00	447.29	379.00	60832.00
chr16	58717858	58718082	224	224	40.00	70.00	56.23	56.00	12596.00
chr14	71575320	71575763	443	443	57.00	162.00	107.33	100.00	47549.00
chr1	202934498	202934628	130	130	60.00	83.00	69.71	69.00	9062.00
chr7	73118477	73118586	109	109	156.00	217.00	190.83	191.00	20800.00
chr19	13365908	13366073	165	165	41.00	75.00	52.32	49.00	8632.00
chr10	102265117	102265958	841	841	26.00	81.00	52.96	53.00	44542.00
chr9	139983320	139983457	137	137	110.00	149.00	130.64	131.00	17898.00
chr18	29206245	29206347	102	102	16.00	39.00	28.47	30.00	2904.00
chr12	120578662	120578827	165	165	98.00	154.00	123.30	121.00	20345.00
chr5	757516	758226	710	710	0.00	6.00	2.34	2.00	1658.00
chr8	21632483	21632567	84	84	10.00	21.00	14.69	14.00	1234.00
chr4	54011499	54011749	250	250	30.00	61.00	40.14	37.00	10036.00
chr8	141680613	141681365	752	752	1.00	28.00	15.15	15.00	11395.00
chr11	57367351	57367850	499	499	12.00	46.00	27.09	28.00	13517.00
chr12	63980009	63980784	775	775	24.00	75.00	46.96	47.00	36396.00
chr9	140057042	140057203	161	161	8.00	249.00	203.46	215.00	32757.00
chr2	7055953	7056098	145	145	6.00	13.00	9.66	10.00	1400.00
chr12	52387768	52389043	1275	1275	39.00	729.00	217.37	176.00	277141.00
chr19	50104931	50105175	244	244	29.00	128.00	61.61	51.00	15033.00
chr19	5218430	5218543	113	113	666.00	1141.00	940.02	958.00	106222.00
chr16	29898969	29899138	169	169	129.00	245.00	169.80	149.00	28696.00
chr7	99030900	99031041	141	141	15.00	38.00	26.50	26.00	3736.00
chr17	36692926	36693212	286	286	15.00	41.00	28.73	30.00	8217.00
chr15	73857770	73859335	1565	1565	15.00	92.00	47.76	44.00	74739.00
chr6	44104085	44104176	91	91	204.00	353.00	282.96	294.00	25749.00
chr1	21938518	21938602	84	84	143.00	186.00	164.20	162.00	13793.00
chr19	13423482	13423595	113	113	38.00	61.00	50.74	51.00	5734.00
chr16	70292882	70293089	207	207	213.00	319.00	261.68	261.00	54167.00
chr18	61060641	61060782	141	141	43.00	63.00	51.82	51.00	7307.00
chr16	22269814	22270016	202	202	7.00	27.00	17.33	19.00	3500.00
chr1	21554423	21554534	111	111	17.00	39.00	29.11	29.00	3231.00
chr9	140057255	140057455	200	200	12.00	271.00	194.82	240.00	38965.00
chr7	1488255	1488397	142	142	5.00	22.00	15.66	16.00	2224.00
chr14	100166351	100166438	87	87	20.00	30.00	24.48	24.00	2130.00
chr9	101065522	101065705	183	183	142.00	239.00	198.61	211.00	36345.00
chr5	68411752	68412041	289	289	41.00	88.00	67.64	70.00	19549.00
chr1	2452539	2452754	215	215	44.00	147.00	93.92	96.00	20193.00
chr1	21564626	21564737	111	111	16.00	34.00	23.85	22.00	2647.00
chr13	42037713	42039066	1353	1353	0.00	18.00	4.83	4.00	6531.00
chr2	114350236	114350443	207	207	16.00	251.00	136.80	138.00	28317.00
chr1	21939668	21939722	54	54	151.00	178.00	162.09	161.00	8753.00
chr9	139353895	139354007	112	112	78.00	117.00	95.22	96.50	10665.00
chr7	102176367	102176618	251	251	17.00	50.00	37.04	41.00	9298.00
chr3	51411753	51412018	265	265	5.00	83.00	38.14	10.00	10106.00
chr17	73888091	73888266	175	175	14.00	24.00	19.06	19.00	3335.00
chr13	103297258	103297435	177	177	11.00	120.00	68.56	92.00	12135.00
chr15	63922664	63922834	170	170	102.00	198.00	141.89	129.00	24122.00
chr3	33400774	33400849	75	75	119.00	154.00	134.71	132.00	10103.00
chr22	50671744	50671955	211	211	69.00	88.00	78.77	79.00	16620.00
chr1	21190968	21191205	237	237	159.00	294.00	230.54	237.00	54639.00
chr5	14481649	14481727	78	78	341.00	435.00	377.78	379.00	29467.00
chr15	101605556	101606410	854	854	0.00	8.00	3.63	4.00	3104.00
chr17	80040402	80040554	152	152	408.00	722.00	551.49	501.50	83827.00
chr2	132269293	132270897	1604	1604	16.00	127.00	69.59	72.00	111615.00
chr11	1778553	1778786	233	233	196.00	364.00	283.97	283.00	66164.00
chr11	1469616	1469808	192	192	3.00	26.00	16.15	19.00	3100.00
chr12	120138549	120138630	81	81	25.00	37.00	30.98	31.00	2509.00
chr7	901016	901101	85	85	168.00	263.00	224.67	236.00	19097.00
chr19	13372263	13372424	161	161	52.00	66.00	59.84	60.00	9634.00
chr17	40843154	40843311	157	157	6.00	23.00	11.34	8.00	1781.00
chr17	80039476	80039719	243	243	429.00	766.00	568.38	561.00	138117.00
chr17	16681109	16687365	6256	6256	6.00	244.00	77.27	58.00	483418.00
chr1	116935475	116935610	135	135	540.00	869.00	692.87	678.00	93537.00
chr6	128294808	128294972	164	164	81.00	160.00	130.38	132.00	21382.00
chr5	109189927	109190617	690	690	0.00	12.00	3.48	3.00	2398.00
chr15	40757533	40757634	101	101	27.00	81.00	59.24	60.00	5983.00
chr2	220164706	220164981	275	275	52.00	157.00	98.81	101.00	27174.00
chr3	164905164	164908639	3475	3475	4.00	48.00	30.34	31.00	105437.00
chr11	60699157	60699356	199	199	69.00	526.00	353.72	306.00	70391.00
chr2	96680301	96680717	416	416	7.00	22.00	14.51	14.00	6035.00
chr17	40845314	40845554	240	240	7.00	15.00	11.07	11.00	2657.00
chr12	125264513	125265391	878	878	4.00	59.00	22.80	21.00	20019.00
chr1	156623704	156624158	454	454	18.00	39.00	26.88	26.00	12205.00
chr6	108370456	108370622	166	166	66.00	94.00	78.95	79.00	13106.00
chr11	19180486	19180587	101	101	48.00	72.00	57.27	56.00	5784.00
chr19	42489069	42489338	269	269	195.00	546.00	401.48	448.00	107998.00
chr2	198274493	198274731	238	238	255.00	400.00	334.42	337.00	79593.00
chr6	47220991	47221257	266	266	90.00	234.00	138.80	115.00	36920.00
chr19	40872679	40872822	143	143	357.00	591.00	502.45	501.00	71850.00
chr19	54693278	54693627	349	349	0.00	54.00	23.32	23.00	8137.00
chr12	81929	82174	245	245	41.00	128.00	87.34	91.00	21398.00
chr21	45513943	45514114	171	171	46.00	60.00	54.05	54.00	9242.00
chr3	124201630	124201747	117	117	0.00	121.00	86.05	105.00	10068.00
chr17	79805118	79805223	105	105	223.00	291.00	262.50	261.00	27562.00
chr20	46307419	46307548	129	129	55.00	95.00	67.88	66.00	8757.00
chr17	38187790	38187873	83	83	182.00	255.00	209.43	197.00	17383.00
chr2	207452814	207452878	64	64	113.00	152.00	131.97	130.50	8446.00
chr17	45695715	45695823	108	108	386.00	500.00	438.90	434.50	47401.00
chr7	44283023	44283126	103	103	127.00	171.00	154.93	156.00	15958.00
chr20	62274975	62275284	309	309	1.00	812.00	387.99	583.00	119888.00
chr11	108202605	108202764	159	159	63.00	100.00	84.47	91.00	13431.00
chr9	140051314	140051489	175	175	119.00	205.00	154.99	154.00	27123.00
chr22	45574118	45574781	663	663	55.00	216.00	115.16	115.00	76353.00
chr15	79312382	79312446	64	64	10.00	14.00	12.25	12.50	784.00
chr1	21940120	21940199	79	79	135.00	169.00	154.25	158.00	12186.00
chr17	3775847	3775921	74	74	49.00	77.00	66.68	70.00	4934.00
chr7	73133931	73134019	88	88	0.00	297.00	97.82	60.50	8608.00
chr11	72292920	72292991	71	71	94.00	123.00	106.48	105.00	7560.00
chr7	43547616	43547730	114	114	58.00	85.00	74.39	76.00	8480.00
chr16	58713760	58714145	385	385	13.00	45.00	24.27	24.00	9344.00
chr22	21083600	21083794	194	194	141.00	282.00	212.03	219.50	41134.00
chr11	66457275	66457414	139	139	160.00	271.00	206.17	203.00	28657.00
chr15	91561034	91561115	81	81	40.00	67.00	51.96	52.00	4209.00
chr11	2968525	2969001	476	476	23.00	94.00	54.17	46.00	25785.00
chr19	34869838	34869910	72	72	432.00	484.00	463.39	468.00	33364.00
chr9	121970996	121971219	223	223	98.00	153.00	122.04	121.00	27214.00
chr3	47449772	47449980	208	208	16.00	102.00	66.28	80.50	13786.00
chr12	57601820	57601999	179	179	148.00	429.00	283.28	287.00	50708.00
chr16	2345590	2345741	151	151	152.00	215.00	179.91	179.00	27166.00
chr12	50471782	50471910	128	128	163.00	212.00	190.16	195.50	24340.00
chr1	109814221	109814344	123	123	176.00	268.00	233.91	239.00	28771.00
chr19	16942304	16942458	154	154	97.00	176.00	139.79	147.50	21528.00
chr11	66333301	66333398	97	97	116.00	177.00	130.40	125.00	12649.00
chr5	74026084	74026223	139	139	51.00	85.00	67.14	65.00	9333.00
chr5	68417520	68417722	202	202	41.00	101.00	70.08	71.00	14157.00
chr19	15272262	15272525	263	263	26.00	50.00	39.26	39.00	10326.00
chr3	45872404	45872482	78	78	62.00	83.00	75.04	77.00	5853.00
chr7	73123374	73123452	78	78	298.00	393.00	350.26	359.00	27320.00
chr5	14498197	14498360	163	163	306.00	553.00	428.31	413.00	69815.00
chr14	93180167	93180230	63	63	109.00	153.00	129.67	126.00	8169.00
chr9	130984739	130984875	136	136	235.00	400.00	329.80	331.00	44853.00
chr13	31216764	31216894	130	130	57.00	75.00	66.69	67.00	8670.00
chr12	112614399	112614506	107	107	107.00	267.00	229.71	230.00	24579.00
chr12	57602865	57602982	117	117	255.00	458.00	353.02	354.00	41303.00
chr14	72976861	72976987	126	126	25.00	49.00	35.19	31.00	4434.00
chr1	155209406	155209553	147	147	36.00	62.00	49.62	50.00	7294.00
chr10	49633930	49634113	183	183	410.00	567.00	485.56	484.00	88857.00
chr16	84100093	84100218	125	125	156.00	232.00	198.82	203.00	24852.00
chr1	155207924	155208097	173	173	37.00	86.00	50.41	48.00	8721.00
chr12	2786898	2787033	135	135	20.00	41.00	31.54	33.00	4258.00
chr2	233755457	233756197	740	740	9.00	166.00	55.65	39.00	41183.00
chr14	60631894	60632099	205	205	44.00	110.00	77.82	84.00	15954.00
chr1	11151549	11151654	105	105	180.00	220.00	195.42	194.00	20519.00
chr4	134076071	134076178	107	107	245.00	313.00	275.50	275.00	29478.00
chr15	91420364	91420441	77	77	77.00	102.00	88.30	84.00	6799.00
chr5	114961533	114961755	222	222	6.00	76.00	45.77	49.00	10161.00
chr16	1814047	1814211	164	164	7.00	225.00	101.70	140.50	16678.00
chr18	44250463	44252581	2118	2118	13.00	76.00	39.01	39.00	82628.00
chr6	158049380	158049518	138	138	5.00	22.00	12.04	12.00	1661.00
chr19	7675585	7675679	94	94	87.00	113.00	97.11	96.00	9128.00
chr13	99461604	99461719	115	115	8.00	197.00	114.23	109.00	13137.00
chr11	130010829	130011467	638	638	6.00	952.00	114.47	27.00	73031.00
chr11	107526658	107526792	134	134	364.00	528.00	424.54	412.00	56889.00
chr16	1391294	1391490	196	196	12.00	33.00	21.09	22.00	4134.00
chr1	38182716	38184158	1442	1442	2.00	43.00	24.08	24.00	34730.00
chr5	179231023	179231323	300	300	7.00	36.00	21.58	20.00	6473.00
chr14	69814593	69814719	126	126	62.00	89.00	76.17	77.00	9598.00
chr14	69349174	69349309	135	135	51.00	90.00	68.69	70.00	9273.00
chr19	7614792	7614998	206	206	65.00	121.00	94.15	93.00	19394.00
chr1	228270375	228270466	91	91	7.00	1217.00	388.74	161.00	35375.00
chr1	38186022	38186315	293	293	5.00	29.00	17.03	16.00	4989.00
chr13	77641715	77641999	284	284	146.00	296.00	215.86	195.00	61304.00
chr14	100157417	100157498	81	81	6.00	22.00	11.51	8.00	932.00
chr13	32978280	32979333	1053	1053	3.00	31.00	13.75	14.00	14480.00
chr12	7301567	7301794	227	227	104.00	293.00	196.96	203.00	44711.00
chr9	123583116	123583257	141	141	45.00	72.00	54.20	53.00	7642.00
chr17	26883183	26883284	101	101	69.00	101.00	84.52	85.00	8537.00
chr12	6972993	6973137	144	144	101.00	144.00	125.85	127.00	18122.00
chr20	34322310	34322637	327	327	2.00	21.00	9.71	9.00	3175.00
chr19	7606407	7606570	163	163	54.00	72.00	60.94	59.00	9934.00
chr16	2333186	2333373	187	187	8.00	166.00	127.02	140.00	23753.00
chr12	113825548	113825711	163	163	20.00	62.00	39.19	38.00	6388.00
chr7	4802013	4807749	5736	5736	13.00	173.00	71.37	64.00	409358.00
chr1	43394880	43394985	105	105	95.00	120.00	108.02	109.00	11342.00
chr19	4554399	4554488	89	89	135.00	198.00	162.22	162.00	14438.00
chr16	31719139	31719372	233	233	10.00	25.00	18.97	20.00	4420.00
chr5	134060669	134061744	1075	1075	20.00	77.00	43.85	43.00	47142.00
chr1	202936318	202936371	53	53	9.00	72.00	45.75	60.00	2425.00
chr2	220087366	220087615	249	249	63.00	96.00	74.11	72.00	18454.00
chr2	36764494	36764689	195	195	62.00	112.00	80.19	75.00	15638.00
chr7	43519208	43519343	135	135	76.00	165.00	126.41	130.00	17066.00
chr10	51249585	51249993	408	408	4.00	32.00	17.67	19.00	7209.00
chr6	32123647	32123755	108	108	96.00	126.00	114.23	116.00	12337.00
chr3	118624442	118624692	250	250	2.00	20.00	10.41	5.00	2603.00
chr1	190129797	190130020	223	223	26.00	44.00	33.19	32.00	7401.00
chr9	131004491	131004624	133	133	7.00	469.00	365.24	421.00	48577.00
chr22	33679187	33679334	147	147	109.00	154.00	122.80	120.00	18052.00
chr15	74709931	74710016	85	85	71.00	132.00	98.29	91.00	8355.00
chr7	6470110	6470238	128	128	28.00	47.00	38.75	40.00	4960.00
chr1	6640600	6641359	759	759	21.00	78.00	44.48	44.00	33757.00
chr16	31510622	31510728	106	106	100.00	130.00	116.20	118.00	12317.00
chr4	103710287	103711803	1516	1516	3.00	16.00	7.69	8.00	11654.00
chr19	2862339	2862746	407	407	4.00	28.00	13.17	12.00	5360.00
chr2	15467873	15467994	121	121	101.00	126.00	114.19	115.00	13817.00
chr2	36780721	36781492	771	771	16.00	46.00	32.54	35.00	25085.00
chr10	81070680	81070941	261	261	191.00	294.00	240.10	242.00	62667.00
chr2	217234866	217235986	1120	1120	81.00	279.00	177.61	185.00	198919.00
chr10	93786348	93786508	160	160	65.00	192.00	123.84	127.00	19814.00
chr17	20268785	20269076	291	291	1.00	14.00	7.29	6.00	2122.00
chr9	131002006	131002062	56	56	2.00	426.00	369.77	400.00	20707.00
chr1	155208307	155208441	134	134	63.00	98.00	82.81	86.50	11097.00
chr2	162833877	162834373	496	496	0.00	143.00	17.62	7.00	8741.00
chr9	35799614	35799728	114	114	66.00	84.00	76.39	76.00	8709.00
chr20	62517856	62519234	1378	1378	15.00	134.00	58.74	57.00	80939.00
chr22	35942847	35943127	280	280	15.00	24.00	19.81	20.00	5548.00
chr13	26436438	26436546	108	108	44.00	58.00	52.35	53.00	5654.00
chr14	69371371	69371453	82	82	51.00	76.00	62.04	60.50	5087.00
chr7	44031274	44031581	307	307	8.00	37.00	23.07	24.00	7083.00
chr11	12274988	12275291	303	303	0.00	3.00	1.38	1.00	417.00
chr5	1334403	1334498	95	95	84.00	157.00	123.32	127.00	11715.00
chr19	34868639	34868786	147	147	499.00	697.00	592.67	604.00	87123.00
chr16	1815960	1816143	183	183	135.00	206.00	167.58	164.00	30667.00
chr10	73578787	73578868	81	81	907.00	1197.00	1041.11	1029.00	84330.00
chr17	37420427	37420640	213	213	40.00	64.00	49.16	47.00	10472.00
chr5	60835422	60835586	164	164	91.00	130.00	110.74	110.00	18162.00
chr15	79296143	79296517	374	374	14.00	29.00	20.97	21.00	7844.00
chr19	13039568	13039661	93	93	197.00	372.00	293.65	313.00	27309.00
chr12	49421585	49421713	128	128	83.00	135.00	108.49	103.00	13887.00
chr1	1661057	1662583	1526	1526	19.00	403.00	135.74	114.00	207144.00
chr2	207457340	207457460	120	120	118.00	151.00	134.58	133.00	16150.00
chr11	64542462	64543441	979	979	25.00	100.00	50.88	51.00	49816.00
chr20	61910250	61910347	97	97	64.00	102.00	81.26	78.00	7882.00
chr11	62394042	62394156	114	114	194.00	272.00	225.47	220.50	25704.00
chr5	37301538	37301652	114	114	28.00	62.00	44.78	43.00	5105.00
chr16	4733843	4733933	90	90	119.00	160.00	139.53	140.50	12558.00
chr15	43693913	43694048	135	135	32.00	50.00	40.84	40.00	5513.00
chr11	18764538	18764622	84	84	79.00	109.00	96.58	100.00	8113.00
chr17	57842331	57842499	168	168	107.00	156.00	127.05	128.00	21345.00
chr9	96076729	96078064	1335	1335	16.00	91.00	42.38	40.00	56581.00
chr11	12246219	12246367	148	148	4.00	9.00	5.98	6.00	885.00
chr12	7030743	7031565	822	822	18.00	1248.00	430.86	33.00	354171.00
chr3	14523178	14523349	171	171	23.00	54.00	37.50	37.00	6412.00
chr5	758508	759483	975	975	0.00	5.00	1.81	2.00	1761.00
chr12	22635490	22635677	187	187	104.00	130.00	117.75	118.00	22019.00
chr5	14479369	14479459	90	90	438.00	569.00	473.82	472.50	42644.00
chr6	143655214	143656079	865	865	2.00	12.00	6.37	6.00	5510.00
chr7	75508360	75508578	218	218	11.00	152.00	113.58	133.00	24761.00
chr11	60697981	60698131	150	150	151.00	231.00	186.53	187.00	27980.00
chr1	151400598	151400889	291	291	172.00	493.00	329.78	362.00	95965.00
chr5	172196431	172197309	878	878	3.00	234.00	64.88	23.00	56969.00
chr3	49152660	49152794	134	134	53.00	96.00	75.90	76.00	10171.00
chr7	5518281	5519950	1669	1669	4.00	54.00	27.65	27.00	46151.00
chr17	16691106	16691449	343	343	8.00	59.00	31.07	29.00	10658.00
chr2	220086993	220087172	179	179	57.00	88.00	76.43	78.00	13681.00
chr10	51746916	51748006	1090	1090	4.00	131.00	44.09	34.00	48059.00
chr12	7302118	7302289	171	171	185.00	258.00	216.98	215.00	37103.00
chr11	59562844	59562955	111	111	32.00	66.00	51.88	52.00	5759.00
chr12	6100984	6101184	200	200	1.00	26.00	10.86	8.00	2171.00
chr19	5683274	5683627	353	353	24.00	70.00	45.05	41.00	15902.00
chr12	2786259	2786387	128	128	17.00	42.00	27.67	27.00	3542.00
chr15	26812727	26812880	153	153	242.00	454.00	323.68	302.00	49523.00
chr1	149007980	149008798	818	818	0.00	15.00	4.02	2.00	3292.00
chr19	54965608	54965861	253	253	123.00	295.00	203.44	187.00	51471.00
chr8	27293259	27293310	51	51	59.00	93.00	83.02	83.00	4234.00
chr15	23014437	23014528	91	91	117.00	177.00	141.71	139.00	12896.00
chr1	111717500	111717585	85	85	56.00	110.00	87.87	89.00	7469.00
chr6	150157220	150157433	213	213	65.00	121.00	90.37	86.00	19248.00
chr13	114566547	114566670	123	123	18.00	87.00	40.02	39.00	4922.00
chr16	58539291	58539605	314	314	30.00	78.00	56.65	58.00	17787.00
chr1	21936612	21936768	156	156	60.00	305.00	152.79	143.00	23836.00
chr1	17322880	17322991	111	111	143.00	260.00	200.37	223.00	22241.00
chr11	60699455	60699599	144	144	244.00	512.00	340.62	301.00	49050.00
chr5	6749669	6749770	101	101	64.00	99.00	78.65	74.00	7944.00
chr16	2156805	2156949	144	144	132.00	168.00	152.47	153.50	21955.00
chr15	34690834	34690930	96	96	86.00	150.00	133.22	138.00	12789.00
chr3	11074933	11075425	492	492	14.00	191.00	59.74	34.00	29392.00
chr5	74655222	74655381	159	159	311.00	622.00	420.36	383.00	66838.00
chr20	20022968	20023160	192	192	102.00	232.00	147.16	128.50	28255.00
chr2	39055481	39055578	97	97	71.00	120.00	101.69	104.00	9864.00
chr19	16793231	16793528	297	297	2.00	24.00	11.94	12.00	3547.00
chr2	219205450	219205509	59	59	12.00	19.00	14.78	14.00	872.00
chr17	74087429	74087729	300	300	23.00	67.00	47.35	45.00	14204.00
chr3	184058150	184060036	1886	1886	6.00	164.00	45.50	31.00	85820.00
chr6	90333128	90333263	135	135	45.00	89.00	71.64	77.00	9672.00
chr12	125267019	125267429	410	410	11.00	38.00	22.46	21.00	9208.00
chr1	207942580	207943104	524	524	14.00	161.00	110.90	123.00	58114.00
chr4	89356876	89357043	167	167	5.00	17.00	12.28	14.00	2051.00
chr7	101995498	101995736	238	238	22.00	124.00	56.44	46.00	13432.00
chr3	11067458	11067562	104	104	111.00	183.00	148.96	146.00	15492.00
chr5	95734582	95734740	158	158	3.00	9.00	6.58	6.00	1039.00
chr6	152529106	152529341	235	235	54.00	140.00	94.49	94.00	22204.00
chr5	102295578	102295763	185	185	100.00	133.00	113.24	112.00	20949.00
chr22	21072980	21073110	130	130	140.00	327.00	227.38	234.50	29559.00
chr12	121855306	121855714	408	408	73.00	208.00	117.63	114.00	47993.00
chr1	160326389	160326544	155	155	104.00	133.00	119.80	120.00	18569.00
chr11	60670930	60671007	77	77	138.00	164.00	150.16	150.00	11562.00
chr17	79804822	79804948	126	126	267.00	388.00	327.74	326.50	41295.00
chr16	18527204	18527332	128	128	105.00	203.00	147.47	140.00	18876.00
chr16	16372518	16372646	128	128	120.00	208.00	159.18	155.50	20375.00
chr2	32750530	32750695	165	165	82.00	117.00	98.73	99.00	16290.00
chr14	69369193	69369279	86	86	71.00	89.00	80.13	80.00	6891.00
chr7	66418212	66418356	144	144	110.00	170.00	140.32	138.00	20206.00
chr6	44107988	44108097	109	109	153.00	203.00	182.87	186.00	19933.00
chr7	70885893	70886091	198	198	61.00	172.00	103.81	85.00	20555.00
chr8	27295281	27295397	116	116	36.00	76.00	57.87	58.00	6713.00
chr7	73122918	73123018	100	100	293.00	415.00	367.74	365.50	36774.00
chr15	34698874	34699071	197	197	91.00	207.00	144.42	145.00	28450.00
chr8	22009343	22009513	170	170	0.00	11.00	4.35	1.00	740.00
chr7	1526557	1526737	180	180	30.00	133.00	72.39	70.50	13031.00
chr5	178053946	178054065	119	119	11.00	302.00	143.93	127.00	17128.00
chr12	6103027	6103369	342	342	10.00	23.00	15.30	15.00	5231.00
chr2	3479491	3480482	991	991	6.00	49.00	26.09	27.00	25860.00
chr3	33883388	33883566	178	178	112.00	228.00	174.62	183.50	31083.00
chr19	11019778	11019883	105	105	159.00	326.00	257.72	300.00	27061.00
chr7	98446205	98446318	113	113	100.00	321.00	224.01	205.00	25313.00
chr8	106813274	106813932	658	658	20.00	59.00	40.26	40.00	26489.00
chr2	223795338	223795530	192	192	240.00	506.00	336.88	324.00	64681.00
chr7	75511146	75511554	408	408	70.00	297.00	164.91	150.50	67284.00
chr21	40184926	40185038	112	112	24.00	47.00	36.03	41.00	4035.00
chr19	53383575	53385236	1661	1661	30.00	177.00	100.49	97.00	166912.00
chr19	14208130	14208295	165	165	2.00	213.00	140.51	181.00	23184.00
chr15	91461013	91461618	605	605	11.00	171.00	60.57	33.00	36642.00
chr8	145278010	145278133	123	123	27.00	41.00	33.80	33.00	4158.00
chr16	28132990	28133083	93	93	132.00	236.00	196.11	205.00	18238.00
chr11	125280091	125280221	130	130	35.00	45.00	41.47	42.00	5391.00
chr15	63128089	63128317	228	228	3.00	53.00	35.48	43.00	8089.00
chr9	131181435	131181557	122	122	2.00	8.00	5.46	6.00	666.00
chr19	3281196	3281343	147	147	268.00	521.00	426.08	453.00	62634.00
chr11	6240200	6240280	80	80	50.00	68.00	58.83	59.50	4706.00
chr20	31019123	31019287	164	164	106.00	172.00	141.59	141.50	23220.00
chr6	46825865	46827260	1395	1395	3.00	23.00	13.21	14.00	18426.00
chr12	1672006	1672666	660	660	0.00	27.00	8.27	6.00	5459.00
chr12	9098824	9099001	177	177	102.00	140.00	118.69	120.00	21008.00
chr7	121738503	121738630	127	127	41.00	58.00	49.21	50.00	6250.00
chr19	40875814	40875935	121	121	231.00	305.00	266.03	267.00	32190.00
chr20	3581592	3581671	79	79	90.00	179.00	129.99	141.00	10269.00
chr17	7226965	7227042	77	77	67.00	97.00	83.49	88.00	6429.00
chr2	74331800	74332809	1009	1009	47.00	234.00	110.18	101.00	111172.00
chr1	209785136	209785610	474	474	1.00	35.00	16.53	15.00	7835.00
chr9	35546426	35548532	2106	2106	117.00	366.00	206.66	195.00	435219.00
chr17	80040198	80040290	92	92	434.00	569.00	486.71	472.50	44777.00
chr11	73074791	73075284	493	493	13.00	85.00	39.09	25.00	19270.00
chr20	44674976	44675075	99	99	23.00	48.00	35.80	35.00	3544.00
chr20	5892091	5892328	237	237	26.00	99.00	73.35	81.00	17385.00
chr17	20316581	20317594	1013	1013	8.00	58.00	27.79	25.00	28155.00
chr12	99478702	99478801	99	99	108.00	159.00	132.25	135.00	13093.00
chr17	40842756	40842960	204	204	4.00	11.00	7.45	7.00	1520.00
chr11	107501142	107501288	146	146	239.00	362.00	289.37	286.00	42248.00
chr11	85429236	85429532	296	296	0.00	0.00	0.00	0.00	0.00
chr20	9449217	9449319	102	102	23.00	38.00	34.13	35.00	3481.00
chr14	23371395	23371591	196	196	109.00	187.00	147.57	147.50	28924.00
chr7	716865	716957	92	92	418.00	532.00	474.73	472.00	43675.00
chr10	48862360	48862682	322	322	0.00	11.00	2.34	1.00	753.00
chr10	68686678	68688210	1532	1532	30.00	89.00	51.68	49.00	79174.00
chr5	179674854	179674926	72	72	55.00	84.00	74.10	77.00	5335.00
chr1	209773327	209773456	129	129	19.00	38.00	26.98	27.00	3480.00
chr17	45691034	45691091	57	57	442.00	498.00	467.23	464.00	26632.00
chr1	19669871	19670118	247	247	34.00	77.00	56.67	54.00	13997.00
chr17	45664025	45664710	685	685	12.00	459.00	119.29	80.00	81715.00
chr19	2337634	2338840	1206	1206	13.00	99.00	46.30	45.00	55842.00
chr8	22011480	22011552	72	72	3.00	11.00	5.85	5.00	421.00
