#chrom	start	end	size	num_data	min	max	mean	median	sum
chr12	1940100	1940691	591	591	2.00	13.00	6.86	7.00	4055.00
chr1	27480473	27481381	908	908	4.00	31.00	16.32	16.00	14815.00
chr15	63112684	63112809	125	125	91.00	135.00	110.02	112.00	13752.00
chr5	149231737	149232254	517	517	0.00	4.00	1.95	2.00	1008.00
chr5	140865429	140867182	1753	1753	123.00	391.00	231.68	226.00	406127.00
chr1	32209793	32209958	165	165	124.00	219.00	178.61	182.00	29470.00
chr16	87873307	87873431	124	124	137.00	366.00	246.10	239.00	30517.00
chr17	34157438	34158175	737	737	14.00	49.00	33.96	34.00	25032.00
chr2	127815619	127816088	469	469	14.00	53.00	34.62	39.00	16238.00
chr1	208212965	208213112	147	147	210.00	291.00	259.75	263.00	38183.00
chr22	19703883	19704666	783	783	54.00	263.00	129.69	114.00	101548.00
chr16	87872319	87872423	104	104	132.00	173.00	151.20	146.00	15725.00
chr9	140055740	140055868	128	128	363.00	448.00	403.70	407.50	51673.00
chr22	21096515	21096643	128	128	160.00	224.00	182.46	180.00	23355.00
chr9	140056321	140056540	219	219	1.00	504.00	315.94	377.00	69190.00
chr11	78379981	78380253	272	272	69.00	158.00	106.74	107.50	29032.00
chr3	11070420	11070533	113	113	72.00	85.00	79.14	79.00	8943.00
chr1	109812554	109813222	668	668	10.00	458.00	175.90	191.00	117502.00
chr2	220161954	220162155	201	201	73.00	113.00	96.37	95.00	19370.00
chr15	74706887	74707086	199	199	85.00	143.00	105.89	101.00	21072.00
chr17	7318829	7319426	597	597	269.00	740.00	479.10	480.00	286025.00
chr1	21560050	21560154	104	104	18.00	29.00	24.26	24.00	2523.00
chr1	25573799	25573952	153	153	23.00	525.00	346.14	382.00	52959.00
chr14	93198993	93199160	167	167	58.00	102.00	83.89	85.00	14009.00
chr1	205554003	205554119	116	116	0.00	1.00	0.50	0.50	58.00
chr1	9795005	9795232	227	227	588.00	1079.00	854.01	850.00	193861.00
chr17	42426525	42426670	145	145	38.00	66.00	52.64	53.00	7633.00
chr18	70205887	70206179	292	292	115.00	1344.00	559.92	165.50	163497.00
chr1	205553082	205553251	169	169	0.00	4.00	0.95	1.00	160.00
chr9	140056623	140056766	143	143	6.00	396.00	205.57	221.00	29396.00
chr6	33412147	33412394	247	247	8.00	726.00	396.14	502.00	97846.00
chr12	89992366	89992547	181	181	1.00	138.00	91.57	100.00	16574.00
chr2	220088827	220089576	749	749	48.00	150.00	86.52	81.00	64801.00
chr14	100763073	100765222	2149	2149	98.00	286.00	167.18	161.00	359280.00
chr1	110740697	110742543	1846	1846	0.00	67.00	36.68	36.00	67720.00
chr1	149878201	149879758	1557	1557	14.00	835.00	183.40	50.00	285558.00
chr3	197264139	197265259	1120	1120	0.00	20.00	7.15	6.00	8004.00
chr8	56449623	56450530	907	907	23.00	129.00	71.35	68.00	64717.00
chr9	139354208	139354326	118	118	101.00	160.00	125.03	120.00	14753.00
chr1	32204908	32205236	328	328	203.00	366.00	252.09	242.00	82684.00
chr7	75608768	75608897	129	129	173.00	225.00	201.73	203.00	26023.00
chr19	45161029	45161178	149	149	35.00	73.00	53.40	52.00	7957.00
chr19	5243911	5244493	582	582	228.00	566.00	389.81	381.50	226871.00
chr6	32119585	32119717	132	132	2.00	31.00	20.16	24.00	2661.00
chr3	42670878	42672067	1189	1189	11.00	119.00	53.18	49.00	63227.00
chr11	45892392	45892485	93	93	60.00	100.00	74.30	75.00	6910.00
chr17	80040789	80040991	202	202	716.00	1159.00	857.68	820.50	173252.00
chr2	74902875	74903036	161	161	53.00	91.00	73.71	73.00	11867.00
chr17	38335969	38337946	1977	1977	1.00	94.00	13.23	10.00	26147.00
chr16	87870103	87870253	150	150	161.00	244.00	198.77	194.00	29816.00
chr1	32205947	32206142	195	195	270.00	410.00	343.38	345.00	66959.00
chr6	44117553	44117702	149	149	18.00	427.00	274.88	342.00	40957.00
chr1	159163659	159163830	171	171	986.00	1241.00	1097.74	1103.00	187713.00
chr3	445565	446023	458	458	19.00	40.00	27.34	27.00	12520.00
chr2	25048913	25048995	82	82	99.00	132.00	116.29	117.50	9536.00
chr10	99504485	99504672	187	187	86.00	168.00	128.91	131.00	24106.00
chr4	54364807	54365010	203	203	98.00	156.00	129.21	132.00	26230.00
chr17	1634367	1634552	185	185	8.00	20.00	14.16	15.00	2619.00
chr7	72416124	72416247	123	123	61.00	137.00	100.87	91.00	12407.00
chr1	208212169	208212329	160	160	207.00	288.00	249.64	255.00	39942.00
chr9	140952500	140952702	202	202	110.00	233.00	155.48	152.00	31406.00
chr6	44197325	44197528	203	203	10.00	31.00	20.47	21.00	4155.00
chr6	44197643	44198218	575	575	6.00	34.00	18.07	15.00	10392.00
chr11	118981972	118982084	112	112	80.00	105.00	91.58	91.00	10257.00
chr5	150503846	150503952	106	106	6.00	286.00	203.49	249.00	21570.00
chr11	118981761	118981878	117	117	98.00	137.00	113.08	111.00	13230.00
chr11	126314873	126315000	127	127	68.00	94.00	82.56	81.00	10485.00
chr1	159165808	159166244	436	436	40.00	1133.00	246.31	72.00	107392.00
chr7	134893542	134893750	208	208	34.00	67.00	49.22	46.00	10237.00
chr9	121976196	121976433	237	237	53.00	91.00	69.32	67.00	16430.00
chr19	54691042	54691169	127	127	101.00	223.00	151.10	138.00	19190.00
chr22	38621430	38621600	170	170	92.00	122.00	107.25	108.00	18233.00
chr13	42035681	42036205	524	524	0.00	11.00	4.46	4.00	2338.00
chr20	1915360	1915413	53	53	1.00	120.00	81.45	102.00	4317.00
chr5	14496987	14497126	139	139	507.00	693.00	571.67	563.00	79462.00
chr12	56528125	56528212	87	87	25.00	52.00	37.61	39.00	3272.00
chr3	47466974	47467101	127	127	141.00	180.00	155.37	153.00	19732.00
chr17	7415476	7415663	187	187	120.00	204.00	150.05	143.00	28060.00
chr3	33588037	33589252	1215	1215	26.00	107.00	64.38	66.00	78216.00
chr7	887833	888615	782	782	30.00	181.00	86.97	74.00	68013.00
chr10	24813251	24813693	442	442	0.00	18.00	7.97	9.00	3521.00
chr1	109812045	109812213	168	168	172.00	312.00	226.42	213.00	38038.00
chr19	15276597	15276902	305	305	41.00	84.00	63.99	65.00	19518.00
chr16	2334779	2334999	220	220	166.00	269.00	214.42	206.00	47173.00
chr16	68404761	68405261	500	500	153.00	264.00	204.11	205.00	102055.00
chr4	110969111	110969871	760	760	45.00	134.00	82.83	80.00	62948.00
chr1	145693161	145693996	835	835	28.00	162.00	69.64	57.00	58148.00
chr7	44282848	44282932	84	84	269.00	365.00	334.63	340.00	28109.00
chr2	220164315	220164508	193	193	7.00	72.00	31.18	15.00	6017.00
chr12	50472203	50472360	157	157	174.00	229.00	203.82	205.00	32000.00
chr2	220163768	220163833	65	65	110.00	149.00	133.97	136.00	8708.00
chr2	222289928	222290862	934	934	66.00	174.00	115.18	114.00	107577.00
chr12	57599133	57599268	135	135	213.00	393.00	273.37	259.00	36905.00
chr7	157475416	157475629	213	213	130.00	257.00	181.19	166.00	38593.00
chr1	32203800	32203927	127	127	172.00	444.00	316.26	326.00	40165.00
chr1	109811731	109811912	181	181	192.00	333.00	267.64	268.00	48443.00
chr9	140052830	140052975	145	145	230.00	821.00	533.82	527.00	77404.00
chr2	220161706	220161854	148	148	79.00	134.00	114.32	120.00	16920.00
chr16	29896906	29897070	164	164	227.00	431.00	340.79	356.00	55890.00
chr16	47143393	47143622	229	229	551.00	756.00	648.97	651.00	148615.00
chr11	993753	993985	232	232	161.00	364.00	263.58	241.00	61150.00
chr9	124059698	124061137	1439	1439	0.00	3.00	0.69	0.00	1000.00
chr9	140350140	140350634	494	494	18.00	109.00	69.65	70.00	34407.00
chr11	14504577	14504697	120	120	178.00	277.00	222.24	217.00	26669.00
chr3	49898612	49898733	121	121	792.00	1334.00	1077.18	1105.00	130339.00
chr9	131811659	131811777	118	118	61.00	81.00	72.79	74.00	8589.00
chr9	131810705	131810818	113	113	57.00	79.00	69.38	71.00	7840.00
chr1	223400935	223401080	145	145	30.00	52.00	41.93	44.00	6080.00
chr12	125612185	125612820	635	635	7.00	91.00	26.98	17.00	17132.00
chr2	220088590	220088744	154	154	63.00	95.00	85.20	88.00	13121.00
chr9	70888487	70888750	263	263	5.00	33.00	22.00	23.00	5787.00
chr14	69813756	69813898	142	142	64.00	95.00	75.75	74.00	10756.00
chr2	47399145	47399890	745	745	28.00	535.00	108.19	90.00	80600.00
chr11	62688689	62689041	352	352	8.00	35.00	20.22	19.00	7117.00
chr6	43745205	43745407	202	202	30.00	138.00	111.11	108.00	22445.00
chr3	11072492	11072997	505	505	16.00	160.00	51.40	34.00	25957.00
chr7	2696031	2696168	137	137	700.00	1031.00	886.00	925.00	121382.00
chr16	14969196	14969279	83	83	264.00	519.00	408.69	450.00	33921.00
chr17	7377847	7378026	179	179	11.00	18.00	13.95	14.00	2497.00
chr12	65639640	65639719	79	79	109.00	232.00	167.28	165.00	13215.00
chr12	50294912	50295108	196	196	151.00	391.00	202.49	181.00	39689.00
chr19	42485653	42485788	135	135	755.00	1233.00	1005.79	981.00	135781.00
chr10	99509230	99509343	113	113	183.00	288.00	236.67	238.00	26744.00
chr22	38883877	38888120	4243	4243	90.00	2308.00	499.23	426.00	2118229.00
chr12	49416372	49416658	286	286	95.00	147.00	127.45	132.00	36452.00
chr6	24843089	24843782	693	693	19.00	52.00	33.62	34.00	23298.00
chr5	176295561	176295665	104	104	85.00	140.00	100.97	93.00	10501.00
chr10	99510087	99510227	140	140	205.00	306.00	250.42	245.00	35059.00
chr1	159173658	159174770	1112	1112	15.00	180.00	62.64	51.00	69655.00
chr11	1780745	1780869	124	124	175.00	333.00	268.46	293.00	33289.00
chr19	42486059	42486258	199	199	637.00	1132.00	890.73	900.00	177255.00
chr3	47465422	47465535	113	113	124.00	184.00	148.92	149.00	16828.00
chr1	21573713	21573856	143	143	30.00	40.00	34.26	34.00	4899.00
chr11	65320330	65320453	123	123	102.00	137.00	116.49	118.00	14328.00
chr3	47462420	47462519	99	99	175.00	244.00	216.21	225.00	21405.00
chr2	219204751	219204864	113	113	19.00	37.00	30.64	33.00	3462.00
chr1	43906123	43906257	134	134	29.00	49.00	37.94	35.00	5084.00
chr7	38785158	38785840	682	682	28.00	303.00	80.34	62.00	54794.00
chr2	153499932	153500058	126	126	240.00	413.00	325.17	340.00	40971.00
chr1	32203011	32203132	121	121	26.00	368.00	283.21	333.00	34269.00
chr22	42290823	42290941	118	118	605.00	1194.00	957.02	962.50	112928.00
chr19	47940718	47940818	100	100	123.00	263.00	204.76	215.00	20476.00
chr4	119539150	119539274	124	124	9.00	61.00	41.96	50.00	5203.00
chr17	44117067	44117250	183	183	144.00	202.00	178.27	183.00	32623.00
chr19	42485873	42485983	110	110	733.00	872.00	796.54	802.00	87619.00
chr6	44114583	44114664	81	81	185.00	241.00	216.30	217.00	17520.00
chr19	47941105	47941292	187	187	5.00	262.00	143.71	195.00	26873.00
chr11	73074250	73074500	250	250	61.00	106.00	81.46	77.00	20366.00
chr3	33418764	33418825	61	61	189.00	259.00	223.67	227.00	13644.00
chr1	700258	700505	247	247	12.00	53.00	29.64	27.00	7320.00
chr9	74319510	74319719	209	209	23.00	57.00	33.64	30.00	7030.00
chr16	2336694	2336968	274	274	112.00	333.00	216.50	207.00	59322.00
chr20	3575125	3575219	94	94	111.00	198.00	126.62	119.00	11902.00
chr9	139231377	139231529	152	152	277.00	472.00	398.43	420.50	60562.00
chr5	140515951	140516498	547	547	20.00	76.00	46.92	45.00	25665.00
chr1	21938208	21938309	101	101	98.00	135.00	120.76	121.00	12197.00
chr3	155659188	155659936	748	748	17.00	147.00	93.26	106.00	69760.00
chr16	27483068	27483241	173	173	120.00	187.00	145.25	136.00	25129.00
chr11	994071	994245	174	174	80.00	204.00	161.90	179.50	28170.00
chr7	71175745	71175913	168	168	112.00	197.00	158.88	163.00	26692.00
chr12	121204065	121204175	110	110	174.00	254.00	229.40	236.50	25234.00
chr7	73118679	73118753	74	74	404.00	582.00	477.12	460.50	35307.00
chr9	140972565	140972710	145	145	113.00	166.00	138.29	133.00	20052.00
chr12	121683329	121684024	695	695	16.00	79.00	37.62	35.00	26143.00
chr16	74493579	74493687	108	108	149.00	230.00	186.95	182.50	20191.00
chr2	36771518	36771641	123	123	101.00	150.00	122.02	120.00	15009.00
chr7	94187181	94187996	815	815	9.00	51.00	30.11	30.00	24538.00
chr14	94156951	94157239	288	288	4.00	18.00	11.52	11.00	3319.00
chr7	121739000	121739524	524	524	8.00	30.00	17.04	17.00	8929.00
chr1	19549117	19549328	211	211	74.00	132.00	94.70	89.00	19982.00
chr19	5214571	5214747	176	176	484.00	964.00	631.37	608.50	111121.00
chr19	42557753	42557861	108	108	212.00	297.00	265.06	272.00	28627.00
chr15	102510686	102510925	239	239	4.00	139.00	74.10	67.00	17709.00
chr5	167673761	167675376	1615	1615	50.00	196.00	113.49	111.00	183284.00
chr7	44282158	44282253	95	95	279.00	391.00	328.28	320.00	31187.00
chr2	160621061	160621717	656	656	47.00	254.00	87.04	80.00	57095.00
chr5	10426501	10426634	133	133	321.00	587.00	489.20	528.00	65064.00
chr16	1814301	1814460	159	159	235.00	343.00	286.69	285.00	45583.00
chr11	21581734	21581928	194	194	46.00	102.00	66.75	61.00	12950.00
chr3	126749085	126749255	170	170	227.00	311.00	266.69	276.00	45338.00
chr11	12237765	12237866	101	101	23.00	38.00	30.00	28.00	3030.00
chr6	31750872	31750963	91	91	226.00	287.00	264.93	268.00	24109.00
chr3	53124201	53124398	197	197	14.00	31.00	22.16	22.00	4366.00
chr2	220161470	220161544	74	74	106.00	130.00	119.22	120.00	8822.00
chr2	128951046	128951785	739	739	23.00	184.00	87.73	85.00	64836.00
chr5	24535811	24535931	120	120	155.00	220.00	181.53	182.50	21784.00
chr1	44083406	44083582	176	176	186.00	381.00	255.57	229.50	44980.00
chr1	32207653	32207818	165	165	180.00	291.00	224.28	213.00	37007.00
chr12	7293754	7294000	246	246	2.00	339.00	201.13	291.00	49478.00
chr3	131442289	131442469	180	180	28.00	48.00	39.49	41.00	7109.00
chr3	49898871	49899298	427	427	140.00	1263.00	560.43	590.00	239303.00
chr16	66432358	66432464	106	106	26.00	37.00	31.59	31.00	3349.00
chr1	20982593	20982680	87	87	446.00	528.00	487.09	488.00	42377.00
chr16	68398653	68398809	156	156	211.00	296.00	244.78	237.00	38186.00
chr17	16676818	16678279	1461	1461	53.00	281.00	130.58	111.00	190775.00
chr1	109814899	109815027	128	128	218.00	330.00	267.29	263.00	34213.00
chr1	21940478	21940582	104	104	106.00	144.00	129.50	136.00	13468.00
chr20	57468284	57468793	509	509	25.00	68.00	46.38	48.00	23605.00
chr3	127358087	127358366	279	279	566.00	1621.00	977.91	932.00	272836.00
chr3	126735359	126735527	168	168	152.00	222.00	183.68	182.00	30859.00
chr10	103869140	103869264	124	124	641.00	1347.00	941.38	853.00	116731.00
chr20	44520554	44520666	112	112	38.00	53.00	44.74	45.00	5011.00
chr1	32203252	32203356	104	104	141.00	264.00	209.66	225.50	21805.00
chr21	40186196	40186316	120	120	15.00	47.00	30.46	30.00	3655.00
chr5	111067153	111068349	1196	1196	33.00	143.00	103.20	106.00	123433.00
chr9	128002954	128003186	232	232	268.00	413.00	354.38	363.50	82216.00
chr1	43408896	43408992	96	96	90.00	150.00	123.26	124.00	11833.00
chr3	47463931	47464026	95	95	180.00	207.00	192.75	194.00	18311.00
chr2	220161160	220161238	78	78	114.00	137.00	125.60	125.50	9797.00
chr11	62472772	62473089	317	317	211.00	719.00	403.50	369.00	127908.00
chr9	130986341	130986906	565	565	17.00	304.00	101.44	49.00	57313.00
chr14	69358769	69359000	231	231	73.00	102.00	86.77	87.00	20045.00
chr11	64416205	64416379	174	174	180.00	381.00	295.75	310.00	51461.00
chr17	8398454	8398559	105	105	469.00	717.00	607.67	615.00	63805.00
chr12	53572943	53574193	1250	1250	22.00	127.00	74.43	76.00	93033.00
chr17	17696544	17701827	5283	5283	51.00	229.00	108.88	107.00	575232.00
chr8	11705187	11705331	144	144	185.00	248.00	219.86	222.00	31660.00
chr19	54963829	54963931	102	102	300.00	487.00	395.58	373.50	40349.00
chr2	70451682	70456295	4613	4613	29.00	949.00	224.09	204.00	1033729.00
chr11	118873959	118874169	210	210	11.00	30.00	20.65	20.50	4336.00
chr10	75548427	75548581	154	154	128.00	190.00	164.21	168.00	25288.00
chr6	33414351	33414563	212	212	395.00	661.00	564.79	583.00	119735.00
chr17	80042910	80043032	122	122	403.00	501.00	458.67	458.00	55958.00
chr11	11470290	11470483	193	193	23.00	61.00	35.95	32.00	6938.00
chr8	23294446	23294771	325	325	81.00	148.00	105.14	104.00	34170.00
chr1	116932060	116932663	603	603	7.00	654.00	226.56	23.00	136614.00
chr15	83222627	83222741	114	114	0.00	1.00	0.11	0.00	12.00
chr3	9841562	9841751	189	189	17.00	36.00	24.14	23.00	4562.00
chr1	116937731	116937907	176	176	348.00	639.00	435.51	406.50	76649.00
chr16	87868019	87868197	178	178	102.00	207.00	154.21	162.00	27450.00
chr3	124209540	124209731	191	191	87.00	139.00	115.59	113.00	22077.00
chr7	71142195	71142291	96	96	177.00	295.00	217.07	203.00	20839.00
chr5	130497324	130497584	260	260	15.00	53.00	35.88	37.00	9328.00
chr13	100199238	100199358	120	120	239.00	500.00	349.62	322.50	41955.00
chr5	139943336	139943506	170	170	81.00	233.00	186.09	185.50	31635.00
chr17	74395529	74396002	473	473	104.00	282.00	188.18	183.00	89009.00
chr14	93179149	93179216	67	67	86.00	106.00	96.97	98.00	6497.00
chr4	160277004	160277310	306	306	18.00	268.00	110.73	106.50	33884.00
chr17	40666306	40666478	172	172	192.00	316.00	257.32	259.50	44259.00
chr15	34828065	34828207	142	142	18.00	346.00	200.83	200.00	28518.00
chr14	100165802	100165876	74	74	18.00	24.00	21.99	23.00	1627.00
chr22	20128089	20128231	142	142	25.00	104.00	70.99	92.00	10081.00
chr12	3392210	3394421	2211	2211	9.00	117.00	60.53	63.00	133829.00
chr17	16687866	16690667	2801	2801	12.00	218.00	66.88	58.00	187332.00
chr6	31664724	31664810	86	86	129.00	200.00	167.64	166.00	14417.00
chr6	30627512	30627611	99	99	43.00	57.00	50.77	51.00	5026.00
chr11	18752834	18755060	2226	2226	17.00	506.00	123.57	103.00	275057.00
chr12	109332602	109332731	129	129	146.00	237.00	196.51	207.00	25350.00
chr6	90072884	90073110	226	226	8.00	21.00	13.54	12.00	3059.00
chr16	2689371	2689711	340	340	0.00	4.00	0.86	1.00	293.00
chr1	20987373	20987484	111	111	377.00	572.00	473.21	471.00	52526.00
chr14	85985300	85986667	1367	1367	6.00	42.00	24.10	24.00	32951.00
chr13	32863769	32863880	111	111	80.00	110.00	98.48	101.00	10931.00
chr16	1510418	1510528	110	110	77.00	102.00	88.73	86.00	9760.00
chr19	54963269	54963444	175	175	424.00	577.00	478.54	479.00	83745.00
chr6	44224078	44224233	155	155	86.00	115.00	98.73	99.00	15303.00
chr20	3151172	3152285	1113	1113	6.00	54.00	24.91	23.00	27730.00
chr1	892273	892405	132	132	179.00	308.00	222.45	212.50	29363.00
chr16	90192167	90192724	557	557	4.00	29.00	14.48	13.00	8063.00
chr9	111663704	111663810	106	106	110.00	150.00	128.16	126.00	13585.00
chr6	44108764	44108835	71	71	223.00	287.00	250.79	254.00	17806.00
chr1	36028802	36029027	225	225	320.00	557.00	404.32	393.00	90971.00
chr11	66807259	66807674	415	415	0.00	3.00	0.36	0.00	150.00
chr1	178426817	178427679	862	862	54.00	163.00	92.06	85.00	79360.00
chr19	42482302	42482478	176	176	656.00	1058.00	773.82	770.00	136193.00
chr1	44084718	44084873	155	155	158.00	403.00	237.42	210.00	36800.00
chr1	109812315	109812442	127	127	192.00	271.00	220.54	216.00	28009.00
chr3	180324268	180324391	123	123	152.00	259.00	226.11	233.00	27811.00
chr15	63933668	63933842	174	174	122.00	234.00	173.64	156.00	30214.00
chr20	44521363	44521519	156	156	52.00	78.00	66.03	67.00	10301.00
chr3	33416779	33416910	131	131	107.00	205.00	142.19	132.00	18627.00
chr1	21934624	21934843	219	219	2.00	113.00	64.34	93.00	14090.00
chr14	69799801	69799886	85	85	42.00	62.00	48.73	48.00	4142.00
chr1	116936134	116936345	211	211	6.00	603.00	404.00	430.00	85245.00
chr14	23634493	23634645	152	152	7.00	19.00	13.64	15.00	2073.00
chr16	1402538	1402947	409	409	13.00	36.00	24.93	25.00	10197.00
chr9	20331	25000	4669	4669	0.00	673.00	158.12	136.00	738284.00
chr17	43545574	43545959	385	385	16.00	41.00	28.28	28.00	10887.00
chr13	100201418	100201476	58	58	264.00	376.00	304.00	303.50	17632.00
chr15	41865505	41865665	160	160	62.00	113.00	83.38	84.50	13341.00
chr19	19641688	19642196	508	508	26.00	60.00	43.47	44.00	22082.00
chr11	134147593	134148159	566	566	2.00	8.00	5.09	5.00	2881.00
chr2	71656420	71657290	870	870	5.00	49.00	29.79	30.00	25919.00
chr7	97834775	97835016	241	241	53.00	145.00	100.99	100.00	24339.00
chr19	13363804	13363915	111	111	109.00	158.00	137.05	137.00	15212.00
chr18	31328383	31329011	628	628	124.00	295.00	203.31	200.00	127679.00
chr16	66431884	66432009	125	125	15.00	29.00	22.30	22.00	2787.00
chr19	47935155	47935702	547	547	10.00	293.00	98.07	105.00	53646.00
chr12	50291769	50291873	104	104	83.00	150.00	113.07	112.50	11759.00
chr11	1780198	1780317	119	119	140.00	295.00	197.13	180.00	23458.00
chr15	65392626	65393167	541	541	7.00	24.00	14.83	15.00	8023.00
chr2	86397871	86397967	96	96	123.00	206.00	159.40	162.50	15302.00
chr7	97866087	97866233	146	146	71.00	174.00	103.92	100.50	15173.00
chr11	60687157	60687402	245	245	50.00	87.00	69.06	70.00	16920.00
chr21	43307700	43309453	1753	1753	1.00	30.00	13.82	14.00	24231.00
chr14	24619269	24619657	388	388	25.00	71.00	42.61	42.00	16531.00
chr11	65320634	65320727	93	93	91.00	110.00	100.56	100.00	9352.00
chr16	29891184	29891385	201	201	230.00	369.00	310.63	317.00	62436.00
chr1	32207224	32207326	102	102	436.00	621.00	541.07	557.50	55189.00
chr11	72300218	72300394	176	176	4.00	147.00	45.47	8.00	8002.00
chr17	7608878	7609038	160	160	49.00	251.00	159.11	166.50	25457.00
chr19	7607646	7607814	168	168	55.00	75.00	66.17	66.00	11116.00
chr19	54966129	54966271	142	142	274.00	422.00	365.75	377.00	51936.00
chr12	57995027	57995131	104	104	71.00	93.00	84.44	85.00	8782.00
chr1	27428875	27429049	174	174	13.00	26.00	19.89	19.00	3460.00
chr2	27688277	27688385	108	108	53.00	68.00	59.16	59.00	6389.00
chr16	2691449	2692254	805	805	0.00	44.00	9.63	6.00	7752.00
chr9	131503813	131503933	120	120	208.00	239.00	226.05	227.00	27126.00
chr16	2347766	2347922	156	156	192.00	240.00	211.34	211.00	32969.00
chr17	80039884	80040036	152	152	742.00	1097.00	917.29	950.50	139428.00
chr1	32204432	32204538	106	106	204.00	512.00	360.73	372.00	38237.00
chr12	9242951	9243078	127	127	56.00	77.00	66.20	67.00	8408.00
chr3	49702661	49702751	90	90	96.00	123.00	115.19	116.00	10367.00
chr19	35820359	35820837	478	478	0.00	0.00	0.00	0.00	0.00
chr1	201456762	201457615	853	853	1.00	8.00	4.51	5.00	3847.00
chr16	2334279	2334438	159	159	149.00	227.00	192.48	192.00	30604.00
chr10	73578373	73578481	108	108	1111.00	1434.00	1274.34	1286.00	137629.00
chr16	18530550	18530756	206	206	6.00	260.00	108.00	139.00	22249.00
chr16	16369094	16369300	206	206	7.00	261.00	110.39	143.00	22740.00
chr13	113975636	113975785	149	149	5.00	320.00	133.58	9.00	19904.00
chr11	119293822	119294227	405	405	0.00	491.00	40.62	0.00	16450.00
chr5	150505962	150506041	79	79	120.00	165.00	129.25	126.00	10211.00
chr22	44224939	44225078	139	139	182.00	287.00	230.76	225.00	32076.00
chr15	41865199	41865309	110	110	57.00	82.00	65.36	62.00	7190.00
chr17	25633807	25636298	2491	2491	112.00	1580.00	580.12	472.00	1445081.00
chr15	72495155	72495529	374	374	27.00	715.00	285.70	41.00	106852.00
chr9	42540272	42542124	1852	1852	0.00	4.00	0.79	1.00	1458.00
chr11	119290760	119291704	944	944	1.00	652.00	165.11	28.00	155864.00
chr19	5219949	5220165	216	216	347.00	541.00	436.04	425.00	94184.00
chr15	63910769	63911153	384	384	1.00	37.00	16.70	12.00	6413.00
chr17	74393879	74393969	90	90	168.00	231.00	196.38	196.00	17674.00
chr10	104129467	104129532	65	65	116.00	155.00	126.18	124.00	8202.00
chr3	142454224	142454620	396	396	0.00	15.00	8.20	9.00	3247.00
chr12	121205196	121205396	200	200	194.00	276.00	224.69	224.50	44939.00
chr3	31705570	31705724	154	154	23.00	51.00	31.86	27.00	4907.00
chr6	118635190	118636593	1403	1403	36.00	249.00	165.80	161.00	232615.00
chr8	10339867	10340829	962	962	16.00	140.00	84.32	84.00	81120.00
chr19	16952578	16952779	201	201	202.00	387.00	309.61	317.00	62231.00
chr8	110984486	110985016	530	530	102.00	181.00	138.90	141.00	73617.00
chr9	128001219	128001610	391	391	350.00	921.00	657.91	700.00	257242.00
chr11	73070878	73070997	119	119	63.00	97.00	83.13	86.00	9892.00
chr10	104130140	104130235	95	95	134.00	185.00	164.40	169.00	15618.00
chr5	95733039	95733173	134	134	2.00	3.00	2.23	2.00	299.00
chr19	59059400	59059547	147	147	842.00	1299.00	1029.45	1039.00	151329.00
chr5	139943169	139943255	86	86	67.00	199.00	154.66	160.00	13301.00
chr17	73487771	73487981	210	210	112.00	165.00	142.55	147.00	29935.00
chr1	154315588	154315777	189	189	25.00	72.00	45.10	42.00	8523.00
chr14	95652726	95653070	344	344	0.00	0.00	0.00	0.00	0.00
chr12	123639801	123640772	971	971	14.00	68.00	36.38	35.00	35322.00
chr22	47064870	47065171	301	301	28.00	53.00	41.35	41.00	12447.00
chr5	24535220	24535388	168	168	111.00	167.00	141.21	145.50	23723.00
chr12	6806452	6806958	506	506	60.00	330.00	169.32	179.00	85678.00
chr22	29881711	29881836	125	125	3.00	14.00	8.92	10.00	1115.00
chr7	75894681	75894786	105	105	81.00	143.00	112.49	115.00	11811.00
chr12	121089007	121095893	6886	6886	0.00	11.00	3.08	3.00	21177.00
chr1	207940357	207942365	2008	2008	24.00	151.00	63.89	57.00	128284.00
chr7	154681166	154681240	74	74	199.00	276.00	242.80	240.00	17967.00
chr5	131696513	131697529	1016	1016	24.00	71.00	47.34	46.00	48094.00
chr11	1776135	1776258	123	123	83.00	211.00	134.94	127.00	16598.00
chr8	11706554	11706673	119	119	144.00	193.00	167.63	171.00	19948.00
chr11	18759426	18759511	85	85	224.00	297.00	254.09	249.00	21598.00
chr16	61689373	61689625	252	252	39.00	70.00	55.32	57.00	13941.00
chr15	51750702	51750824	122	122	136.00	172.00	152.79	152.50	18640.00
chr9	35555056	35555698	642	642	183.00	438.00	315.70	324.00	202677.00
chr2	198356200	198356621	421	421	12.00	27.00	20.74	20.00	8732.00
chr9	131001723	131001794	71	71	419.00	546.00	498.17	512.00	35370.00
chr19	5214371	5214491	120	120	642.00	1006.00	868.75	882.50	104250.00
chr22	35719488	35719623	135	135	29.00	45.00	38.23	38.00	5161.00
chr12	121678738	121679829	1091	1091	5.00	50.00	19.61	17.00	21398.00
chr14	23820960	23821064	104	104	405.00	509.00	469.04	481.00	48780.00
chr1	32205710	32205779	69	69	334.00	398.00	363.39	365.00	25074.00
chr3	33420176	33420326	150	150	18.00	241.00	90.60	28.00	13590.00
chr9	114820707	114820966	259	259	15.00	35.00	23.69	24.00	6137.00
chr15	41865876	41866023	147	147	9.00	148.00	115.67	123.00	17004.00
chr19	55554308	55554637	329	329	8.00	23.00	15.98	16.00	5258.00
chr1	116933403	116933513	110	110	524.00	682.00	608.72	603.50	66959.00
chr19	15374230	15374359	129	129	112.00	188.00	157.95	161.00	20376.00
chr12	56090682	56090852	170	170	18.00	27.00	23.37	24.00	3973.00
chr14	69445668	69445876	208	208	29.00	116.00	78.81	94.00	16393.00
chr12	57603474	57603651	177	177	173.00	363.00	279.43	297.00	49459.00
chr22	32897492	32898946	1454	1454	16.00	267.00	115.67	99.00	168180.00
chr16	16367702	16367764	62	62	9.00	283.00	156.69	175.50	9715.00
chr19	5245786	5246056	270	270	310.00	583.00	436.54	416.50	117867.00
chr16	74345440	74345829	389	389	21.00	82.00	49.46	47.00	19241.00
chr6	107096899	107097076	177	177	73.00	104.00	87.85	88.00	15549.00
chr1	29641883	29642019	136	136	77.00	134.00	103.68	97.50	14101.00
chr8	97342440	97342509	69	69	228.00	267.00	248.68	250.00	17159.00
chr8	68116914	68117054	140	140	107.00	206.00	159.05	165.50	22267.00
chr22	22037470	22037546	76	76	97.00	165.00	135.86	139.50	10325.00
chr22	50682147	50683420	1273	1273	32.00	243.00	137.45	141.00	174973.00
chr20	44048971	44049069	98	98	122.00	149.00	137.56	138.00	13481.00
chr1	36904356	36904511	155	155	14.00	25.00	19.94	19.00	3090.00
chr12	71054719	71054877	158	158	28.00	58.00	39.64	39.50	6263.00
chr15	50654364	50655515	1151	1151	49.00	137.00	78.39	75.00	90222.00
chr2	234198499	234198620	121	121	89.00	124.00	109.50	112.00	13250.00
chr9	128001699	128001812	113	113	444.00	602.00	507.90	497.00	57393.00
chr8	38272296	38272419	123	123	110.00	162.00	140.05	139.00	17226.00
chr11	73068069	73068179	110	110	50.00	77.00	63.65	65.50	7002.00
chr16	28123137	28123327	190	190	168.00	286.00	227.29	232.50	43185.00
chr12	49424062	49424222	160	160	31.00	76.00	44.29	37.00	7086.00
chr19	50302885	50303023	138	138	219.00	414.00	299.18	282.50	41287.00
chr19	42480567	42480718	151	151	1145.00	1542.00	1338.98	1372.00	202186.00
chr3	197904395	197905301	906	906	0.00	32.00	13.64	12.00	12358.00
chr13	100189992	100190117	125	125	268.00	337.00	297.94	293.00	37243.00
chr19	14268062	14268272	210	210	274.00	412.00	336.37	336.50	70637.00
chr10	93786886	93787057	171	171	113.00	180.00	151.67	152.00	25936.00
chr1	109808726	109808828	102	102	132.00	214.00	168.19	163.50	17155.00
chr4	134075461	134075520	59	59	446.00	650.00	520.58	516.00	30714.00
chr1	22052268	22053864	1596	1596	17.00	73.00	40.11	38.00	64013.00
chr9	140056855	140056968	113	113	190.00	298.00	244.48	242.00	27626.00
chr19	42482087	42482224	137	137	1064.00	1500.00	1313.80	1343.00	179991.00
chr19	4556962	4557025	63	63	250.00	290.00	266.56	265.00	16793.00
chr19	14266921	14267013	92	92	284.00	409.00	343.12	336.50	31567.00
chr22	42273851	42274127	276	276	15.00	884.00	517.55	737.00	142843.00
chr1	205549788	205550049	261	261	3.00	7.00	4.75	5.00	1241.00
chr1	110765585	110766522	937	937	14.00	41.00	27.36	28.00	25641.00
chr19	55553595	55554158	563	563	15.00	40.00	25.69	27.00	14466.00
chr7	150929881	150931360	1479	1479	11.00	148.00	50.94	44.00	75342.00
chr3	124215157	124215260	103	103	79.00	100.00	89.87	90.00	9257.00
chr16	58220658	58220760	102	102	146.00	200.00	169.85	168.00	17325.00
chr3	10381925	10382033	108	108	89.00	152.00	129.07	130.50	13940.00
chr10	11356101	11356221	120	120	303.00	345.00	320.89	319.50	38507.00
chr22	42294652	42294785	133	133	493.00	1049.00	832.98	840.00	110786.00
chr1	2005531	2005714	183	183	2.00	10.00	6.33	6.00	1159.00
chr12	113722522	113722576	54	54	12.00	18.00	13.76	14.00	743.00
chr9	131502198	131502398	200	200	11.00	245.00	186.47	191.00	37295.00
chr19	40873602	40873786	184	184	333.00	462.00	408.41	408.00	75148.00
chr2	220162606	220162825	219	219	26.00	96.00	49.11	42.00	10756.00
chr16	28270027	28270355	328	328	0.00	2.00	0.61	0.00	200.00
chr4	3225718	3225858	140	140	107.00	138.00	121.74	121.00	17044.00
chr17	44127898	44128070	172	172	141.00	230.00	180.91	184.00	31116.00
chr3	47462043	47462262	219	219	82.00	228.00	139.14	132.00	30472.00
chr6	99873090	99873182	92	92	18.00	776.00	389.26	381.00	35812.00
chr7	142561723	142562504	781	781	144.00	297.00	216.15	219.00	168815.00
chr1	159169540	159169666	126	126	933.00	1166.00	1062.02	1072.00	133815.00
chr19	7606869	7606953	84	84	46.00	65.00	54.36	53.00	4566.00
chr16	2811561	2818298	6737	6737	14.00	984.00	497.33	491.00	3350524.00
chr3	47450652	47450807	155	155	101.00	177.00	139.37	148.00	21603.00
chr11	118403631	118403922	291	291	89.00	152.00	110.94	108.00	32284.00
chr1	205555161	205555335	174	174	1.00	3.00	1.78	2.00	310.00
chr12	125603186	125603311	125	125	67.00	90.00	76.63	76.00	9579.00
chr11	86658288	86659498	1210	1210	43.00	181.00	95.97	93.00	116122.00
chr22	37764946	37768745	3799	3799	24.00	726.00	258.60	230.00	982412.00
chr10	46345664	46346215	551	551	17.00	80.00	41.69	42.00	22969.00
chr22	33673045	33673241	196	196	120.00	258.00	159.54	133.00	31270.00
chr9	140042599	140042666	67	67	4.00	56.00	47.79	50.00	3202.00
chr3	48717233	48717320	87	87	35.00	56.00	47.31	48.00	4116.00
chr11	60681600	60681740	140	140	16.00	63.00	37.21	36.50	5210.00
chr10	93784512	93784724	212	212	100.00	182.00	139.35	129.00	29543.00
chr12	7289424	7290372	948	948	6.00	255.00	76.74	20.00	72748.00
chr3	132387062	132387526	464	464	14.00	50.00	28.76	26.00	13345.00
chr16	2335442	2335647	205	205	155.00	254.00	212.21	215.00	43504.00
chr16	1794782	1797276	2494	2494	20.00	345.00	95.93	79.00	239244.00
chr16	3786036	3786204	168	168	360.00	563.00	458.99	468.00	77110.00
chr9	141131209	141131766	557	557	2.00	22.00	9.05	7.00	5039.00
chr14	92965028	92966015	987	987	0.00	0.00	0.00	0.00	0.00
chr19	54692070	54692200	130	130	81.00	218.00	134.65	95.50	17504.00
chr15	43866006	43866230	224	224	49.00	88.00	65.11	64.00	14584.00
chr3	40231316	40231954	638	638	4.00	17.00	10.35	10.00	6602.00
chr3	50148937	50149455	518	518	19.00	99.00	59.71	58.00	30931.00
chr4	81117505	81117755	250	250	49.00	126.00	92.44	96.50	23111.00
chr10	46740404	46740638	234	234	4.00	44.00	29.47	30.00	6895.00
chr3	124210169	124210271	102	102	65.00	129.00	92.76	85.50	9462.00
chr11	107488830	107488932	102	102	243.00	422.00	329.67	317.50	33626.00
chr9	130591965	130592106	141	141	35.00	58.00	47.52	49.00	6700.00
chr1	20981932	20982027	95	95	342.00	423.00	376.39	376.00	35757.00
chr12	75875613	75875859	246	246	4.00	8.00	5.90	6.00	1452.00
chr22	32046684	32046764	80	80	73.00	127.00	108.33	120.50	8666.00
chr11	70331418	70331658	240	240	34.00	128.00	88.87	102.50	21329.00
chr14	51079976	51080069	93	93	168.00	211.00	187.90	187.00	17475.00
chr17	80041077	80041301	224	224	541.00	1206.00	864.89	875.50	193736.00
chr7	158540884	158540971	87	87	180.00	216.00	197.89	196.00	17216.00
chr1	21553651	21553719	68	68	29.00	39.00	33.43	33.00	2273.00
chr2	219206256	219206349	93	93	16.00	24.00	19.84	20.00	1845.00
chr17	18444211	18445242	1031	1031	93.00	288.00	173.41	167.00	178790.00
chr12	57599340	57599460	120	120	234.00	314.00	267.02	261.00	32043.00
chr11	64417919	64418110	191	191	356.00	682.00	522.76	526.00	99847.00
chr19	3274926	3275650	724	724	25.00	73.00	50.11	52.00	36282.00
chr16	18532086	18532305	219	219	225.00	536.00	344.14	326.00	75366.00
chr17	3776702	3776756	54	54	68.00	93.00	85.54	86.00	4619.00
chr1	116932670	116933033	363	363	6.00	717.00	345.21	560.00	125310.00
chr16	1505731	1505796	65	65	100.00	147.00	129.57	132.00	8422.00
chr1	9794029	9794200	171	171	771.00	1061.00	924.67	913.00	158119.00
chr10	73579221	73579379	158	158	972.00	1489.00	1176.58	1163.00	185899.00
chr11	6411684	6412146	462	462	12.00	83.00	46.45	53.00	21460.00
chr1	159163212	159163350	138	138	884.00	1149.00	964.93	944.50	133161.00
chr16	1816723	1816804	81	81	257.00	333.00	291.33	285.00	23598.00
chr7	91722399	91722630	231	231	16.00	309.00	254.10	264.00	58698.00
chr7	44281816	44281939	123	123	335.00	410.00	371.62	371.00	45709.00
chr2	220467189	220467297	108	108	34.00	51.00	42.45	41.50	4585.00
chr16	4494664	4494729	65	65	109.00	130.00	122.15	123.00	7940.00
chr15	34681844	34681986	142	142	13.00	359.00	265.38	288.50	37684.00
chr9	139995935	139996124	189	189	88.00	142.00	113.23	118.00	21401.00
chr3	180324040	180324160	120	120	161.00	221.00	201.03	202.00	24124.00
chr3	42678359	42681242	2883	2883	117.00	535.00	264.84	247.00	763530.00
chr7	131812776	131815333	2557	2557	16.00	618.00	306.44	288.00	783574.00
chr20	1585387	1585522	135	135	1.00	35.00	18.37	18.00	2480.00
chr3	126751229	126751442	213	213	237.00	352.00	301.97	312.00	64319.00
chr15	63920875	63921014	139	139	115.00	245.00	166.03	158.00	23078.00
chr16	2040128	2040202	74	74	16.00	25.00	20.42	21.00	1511.00
chr9	74324174	74324390	216	216	36.00	59.00	48.15	47.00	10401.00
chr20	44521858	44521950	92	92	56.00	81.00	68.36	68.50	6289.00
chr9	139911647	139911798	151	151	78.00	115.00	90.50	88.00	13666.00
chr9	140055507	140055649	142	142	378.00	576.00	476.43	456.00	67653.00
chr12	120148055	120148191	136	136	6.00	13.00	9.78	10.00	1330.00
chr12	50474280	50474372	92	92	299.00	394.00	353.10	363.00	32485.00
chr15	63125702	63125828	126	126	44.00	99.00	64.24	62.00	8094.00
chr9	20907148	20907241	93	93	75.00	120.00	98.67	90.00	9176.00
chr16	87874655	87874761	106	106	195.00	344.00	285.19	271.00	30230.00
chr2	162833269	162833460	191	191	2.00	270.00	149.26	217.00	28509.00
chr8	11704560	11704677	117	117	151.00	191.00	170.48	168.00	19946.00
chr15	63926931	63927087	156	156	173.00	282.00	244.87	263.00	38199.00
chr6	31668718	31668805	87	87	150.00	193.00	175.34	176.00	15255.00
chr7	148910792	148910906	114	114	45.00	150.00	106.61	125.00	12154.00
chr14	42355808	42357213	1405	1405	52.00	156.00	93.30	95.00	131087.00
chr10	88678928	88679226	298	298	77.00	134.00	92.90	91.00	27684.00
chr3	140998219	140998346	127	127	148.00	244.00	196.54	204.00	24960.00
chr1	144859758	144859998	240	240	91.00	147.00	117.52	121.00	28205.00
chr9	96054772	96055455	683	683	53.00	161.00	108.50	106.00	74107.00
chr19	7604803	7604944	141	141	50.00	106.00	68.06	63.00	9597.00
chr12	30906277	30907432	1155	1155	5.00	159.00	61.28	50.00	70781.00
chr9	131112762	131112854	92	92	48.00	104.00	76.67	77.50	7054.00
chr20	61981328	61982379	1051	1051	32.00	139.00	82.91	82.00	87139.00
chr7	38431348	38431618	270	270	140.00	283.00	187.98	173.50	50755.00
chr20	44521036	44521123	87	87	41.00	57.00	48.72	48.00	4239.00
chr11	64418726	64419108	382	382	228.00	570.00	380.71	358.00	145432.00
chr12	120148344	120150270	1926	1926	0.00	30.00	3.07	1.00	5915.00
chr12	6930971	6931066	95	95	9.00	231.00	118.25	124.00	11234.00
chr16	2339434	2339621	187	187	139.00	261.00	185.34	169.00	34659.00
chr2	27700083	27700187	104	104	67.00	98.00	86.11	88.00	8955.00
chr14	69805367	69805494	127	127	54.00	117.00	82.72	73.00	10506.00
chr12	9242497	9242619	122	122	52.00	69.00	61.86	62.50	7547.00
chr3	58256658	58256791	133	133	52.00	78.00	64.11	66.00	8527.00
chr10	79744927	79745098	171	171	96.00	243.00	164.90	155.00	28198.00
chr1	159161725	159161866	141	141	548.00	868.00	757.96	804.00	106872.00
chr16	31085202	31085519	317	317	11.00	52.00	36.20	36.00	11475.00
chr1	171755018	171755218	200	200	42.00	58.00	49.55	49.00	9909.00
chr9	130988124	130989280	1156	1156	17.00	147.00	92.11	92.00	106475.00
chr15	63127935	63127998	63	63	43.00	71.00	55.11	53.00	3472.00
chr19	1917676	1917821	145	145	17.00	188.00	122.17	134.00	17714.00
chr22	25315792	25315960	168	168	34.00	59.00	44.65	41.00	7501.00
chr2	207943790	207945085	1295	1295	147.00	570.00	337.45	328.00	437000.00
chr11	47330706	47330952	246	246	19.00	462.00	217.76	30.00	53570.00
chr3	142743978	142746095	2117	2117	9.00	327.00	65.13	55.00	137888.00
chr7	44839492	44839694	202	202	25.00	52.00	38.14	41.00	7705.00
chr22	31688260	31688471	211	211	13.00	98.00	65.64	69.00	13850.00
chr11	66333492	66333638	146	146	248.00	355.00	309.05	320.50	45121.00
chr9	131114916	131115026	110	110	98.00	125.00	111.69	113.00	12286.00
chr1	20206	21013	807	807	16.00	448.00	208.77	194.00	168481.00
chr11	108216469	108216635	166	166	67.00	107.00	92.01	93.00	15274.00
chr1	209778880	209779019	139	139	29.00	51.00	41.75	44.00	5803.00
chr1	202935876	202936026	150	150	76.00	145.00	104.76	100.00	15714.00
chr12	57600255	57600524	269	269	250.00	380.00	313.29	313.00	84276.00
chr19	15233503	15233615	112	112	68.00	111.00	86.40	87.00	9677.00
chr8	68115317	68115486	169	169	139.00	246.00	203.17	210.00	34336.00
chr19	13419229	13419342	113	113	114.00	236.00	191.81	194.00	21675.00
chr6	33266815	33267130	315	315	30.00	184.00	99.32	85.00	31287.00
chr16	89780611	89781646	1035	1035	0.00	19.00	7.36	7.00	7616.00
chr12	109964162	109964221	59	59	75.00	89.00	80.85	80.00	4770.00
chr22	24491893	24492045	152	152	69.00	110.00	88.41	87.00	13439.00
chr2	242592926	242593025	99	99	189.00	266.00	224.59	219.00	22234.00
chr1	21937944	21938074	130	130	115.00	186.00	154.34	164.00	20064.00
chr2	223789173	223789313	140	140	155.00	230.00	191.11	193.00	26755.00
chr20	3772318	3772535	217	217	4.00	15.00	9.82	10.00	2132.00
chr16	18531918	18532001	83	83	328.00	552.00	456.96	498.00	37928.00
chr1	43396296	43396537	241	241	67.00	141.00	92.20	85.00	22220.00
chr2	100037960	100038115	155	155	135.00	191.00	163.32	162.00	25314.00
chr16	1500497	1500770	273	273	12.00	89.00	52.55	71.00	14346.00
chr19	40876016	40876144	128	128	362.00	446.00	400.53	395.00	51268.00
chr5	168112691	168112932	241	241	12.00	23.00	16.79	17.00	4047.00
chr2	127825738	127825831	93	93	283.00	326.00	301.20	300.00	28012.00
chr1	19232015	19234990	2975	2975	6.00	103.00	30.31	27.00	90172.00
chr16	1391129	1391196	67	67	8.00	13.00	9.99	9.00	669.00
chr6	33410665	33411689	1024	1024	10.00	596.00	278.09	259.00	284765.00
chr9	95872033	95872266	233	233	5.00	10.00	7.45	7.00	1735.00
chr1	53378627	53378839	212	212	3.00	9.00	6.07	6.00	1287.00
chr2	80531276	80531693	417	417	26.00	115.00	90.50	96.00	37737.00
chr7	44286718	44286791	73	73	279.00	351.00	323.30	327.00	23601.00
chr7	157369304	157369471	167	167	209.00	312.00	265.83	268.00	44394.00
chr11	18755079	18755191	112	112	14.00	311.00	196.57	250.00	22016.00
chr6	86237979	86238080	101	101	154.00	218.00	190.88	189.00	19279.00
chr8	145000951	145001050	99	99	69.00	112.00	94.59	98.00	9364.00
chr19	45167680	45167966	286	286	11.00	29.00	21.21	22.00	6067.00
chr10	48930165	48930400	235	235	4.00	51.00	29.69	27.00	6977.00
chr16	87871450	87871547	97	97	134.00	235.00	184.92	194.00	17937.00
chr1	109815454	109815649	195	195	241.00	352.00	295.94	295.00	57709.00
chr1	208215442	208215711	269	269	199.00	315.00	255.27	251.00	68668.00
chr2	260866	261451	585	585	21.00	80.00	53.58	54.00	31346.00
chr5	180481266	180481724	458	458	5.00	18.00	11.11	11.00	5090.00
chr7	73119479	73119631	152	152	2.00	756.00	308.02	4.00	46819.00
chr15	34677248	34677358	110	110	413.00	658.00	522.10	481.50	57431.00
chr16	57687114	57687247	133	133	183.00	324.00	262.74	275.00	34945.00
chr15	50649406	50649592	186	186	37.00	85.00	63.17	62.00	11750.00
chr22	21071995	21072066	71	71	404.00	546.00	474.65	453.00	33700.00
chr5	179200882	179201561	679	679	36.00	135.00	107.53	110.00	73010.00
chr10	98763824	98763979	155	155	355.00	509.00	427.27	415.00	66227.00
chr14	102963315	102963457	142	142	33.00	56.00	42.86	42.00	6086.00
chr1	21932558	21933138	580	580	0.00	130.00	33.29	9.00	19306.00
chr16	28118842	28118998	156	156	204.00	283.00	241.46	248.50	37668.00
chr1	241767561	241767881	320	320	9.00	29.00	17.28	16.00	5530.00
chr11	66812063	66812184	121	121	1.00	4.00	1.83	1.00	222.00
chr11	12248571	12248678	107	107	31.00	42.00	35.90	36.00	3841.00
chr9	130588788	130588951	163	163	18.00	42.00	32.12	33.00	5235.00
chr22	21068915	21068988	73	73	350.00	437.00	394.26	397.00	28781.00
chr1	43424304	43424531	227	227	22.00	182.00	129.10	134.00	29306.00
chr14	105852021	105853670	1649	1649	31.00	94.00	53.51	50.00	88234.00
chr15	34823469	34823579	110	110	234.00	399.00	312.24	293.50	34346.00
chr11	171365	172282	917	917	3.00	32.00	14.58	13.00	13373.00
chr22	24493976	24494155	179	179	60.00	117.00	95.82	98.00	17152.00
chr15	79291060	79291167	107	107	18.00	26.00	22.44	23.00	2401.00
chr16	2145904	2146194	290	290	13.00	34.00	23.17	22.00	6719.00
chr9	131503050	131503166	116	116	199.00	240.00	221.08	220.50	25645.00
chr11	61301983	61302579	596	596	5.00	21.00	11.76	10.50	7009.00
chr22	25308609	25308719	110	110	29.00	49.00	38.80	40.00	4268.00
chr12	63977826	63979986	2160	2160	8.00	443.00	141.16	120.00	304909.00
chr19	46928844	46930933	2089	2089	4.00	195.00	83.51	78.00	174455.00
chr16	56969146	56969224	78	78	78.00	134.00	102.38	99.00	7986.00
chr17	40665787	40665996	209	209	12.00	549.00	219.29	253.00	45831.00
chr9	131669435	131671600	2165	2165	70.00	217.00	123.21	120.00	266747.00
chr2	220164026	220164271	245	245	7.00	143.00	49.04	12.00	12014.00
chr19	7589846	7590052	206	206	41.00	114.00	72.22	73.00	14878.00
chr6	91260186	91260268	82	82	122.00	143.00	131.87	131.00	10813.00
chr9	124543742	124543830	88	88	303.00	395.00	348.50	349.50	30668.00
chr12	54071005	54071170	165	165	6.00	84.00	51.63	50.00	8519.00
chr2	40443	41212	769	769	1.00	13.00	6.59	6.00	5064.00
chr11	67852159	67852747	588	588	11.00	34.00	22.06	22.00	12969.00
chr8	8233762	8234810	1048	1048	23.00	78.00	50.04	54.00	52447.00
chr2	175671113	175672148	1035	1035	0.00	13.00	5.67	5.00	5872.00
chr7	138984922	138985438	516	516	9.00	44.00	27.38	30.00	14127.00
chr22	40816850	40817104	254	254	86.00	220.00	170.30	173.50	43256.00
chr19	14263120	14263249	129	129	173.00	473.00	283.06	267.00	36515.00
chr19	16962222	16962345	123	123	145.00	243.00	193.88	191.00	23847.00
chr1	109813838	109813918	80	80	158.00	217.00	177.57	175.00	14206.00
chr3	49898148	49898562	414	414	42.00	1104.00	565.94	797.50	234298.00
chr17	17131202	17131510	308	308	11.00	100.00	70.87	70.00	21827.00
chr1	21936067	21936139	72	72	42.00	65.00	54.28	55.00	3908.00
chr3	130424404	130424615	211	211	40.00	76.00	55.86	52.00	11787.00
chr12	56532710	56532797	87	87	26.00	32.00	29.24	30.00	2544.00
chr16	29888591	29888788	197	197	210.00	384.00	286.60	281.00	56461.00
chr2	114394588	114396196	1608	1608	6.00	75.00	28.05	26.00	45109.00
chr3	124180736	124180803	67	67	68.00	78.00	74.18	74.00	4970.00
chr9	111798485	111798660	175	175	92.00	137.00	113.83	112.00	19920.00
chr10	73847897	73848372	475	475	8.00	147.00	55.04	47.00	26143.00
chr22	21075585	21075706	121	121	266.00	370.00	312.47	306.00	37809.00
chr22	20920753	20921104	351	351	35.00	125.00	83.47	90.00	29299.00
chr9	140953020	140953185	165	165	128.00	253.00	196.90	197.00	32488.00
chr22	41620970	41621075	105	105	66.00	99.00	87.45	90.00	9182.00
chr11	6243671	6243839	168	168	61.00	99.00	83.74	84.00	14069.00
chr15	74704225	74704353	128	128	112.00	148.00	125.97	123.00	16124.00
chr3	48719780	48719985	205	205	31.00	51.00	42.03	42.00	8617.00
chr1	222833247	222833348	101	101	73.00	169.00	121.96	112.00	12318.00
chr1	6583675	6584824	1149	1149	15.00	115.00	67.66	69.00	77739.00
chr11	126135857	126135976	119	119	77.00	125.00	97.08	89.00	11552.00
chr8	75156763	75157410	647	647	29.00	102.00	73.33	77.00	47446.00
chr15	83345212	83345389	177	177	221.00	301.00	267.63	266.00	47371.00
chr14	68031638	68032561	923	923	4.00	21.00	11.16	11.00	10302.00
chr19	42479780	42479949	169	169	772.00	1467.00	1057.22	1039.00	178670.00
chr16	31503329	31503407	78	78	156.00	262.00	215.50	228.00	16809.00
chr17	1564564	1564700	136	136	422.00	760.00	546.85	495.50	74371.00
chr16	58717858	58718082	224	224	51.00	102.00	86.07	89.00	19280.00
chr14	71575320	71575763	443	443	65.00	174.00	104.94	99.00	46489.00
chr1	202934498	202934628	130	130	86.00	146.00	105.68	101.00	13739.00
chr7	73118477	73118586	109	109	325.00	448.00	394.29	397.00	42978.00
chr19	13365908	13366073	165	165	127.00	173.00	153.93	154.00	25399.00
chr10	102265117	102265958	841	841	21.00	57.00	37.73	38.00	31730.00
chr9	139983320	139983457	137	137	106.00	194.00	154.31	150.00	21140.00
chr18	29206245	29206347	102	102	35.00	50.00	41.43	41.00	4226.00
chr12	120578662	120578827	165	165	127.00	200.00	161.09	156.00	26580.00
chr5	757516	758226	710	710	4.00	16.00	9.62	11.00	6830.00
chr8	21632483	21632567	84	84	42.00	51.00	45.90	46.00	3856.00
chr4	54011499	54011749	250	250	35.00	88.00	50.21	46.00	12553.00
chr8	141680613	141681365	752	752	1.00	14.00	5.84	5.00	4392.00
chr11	57367351	57367850	499	499	26.00	70.00	41.49	37.00	20706.00
chr12	63980009	63980784	775	775	42.00	143.00	95.33	98.00	73882.00
chr9	140057042	140057203	161	161	6.00	317.00	270.19	287.00	43500.00
chr2	7055953	7056098	145	145	7.00	12.00	8.74	8.00	1268.00
chr12	52387768	52389043	1275	1275	42.00	1044.00	340.31	269.00	433896.00
chr19	50104931	50105175	244	244	45.00	202.00	90.45	67.00	22069.00
chr19	5218430	5218543	113	113	907.00	1548.00	1271.42	1307.00	143671.00
chr16	29898969	29899138	169	169	203.00	326.00	243.91	223.00	41220.00
chr7	99030900	99031041	141	141	27.00	56.00	41.09	39.00	5793.00
chr17	36692926	36693212	286	286	13.00	40.00	28.79	30.00	8235.00
chr15	73857770	73859335	1565	1565	19.00	127.00	63.33	63.00	99113.00
chr6	44104085	44104176	91	91	273.00	427.00	351.58	361.00	31994.00
chr1	21938518	21938602	84	84	123.00	162.00	144.57	145.00	12144.00
chr19	13423482	13423595	113	113	89.00	127.00	111.88	114.00	12643.00
chr16	70292882	70293089	207	207	217.00	348.00	278.96	278.00	57744.00
chr18	61060641	61060782	141	141	67.00	90.00	79.40	80.00	11196.00
chr16	22269814	22270016	202	202	20.00	46.00	33.13	34.00	6692.00
chr1	21554423	21554534	111	111	31.00	54.00	43.23	41.00	4799.00
chr9	140057255	140057455	200	200	12.00	415.00	297.26	367.00	59453.00
chr7	1488255	1488397	142	142	7.00	23.00	16.15	17.00	2294.00
chr14	100166351	100166438	87	87	13.00	22.00	18.40	19.00	1601.00
chr9	101065522	101065705	183	183	129.00	238.00	171.97	172.00	31470.00
chr5	68411752	68412041	289	289	48.00	123.00	87.43	92.00	25268.00
chr1	2452539	2452754	215	215	54.00	187.00	127.02	134.00	27310.00
chr1	21564626	21564737	111	111	34.00	52.00	42.80	43.00	4751.00
chr13	42037713	42039066	1353	1353	0.00	12.00	5.62	5.00	7607.00
chr2	114350236	114350443	207	207	25.00	257.00	150.02	148.00	31054.00
chr1	21939668	21939722	54	54	115.00	145.00	132.00	135.00	7128.00
chr9	139353895	139354007	112	112	94.00	120.00	105.74	106.00	11843.00
chr7	102176367	102176618	251	251	24.00	100.00	73.64	76.00	18484.00
chr3	51411753	51412018	265	265	10.00	152.00	66.57	17.00	17642.00
chr17	73888091	73888266	175	175	14.00	33.00	23.59	25.00	4128.00
chr13	103297258	103297435	177	177	16.00	170.00	91.37	128.00	16173.00
chr15	63922664	63922834	170	170	147.00	262.00	202.00	189.50	34340.00
chr3	33400774	33400849	75	75	154.00	215.00	188.17	189.00	14113.00
chr22	50671744	50671955	211	211	80.00	119.00	96.56	97.00	20374.00
chr1	21190968	21191205	237	237	215.00	348.00	294.09	293.00	69699.00
chr5	14481649	14481727	78	78	510.00	618.00	564.12	568.00	44001.00
chr15	101605556	101606410	854	854	0.00	2.00	0.47	0.00	400.00
chr17	80040402	80040554	152	152	572.00	1058.00	777.68	716.50	118208.00
chr2	132269293	132270897	1604	1604	21.00	120.00	72.49	71.00	116274.00
chr11	1778553	1778786	233	233	182.00	281.00	236.39	235.00	55078.00
chr11	1469616	1469808	192	192	8.00	25.00	17.26	18.00	3313.00
chr12	120138549	120138630	81	81	8.00	13.00	11.32	12.00	917.00
chr7	901016	901101	85	85	200.00	303.00	249.35	253.00	21195.00
chr19	13372263	13372424	161	161	139.00	220.00	191.81	198.00	30882.00
chr17	40843154	40843311	157	157	13.00	22.00	17.92	18.00	2813.00
chr17	80039476	80039719	243	243	597.00	1168.00	869.28	864.00	211235.00
chr17	16681109	16687365	6256	6256	12.00	597.00	194.54	170.00	1217014.00
chr1	116935475	116935610	135	135	595.00	862.00	716.14	698.00	96679.00
chr6	128294808	128294972	164	164	116.00	258.00	198.01	209.50	32473.00
chr5	109189927	109190617	690	690	0.00	8.00	3.21	3.00	2214.00
chr15	40757533	40757634	101	101	60.00	151.00	124.00	126.00	12524.00
chr2	220164706	220164981	275	275	74.00	195.00	125.21	125.00	34434.00
chr3	164905164	164908639	3475	3475	4.00	86.00	45.08	45.00	156648.00
chr11	60699157	60699356	199	199	168.00	945.00	644.41	572.00	128237.00
chr2	96680301	96680717	416	416	6.00	17.00	11.31	11.00	4705.00
chr17	40845314	40845554	240	240	11.00	28.00	19.80	19.00	4753.00
chr12	125264513	125265391	878	878	14.00	76.00	37.87	36.00	33249.00
chr1	156623704	156624158	454	454	3.00	15.00	8.32	8.00	3778.00
chr6	108370456	108370622	166	166	98.00	160.00	120.49	112.50	20002.00
chr11	19180486	19180587	101	101	48.00	87.00	66.22	68.00	6688.00
chr19	42489069	42489338	269	269	341.00	757.00	570.95	601.00	153585.00
chr2	198274493	198274731	238	238	338.00	499.00	435.35	442.00	103614.00
chr6	47220991	47221257	266	266	159.00	283.00	206.68	193.00	54978.00
chr19	40872679	40872822	143	143	453.00	765.00	643.37	672.00	92002.00
chr19	54693278	54693627	349	349	1.00	64.00	31.36	37.00	10945.00
chr12	81929	82174	245	245	23.00	167.00	97.82	102.00	23965.00
chr21	45513943	45514114	171	171	48.00	77.00	66.81	68.00	11425.00
chr3	124201630	124201747	117	117	0.00	121.00	91.38	114.00	10691.00
chr17	79805118	79805223	105	105	340.00	418.00	378.85	381.00	39779.00
chr20	46307419	46307548	129	129	161.00	221.00	181.84	176.00	23457.00
chr17	38187790	38187873	83	83	212.00	338.00	271.88	263.00	22566.00
chr2	207452814	207452878	64	64	113.00	153.00	134.06	135.00	8580.00
chr17	45695715	45695823	108	108	522.00	648.00	582.33	584.00	62892.00
chr7	44283023	44283126	103	103	277.00	366.00	325.10	329.00	33485.00
chr20	62274975	62275284	309	309	3.00	1244.00	588.07	859.00	181713.00
chr11	108202605	108202764	159	159	62.00	93.00	78.82	79.00	12532.00
chr9	140051314	140051489	175	175	165.00	267.00	213.28	216.00	37324.00
chr22	45574118	45574781	663	663	77.00	194.00	133.35	131.00	88413.00
chr15	79312382	79312446	64	64	20.00	26.00	22.92	23.00	1467.00
chr1	21940120	21940199	79	79	100.00	125.00	113.87	114.00	8996.00
chr17	3775847	3775921	74	74	74.00	99.00	85.27	84.50	6310.00
chr7	73133931	73134019	88	88	0.00	726.00	238.76	145.50	21011.00
chr11	72292920	72292991	71	71	96.00	125.00	112.69	113.00	8001.00
chr7	43547616	43547730	114	114	97.00	127.00	111.71	111.00	12735.00
chr16	58713760	58714145	385	385	30.00	96.00	54.29	46.00	20903.00
chr22	21083600	21083794	194	194	244.00	412.00	329.41	338.00	63905.00
chr11	66457275	66457414	139	139	282.00	470.00	341.65	325.00	47489.00
chr15	91561034	91561115	81	81	79.00	101.00	90.37	90.00	7320.00
chr11	2968525	2969001	476	476	20.00	57.00	37.33	37.00	17771.00
chr19	34869838	34869910	72	72	559.00	654.00	614.31	616.00	44230.00
chr9	121970996	121971219	223	223	48.00	84.00	69.09	69.00	15406.00
chr3	47449772	47449980	208	208	19.00	187.00	115.25	140.00	23971.00
chr12	57601820	57601999	179	179	269.00	553.00	386.14	365.00	69119.00
chr16	2345590	2345741	151	151	197.00	264.00	239.36	243.00	36143.00
chr12	50471782	50471910	128	128	151.00	257.00	199.51	195.50	25537.00
chr1	109814221	109814344	123	123	248.00	379.00	330.57	330.00	40660.00
chr19	16942304	16942458	154	154	148.00	265.00	219.18	235.50	33754.00
chr11	66333301	66333398	97	97	179.00	246.00	210.35	218.00	20404.00
chr5	74026084	74026223	139	139	90.00	116.00	102.21	103.00	14207.00
chr5	68417520	68417722	202	202	51.00	125.00	94.95	101.50	19179.00
chr19	15272262	15272525	263	263	18.00	52.00	33.00	32.00	8679.00
chr3	45872404	45872482	78	78	62.00	104.00	87.91	92.50	6857.00
chr7	73123374	73123452	78	78	673.00	904.00	817.49	821.00	63764.00
chr5	14498197	14498360	163	163	436.00	696.00	565.48	546.00	92174.00
chr14	93180167	93180230	63	63	88.00	118.00	104.84	105.00	6605.00
chr9	130984739	130984875	136	136	284.00	488.00	400.92	395.50	54525.00
chr13	31216764	31216894	130	130	63.00	90.00	74.09	74.00	9632.00
chr12	112614399	112614506	107	107	149.00	341.00	300.25	301.00	32127.00
chr12	57602865	57602982	117	117	374.00	642.00	500.46	511.00	58554.00
chr14	72976861	72976987	126	126	30.00	56.00	41.13	39.00	5182.00
chr1	155209406	155209553	147	147	30.00	59.00	42.65	40.00	6269.00
chr10	49633930	49634113	183	183	582.00	792.00	695.18	702.00	127218.00
chr16	84100093	84100218	125	125	254.00	318.00	288.22	293.00	36028.00
chr1	155207924	155208097	173	173	47.00	91.00	62.45	56.00	10804.00
chr12	2786898	2787033	135	135	23.00	52.00	38.10	36.00	5144.00
chr2	233755457	233756197	740	740	7.00	109.00	30.66	20.00	22692.00
chr14	60631894	60632099	205	205	52.00	161.00	105.02	105.00	21530.00
chr1	11151549	11151654	105	105	238.00	295.00	261.27	257.00	27433.00
chr4	134076071	134076178	107	107	603.00	743.00	663.47	663.00	70991.00
chr15	91420364	91420441	77	77	142.00	179.00	157.75	156.00	12147.00
chr5	114961533	114961755	222	222	7.00	88.00	56.55	59.00	12553.00
chr16	1814047	1814211	164	164	12.00	337.00	146.31	200.00	23995.00
chr18	44250463	44252581	2118	2118	6.00	62.00	31.92	31.00	67611.00
chr6	158049380	158049518	138	138	16.00	31.00	23.75	23.00	3278.00
chr19	7675585	7675679	94	94	174.00	229.00	207.47	212.00	19502.00
chr13	99461604	99461719	115	115	21.00	445.00	263.16	244.00	30263.00
chr11	130010829	130011467	638	638	17.00	1111.00	141.66	42.00	90382.00
chr11	107526658	107526792	134	134	537.00	729.00	613.06	599.00	82150.00
chr16	1391294	1391490	196	196	0.00	12.00	4.52	4.00	885.00
chr1	38182716	38184158	1442	1442	9.00	47.00	28.07	28.00	40480.00
chr5	179231023	179231323	300	300	13.00	45.00	25.25	24.00	7575.00
chr14	69814593	69814719	126	126	61.00	104.00	89.43	93.00	11268.00
chr14	69349174	69349309	135	135	62.00	95.00	74.53	72.00	10062.00
chr19	7614792	7614998	206	206	64.00	106.00	91.73	95.50	18896.00
chr1	228270375	228270466	91	91	5.00	1596.00	514.02	206.00	46776.00
chr1	38186022	38186315	293	293	5.00	25.00	14.33	15.00	4199.00
chr13	77641715	77641999	284	284	200.00	389.00	287.43	294.00	81629.00
chr14	100157417	100157498	81	81	5.00	20.00	11.94	10.00	967.00
chr13	32978280	32979333	1053	1053	2.00	29.00	12.07	11.00	12705.00
chr12	7301567	7301794	227	227	179.00	353.00	268.33	254.00	60910.00
chr9	123583116	123583257	141	141	70.00	107.00	87.03	88.00	12271.00
chr17	26883183	26883284	101	101	70.00	119.00	96.65	100.00	9762.00
chr12	6972993	6973137	144	144	163.00	226.00	201.88	205.00	29070.00
chr20	34322310	34322637	327	327	2.00	8.00	5.10	5.00	1669.00
chr19	7606407	7606570	163	163	43.00	91.00	63.87	66.00	10410.00
chr16	2333186	2333373	187	187	15.00	260.00	186.28	201.00	34835.00
chr12	113825548	113825711	163	163	23.00	100.00	60.21	64.00	9815.00
chr7	4802013	4807749	5736	5736	12.00	148.00	52.14	45.00	299085.00
chr1	43394880	43394985	105	105	89.00	152.00	124.66	135.00	13089.00
chr19	4554399	4554488	89	89	207.00	258.00	231.79	238.00	20629.00
chr16	31719139	31719372	233	233	16.00	45.00	31.91	36.00	7435.00
chr5	134060669	134061744	1075	1075	34.00	103.00	68.07	69.00	73172.00
chr1	202936318	202936371	53	53	11.00	91.00	56.08	76.00	2972.00
chr2	220087366	220087615	249	249	91.00	143.00	116.26	116.00	28948.00
chr2	36764494	36764689	195	195	49.00	110.00	70.18	61.00	13686.00
chr7	43519208	43519343	135	135	109.00	212.00	170.10	171.00	22963.00
chr10	51249585	51249993	408	408	1.00	38.00	16.87	16.00	6883.00
chr6	32123647	32123755	108	108	122.00	143.00	131.06	131.00	14154.00
chr3	118624442	118624692	250	250	3.00	29.00	14.52	5.00	3629.00
chr1	190129797	190130020	223	223	112.00	158.00	135.08	135.00	30123.00
chr9	131004491	131004624	133	133	1.00	647.00	516.29	593.00	68667.00
chr22	33679187	33679334	147	147	125.00	166.00	143.31	144.00	21066.00
chr15	74709931	74710016	85	85	89.00	170.00	122.95	114.00	10451.00
chr7	6470110	6470238	128	128	40.00	63.00	52.98	53.00	6782.00
chr1	6640600	6641359	759	759	33.00	87.00	56.51	56.00	42889.00
chr16	31510622	31510728	106	106	154.00	199.00	178.98	178.00	18972.00
chr4	103710287	103711803	1516	1516	5.00	17.00	10.75	11.00	16295.00
chr19	2862339	2862746	407	407	7.00	25.00	14.90	14.00	6066.00
chr2	15467873	15467994	121	121	72.00	118.00	87.15	86.00	10545.00
chr2	36780721	36781492	771	771	10.00	40.00	25.47	24.00	19635.00
chr10	81070680	81070941	261	261	291.00	455.00	371.26	371.00	96900.00
chr2	217234866	217235986	1120	1120	154.00	551.00	337.05	341.00	377500.00
chr10	93786348	93786508	160	160	93.00	198.00	146.22	154.00	23395.00
chr17	20268785	20269076	291	291	6.00	26.00	14.35	15.00	4176.00
chr9	131002006	131002062	56	56	1.00	612.00	541.89	591.00	30346.00
chr1	155208307	155208441	134	134	53.00	104.00	78.90	78.00	10572.00
chr2	162833877	162834373	496	496	3.00	215.00	25.01	11.00	12403.00
chr9	35799614	35799728	114	114	62.00	88.00	75.65	75.00	8624.00
chr20	62517856	62519234	1378	1378	11.00	205.00	57.48	57.00	79213.00
chr22	35942847	35943127	280	280	4.00	25.00	16.98	19.00	4755.00
chr13	26436438	26436546	108	108	124.00	161.00	144.26	145.00	15580.00
chr14	69371371	69371453	82	82	88.00	121.00	107.82	109.00	8841.00
chr7	44031274	44031581	307	307	9.00	27.00	17.58	18.00	5397.00
chr11	12274988	12275291	303	303	0.00	6.00	2.24	2.00	679.00
chr5	1334403	1334498	95	95	120.00	172.00	152.03	152.00	14443.00
chr19	34868639	34868786	147	147	660.00	915.00	780.75	796.00	114770.00
chr16	1815960	1816143	183	183	177.00	306.00	223.83	214.00	40960.00
chr10	73578787	73578868	81	81	1089.00	1382.00	1220.83	1211.00	98887.00
chr17	37420427	37420640	213	213	41.00	68.00	55.22	53.00	11762.00
chr5	60835422	60835586	164	164	115.00	145.00	132.51	134.00	21732.00
chr15	79296143	79296517	374	374	12.00	34.00	23.42	23.00	8758.00
chr19	13039568	13039661	93	93	297.00	520.00	416.91	439.00	38773.00
chr12	49421585	49421713	128	128	134.00	218.00	177.82	179.50	22761.00
chr1	1661057	1662583	1526	1526	36.00	654.00	221.06	176.00	337331.00
chr2	207457340	207457460	120	120	134.00	183.00	159.43	157.00	19131.00
chr11	64542462	64543441	979	979	12.00	56.00	37.52	38.00	36734.00
chr20	61910250	61910347	97	97	116.00	147.00	129.60	129.00	12571.00
chr11	62394042	62394156	114	114	224.00	298.00	252.38	247.50	28771.00
chr5	37301538	37301652	114	114	55.00	88.00	72.23	71.00	8234.00
chr16	4733843	4733933	90	90	220.00	268.00	243.11	241.00	21880.00
chr15	43693913	43694048	135	135	64.00	81.00	72.28	72.00	9758.00
chr11	18764538	18764622	84	84	116.00	165.00	144.89	148.00	12171.00
chr17	57842331	57842499	168	168	152.00	206.00	181.71	180.50	30527.00
chr9	96076729	96078064	1335	1335	21.00	74.00	41.86	40.00	55887.00
chr11	12246219	12246367	148	148	18.00	28.00	23.73	24.00	3512.00
chr12	7030743	7031565	822	822	11.00	1827.00	597.82	28.00	491408.00
chr3	14523178	14523349	171	171	22.00	69.00	48.06	47.00	8218.00
chr5	758508	759483	975	975	2.00	21.00	10.95	10.00	10677.00
chr12	22635490	22635677	187	187	144.00	185.00	163.13	164.00	30505.00
chr5	14479369	14479459	90	90	553.00	677.00	590.58	584.00	53152.00
chr6	143655214	143656079	865	865	1.00	11.00	6.10	6.00	5279.00
chr7	75508360	75508578	218	218	23.00	215.00	155.40	177.00	33878.00
chr11	60697981	60698131	150	150	306.00	439.00	363.11	354.50	54467.00
chr1	151400598	151400889	291	291	278.00	654.00	430.56	458.00	125294.00
chr5	172196431	172197309	878	878	4.00	248.00	72.39	26.00	63555.00
chr3	49152660	49152794	134	134	97.00	164.00	130.90	130.00	17541.00
chr7	5518281	5519950	1669	1669	9.00	59.00	34.08	34.00	56878.00
chr17	16691106	16691449	343	343	32.00	158.00	84.99	88.00	29150.00
chr2	220086993	220087172	179	179	82.00	114.00	98.30	98.00	17595.00
chr10	51746916	51748006	1090	1090	8.00	137.00	59.68	59.00	65053.00
chr12	7302118	7302289	171	171	251.00	357.00	303.04	306.00	51819.00
chr11	59562844	59562955	111	111	41.00	71.00	55.57	59.00	6168.00
chr12	6100984	6101184	200	200	11.00	30.00	18.14	15.00	3627.00
chr19	5683274	5683627	353	353	22.00	97.00	60.19	64.00	21246.00
chr12	2786259	2786387	128	128	31.00	63.00	48.83	52.00	6250.00
chr15	26812727	26812880	153	153	244.00	400.00	310.52	304.00	47510.00
chr1	149007980	149008798	818	818	0.00	21.00	5.81	4.00	4756.00
chr19	54965608	54965861	253	253	156.00	344.00	256.21	261.00	64820.00
chr8	27293259	27293310	51	51	41.00	64.00	56.35	57.00	2874.00
chr15	23014437	23014528	91	91	159.00	213.00	181.34	180.00	16502.00
chr1	111717500	111717585	85	85	74.00	117.00	100.78	102.00	8566.00
chr6	150157220	150157433	213	213	76.00	121.00	93.51	91.00	19918.00
chr13	114566547	114566670	123	123	26.00	102.00	58.93	61.00	7248.00
chr16	58539291	58539605	314	314	22.00	70.00	48.60	52.00	15260.00
chr1	21936612	21936768	156	156	55.00	186.00	110.92	116.50	17304.00
chr1	17322880	17322991	111	111	166.00	332.00	249.48	272.00	27692.00
chr11	60699455	60699599	144	144	492.00	976.00	661.20	595.00	95213.00
chr5	6749669	6749770	101	101	119.00	205.00	153.09	139.00	15462.00
chr16	2156805	2156949	144	144	180.00	286.00	233.31	215.00	33596.00
chr15	34690834	34690930	96	96	134.00	374.00	271.39	278.00	26053.00
chr3	11074933	11075425	492	492	1.00	140.00	34.05	15.00	16754.00
chr5	74655222	74655381	159	159	553.00	865.00	665.10	645.00	105751.00
chr20	20022968	20023160	192	192	157.00	275.00	210.01	206.00	40322.00
chr2	39055481	39055578	97	97	108.00	153.00	136.59	141.00	13249.00
chr19	16793231	16793528	297	297	5.00	26.00	11.58	9.00	3440.00
chr2	219205450	219205509	59	59	15.00	23.00	19.71	20.00	1163.00
chr17	74087429	74087729	300	300	26.00	91.00	57.34	61.00	17202.00
chr3	184058150	184060036	1886	1886	4.00	195.00	41.84	27.00	78916.00
chr6	90333128	90333263	135	135	33.00	82.00	60.76	63.00	8202.00
chr12	125267019	125267429	410	410	19.00	57.00	35.61	36.00	14600.00
chr1	207942580	207943104	524	524	16.00	147.00	91.71	98.00	48055.00
chr4	89356876	89357043	167	167	5.00	13.00	8.57	9.00	1432.00
chr7	101995498	101995736	238	238	13.00	49.00	30.17	26.00	7181.00
chr3	11067458	11067562	104	104	79.00	154.00	125.19	124.50	13020.00
chr5	95734582	95734740	158	158	1.00	3.00	2.22	2.00	351.00
chr6	152529106	152529341	235	235	72.00	151.00	109.66	107.00	25771.00
chr5	102295578	102295763	185	185	102.00	154.00	125.14	124.00	23151.00
chr22	21072980	21073110	130	130	233.00	547.00	369.21	390.00	47997.00
chr12	121855306	121855714	408	408	91.00	214.00	140.77	130.00	57434.00
chr1	160326389	160326544	155	155	114.00	175.00	155.85	161.00	24157.00
chr11	60670930	60671007	77	77	198.00	229.00	213.83	214.00	16465.00
chr17	79804822	79804948	126	126	357.00	494.00	425.79	421.00	53649.00
chr16	18527204	18527332	128	128	219.00	298.00	266.90	271.00	34163.00
chr16	16372518	16372646	128	128	239.00	317.00	281.81	285.00	36072.00
chr2	32750530	32750695	165	165	91.00	141.00	115.49	117.00	19056.00
chr14	69369193	69369279	86	86	101.00	117.00	107.69	107.00	9261.00
chr7	66418212	66418356	144	144	167.00	211.00	188.59	187.00	27157.00
chr6	44107988	44108097	109	109	244.00	333.00	286.06	276.00	31181.00
chr7	70885893	70886091	198	198	138.00	409.00	246.56	187.50	48818.00
chr8	27295281	27295397	116	116	35.00	49.00	40.76	40.00	4728.00
chr7	73122918	73123018	100	100	608.00	778.00	718.24	720.00	71824.00
chr15	34698874	34699071	197	197	238.00	367.00	291.02	290.00	57330.00
chr8	22009343	22009513	170	170	0.00	4.00	1.76	2.00	300.00
chr7	1526557	1526737	180	180	63.00	171.00	120.21	131.00	21637.00
chr5	178053946	178054065	119	119	8.00	278.00	130.03	108.00	15473.00
chr12	6103027	6103369	342	342	13.00	29.00	22.30	22.00	7627.00
chr2	3479491	3480482	991	991	13.00	56.00	26.85	25.00	26604.00
chr3	33883388	33883566	178	178	166.00	248.00	214.48	213.00	38177.00
chr19	11019778	11019883	105	105	229.00	380.00	320.72	350.00	33676.00
chr7	98446205	98446318	113	113	135.00	400.00	277.80	259.00	31391.00
chr8	106813274	106813932	658	658	23.00	62.00	46.74	47.00	30758.00
chr2	223795338	223795530	192	192	251.00	433.00	323.74	325.00	62158.00
chr7	75511146	75511554	408	408	126.00	315.00	208.75	206.00	85168.00
chr21	40184926	40185038	112	112	16.00	43.00	31.80	35.00	3562.00
chr19	53383575	53385236	1661	1661	55.00	197.00	136.69	139.00	227049.00
chr19	14208130	14208295	165	165	4.00	313.00	212.85	278.00	35120.00
chr15	91461013	91461618	605	605	22.00	208.00	74.41	31.00	45017.00
chr8	145278010	145278133	123	123	31.00	44.00	37.23	36.00	4579.00
chr16	28132990	28133083	93	93	191.00	316.00	264.46	271.00	24595.00
chr11	125280091	125280221	130	130	65.00	95.00	79.85	80.00	10381.00
chr15	63128089	63128317	228	228	3.00	66.00	43.26	45.50	9864.00
chr9	131181435	131181557	122	122	0.00	12.00	8.38	10.00	1022.00
chr19	3281196	3281343	147	147	382.00	645.00	540.23	560.00	79414.00
chr11	6240200	6240280	80	80	74.00	87.00	79.51	79.00	6361.00
chr20	31019123	31019287	164	164	155.00	234.00	195.21	195.00	32015.00
chr6	46825865	46827260	1395	1395	3.00	25.00	13.89	14.00	19383.00
chr12	1672006	1672666	660	660	1.00	28.00	9.78	8.00	6456.00
chr12	9098824	9099001	177	177	117.00	176.00	151.90	153.00	26887.00
chr7	121738503	121738630	127	127	28.00	45.00	34.97	35.00	4441.00
chr19	40875814	40875935	121	121	306.00	396.00	347.64	342.00	42064.00
chr20	3581592	3581671	79	79	137.00	184.00	161.73	163.00	12777.00
chr17	7226965	7227042	77	77	95.00	137.00	119.75	123.00	9221.00
chr2	74331800	74332809	1009	1009	64.00	231.00	115.89	106.00	116930.00
chr1	209785136	209785610	474	474	2.00	39.00	22.78	24.00	10799.00
chr9	35546426	35548532	2106	2106	179.00	476.00	317.75	317.50	669171.00
chr17	80040198	80040290	92	92	581.00	815.00	670.96	651.50	61728.00
chr11	73074791	73075284	493	493	18.00	110.00	50.76	34.00	25026.00
chr20	44674976	44675075	99	99	28.00	47.00	42.59	44.00	4216.00
chr20	5892091	5892328	237	237	27.00	147.00	106.58	125.00	25259.00
chr17	20316581	20317594	1013	1013	31.00	131.00	80.14	77.00	81181.00
chr12	99478702	99478801	99	99	117.00	146.00	129.16	127.00	12787.00
chr17	40842756	40842960	204	204	14.00	33.00	23.70	23.50	4835.00
chr11	107501142	107501288	146	146	330.00	524.00	435.05	436.00	63517.00
chr11	85429236	85429532	296	296	0.00	2.00	0.81	1.00	239.00
chr20	9449217	9449319	102	102	41.00	62.00	53.41	53.00	5448.00
chr14	23371395	23371591	196	196	135.00	255.00	203.68	201.50	39922.00
chr7	716865	716957	92	92	636.00	915.00	815.70	822.00	75044.00
chr10	48862360	48862682	322	322	0.00	7.00	0.86	0.00	277.00
chr10	68686678	68688210	1532	1532	50.00	127.00	83.35	79.00	127693.00
chr5	179674854	179674926	72	72	77.00	125.00	94.44	91.00	6800.00
chr1	209773327	209773456	129	129	24.00	36.00	29.64	30.00	3823.00
chr17	45691034	45691091	57	57	549.00	635.00	600.11	610.00	34206.00
chr1	19669871	19670118	247	247	16.00	45.00	33.45	34.00	8263.00
chr17	45664025	45664710	685	685	18.00	566.00	142.73	94.00	97770.00
chr19	2337634	2338840	1206	1206	20.00	138.00	49.67	47.00	59902.00
chr8	22011480	22011552	72	72	3.00	11.00	5.43	5.50	391.00
