#chrom	start	end	size	num_data	min	max	mean	median	sum
chr12	1940100	1940691	591	591	38.00	80.00	59.24	59.00	35013.00
chr1	27480473	27481381	908	908	30.00	76.00	53.19	56.00	48294.00
chr15	63112684	63112809	125	125	203.00	324.00	285.80	300.00	35725.00
chr5	149231737	149232254	517	517	1.00	6.00	3.51	3.00	1817.00
chr5	140865429	140867182	1753	1753	231.00	670.00	411.80	404.00	721880.00
chr1	32209793	32209958	165	165	855.00	1252.00	1039.83	1037.00	171572.00
chr16	87873307	87873431	124	124	359.00	557.00	447.52	455.00	55492.00
chr17	34157438	34158175	737	737	55.00	148.00	109.42	115.00	80646.00
chr2	127815619	127816088	469	469	10.00	88.00	52.84	62.00	24780.00
chr1	208212965	208213112	147	147	864.00	1097.00	957.27	939.00	140718.00
chr22	19703883	19704666	783	783	60.00	371.00	248.30	236.00	194415.00
chr16	87872319	87872423	104	104	349.00	414.00	382.06	382.00	39734.00
chr9	140055740	140055868	128	128	831.00	1046.00	973.27	983.50	124578.00
chr22	21096515	21096643	128	128	410.00	531.00	458.09	460.50	58635.00
chr9	140056321	140056540	219	219	8.00	1093.00	688.16	821.00	150708.00
chr11	78379981	78380253	272	272	309.00	465.00	388.75	398.00	105740.00
chr3	11070420	11070533	113	113	147.00	192.00	164.46	160.00	18584.00
chr1	109812554	109813222	668	668	65.00	1433.00	598.99	693.00	400122.00
chr2	220161954	220162155	201	201	226.00	364.00	305.71	318.00	61447.00
chr15	74706887	74707086	199	199	720.00	1046.00	809.86	806.00	161162.00
chr17	7318829	7319426	597	597	826.00	1754.00	1206.36	1208.00	720198.00
chr1	21560050	21560154	104	104	48.00	66.00	55.62	55.00	5785.00
chr1	25573799	25573952	153	153	21.00	1679.00	1015.22	1204.00	155328.00
chr14	93198993	93199160	167	167	138.00	218.00	178.74	181.00	29849.00
chr1	205554003	205554119	116	116	9.00	18.00	13.51	14.00	1567.00
chr1	9795005	9795232	227	227	1273.00	1927.00	1582.07	1567.00	359130.00
chr17	42426525	42426670	145	145	139.00	258.00	191.65	184.00	27789.00
chr18	70205887	70206179	292	292	1.00	39.00	15.51	5.00	4528.00
chr1	205553082	205553251	169	169	10.00	21.00	14.82	15.00	2505.00
chr9	140056623	140056766	143	143	15.00	877.00	525.49	587.00	75145.00
chr6	33412147	33412394	247	247	47.00	1872.00	1030.83	1393.00	254615.00
chr12	89992366	89992547	181	181	30.00	389.00	282.00	305.00	51042.00
chr2	220088827	220089576	749	749	113.00	319.00	218.48	214.00	163638.00
chr14	100763073	100765222	2149	2149	183.00	615.00	377.74	372.00	811761.00
chr1	110740697	110742543	1846	1846	6.00	230.00	143.63	143.00	265145.00
chr1	149878201	149879758	1557	1557	54.00	1443.00	359.65	111.00	559974.00
chr3	197264139	197265259	1120	1120	9.00	67.00	26.35	25.00	29508.00
chr8	56449623	56450530	907	907	62.00	188.00	133.46	137.00	121052.00
chr9	139354208	139354326	118	118	248.00	366.00	289.12	284.00	34116.00
chr1	32204908	32205236	328	328	1197.00	1642.00	1398.62	1387.50	458749.00
chr7	75608768	75608897	129	129	440.00	575.00	514.24	517.00	66337.00
chr19	45161029	45161178	149	149	145.00	199.00	166.30	166.00	24779.00
chr19	5243911	5244493	582	582	1073.00	2351.00	1682.98	1716.00	979497.00
chr6	32119585	32119717	132	132	12.00	211.00	107.57	114.50	14199.00
chr3	42670878	42672067	1189	1189	46.00	333.00	165.52	159.00	196804.00
chr11	45892392	45892485	93	93	279.00	346.00	307.83	302.00	28628.00
chr17	80040789	80040991	202	202	1498.00	2342.00	1821.77	1818.50	367997.00
chr2	74902875	74903036	161	161	104.00	149.00	127.45	131.00	20519.00
chr17	38335969	38337946	1977	1977	17.00	265.00	52.31	41.00	103410.00
chr16	87870103	87870253	150	150	314.00	546.00	392.46	363.00	58869.00
chr1	32205947	32206142	195	195	1325.00	1886.00	1563.82	1485.00	304945.00
chr6	44117553	44117702	149	149	74.00	1266.00	797.46	974.00	118821.00
chr1	159163659	159163830	171	171	1741.00	2314.00	2070.29	2076.00	354019.00
chr3	445565	446023	458	458	36.00	85.00	63.76	64.00	29203.00
chr2	25048913	25048995	82	82	201.00	277.00	241.94	239.50	19839.00
chr10	99504485	99504672	187	187	194.00	304.00	258.01	269.00	48248.00
chr4	54364807	54365010	203	203	101.00	169.00	138.39	137.00	28093.00
chr17	1634367	1634552	185	185	75.00	116.00	96.47	96.00	17847.00
chr7	72416124	72416247	123	123	175.00	427.00	245.12	223.00	30150.00
chr1	208212169	208212329	160	160	1034.00	1219.00	1112.17	1106.00	177947.00
chr9	140952500	140952702	202	202	267.00	386.00	319.86	322.00	64611.00
chr6	44197325	44197528	203	203	110.00	148.00	128.93	128.00	26172.00
chr6	44197643	44198218	575	575	32.00	120.00	69.20	62.00	39790.00
chr11	118981972	118982084	112	112	127.00	176.00	146.58	146.00	16417.00
chr5	150503846	150503952	106	106	25.00	653.00	456.28	566.00	48366.00
chr11	118981761	118981878	117	117	148.00	193.00	173.20	176.00	20264.00
chr11	126314873	126315000	127	127	116.00	152.00	133.07	133.00	16900.00
chr1	159165808	159166244	436	436	82.00	2113.00	475.63	143.00	207375.00
chr7	134893542	134893750	208	208	85.00	128.00	103.46	101.00	21519.00
chr9	121976196	121976433	237	237	274.00	592.00	421.01	448.00	99780.00
chr19	54691042	54691169	127	127	266.00	453.00	341.45	319.00	43364.00
chr22	38621430	38621600	170	170	238.00	394.00	321.26	328.00	54614.00
chr13	42035681	42036205	524	524	5.00	19.00	12.75	13.00	6681.00
chr20	1915360	1915413	53	53	2.00	204.00	134.94	164.00	7152.00
chr5	14496987	14497126	139	139	1131.00	1500.00	1257.40	1207.00	174779.00
chr12	56528125	56528212	87	87	75.00	96.00	85.90	85.00	7473.00
chr3	47466974	47467101	127	127	395.00	458.00	417.90	416.00	53073.00
chr17	7415476	7415663	187	187	322.00	473.00	396.43	394.00	74133.00
chr3	33588037	33589252	1215	1215	54.00	180.00	134.37	136.00	163261.00
chr7	887833	888615	782	782	85.00	440.00	225.67	215.00	176474.00
chr10	24813251	24813693	442	442	30.00	69.00	49.45	50.00	21858.00
chr1	109812045	109812213	168	168	660.00	1155.00	840.87	798.50	141266.00
chr19	15276597	15276902	305	305	177.00	241.00	211.59	211.00	64535.00
chr16	2334779	2334999	220	220	372.00	547.00	455.97	440.00	100313.00
chr16	68404761	68405261	500	500	292.00	678.00	430.48	393.50	215239.00
chr4	110969111	110969871	760	760	41.00	220.00	135.80	126.00	103209.00
chr1	145693161	145693996	835	835	34.00	193.00	107.60	106.00	89850.00
chr7	44282848	44282932	84	84	767.00	1036.00	949.32	972.00	79743.00
chr2	220164315	220164508	193	193	28.00	173.00	88.90	44.00	17157.00
chr12	50472203	50472360	157	157	630.00	798.00	709.09	714.00	111327.00
chr2	220163768	220163833	65	65	217.00	314.00	281.42	293.00	18292.00
chr2	222289928	222290862	934	934	602.00	1043.00	797.66	789.00	745017.00
chr12	57599133	57599268	135	135	580.00	834.00	652.73	646.00	88119.00
chr7	157475416	157475629	213	213	416.00	694.00	536.20	530.00	114211.00
chr1	32203800	32203927	127	127	1036.00	2105.00	1467.06	1540.00	186316.00
chr1	109811731	109811912	181	181	917.00	1300.00	1125.77	1136.00	203764.00
chr9	140052830	140052975	145	145	572.00	1570.00	1031.11	1126.00	149511.00
chr2	220161706	220161854	148	148	230.00	404.00	310.47	301.00	45950.00
chr16	29896906	29897070	164	164	470.00	702.00	603.84	622.50	99029.00
chr16	47143393	47143622	229	229	489.00	715.00	607.91	596.00	139212.00
chr11	993753	993985	232	232	481.00	1001.00	781.89	799.50	181398.00
chr9	124059698	124061137	1439	1439	0.00	5.00	1.84	2.00	2643.00
chr9	140350140	140350634	494	494	63.00	294.00	193.26	196.50	95468.00
chr11	14504577	14504697	120	120	304.00	488.00	401.04	411.50	48125.00
chr3	49898612	49898733	121	121	2675.00	6177.00	4866.70	5064.00	588871.00
chr9	131811659	131811777	118	118	102.00	140.00	120.08	121.00	14170.00
chr9	131810705	131810818	113	113	114.00	145.00	131.04	133.00	14807.00
chr1	223400935	223401080	145	145	24.00	46.00	34.66	37.00	5025.00
chr12	125612185	125612820	635	635	19.00	231.00	65.77	38.00	41763.00
chr2	220088590	220088744	154	154	212.00	280.00	245.59	253.50	37821.00
chr9	70888487	70888750	263	263	18.00	141.00	91.80	98.00	24144.00
chr14	69813756	69813898	142	142	136.00	184.00	154.58	149.00	21950.00
chr2	47399145	47399890	745	745	33.00	890.00	237.63	208.00	177032.00
chr11	62688689	62689041	352	352	6.00	45.00	22.86	21.00	8047.00
chr6	43745205	43745407	202	202	34.00	382.00	300.66	310.00	60733.00
chr3	11072492	11072997	505	505	6.00	259.00	102.04	76.00	51530.00
chr7	2696031	2696168	137	137	1444.00	2135.00	1889.72	1986.00	258892.00
chr16	14969196	14969279	83	83	541.00	993.00	758.18	782.00	62929.00
chr17	7377847	7378026	179	179	17.00	30.00	25.37	25.00	4542.00
chr12	65639640	65639719	79	79	233.00	401.00	315.04	299.00	24888.00
chr12	50294912	50295108	196	196	449.00	971.00	588.79	552.50	115403.00
chr19	42485653	42485788	135	135	2044.00	3206.00	2715.27	2671.00	366561.00
chr10	99509230	99509343	113	113	291.00	517.00	393.88	389.00	44509.00
chr22	38883877	38888120	4243	4243	227.00	4128.00	1074.39	951.00	4558657.00
chr12	49416372	49416658	286	286	224.00	321.00	266.60	261.00	76247.00
chr6	24843089	24843782	693	693	69.00	132.00	100.90	101.00	69922.00
chr5	176295561	176295665	104	104	539.00	740.00	623.46	610.00	64840.00
chr10	99510087	99510227	140	140	370.00	518.00	434.34	422.50	60807.00
chr1	159173658	159174770	1112	1112	25.00	278.00	88.27	70.50	98155.00
chr11	1780745	1780869	124	124	561.00	801.00	707.19	748.00	87692.00
chr19	42486059	42486258	199	199	1770.00	3159.00	2462.02	2488.00	489942.00
chr3	47465422	47465535	113	113	392.00	516.00	437.39	437.00	49425.00
chr1	21573713	21573856	143	143	85.00	121.00	102.80	103.00	14700.00
chr11	65320330	65320453	123	123	288.00	479.00	389.32	397.00	47886.00
chr3	47462420	47462519	99	99	480.00	794.00	674.80	737.00	66805.00
chr2	219204751	219204864	113	113	44.00	77.00	65.29	69.00	7378.00
chr1	43906123	43906257	134	134	88.00	139.00	114.04	113.50	15282.00
chr7	38785158	38785840	682	682	32.00	347.00	66.73	44.00	45513.00
chr2	153499932	153500058	126	126	791.00	1200.00	1054.03	1092.50	132808.00
chr1	32203011	32203132	121	121	69.00	1796.00	1319.76	1523.00	159691.00
chr22	42290823	42290941	118	118	1118.00	2139.00	1786.42	1800.00	210798.00
chr19	47940718	47940818	100	100	446.00	860.00	693.90	693.00	69390.00
chr4	119539150	119539274	124	124	20.00	115.00	72.90	74.00	9039.00
chr17	44117067	44117250	183	183	466.00	578.00	518.93	515.00	94964.00
chr19	42485873	42485983	110	110	1829.00	2361.00	2093.65	2031.00	230301.00
chr6	44114583	44114664	81	81	428.00	598.00	534.63	547.00	43305.00
chr19	47941105	47941292	187	187	11.00	958.00	498.42	652.00	93204.00
chr11	73074250	73074500	250	250	162.00	258.00	214.03	217.00	53507.00
chr3	33418764	33418825	61	61	359.00	398.00	373.05	372.00	22756.00
chr1	700258	700505	247	247	69.00	208.00	125.25	111.00	30937.00
chr9	74319510	74319719	209	209	58.00	99.00	75.54	77.00	15788.00
chr16	2336694	2336968	274	274	299.00	939.00	584.26	606.00	160086.00
chr20	3575125	3575219	94	94	264.00	380.00	309.31	307.50	29075.00
chr9	139231377	139231529	152	152	1025.00	1213.00	1112.29	1108.50	169068.00
chr5	140515951	140516498	547	547	58.00	166.00	119.21	121.00	65210.00
chr1	21938208	21938309	101	101	360.00	450.00	401.05	403.00	40506.00
chr3	155659188	155659936	748	748	61.00	348.00	236.84	263.00	177153.00
chr16	27483068	27483241	173	173	286.00	398.00	355.24	355.00	61457.00
chr11	994071	994245	174	174	234.00	586.00	459.72	509.00	79992.00
chr7	71175745	71175913	168	168	67.00	106.00	89.42	96.00	15022.00
chr12	121204065	121204175	110	110	450.00	632.00	552.06	577.50	60727.00
chr7	73118679	73118753	74	74	799.00	982.00	898.18	899.00	66465.00
chr9	140972565	140972710	145	145	255.00	401.00	318.62	310.00	46200.00
chr12	121683329	121684024	695	695	18.00	124.00	77.91	76.00	54146.00
chr16	74493579	74493687	108	108	382.00	498.00	448.28	445.00	48414.00
chr2	36771518	36771641	123	123	240.00	292.00	264.50	263.00	32534.00
chr7	94187181	94187996	815	815	11.00	52.00	31.93	31.00	26020.00
chr14	94156951	94157239	288	288	16.00	34.00	24.86	24.00	7160.00
chr7	121739000	121739524	524	524	25.00	66.00	43.61	40.00	22854.00
chr1	19549117	19549328	211	211	240.00	370.00	302.36	294.00	63797.00
chr19	5214571	5214747	176	176	2431.00	3911.00	2798.32	2678.50	492504.00
chr19	42557753	42557861	108	108	799.00	936.00	855.05	851.00	92345.00
chr15	102510686	102510925	239	239	8.00	413.00	227.51	228.00	54374.00
chr5	167673761	167675376	1615	1615	369.00	867.00	568.70	545.00	918458.00
chr7	44282158	44282253	95	95	724.00	1042.00	837.16	786.00	79530.00
chr2	160621061	160621717	656	656	139.00	638.00	244.00	219.50	160064.00
chr5	10426501	10426634	133	133	787.00	1206.00	1065.65	1128.00	141731.00
chr16	1814301	1814460	159	159	875.00	1066.00	981.56	980.00	156068.00
chr11	21581734	21581928	194	194	168.00	282.00	220.64	215.00	42804.00
chr3	126749085	126749255	170	170	462.00	639.00	560.35	579.00	95260.00
chr11	12237765	12237866	101	101	110.00	156.00	129.33	127.00	13062.00
chr6	31750872	31750963	91	91	609.00	770.00	707.97	714.00	64425.00
chr3	53124201	53124398	197	197	31.00	63.00	50.13	53.00	9875.00
chr2	220161470	220161544	74	74	318.00	395.00	369.78	376.00	27364.00
chr2	128951046	128951785	739	739	64.00	411.00	204.97	206.00	151471.00
chr5	24535811	24535931	120	120	121.00	155.00	138.00	138.00	16560.00
chr1	44083406	44083582	176	176	547.00	823.00	657.99	648.00	115806.00
chr1	32207653	32207818	165	165	1027.00	1618.00	1225.95	1220.00	202281.00
chr12	7293754	7294000	246	246	1.00	692.00	403.12	563.00	99168.00
chr3	131442289	131442469	180	180	79.00	127.00	102.06	102.00	18371.00
chr3	49898871	49899298	427	427	1080.00	6538.00	3161.75	3476.00	1350069.00
chr16	66432358	66432464	106	106	38.00	74.00	54.93	50.00	5823.00
chr1	20982593	20982680	87	87	822.00	1161.00	938.03	876.00	81609.00
chr16	68398653	68398809	156	156	367.00	446.00	401.07	401.00	62567.00
chr17	16676818	16678279	1461	1461	39.00	135.00	75.97	73.00	110995.00
chr1	109814899	109815027	128	128	769.00	1161.00	960.57	954.00	122953.00
chr1	21940478	21940582	104	104	477.00	629.00	554.76	560.50	57695.00
chr20	57468284	57468793	509	509	87.00	183.00	127.20	120.00	64744.00
chr3	127358087	127358366	279	279	1433.00	2736.00	2117.27	2134.00	590718.00
chr3	126735359	126735527	168	168	349.00	465.00	414.62	409.50	69656.00
chr10	103869140	103869264	124	124	1980.00	2593.00	2231.79	2162.50	276742.00
chr20	44520554	44520666	112	112	145.00	213.00	168.39	168.50	18860.00
chr1	32203252	32203356	104	104	991.00	1338.00	1188.06	1232.00	123558.00
chr21	40186196	40186316	120	120	30.00	49.00	39.03	38.00	4684.00
chr5	111067153	111068349	1196	1196	133.00	882.00	506.12	473.50	605319.00
chr9	128002954	128003186	232	232	816.00	1202.00	977.86	952.50	226863.00
chr1	43408896	43408992	96	96	283.00	395.00	339.36	341.00	32579.00
chr3	47463931	47464026	95	95	499.00	575.00	543.36	544.00	51619.00
chr2	220161160	220161238	78	78	261.00	336.00	292.65	282.00	22827.00
chr11	62472772	62473089	317	317	955.00	1472.00	1161.99	1128.00	368351.00
chr9	130986341	130986906	565	565	73.00	517.00	204.32	135.00	115438.00
chr14	69358769	69359000	231	231	144.00	183.00	159.14	158.00	36762.00
chr11	64416205	64416379	174	174	609.00	1062.00	851.45	893.00	148153.00
chr17	8398454	8398559	105	105	720.00	999.00	892.54	899.00	93717.00
chr12	53572943	53574193	1250	1250	247.00	683.00	440.08	437.50	550102.00
chr17	17696544	17701827	5283	5283	135.00	506.00	290.16	282.00	1532922.00
chr8	11705187	11705331	144	144	521.00	814.00	730.76	740.50	105229.00
chr19	54963829	54963931	102	102	1226.00	1822.00	1435.15	1374.50	146385.00
chr2	70451682	70456295	4613	4613	97.00	1577.00	513.24	488.00	2367559.00
chr11	118873959	118874169	210	210	73.00	144.00	115.10	116.00	24172.00
chr10	75548427	75548581	154	154	309.00	593.00	451.68	477.50	69558.00
chr6	33414351	33414563	212	212	1067.00	1780.00	1557.00	1643.00	330085.00
chr17	80042910	80043032	122	122	1003.00	1200.00	1098.90	1108.50	134066.00
chr11	11470290	11470483	193	193	115.00	192.00	141.92	140.00	27390.00
chr8	23294446	23294771	325	325	162.00	255.00	201.77	201.00	65574.00
chr1	116932060	116932663	603	603	15.00	1682.00	569.65	54.00	343496.00
chr15	83222627	83222741	114	114	3.00	7.00	5.11	5.00	582.00
chr3	9841562	9841751	189	189	34.00	59.00	49.54	50.00	9363.00
chr1	116937731	116937907	176	176	1029.00	1876.00	1250.66	1178.50	220117.00
chr16	87868019	87868197	178	178	226.00	363.00	299.45	301.00	53302.00
chr3	124209540	124209731	191	191	261.00	386.00	314.36	306.00	60042.00
chr7	71142195	71142291	96	96	80.00	102.00	88.23	87.00	8470.00
chr5	130497324	130497584	260	260	46.00	116.00	87.59	87.00	22773.00
chr13	100199238	100199358	120	120	602.00	1044.00	787.27	738.50	94473.00
chr5	139943336	139943506	170	170	291.00	635.00	534.71	520.50	90900.00
chr17	74395529	74396002	473	473	240.00	511.00	377.50	378.00	178556.00
chr14	93179149	93179216	67	67	156.00	176.00	164.88	164.00	11047.00
chr4	160277004	160277310	306	306	105.00	405.00	242.73	232.00	74275.00
chr17	40666306	40666478	172	172	593.00	870.00	735.88	701.50	126572.00
chr15	34828065	34828207	142	142	110.00	1005.00	682.96	717.50	96981.00
chr14	100165802	100165876	74	74	34.00	46.00	40.09	41.00	2967.00
chr22	20128089	20128231	142	142	70.00	292.00	199.24	249.00	28292.00
chr12	3392210	3394421	2211	2211	7.00	191.00	90.35	88.00	199753.00
chr17	16687866	16690667	2801	2801	15.00	279.00	90.46	82.00	253367.00
chr6	31664724	31664810	86	86	481.00	647.00	537.65	520.00	46238.00
chr6	30627512	30627611	99	99	116.00	163.00	135.09	133.00	13374.00
chr11	18752834	18755060	2226	2226	15.00	779.00	179.31	140.00	399139.00
chr12	109332602	109332731	129	129	232.00	327.00	288.16	301.00	37173.00
chr6	90072884	90073110	226	226	23.00	43.00	31.68	30.00	7159.00
chr16	2689371	2689711	340	340	0.00	3.00	1.01	0.00	342.00
chr1	20987373	20987484	111	111	803.00	1017.00	939.00	956.00	104229.00
chr14	85985300	85986667	1367	1367	5.00	56.00	28.67	29.00	39193.00
chr13	32863769	32863880	111	111	236.00	282.00	257.24	256.00	28554.00
chr16	1510418	1510528	110	110	192.00	239.00	205.96	204.00	22656.00
chr19	54963269	54963444	175	175	1747.00	2159.00	1940.72	1948.00	339626.00
chr6	44224078	44224233	155	155	254.00	336.00	290.81	289.00	45076.00
chr20	3151172	3152285	1113	1113	26.00	141.00	71.47	76.00	79544.00
chr1	892273	892405	132	132	434.00	766.00	536.83	517.00	70861.00
chr16	90192167	90192724	557	557	12.00	95.00	59.45	59.00	33114.00
chr9	111663704	111663810	106	106	250.00	307.00	275.30	273.00	29182.00
chr6	44108764	44108835	71	71	588.00	768.00	679.39	687.00	48237.00
chr1	36028802	36029027	225	225	604.00	973.00	798.48	800.00	179657.00
chr11	66807259	66807674	415	415	0.00	5.00	2.59	3.00	1076.00
chr1	178426817	178427679	862	862	103.00	277.00	172.68	164.00	148847.00
chr19	42482302	42482478	176	176	2197.00	3007.00	2424.03	2381.00	426630.00
chr1	44084718	44084873	155	155	453.00	1059.00	730.85	675.00	113281.00
chr1	109812315	109812442	127	127	665.00	893.00	776.42	780.00	98605.00
chr3	180324268	180324391	123	123	359.00	558.00	479.97	489.00	59036.00
chr15	63933668	63933842	174	174	293.00	597.00	427.79	389.50	74436.00
chr20	44521363	44521519	156	156	184.00	262.00	219.66	214.00	34267.00
chr3	33416779	33416910	131	131	224.00	364.00	292.96	297.00	38378.00
chr1	21934624	21934843	219	219	8.00	548.00	269.77	380.00	59079.00
chr14	69799801	69799886	85	85	122.00	170.00	151.29	151.00	12860.00
chr1	116936134	116936345	211	211	9.00	1492.00	1159.58	1229.00	244671.00
chr14	23634493	23634645	152	152	12.00	38.00	24.65	22.00	3747.00
chr16	1402538	1402947	409	409	27.00	128.00	91.47	90.00	37411.00
chr9	20331	25000	4669	4669	2.00	1228.00	410.39	391.00	1916126.00
chr17	43545574	43545959	385	385	79.00	144.00	110.78	108.00	42652.00
chr13	100201418	100201476	58	58	598.00	663.00	627.98	629.00	36423.00
chr15	41865505	41865665	160	160	114.00	298.00	196.76	177.00	31482.00
chr19	19641688	19642196	508	508	92.00	218.00	164.70	175.00	83670.00
chr11	134147593	134148159	566	566	0.00	5.00	1.64	1.00	930.00
chr2	71656420	71657290	870	870	11.00	110.00	67.20	69.00	58464.00
chr7	97834775	97835016	241	241	262.00	427.00	341.54	348.00	82310.00
chr19	13363804	13363915	111	111	92.00	116.00	105.53	107.00	11714.00
chr18	31328383	31329011	628	628	239.00	503.00	374.93	372.00	235454.00
chr16	66431884	66432009	125	125	51.00	76.00	59.91	59.00	7489.00
chr19	47935155	47935702	547	547	27.00	1086.00	409.27	471.00	223868.00
chr12	50291769	50291873	104	104	308.00	532.00	366.47	345.00	38113.00
chr11	1780198	1780317	119	119	412.00	733.00	516.56	486.00	61471.00
chr15	65392626	65393167	541	541	22.00	55.00	42.54	44.00	23016.00
chr2	86397871	86397967	96	96	309.00	419.00	376.43	397.50	36137.00
chr7	97866087	97866233	146	146	199.00	287.00	249.47	254.00	36422.00
chr11	60687157	60687402	245	245	165.00	286.00	228.82	237.00	56060.00
chr21	43307700	43309453	1753	1753	8.00	58.00	36.54	37.00	64055.00
chr14	24619269	24619657	388	388	85.00	179.00	119.20	111.50	46250.00
chr11	65320634	65320727	93	93	284.00	353.00	314.60	310.00	29258.00
chr16	29891184	29891385	201	201	485.00	666.00	566.52	562.00	113871.00
chr1	32207224	32207326	102	102	1843.00	2434.00	2164.67	2207.00	220796.00
chr11	72300218	72300394	176	176	15.00	607.00	204.94	22.50	36069.00
chr17	7608878	7609038	160	160	71.00	423.00	282.90	320.00	45264.00
chr19	7607646	7607814	168	168	181.00	267.00	226.50	233.50	38052.00
chr19	54966129	54966271	142	142	625.00	1189.00	1007.59	1094.50	143078.00
chr12	57995027	57995131	104	104	132.00	165.00	149.56	152.00	15554.00
chr1	27428875	27429049	174	174	41.00	56.00	48.95	49.00	8517.00
chr2	27688277	27688385	108	108	152.00	232.00	192.76	204.00	20818.00
chr16	2691449	2692254	805	805	1.00	58.00	13.03	11.00	10490.00
chr9	131503813	131503933	120	120	350.00	460.00	400.91	402.50	48109.00
chr16	2347766	2347922	156	156	432.00	660.00	540.49	539.00	84316.00
chr17	80039884	80040036	152	152	1257.00	1656.00	1504.19	1515.50	228637.00
chr1	32204432	32204538	106	106	1306.00	2040.00	1625.75	1616.50	172330.00
chr12	9242951	9243078	127	127	119.00	153.00	135.29	136.00	17182.00
chr3	49702661	49702751	90	90	205.00	263.00	239.84	237.00	21586.00
chr19	35820359	35820837	478	478	0.00	0.00	0.00	0.00	0.00
chr1	201456762	201457615	853	853	0.00	11.00	4.34	4.00	3700.00
chr16	2334279	2334438	159	159	336.00	531.00	424.02	420.00	67419.00
chr10	73578373	73578481	108	108	2160.00	2747.00	2396.26	2373.50	258796.00
chr16	18530550	18530756	206	206	29.00	487.00	215.88	280.50	44471.00
chr16	16369094	16369300	206	206	30.00	516.00	228.46	297.50	47063.00
chr13	113975636	113975785	149	149	41.00	677.00	312.81	50.00	46608.00
chr11	119293822	119294227	405	405	0.00	1726.00	135.41	2.00	54840.00
chr5	150505962	150506041	79	79	386.00	484.00	444.46	446.00	35112.00
chr22	44224939	44225078	139	139	550.00	686.00	584.18	578.00	81201.00
chr15	41865199	41865309	110	110	155.00	197.00	175.76	174.00	19334.00
chr17	25633807	25636298	2491	2491	214.00	3129.00	1168.36	885.00	2910386.00
chr15	72495155	72495529	374	374	79.00	1538.00	656.17	134.00	245408.00
chr9	42540272	42542124	1852	1852	0.00	17.00	9.11	10.00	16870.00
chr11	119290760	119291704	944	944	15.00	2277.00	559.01	66.50	527709.00
chr19	5219949	5220165	216	216	1854.00	2615.00	2154.84	2137.00	465445.00
chr15	63910769	63911153	384	384	9.00	80.00	57.43	66.00	22055.00
chr17	74393879	74393969	90	90	317.00	488.00	397.84	388.00	35806.00
chr10	104129467	104129532	65	65	328.00	377.00	356.68	360.00	23184.00
chr3	142454224	142454620	396	396	19.00	56.00	37.67	39.50	14917.00
chr12	121205196	121205396	200	200	484.00	657.00	553.76	545.50	110752.00
chr3	31705570	31705724	154	154	73.00	105.00	89.23	90.00	13741.00
chr6	118635190	118636593	1403	1403	84.00	569.00	366.27	359.00	513875.00
chr8	10339867	10340829	962	962	193.00	749.00	552.95	566.00	531941.00
chr19	16952578	16952779	201	201	389.00	667.00	539.59	546.00	108458.00
chr8	110984486	110985016	530	530	108.00	219.00	168.81	169.00	89467.00
chr9	128001219	128001610	391	391	700.00	2193.00	1452.37	1551.00	567878.00
chr11	73070878	73070997	119	119	168.00	204.00	187.24	188.00	22282.00
chr10	104130140	104130235	95	95	336.00	405.00	367.36	365.00	34899.00
chr5	95733039	95733173	134	134	3.00	7.00	5.10	5.00	683.00
chr19	59059400	59059547	147	147	2483.00	3403.00	2931.07	2979.00	430867.00
chr5	139943169	139943255	86	86	278.00	490.00	402.62	411.50	34625.00
chr17	73487771	73487981	210	210	247.00	440.00	321.99	318.50	67618.00
chr1	154315588	154315777	189	189	130.00	193.00	159.08	160.00	30067.00
chr14	95652726	95653070	344	344	0.00	2.00	0.74	1.00	253.00
chr12	123639801	123640772	971	971	31.00	124.00	88.02	90.00	85469.00
chr22	47064870	47065171	301	301	63.00	117.00	97.14	99.00	29240.00
chr5	24535220	24535388	168	168	122.00	174.00	147.91	147.00	24849.00
chr12	6806452	6806958	506	506	174.00	688.00	407.72	401.00	206304.00
chr22	29881711	29881836	125	125	9.00	20.00	13.69	12.00	1711.00
chr7	75894681	75894786	105	105	204.00	283.00	241.81	241.00	25390.00
chr12	121089007	121095893	6886	6886	6.00	87.00	30.44	28.00	209632.00
chr1	207940357	207942365	2008	2008	106.00	405.00	203.73	193.00	409080.00
chr7	154681166	154681240	74	74	253.00	316.00	286.81	287.50	21224.00
chr5	131696513	131697529	1016	1016	85.00	159.00	117.47	116.00	119346.00
chr11	1776135	1776258	123	123	250.00	639.00	415.38	393.00	51092.00
chr8	11706554	11706673	119	119	642.00	762.00	707.16	723.00	84152.00
chr11	18759426	18759511	85	85	369.00	496.00	424.26	422.00	36062.00
chr16	61689373	61689625	252	252	48.00	92.00	76.09	82.00	19174.00
chr15	51750702	51750824	122	122	233.00	318.00	280.93	283.00	34274.00
chr9	35555056	35555698	642	642	458.00	1064.00	771.53	762.50	495322.00
chr2	198356200	198356621	421	421	35.00	82.00	58.42	62.00	24596.00
chr9	131001723	131001794	71	71	846.00	972.00	902.75	895.00	64095.00
chr19	5214371	5214491	120	120	3361.00	4564.00	3829.08	3859.50	459490.00
chr22	35719488	35719623	135	135	65.00	89.00	78.64	80.00	10616.00
chr12	121678738	121679829	1091	1091	17.00	69.00	35.11	29.00	38305.00
chr14	23820960	23821064	104	104	1271.00	1549.00	1436.41	1451.50	149387.00
chr1	32205710	32205779	69	69	1233.00	1555.00	1426.45	1444.00	98425.00
chr3	33420176	33420326	150	150	61.00	367.00	175.11	85.00	26266.00
chr9	114820707	114820966	259	259	55.00	87.00	73.93	74.00	19148.00
chr15	41865876	41866023	147	147	35.00	301.00	254.03	267.00	37342.00
chr19	55554308	55554637	329	329	58.00	87.00	72.43	72.00	23831.00
chr1	116933403	116933513	110	110	1265.00	1660.00	1475.21	1441.00	162273.00
chr19	15374230	15374359	129	129	350.00	632.00	490.91	504.00	63327.00
chr12	56090682	56090852	170	170	70.00	102.00	88.48	89.00	15041.00
chr14	69445668	69445876	208	208	66.00	201.00	132.92	141.00	27648.00
chr12	57603474	57603651	177	177	541.00	857.00	710.69	718.00	125793.00
chr22	32897492	32898946	1454	1454	27.00	416.00	187.70	163.00	272919.00
chr16	16367702	16367764	62	62	13.00	334.00	178.61	197.50	11074.00
chr19	5245786	5246056	270	270	1299.00	2949.00	2034.13	1940.50	549214.00
chr16	74345440	74345829	389	389	56.00	129.00	92.40	90.00	35942.00
chr6	107096899	107097076	177	177	139.00	237.00	180.42	184.00	31934.00
chr1	29641883	29642019	136	136	137.00	217.00	168.37	168.00	22898.00
chr8	97342440	97342509	69	69	745.00	937.00	832.97	820.00	57475.00
chr8	68116914	68117054	140	140	228.00	391.00	304.94	321.50	42692.00
chr22	22037470	22037546	76	76	206.00	304.00	258.80	262.00	19669.00
chr22	50682147	50683420	1273	1273	56.00	738.00	415.96	398.00	529522.00
chr20	44048971	44049069	98	98	278.00	390.00	344.48	358.00	33759.00
chr1	36904356	36904511	155	155	46.00	77.00	60.68	60.00	9406.00
chr12	71054719	71054877	158	158	17.00	35.00	24.78	25.00	3916.00
chr15	50654364	50655515	1151	1151	230.00	563.00	388.38	379.00	447028.00
chr2	234198499	234198620	121	121	164.00	215.00	185.43	183.00	22437.00
chr9	128001699	128001812	113	113	751.00	932.00	838.62	826.00	94764.00
chr8	38272296	38272419	123	123	146.00	244.00	204.92	209.00	25205.00
chr11	73068069	73068179	110	110	140.00	216.00	172.86	169.00	19015.00
chr16	28123137	28123327	190	190	357.00	572.00	477.23	482.50	90673.00
chr12	49424062	49424222	160	160	92.00	159.00	125.35	120.00	20056.00
chr19	50302885	50303023	138	138	704.00	923.00	806.60	764.00	111311.00
chr19	42480567	42480718	151	151	3081.00	4305.00	3775.43	3888.00	570090.00
chr3	197904395	197905301	906	906	1.00	93.00	38.31	44.00	34712.00
chr13	100189992	100190117	125	125	525.00	704.00	615.83	616.00	76979.00
chr19	14268062	14268272	210	210	772.00	1386.00	1095.86	1087.50	230131.00
chr10	93786886	93787057	171	171	311.00	426.00	370.51	377.00	63358.00
chr1	109808726	109808828	102	102	459.00	683.00	543.49	544.50	55436.00
chr4	134075461	134075520	59	59	548.00	801.00	664.02	681.00	39177.00
chr1	22052268	22053864	1596	1596	60.00	161.00	114.27	115.00	182373.00
chr9	140056855	140056968	113	113	503.00	798.00	667.98	725.00	75482.00
chr19	42482087	42482224	137	137	2969.00	4062.00	3398.90	3439.00	465649.00
chr19	4556962	4557025	63	63	444.00	569.00	524.14	534.00	33021.00
chr19	14266921	14267013	92	92	773.00	1012.00	911.33	936.50	83842.00
chr22	42273851	42274127	276	276	37.00	3007.00	1527.25	1811.00	421521.00
chr1	205549788	205550049	261	261	4.00	16.00	9.07	9.00	2367.00
chr1	110765585	110766522	937	937	40.00	100.00	63.40	61.00	59410.00
chr19	55553595	55554158	563	563	50.00	114.00	77.71	76.00	43753.00
chr7	150929881	150931360	1479	1479	68.00	317.00	120.05	112.00	177550.00
chr3	124215157	124215260	103	103	222.00	286.00	258.35	263.00	26610.00
chr16	58220658	58220760	102	102	365.00	455.00	402.53	406.00	41058.00
chr3	10381925	10382033	108	108	440.00	602.00	553.70	563.00	59800.00
chr10	11356101	11356221	120	120	870.00	1234.00	982.68	946.00	117922.00
chr22	42294652	42294785	133	133	1522.00	2326.00	1981.03	2081.00	263477.00
chr1	2005531	2005714	183	183	2.00	28.00	19.22	22.00	3518.00
chr12	113722522	113722576	54	54	56.00	66.00	58.22	57.00	3144.00
chr9	131502198	131502398	200	200	42.00	534.00	449.82	472.00	89965.00
chr19	40873602	40873786	184	184	1108.00	1471.00	1291.24	1294.50	237589.00
chr2	220162606	220162825	219	219	106.00	218.00	157.34	156.00	34457.00
chr16	28270027	28270355	328	328	0.00	4.00	1.98	2.00	651.00
chr4	3225718	3225858	140	140	219.00	292.00	254.28	255.50	35599.00
chr17	44127898	44128070	172	172	410.00	555.00	467.01	464.50	80326.00
chr3	47462043	47462262	219	219	369.00	823.00	538.34	508.00	117897.00
chr6	99873090	99873182	92	92	31.00	2268.00	847.54	716.50	77974.00
chr7	142561723	142562504	781	781	338.00	1156.00	639.89	563.00	499753.00
chr1	159169540	159169666	126	126	1711.00	2627.00	2165.31	2203.00	272829.00
chr19	7606869	7606953	84	84	135.00	207.00	165.21	161.50	13878.00
chr16	2811561	2818298	6737	6737	19.00	2414.00	1467.50	1453.00	9886533.00
chr3	47450652	47450807	155	155	334.00	414.00	383.34	391.00	59417.00
chr11	118403631	118403922	291	291	366.00	476.00	406.73	404.00	118357.00
chr1	205555161	205555335	174	174	9.00	15.00	12.20	13.00	2122.00
chr12	125603186	125603311	125	125	176.00	226.00	199.21	200.00	24901.00
chr11	86658288	86659498	1210	1210	45.00	197.00	103.15	99.00	124817.00
chr22	37764946	37768745	3799	3799	12.00	1089.00	441.59	399.00	1677589.00
chr10	46345664	46346215	551	551	53.00	225.00	127.40	111.00	70195.00
chr22	33673045	33673241	196	196	231.00	502.00	314.31	285.00	61605.00
chr9	140042599	140042666	67	67	10.00	129.00	108.42	112.00	7264.00
chr3	48717233	48717320	87	87	149.00	179.00	162.53	162.00	14140.00
chr11	60681600	60681740	140	140	10.00	233.00	91.59	58.00	12822.00
chr10	93784512	93784724	212	212	228.00	409.00	338.08	356.00	71674.00
chr12	7289424	7290372	948	948	19.00	721.00	200.19	51.00	189776.00
chr3	132387062	132387526	464	464	31.00	89.00	66.43	68.00	30823.00
chr16	2335442	2335647	205	205	371.00	661.00	517.86	509.00	106161.00
chr16	1794782	1797276	2494	2494	40.00	923.00	283.30	220.00	706541.00
chr16	3786036	3786204	168	168	827.00	1126.00	946.08	925.50	158941.00
chr9	141131209	141131766	557	557	3.00	50.00	19.43	15.00	10822.00
chr14	92965028	92966015	987	987	0.00	4.00	1.06	0.00	1049.00
chr19	54692070	54692200	130	130	160.00	498.00	308.05	252.00	40046.00
chr15	43866006	43866230	224	224	73.00	114.00	96.30	96.00	21571.00
chr3	40231316	40231954	638	638	25.00	49.00	39.67	40.00	25312.00
chr3	50148937	50149455	518	518	117.00	289.00	186.52	184.00	96616.00
chr4	81117505	81117755	250	250	141.00	290.00	206.85	202.50	51712.00
chr10	46740404	46740638	234	234	16.00	306.00	207.82	245.50	48631.00
chr3	124210169	124210271	102	102	235.00	290.00	264.63	265.00	26992.00
chr11	107488830	107488932	102	102	504.00	575.00	540.88	544.00	55170.00
chr9	130591965	130592106	141	141	56.00	99.00	84.02	88.00	11847.00
chr1	20981932	20982027	95	95	948.00	1162.00	1070.98	1091.00	101743.00
chr12	75875613	75875859	246	246	2.00	15.00	5.78	6.00	1421.00
chr22	32046684	32046764	80	80	211.00	375.00	318.00	333.00	25440.00
chr11	70331418	70331658	240	240	129.00	551.00	326.54	340.50	78369.00
chr14	51079976	51080069	93	93	355.00	413.00	379.43	376.00	35287.00
chr17	80041077	80041301	224	224	927.00	2811.00	1845.86	1861.50	413472.00
chr7	158540884	158540971	87	87	356.00	447.00	402.75	397.00	35039.00
chr1	21553651	21553719	68	68	88.00	113.00	103.22	104.50	7019.00
chr2	219206256	219206349	93	93	45.00	64.00	55.16	56.00	5130.00
chr17	18444211	18445242	1031	1031	26.00	104.00	66.87	64.00	68948.00
chr12	57599340	57599460	120	120	651.00	837.00	729.44	734.00	87533.00
chr11	64417919	64418110	191	191	903.00	1438.00	1223.99	1291.00	233782.00
chr19	3274926	3275650	724	724	123.00	351.00	187.55	177.00	135788.00
chr16	18532086	18532305	219	219	372.00	772.00	572.49	577.00	125375.00
chr17	3776702	3776756	54	54	260.00	310.00	294.70	294.50	15914.00
chr1	116932670	116933033	363	363	13.00	1903.00	853.76	1274.00	309916.00
chr16	1505731	1505796	65	65	340.00	439.00	412.72	418.00	26827.00
chr1	9794029	9794200	171	171	1693.00	1988.00	1849.99	1859.00	316348.00
chr10	73579221	73579379	158	158	1856.00	3217.00	2463.80	2644.50	389280.00
chr11	6411684	6412146	462	462	51.00	250.00	146.27	146.50	67576.00
chr1	159163212	159163350	138	138	1675.00	2284.00	1833.64	1799.50	253042.00
chr16	1816723	1816804	81	81	700.00	848.00	775.20	784.00	62791.00
chr7	91722399	91722630	231	231	59.00	463.00	395.18	411.00	91286.00
chr7	44281816	44281939	123	123	892.00	1127.00	994.24	994.00	122292.00
chr2	220467189	220467297	108	108	65.00	87.00	79.83	81.50	8622.00
chr16	4494664	4494729	65	65	234.00	312.00	280.08	279.00	18205.00
chr15	34681844	34681986	142	142	86.00	1692.00	995.91	962.50	141419.00
chr9	139995935	139996124	189	189	209.00	433.00	321.01	339.00	60671.00
chr3	180324040	180324160	120	120	395.00	489.00	437.76	436.00	52531.00
chr3	42678359	42681242	2883	2883	350.00	1024.00	619.89	588.00	1787142.00
chr7	131812776	131815333	2557	2557	386.00	1606.00	840.35	824.00	2148775.00
chr20	1585387	1585522	135	135	3.00	61.00	32.11	33.00	4335.00
chr3	126751229	126751442	213	213	546.00	694.00	620.68	619.00	132205.00
chr15	63920875	63921014	139	139	336.00	615.00	447.81	451.00	62245.00
chr16	2040128	2040202	74	74	72.00	152.00	120.96	122.50	8951.00
chr9	74324174	74324390	216	216	40.00	86.00	56.69	53.00	12246.00
chr20	44521858	44521950	92	92	184.00	223.00	200.96	198.50	18488.00
chr9	139911647	139911798	151	151	233.00	352.00	286.30	282.00	43232.00
chr9	140055507	140055649	142	142	905.00	1672.00	1309.36	1214.00	185929.00
chr12	120148055	120148191	136	136	25.00	42.00	35.31	35.00	4802.00
chr12	50474280	50474372	92	92	773.00	994.00	877.52	892.50	80732.00
chr15	63125702	63125828	126	126	173.00	275.00	206.33	202.00	25998.00
chr9	20907148	20907241	93	93	189.00	235.00	214.24	216.00	19924.00
chr16	87874655	87874761	106	106	435.00	584.00	534.33	549.00	56639.00
chr2	162833269	162833460	191	191	14.00	724.00	354.13	496.00	67638.00
chr8	11704560	11704677	117	117	424.00	565.00	504.67	510.00	59046.00
chr15	63926931	63927087	156	156	451.00	611.00	539.97	556.00	84235.00
chr6	31668718	31668805	87	87	500.00	633.00	548.02	542.00	47678.00
chr7	148910792	148910906	114	114	141.00	384.00	297.11	330.50	33870.00
chr14	42355808	42357213	1405	1405	72.00	201.00	114.89	111.00	161424.00
chr10	88678928	88679226	298	298	209.00	324.00	265.07	263.00	78991.00
chr3	140998219	140998346	127	127	189.00	339.00	264.32	261.00	33569.00
chr1	144859758	144859998	240	240	213.00	412.00	301.21	314.00	72291.00
chr9	96054772	96055455	683	683	158.00	649.00	432.54	445.00	295426.00
chr19	7604803	7604944	141	141	188.00	313.00	238.72	243.00	33660.00
chr12	30906277	30907432	1155	1155	138.00	566.00	354.33	354.00	409256.00
chr9	131112762	131112854	92	92	138.00	217.00	181.43	185.00	16692.00
chr20	61981328	61982379	1051	1051	171.00	411.00	267.36	259.00	280999.00
chr7	38431348	38431618	270	270	142.00	384.00	257.99	249.50	69657.00
chr20	44521036	44521123	87	87	196.00	250.00	215.39	216.00	18739.00
chr11	64418726	64419108	382	382	684.00	1478.00	1072.08	1084.50	409534.00
chr12	120148344	120150270	1926	1926	3.00	55.00	13.26	10.00	25538.00
chr12	6930971	6931066	95	95	15.00	640.00	340.87	315.00	32383.00
chr16	2339434	2339621	187	187	308.00	566.00	409.27	384.00	76534.00
chr2	27700083	27700187	104	104	177.00	241.00	216.23	220.00	22488.00
chr14	69805367	69805494	127	127	98.00	202.00	150.35	149.00	19094.00
chr12	9242497	9242619	122	122	118.00	170.00	147.48	154.50	17993.00
chr3	58256658	58256791	133	133	197.00	334.00	247.50	233.00	32917.00
chr10	79744927	79745098	171	171	259.00	439.00	338.99	346.00	57967.00
chr1	159161725	159161866	141	141	1253.00	1705.00	1532.77	1600.00	216120.00
chr16	31085202	31085519	317	317	28.00	113.00	76.43	75.00	24227.00
chr1	171755018	171755218	200	200	151.00	245.00	197.30	197.00	39460.00
chr9	130988124	130989280	1156	1156	13.00	415.00	233.30	222.00	269695.00
chr15	63127935	63127998	63	63	177.00	217.00	189.56	185.00	11942.00
chr19	1917676	1917821	145	145	48.00	495.00	351.66	371.00	50990.00
chr22	25315792	25315960	168	168	67.00	121.00	87.60	79.50	14717.00
chr2	207943790	207945085	1295	1295	433.00	951.00	636.92	626.00	824815.00
chr11	47330706	47330952	246	246	38.00	868.00	390.44	59.00	96048.00
chr3	142743978	142746095	2117	2117	38.00	872.00	170.46	135.00	360870.00
chr7	44839492	44839694	202	202	60.00	163.00	117.71	113.00	23778.00
chr22	31688260	31688471	211	211	12.00	160.00	108.65	133.00	22926.00
chr11	66333492	66333638	146	146	457.00	594.00	541.58	551.00	79071.00
chr9	131114916	131115026	110	110	206.00	280.00	236.06	234.00	25967.00
chr1	20206	21013	807	807	171.00	972.00	533.53	548.00	430558.00
chr11	108216469	108216635	166	166	136.00	253.00	208.71	212.00	34646.00
chr1	209778880	209779019	139	139	14.00	29.00	21.97	24.00	3054.00
chr1	202935876	202936026	150	150	174.00	286.00	218.34	211.00	32751.00
chr12	57600255	57600524	269	269	575.00	831.00	726.07	739.00	195313.00
chr19	15233503	15233615	112	112	134.00	188.00	153.52	144.00	17194.00
chr8	68115317	68115486	169	169	270.00	410.00	363.24	378.00	61387.00
chr19	13419229	13419342	113	113	99.00	142.00	125.50	126.00	14181.00
chr6	33266815	33267130	315	315	30.00	528.00	266.42	259.00	83921.00
chr16	89780611	89781646	1035	1035	3.00	32.00	17.60	17.00	18217.00
chr12	109964162	109964221	59	59	171.00	209.00	193.15	196.00	11396.00
chr22	24491893	24492045	152	152	123.00	322.00	213.51	214.00	32454.00
chr2	242592926	242593025	99	99	575.00	818.00	690.15	690.00	68325.00
chr1	21937944	21938074	130	130	401.00	887.00	650.59	716.50	84577.00
chr2	223789173	223789313	140	140	351.00	479.00	404.02	400.50	56563.00
chr20	3772318	3772535	217	217	5.00	24.00	14.25	14.00	3093.00
chr16	18531918	18532001	83	83	492.00	814.00	638.47	654.00	52993.00
chr1	43396296	43396537	241	241	198.00	281.00	245.72	254.00	59218.00
chr2	100037960	100038115	155	155	251.00	326.00	294.78	298.00	45691.00
chr16	1500497	1500770	273	273	29.00	343.00	205.28	293.00	56041.00
chr19	40876016	40876144	128	128	1063.00	1309.00	1195.87	1190.50	153071.00
chr5	168112691	168112932	241	241	0.00	10.00	3.57	4.00	860.00
chr2	127825738	127825831	93	93	267.00	391.00	330.12	328.00	30701.00
chr1	19232015	19234990	2975	2975	4.00	150.00	55.10	49.00	163923.00
chr16	1391129	1391196	67	67	23.00	31.00	27.16	27.00	1820.00
chr6	33410665	33411689	1024	1024	38.00	1527.00	773.29	794.00	791854.00
chr9	95872033	95872266	233	233	20.00	29.00	24.36	24.00	5677.00
chr1	53378627	53378839	212	212	16.00	39.00	28.17	29.00	5971.00
chr2	80531276	80531693	417	417	87.00	315.00	228.80	231.00	95408.00
chr7	44286718	44286791	73	73	797.00	967.00	886.93	904.00	64746.00
chr7	157369304	157369471	167	167	570.00	792.00	668.92	673.00	111709.00
chr11	18755079	18755191	112	112	32.00	505.00	340.87	433.50	38177.00
chr6	86237979	86238080	101	101	260.00	375.00	328.14	330.00	33142.00
chr8	145000951	145001050	99	99	161.00	244.00	194.00	183.00	19206.00
chr19	45167680	45167966	286	286	45.00	89.00	64.52	67.00	18452.00
chr10	48930165	48930400	235	235	17.00	273.00	184.31	206.00	43314.00
chr16	87871450	87871547	97	97	349.00	533.00	457.29	492.00	44357.00
chr1	109815454	109815649	195	195	597.00	969.00	759.16	745.00	148037.00
chr1	208215442	208215711	269	269	905.00	1466.00	1202.33	1195.00	323426.00
chr2	260866	261451	585	585	70.00	265.00	159.55	160.00	93335.00
chr5	180481266	180481724	458	458	3.00	15.00	10.58	11.00	4845.00
chr7	73119479	73119631	152	152	8.00	1220.00	547.32	14.00	83192.00
chr15	34677248	34677358	110	110	1417.00	2831.00	2172.21	2315.50	238943.00
chr16	57687114	57687247	133	133	537.00	775.00	665.71	688.00	88539.00
chr15	50649406	50649592	186	186	190.00	493.00	369.91	382.00	68804.00
chr22	21071995	21072066	71	71	832.00	1120.00	960.83	955.00	68219.00
chr5	179200882	179201561	679	679	94.00	383.00	313.56	320.00	212908.00
chr10	98763824	98763979	155	155	906.00	1234.00	1050.62	1049.00	162846.00
chr14	102963315	102963457	142	142	129.00	185.00	146.56	142.50	20811.00
chr1	21932558	21933138	580	580	14.00	628.00	146.82	40.00	85155.00
chr16	28118842	28118998	156	156	390.00	560.00	469.51	472.50	73244.00
chr1	241767561	241767881	320	320	25.00	66.00	42.71	43.50	13666.00
chr11	66812063	66812184	121	121	3.00	11.00	7.20	7.00	871.00
chr11	12248571	12248678	107	107	131.00	165.00	149.50	151.00	15996.00
chr9	130588788	130588951	163	163	44.00	96.00	68.80	70.00	11214.00
chr22	21068915	21068988	73	73	741.00	919.00	841.49	862.00	61429.00
chr1	43424304	43424531	227	227	41.00	442.00	312.81	349.00	71009.00
chr14	105852021	105853670	1649	1649	108.00	336.00	197.26	194.00	325278.00
chr15	34823469	34823579	110	110	887.00	1350.00	1112.61	1095.50	122387.00
chr11	171365	172282	917	917	5.00	93.00	38.96	43.00	35722.00
chr22	24493976	24494155	179	179	148.00	352.00	243.58	264.00	43600.00
chr15	79291060	79291167	107	107	32.00	48.00	40.77	41.00	4362.00
chr16	2145904	2146194	290	290	33.00	59.00	46.03	46.00	13350.00
chr9	131503050	131503166	116	116	389.00	529.00	449.03	432.00	52087.00
chr11	61301983	61302579	596	596	12.00	62.00	36.33	36.50	21654.00
chr22	25308609	25308719	110	110	51.00	79.00	62.87	61.00	6916.00
chr12	63977826	63979986	2160	2160	7.00	489.00	164.64	154.00	355631.00
chr19	46928844	46930933	2089	2089	7.00	293.00	128.88	127.00	269225.00
chr16	56969146	56969224	78	78	170.00	217.00	190.27	187.00	14841.00
chr17	40665787	40665996	209	209	44.00	1226.00	537.41	775.00	112318.00
chr9	131669435	131671600	2165	2165	166.00	509.00	285.95	274.00	619079.00
chr2	220164026	220164271	245	245	32.00	357.00	131.80	44.00	32290.00
chr19	7589846	7590052	206	206	177.00	299.00	222.25	221.50	45784.00
chr6	91260186	91260268	82	82	253.00	299.00	278.96	279.50	22875.00
chr9	124543742	124543830	88	88	591.00	747.00	665.09	678.00	58528.00
chr12	54071005	54071170	165	165	13.00	48.00	33.95	32.00	5601.00
chr2	40443	41212	769	769	0.00	4.00	1.56	1.00	1196.00
chr11	67852159	67852747	588	588	33.00	95.00	66.23	64.00	38944.00
chr8	8233762	8234810	1048	1048	62.00	258.00	177.60	199.00	186120.00
chr2	175671113	175672148	1035	1035	1.00	31.00	12.73	11.00	13173.00
chr7	138984922	138985438	516	516	51.00	105.00	79.28	81.00	40910.00
chr22	40816850	40817104	254	254	219.00	466.00	380.83	382.50	96732.00
chr19	14263120	14263249	129	129	756.00	1046.00	878.75	844.00	113359.00
chr19	16962222	16962345	123	123	326.00	750.00	569.89	598.00	70097.00
chr1	109813838	109813918	80	80	611.00	805.00	675.89	665.00	54071.00
chr3	49898148	49898562	414	414	73.00	4705.00	2646.42	3936.50	1095616.00
chr17	17131202	17131510	308	308	32.00	324.00	221.54	228.00	68235.00
chr1	21936067	21936139	72	72	254.00	328.00	290.78	289.00	20936.00
chr3	130424404	130424615	211	211	76.00	120.00	96.62	95.00	20387.00
chr12	56532710	56532797	87	87	67.00	85.00	73.36	73.00	6382.00
chr16	29888591	29888788	197	197	500.00	781.00	636.11	630.00	125313.00
chr2	114394588	114396196	1608	1608	18.00	199.00	85.33	82.50	137207.00
chr3	124180736	124180803	67	67	226.00	258.00	243.27	245.00	16299.00
chr9	111798485	111798660	175	175	207.00	287.00	252.06	255.00	44111.00
chr10	73847897	73848372	475	475	14.00	163.00	69.10	67.00	32821.00
chr22	21075585	21075706	121	121	472.00	1043.00	824.54	879.00	99769.00
chr22	20920753	20921104	351	351	127.00	294.00	186.33	176.00	65401.00
chr9	140953020	140953185	165	165	252.00	466.00	379.67	393.00	62646.00
chr22	41620970	41621075	105	105	187.00	241.00	211.91	216.00	22251.00
chr11	6243671	6243839	168	168	227.00	369.00	292.57	293.00	49151.00
chr15	74704225	74704353	128	128	693.00	1319.00	1027.10	1107.50	131469.00
chr3	48719780	48719985	205	205	120.00	188.00	162.43	162.00	33299.00
chr1	222833247	222833348	101	101	207.00	311.00	270.12	273.00	27282.00
chr1	6583675	6584824	1149	1149	53.00	391.00	224.39	218.00	257823.00
chr11	126135857	126135976	119	119	207.00	248.00	231.27	233.00	27521.00
chr8	75156763	75157410	647	647	110.00	170.00	141.86	142.00	91783.00
chr15	83345212	83345389	177	177	463.00	577.00	511.87	507.00	90601.00
chr14	68031638	68032561	923	923	7.00	34.00	18.75	18.00	17304.00
chr19	42479780	42479949	169	169	2293.00	3570.00	2974.49	2952.00	502688.00
chr16	31503329	31503407	78	78	415.00	576.00	491.86	507.00	38365.00
chr17	1564564	1564700	136	136	962.00	1493.00	1157.04	1072.00	157358.00
chr16	58717858	58718082	224	224	68.00	174.00	128.11	124.00	28696.00
chr14	71575320	71575763	443	443	211.00	407.00	312.08	310.00	138252.00
chr1	202934498	202934628	130	130	156.00	218.00	184.21	179.00	23947.00
chr7	73118477	73118586	109	109	641.00	960.00	819.00	850.00	89271.00
chr19	13365908	13366073	165	165	75.00	107.00	89.93	89.00	14838.00
chr10	102265117	102265958	841	841	107.00	274.00	161.85	147.00	136120.00
chr9	139983320	139983457	137	137	335.00	425.00	377.42	380.00	51707.00
chr18	29206245	29206347	102	102	80.00	129.00	104.18	100.00	10626.00
chr12	120578662	120578827	165	165	362.00	460.00	410.96	413.00	67808.00
chr5	757516	758226	710	710	1.00	14.00	8.97	10.00	6371.00
chr8	21632483	21632567	84	84	103.00	131.00	114.58	113.00	9625.00
chr4	54011499	54011749	250	250	71.00	112.00	89.91	88.00	22478.00
chr8	141680613	141681365	752	752	2.00	46.00	31.03	33.00	23331.00
chr11	57367351	57367850	499	499	45.00	136.00	87.26	84.00	43543.00
chr12	63980009	63980784	775	775	62.00	222.00	138.93	142.00	107672.00
chr9	140057042	140057203	161	161	19.00	822.00	697.65	741.00	112322.00
chr2	7055953	7056098	145	145	9.00	13.00	11.21	11.00	1626.00
chr12	52387768	52389043	1275	1275	32.00	1647.00	629.68	563.00	802843.00
chr19	50104931	50105175	244	244	168.00	630.00	271.96	198.00	66358.00
chr19	5218430	5218543	113	113	2822.00	3849.00	3442.94	3533.00	389052.00
chr16	29898969	29899138	169	169	410.00	555.00	486.98	491.00	82299.00
chr7	99030900	99031041	141	141	71.00	96.00	82.03	80.00	11566.00
chr17	36692926	36693212	286	286	56.00	176.00	115.22	118.00	32954.00
chr15	73857770	73859335	1565	1565	63.00	316.00	178.73	179.00	279713.00
chr6	44104085	44104176	91	91	685.00	1007.00	834.99	805.00	75984.00
chr1	21938518	21938602	84	84	444.00	585.00	522.02	530.50	43850.00
chr19	13423482	13423595	113	113	83.00	116.00	97.48	95.00	11015.00
chr16	70292882	70293089	207	207	515.00	821.00	679.85	677.00	140729.00
chr18	61060641	61060782	141	141	152.00	197.00	173.48	172.00	24461.00
chr16	22269814	22270016	202	202	66.00	116.00	91.88	91.00	18559.00
chr1	21554423	21554534	111	111	62.00	103.00	85.33	88.00	9472.00
chr9	140057255	140057455	200	200	43.00	870.00	613.33	746.00	122665.00
chr7	1488255	1488397	142	142	31.00	65.00	52.61	58.00	7471.00
chr14	100166351	100166438	87	87	34.00	43.00	39.17	39.00	3408.00
chr9	101065522	101065705	183	183	393.00	604.00	497.25	509.00	90996.00
chr5	68411752	68412041	289	289	109.00	266.00	188.59	197.00	54503.00
chr1	2452539	2452754	215	215	179.00	523.00	316.15	279.00	67972.00
chr1	21564626	21564737	111	111	70.00	108.00	86.96	86.00	9653.00
chr13	42037713	42039066	1353	1353	9.00	47.00	25.02	25.00	33848.00
chr2	114350236	114350443	207	207	72.00	490.00	281.37	279.00	58244.00
chr1	21939668	21939722	54	54	479.00	596.00	517.02	512.00	27919.00
chr9	139353895	139354007	112	112	221.00	289.00	251.96	252.00	28220.00
chr7	102176367	102176618	251	251	108.00	533.00	401.92	417.00	100881.00
chr3	51411753	51412018	265	265	15.00	450.00	169.05	23.00	44797.00
chr17	73888091	73888266	175	175	73.00	131.00	102.12	101.00	17871.00
chr13	103297258	103297435	177	177	55.00	333.00	204.33	272.00	36166.00
chr15	63922664	63922834	170	170	385.00	629.00	498.23	472.00	84699.00
chr3	33400774	33400849	75	75	294.00	368.00	329.44	318.00	24708.00
chr22	50671744	50671955	211	211	263.00	377.00	311.83	314.00	65797.00
chr1	21190968	21191205	237	237	405.00	776.00	600.03	620.00	142206.00
chr5	14481649	14481727	78	78	878.00	1033.00	968.15	971.50	75516.00
chr15	101605556	101606410	854	854	0.00	6.00	2.36	2.00	2014.00
chr17	80040402	80040554	152	152	1493.00	2083.00	1805.43	1800.00	274426.00
chr2	132269293	132270897	1604	1604	46.00	285.00	170.18	173.00	272976.00
chr11	1778553	1778786	233	233	458.00	773.00	612.61	634.00	142739.00
chr11	1469616	1469808	192	192	37.00	77.00	60.67	63.00	11648.00
chr12	120138549	120138630	81	81	47.00	62.00	53.91	55.00	4367.00
chr7	901016	901101	85	85	712.00	985.00	842.85	844.00	71642.00
chr19	13372263	13372424	161	161	120.00	163.00	141.06	139.00	22711.00
chr17	40843154	40843311	157	157	32.00	48.00	38.43	38.00	6033.00
chr17	80039476	80039719	243	243	1165.00	2095.00	1648.86	1604.00	400672.00
chr17	16681109	16687365	6256	6256	7.00	341.00	129.05	125.00	807368.00
chr1	116935475	116935610	135	135	1289.00	1783.00	1602.37	1648.00	216320.00
chr6	128294808	128294972	164	164	529.00	1154.00	889.26	932.50	145838.00
chr5	109189927	109190617	690	690	1.00	14.00	6.43	5.00	4439.00
chr15	40757533	40757634	101	101	103.00	309.00	247.47	255.00	24994.00
chr2	220164706	220164981	275	275	223.00	391.00	304.95	306.00	83860.00
chr3	164905164	164908639	3475	3475	3.00	52.00	25.27	25.00	87798.00
chr11	60699157	60699356	199	199	466.00	2045.00	1489.93	1421.00	296497.00
chr2	96680301	96680717	416	416	12.00	52.00	29.88	27.00	12428.00
chr17	40845314	40845554	240	240	24.00	59.00	33.44	28.00	8025.00
chr12	125264513	125265391	878	878	40.00	112.00	73.21	70.00	64275.00
chr1	156623704	156624158	454	454	17.00	35.00	24.48	25.00	11114.00
chr6	108370456	108370622	166	166	146.00	242.00	190.34	186.00	31597.00
chr11	19180486	19180587	101	101	99.00	132.00	119.64	122.00	12084.00
chr19	42489069	42489338	269	269	1086.00	2525.00	1809.36	1823.00	486719.00
chr2	198274493	198274731	238	238	946.00	1397.00	1177.16	1163.50	280163.00
chr6	47220991	47221257	266	266	221.00	417.00	324.39	322.00	86288.00
chr19	40872679	40872822	143	143	1363.00	2155.00	1799.94	1882.00	257391.00
chr19	54693278	54693627	349	349	0.00	155.00	64.83	66.00	22624.00
chr12	81929	82174	245	245	79.00	357.00	243.20	260.00	59585.00
chr21	45513943	45514114	171	171	102.00	196.00	160.61	164.00	27464.00
chr3	124201630	124201747	117	117	0.00	271.00	191.67	240.00	22425.00
chr17	79805118	79805223	105	105	670.00	850.00	784.17	806.00	82338.00
chr20	46307419	46307548	129	129	28.00	43.00	33.43	33.00	4313.00
chr17	38187790	38187873	83	83	441.00	619.00	506.58	477.00	42046.00
chr2	207452814	207452878	64	64	279.00	360.00	309.72	306.50	19822.00
chr17	45695715	45695823	108	108	1198.00	1448.00	1346.48	1354.00	145420.00
chr7	44283023	44283126	103	103	831.00	1003.00	898.98	899.00	92595.00
chr20	62274975	62275284	309	309	17.00	2352.00	1129.78	1639.00	349101.00
chr11	108202605	108202764	159	159	152.00	221.00	188.00	191.00	29892.00
chr9	140051314	140051489	175	175	457.00	787.00	584.95	557.00	102366.00
chr22	45574118	45574781	663	663	216.00	535.00	330.65	315.00	219224.00
chr15	79312382	79312446	64	64	18.00	24.00	20.47	20.00	1310.00
chr1	21940120	21940199	79	79	443.00	535.00	488.99	490.00	38630.00
chr17	3775847	3775921	74	74	226.00	301.00	268.89	277.50	19898.00
chr7	73133931	73134019	88	88	0.00	1269.00	365.97	241.50	32205.00
chr11	72292920	72292991	71	71	457.00	588.00	523.55	527.00	37172.00
chr7	43547616	43547730	114	114	194.00	292.00	256.72	268.50	29266.00
chr16	58713760	58714145	385	385	86.00	170.00	127.09	124.00	48931.00
chr22	21083600	21083794	194	194	556.00	905.00	711.81	726.00	138092.00
chr11	66457275	66457414	139	139	662.00	953.00	786.50	779.00	109324.00
chr15	91561034	91561115	81	81	137.00	187.00	162.02	159.00	13124.00
chr11	2968525	2969001	476	476	65.00	147.00	112.99	117.00	53781.00
chr19	34869838	34869910	72	72	1370.00	1706.00	1492.99	1462.00	107495.00
chr9	121970996	121971219	223	223	387.00	516.00	461.14	470.00	102834.00
chr3	47449772	47449980	208	208	70.00	480.00	319.57	402.50	66471.00
chr12	57601820	57601999	179	179	638.00	1433.00	1014.54	968.00	181602.00
chr16	2345590	2345741	151	151	560.00	695.00	643.70	651.00	97199.00
chr12	50471782	50471910	128	128	628.00	991.00	823.88	814.00	105457.00
chr1	109814221	109814344	123	123	786.00	1236.00	1081.54	1122.00	133029.00
chr19	16942304	16942458	154	154	240.00	441.00	353.96	376.00	54510.00
chr11	66333301	66333398	97	97	435.00	609.00	503.57	481.00	48846.00
chr5	74026084	74026223	139	139	150.00	238.00	192.14	190.00	26708.00
chr5	68417520	68417722	202	202	142.00	271.00	223.49	228.00	45144.00
chr19	15272262	15272525	263	263	65.00	169.00	119.07	112.00	31316.00
chr3	45872404	45872482	78	78	152.00	188.00	171.32	172.00	13363.00
chr7	73123374	73123452	78	78	1278.00	1629.00	1503.53	1553.50	117275.00
chr5	14498197	14498360	163	163	1132.00	1484.00	1330.23	1338.00	216827.00
chr14	93180167	93180230	63	63	150.00	189.00	169.92	169.00	10705.00
chr9	130984739	130984875	136	136	554.00	890.00	705.40	628.00	95934.00
chr13	31216764	31216894	130	130	109.00	184.00	156.44	160.00	20337.00
chr12	112614399	112614506	107	107	384.00	867.00	797.06	807.00	85285.00
chr12	57602865	57602982	117	117	758.00	1144.00	940.18	931.00	110001.00
chr14	72976861	72976987	126	126	59.00	122.00	83.06	74.50	10465.00
chr1	155209406	155209553	147	147	91.00	149.00	112.93	105.00	16600.00
chr10	49633930	49634113	183	183	1122.00	1534.00	1355.39	1382.00	248037.00
chr16	84100093	84100218	125	125	501.00	623.00	556.54	560.00	69567.00
chr1	155207924	155208097	173	173	109.00	203.00	143.89	137.00	24893.00
chr12	2786898	2787033	135	135	93.00	243.00	161.78	152.00	21840.00
chr2	233755457	233756197	740	740	23.00	406.00	129.64	85.00	95936.00
chr14	60631894	60632099	205	205	103.00	235.00	184.15	198.00	37750.00
chr1	11151549	11151654	105	105	403.00	540.00	459.40	453.00	48237.00
chr4	134076071	134076178	107	107	510.00	836.00	702.09	713.00	75124.00
chr15	91420364	91420441	77	77	293.00	356.00	326.70	325.00	25156.00
chr5	114961533	114961755	222	222	17.00	169.00	117.96	150.00	26187.00
chr16	1814047	1814211	164	164	57.00	966.00	487.39	708.50	79932.00
chr18	44250463	44252581	2118	2118	10.00	69.00	33.42	30.00	70788.00
chr6	158049380	158049518	138	138	48.00	84.00	61.99	60.00	8555.00
chr19	7675585	7675679	94	94	537.00	637.00	586.20	593.00	55103.00
chr13	99461604	99461719	115	115	52.00	1083.00	827.79	807.00	95196.00
chr11	130010829	130011467	638	638	37.00	1500.00	252.15	102.00	160872.00
chr11	107526658	107526792	134	134	825.00	1219.00	989.87	929.50	132643.00
chr16	1391294	1391490	196	196	11.00	26.00	16.14	15.00	3164.00
chr1	38182716	38184158	1442	1442	5.00	119.00	68.38	68.00	98601.00
chr5	179231023	179231323	300	300	36.00	58.00	47.36	46.50	14209.00
chr14	69814593	69814719	126	126	167.00	199.00	184.79	184.00	23284.00
chr14	69349174	69349309	135	135	113.00	166.00	137.75	139.00	18596.00
chr19	7614792	7614998	206	206	298.00	359.00	331.68	332.00	68327.00
chr1	228270375	228270466	91	91	4.00	2892.00	818.70	345.00	74502.00
chr1	38186022	38186315	293	293	14.00	59.00	40.81	47.00	11957.00
chr13	77641715	77641999	284	284	366.00	566.00	458.46	473.00	130203.00
chr14	100157417	100157498	81	81	10.00	29.00	14.62	11.00	1184.00
chr13	32978280	32979333	1053	1053	9.00	40.00	25.81	26.00	27174.00
chr12	7301567	7301794	227	227	486.00	664.00	573.79	572.00	130251.00
chr9	123583116	123583257	141	141	142.00	188.00	161.55	160.00	22779.00
chr17	26883183	26883284	101	101	174.00	231.00	196.10	194.00	19806.00
chr12	6972993	6973137	144	144	396.00	535.00	474.68	477.00	68354.00
chr20	34322310	34322637	327	327	16.00	37.00	27.72	28.00	9065.00
chr19	7606407	7606570	163	163	205.00	312.00	259.44	263.00	42288.00
chr16	2333186	2333373	187	187	36.00	678.00	522.06	604.00	97626.00
chr12	113825548	113825711	163	163	197.00	376.00	278.34	270.00	45369.00
chr7	4802013	4807749	5736	5736	15.00	304.00	149.52	143.00	857661.00
chr1	43394880	43394985	105	105	265.00	338.00	305.63	313.00	32091.00
chr19	4554399	4554488	89	89	343.00	532.00	457.06	486.00	40678.00
chr16	31719139	31719372	233	233	58.00	94.00	76.23	78.00	17762.00
chr5	134060669	134061744	1075	1075	70.00	154.00	105.18	103.00	113065.00
chr1	202936318	202936371	53	53	9.00	200.00	103.19	115.00	5469.00
chr2	220087366	220087615	249	249	247.00	341.00	287.59	287.00	71610.00
chr2	36764494	36764689	195	195	136.00	207.00	180.53	183.00	35203.00
chr7	43519208	43519343	135	135	234.00	425.00	350.05	352.00	47257.00
chr10	51249585	51249993	408	408	8.00	121.00	60.31	56.00	24605.00
chr6	32123647	32123755	108	108	338.00	506.00	397.31	383.50	42910.00
chr3	118624442	118624692	250	250	3.00	57.00	26.72	8.00	6679.00
chr1	190129797	190130020	223	223	50.00	71.00	61.66	62.00	13750.00
chr9	131004491	131004624	133	133	14.00	1010.00	801.53	927.00	106603.00
chr22	33679187	33679334	147	147	229.00	299.00	259.27	257.00	38113.00
chr15	74709931	74710016	85	85	803.00	1727.00	1082.81	933.00	92039.00
chr7	6470110	6470238	128	128	107.00	132.00	117.84	117.00	15084.00
chr1	6640600	6641359	759	759	62.00	198.00	129.45	133.00	98253.00
chr16	31510622	31510728	106	106	370.00	446.00	410.72	417.00	43536.00
chr4	103710287	103711803	1516	1516	8.00	33.00	18.51	18.00	28055.00
chr19	2862339	2862746	407	407	11.00	48.00	31.97	31.00	13013.00
chr2	15467873	15467994	121	121	162.00	209.00	179.88	178.00	21766.00
chr2	36780721	36781492	771	771	41.00	105.00	61.55	58.00	47458.00
chr10	81070680	81070941	261	261	721.00	1193.00	918.05	917.00	239610.00
chr2	217234866	217235986	1120	1120	294.00	891.00	506.04	464.00	566770.00
chr10	93786348	93786508	160	160	208.00	438.00	315.57	337.00	50491.00
chr17	20268785	20269076	291	291	21.00	51.00	34.61	37.00	10072.00
chr9	131002006	131002062	56	56	15.00	1022.00	856.45	896.00	47961.00
chr1	155208307	155208441	134	134	162.00	238.00	202.10	208.00	27082.00
chr2	162833877	162834373	496	496	11.00	530.00	55.88	20.00	27714.00
chr9	35799614	35799728	114	114	207.00	266.00	241.97	246.00	27585.00
chr20	62517856	62519234	1378	1378	42.00	349.00	146.18	151.00	201430.00
chr22	35942847	35943127	280	280	16.00	48.00	30.78	29.00	8619.00
chr13	26436438	26436546	108	108	114.00	152.00	136.22	138.00	14712.00
chr14	69371371	69371453	82	82	102.00	197.00	141.09	131.00	11569.00
chr7	44031274	44031581	307	307	22.00	246.00	139.71	135.00	42892.00
chr11	12274988	12275291	303	303	8.00	51.00	28.43	30.00	8613.00
chr5	1334403	1334498	95	95	353.00	429.00	399.61	403.00	37963.00
chr19	34868639	34868786	147	147	1470.00	2044.00	1732.17	1714.00	254629.00
chr16	1815960	1816143	183	183	581.00	975.00	722.26	698.00	132174.00
chr10	73578787	73578868	81	81	2033.00	2546.00	2287.63	2302.00	185298.00
chr17	37420427	37420640	213	213	152.00	199.00	179.93	182.00	38326.00
chr5	60835422	60835586	164	164	291.00	416.00	339.65	336.00	55702.00
chr15	79296143	79296517	374	374	38.00	60.00	48.29	48.00	18062.00
chr19	13039568	13039661	93	93	767.00	1218.00	1063.22	1102.00	98879.00
chr12	49421585	49421713	128	128	269.00	429.00	360.84	350.00	46187.00
chr1	1661057	1662583	1526	1526	106.00	1663.00	641.10	526.50	978323.00
chr2	207457340	207457460	120	120	278.00	384.00	344.00	358.50	41280.00
chr11	64542462	64543441	979	979	68.00	208.00	144.62	148.00	141587.00
chr20	61910250	61910347	97	97	316.00	420.00	365.79	358.00	35482.00
chr11	62394042	62394156	114	114	551.00	750.00	651.41	662.00	74261.00
chr5	37301538	37301652	114	114	109.00	154.00	128.86	128.00	14690.00
chr16	4733843	4733933	90	90	511.00	611.00	566.97	568.50	51027.00
chr15	43693913	43694048	135	135	120.00	175.00	151.13	152.00	20403.00
chr11	18764538	18764622	84	84	247.00	332.00	304.93	317.00	25614.00
chr17	57842331	57842499	168	168	258.00	402.00	312.45	307.00	52492.00
chr9	96076729	96078064	1335	1335	66.00	220.00	111.42	105.00	148746.00
chr11	12246219	12246367	148	148	113.00	162.00	138.93	141.00	20562.00
chr12	7030743	7031565	822	822	25.00	3555.00	1191.24	74.00	979201.00
chr3	14523178	14523349	171	171	164.00	229.00	199.29	201.00	34079.00
chr5	758508	759483	975	975	1.00	17.00	9.05	9.00	8820.00
chr12	22635490	22635677	187	187	291.00	398.00	350.88	357.00	65615.00
chr5	14479369	14479459	90	90	911.00	1104.00	1004.31	1003.50	90388.00
chr6	143655214	143656079	865	865	10.00	40.00	23.31	24.00	20163.00
chr7	75508360	75508578	218	218	52.00	725.00	498.79	598.00	108736.00
chr11	60697981	60698131	150	150	1005.00	1484.00	1228.01	1206.50	184201.00
chr1	151400598	151400889	291	291	817.00	1520.00	1183.31	1254.00	344344.00
chr5	172196431	172197309	878	878	16.00	661.00	175.05	49.00	153697.00
chr3	49152660	49152794	134	134	252.00	325.00	292.40	294.00	39182.00
chr7	5518281	5519950	1669	1669	36.00	165.00	114.25	118.00	190679.00
chr17	16691106	16691449	343	343	34.00	202.00	119.82	146.00	41099.00
chr2	220086993	220087172	179	179	230.00	310.00	267.15	266.00	47819.00
chr10	51746916	51748006	1090	1090	6.00	584.00	154.59	103.00	168499.00
chr12	7302118	7302289	171	171	527.00	686.00	601.46	610.00	102850.00
chr11	59562844	59562955	111	111	200.00	316.00	267.55	281.00	29698.00
chr12	6100984	6101184	200	200	18.00	48.00	32.17	29.50	6435.00
chr19	5683274	5683627	353	353	41.00	108.00	79.26	81.00	27980.00
chr12	2786259	2786387	128	128	115.00	170.00	145.80	151.00	18663.00
chr15	26812727	26812880	153	153	621.00	1023.00	770.82	758.00	117935.00
chr1	149007980	149008798	818	818	0.00	3.00	0.58	0.00	472.00
chr19	54965608	54965861	253	253	350.00	1131.00	711.37	630.00	179976.00
chr8	27293259	27293310	51	51	137.00	196.00	161.02	160.00	8212.00
chr15	23014437	23014528	91	91	252.00	403.00	339.66	331.00	30909.00
chr1	111717500	111717585	85	85	149.00	217.00	187.00	193.00	15895.00
chr6	150157220	150157433	213	213	185.00	232.00	213.13	212.00	45396.00
chr13	114566547	114566670	123	123	84.00	219.00	136.63	122.00	16806.00
chr16	58539291	58539605	314	314	8.00	132.00	91.04	96.00	28586.00
chr1	21936612	21936768	156	156	252.00	900.00	496.76	507.00	77495.00
chr1	17322880	17322991	111	111	428.00	715.00	581.86	636.00	64586.00
chr11	60699455	60699599	144	144	1233.00	1956.00	1575.58	1547.50	226884.00
chr5	6749669	6749770	101	101	281.00	406.00	336.03	325.00	33939.00
chr16	2156805	2156949	144	144	773.00	946.00	877.67	888.50	126385.00
chr15	34690834	34690930	96	96	373.00	781.00	541.65	547.00	51998.00
chr3	11074933	11075425	492	492	14.00	256.00	68.29	33.00	33600.00
chr5	74655222	74655381	159	159	716.00	1087.00	859.53	874.00	136666.00
chr20	20022968	20023160	192	192	312.00	631.00	428.01	386.00	82178.00
chr2	39055481	39055578	97	97	177.00	209.00	190.37	190.00	18466.00
chr19	16793231	16793528	297	297	27.00	104.00	53.25	38.00	15815.00
chr2	219205450	219205509	59	59	40.00	61.00	48.51	50.00	2862.00
chr17	74087429	74087729	300	300	47.00	182.00	126.63	122.00	37989.00
chr3	184058150	184060036	1886	1886	21.00	361.00	100.58	71.00	189686.00
chr6	90333128	90333263	135	135	91.00	136.00	112.73	109.00	15218.00
chr12	125267019	125267429	410	410	50.00	99.00	74.35	74.00	30485.00
chr1	207942580	207943104	524	524	37.00	432.00	325.22	346.00	170415.00
chr4	89356876	89357043	167	167	7.00	17.00	10.67	9.00	1782.00
chr7	101995498	101995736	238	238	144.00	839.00	367.54	291.00	87474.00
chr3	11067458	11067562	104	104	196.00	323.00	266.08	266.00	27672.00
chr5	95734582	95734740	158	158	1.00	4.00	2.28	2.00	360.00
chr6	152529106	152529341	235	235	214.00	388.00	293.10	267.00	68878.00
chr5	102295578	102295763	185	185	146.00	194.00	174.03	175.00	32195.00
chr22	21072980	21073110	130	130	709.00	1098.00	924.25	980.00	120152.00
chr12	121855306	121855714	408	408	210.00	563.00	320.44	299.50	130741.00
chr1	160326389	160326544	155	155	274.00	361.00	318.88	321.00	49426.00
chr11	60670930	60671007	77	77	640.00	768.00	692.70	685.00	53338.00
chr17	79804822	79804948	126	126	833.00	1157.00	1007.05	995.50	126888.00
chr16	18527204	18527332	128	128	421.00	604.00	534.47	541.50	68412.00
chr16	16372518	16372646	128	128	475.00	625.00	574.80	586.00	73574.00
chr2	32750530	32750695	165	165	238.00	289.00	263.92	265.00	43546.00
chr14	69369193	69369279	86	86	163.00	212.00	188.91	190.50	16246.00
chr7	66418212	66418356	144	144	264.00	448.00	359.66	359.00	51791.00
chr6	44107988	44108097	109	109	621.00	856.00	687.61	670.00	74949.00
chr7	70885893	70886091	198	198	54.00	160.00	96.23	79.50	19053.00
chr8	27295281	27295397	116	116	119.00	170.00	148.95	150.00	17278.00
chr7	73122918	73123018	100	100	1139.00	1415.00	1228.98	1225.50	122898.00
chr15	34698874	34699071	197	197	1080.00	1565.00	1323.07	1294.00	260644.00
chr8	22009343	22009513	170	170	1.00	2.00	1.02	1.00	174.00
chr7	1526557	1526737	180	180	183.00	500.00	346.84	385.00	62431.00
chr5	178053946	178054065	119	119	15.00	740.00	330.39	280.00	39317.00
chr12	6103027	6103369	342	342	17.00	43.00	27.67	27.00	9463.00
chr2	3479491	3480482	991	991	27.00	125.00	71.29	69.00	70649.00
chr3	33883388	33883566	178	178	337.00	474.00	395.85	394.00	70461.00
chr19	11019778	11019883	105	105	649.00	936.00	830.62	882.00	87215.00
chr7	98446205	98446318	113	113	213.00	418.00	321.17	343.00	36292.00
chr8	106813274	106813932	658	658	83.00	219.00	160.45	163.00	105579.00
chr2	223795338	223795530	192	192	425.00	646.00	496.66	471.50	95358.00
chr7	75511146	75511554	408	408	335.00	698.00	509.33	491.00	207805.00
chr21	40184926	40185038	112	112	22.00	47.00	36.58	42.00	4097.00
chr19	53383575	53385236	1661	1661	104.00	358.00	240.42	235.00	399341.00
chr19	14208130	14208295	165	165	8.00	734.00	465.97	601.00	76885.00
chr15	91461013	91461618	605	605	124.00	608.00	270.76	152.00	163807.00
chr8	145278010	145278133	123	123	120.00	155.00	136.39	134.00	16776.00
chr16	28132990	28133083	93	93	430.00	623.00	500.86	495.00	46580.00
chr11	125280091	125280221	130	130	180.00	230.00	199.36	197.00	25917.00
chr15	63128089	63128317	228	228	4.00	248.00	168.62	200.00	38445.00
chr9	131181435	131181557	122	122	0.00	14.00	10.90	12.00	1330.00
chr19	3281196	3281343	147	147	1070.00	1705.00	1418.77	1488.00	208559.00
chr11	6240200	6240280	80	80	200.00	242.00	219.30	220.00	17544.00
chr20	31019123	31019287	164	164	413.00	516.00	458.67	457.00	75222.00
chr6	46825865	46827260	1395	1395	22.00	66.00	37.63	36.00	52488.00
chr12	1672006	1672666	660	660	14.00	81.00	32.35	24.00	21353.00
chr12	9098824	9099001	177	177	219.00	295.00	247.03	244.00	43724.00
chr7	121738503	121738630	127	127	80.00	126.00	103.90	102.00	13195.00
chr19	40875814	40875935	121	121	978.00	1255.00	1109.21	1121.00	134214.00
chr20	3581592	3581671	79	79	259.00	391.00	327.38	334.00	25863.00
chr17	7226965	7227042	77	77	277.00	336.00	304.10	295.00	23416.00
chr2	74331800	74332809	1009	1009	166.00	486.00	257.16	245.00	259470.00
chr1	209785136	209785610	474	474	0.00	20.00	11.74	13.00	5565.00
chr9	35546426	35548532	2106	2106	408.00	1048.00	663.57	660.00	1397479.00
chr17	80040198	80040290	92	92	1371.00	1694.00	1515.58	1517.00	139433.00
chr11	73074791	73075284	493	493	45.00	217.00	106.94	80.00	52722.00
chr20	44674976	44675075	99	99	71.00	95.00	84.98	87.00	8413.00
chr20	5892091	5892328	237	237	158.00	452.00	378.61	410.00	89731.00
chr17	20316581	20317594	1013	1013	19.00	135.00	60.22	55.00	60998.00
chr12	99478702	99478801	99	99	422.00	569.00	499.66	496.00	49466.00
chr17	40842756	40842960	204	204	34.00	69.00	52.03	52.00	10614.00
chr11	107501142	107501288	146	146	604.00	787.00	697.48	706.50	101832.00
chr11	85429236	85429532	296	296	0.00	3.00	1.30	1.00	384.00
chr20	9449217	9449319	102	102	82.00	117.00	100.23	103.00	10223.00
chr14	23371395	23371591	196	196	335.00	467.00	399.21	399.50	78246.00
chr7	716865	716957	92	92	974.00	1219.00	1125.70	1137.00	103564.00
chr10	48862360	48862682	322	322	0.00	45.00	18.09	19.00	5825.00
chr10	68686678	68688210	1532	1532	72.00	227.00	132.71	125.00	203316.00
chr5	179674854	179674926	72	72	140.00	180.00	163.60	164.50	11779.00
chr1	209773327	209773456	129	129	8.00	16.00	11.18	11.00	1442.00
chr17	45691034	45691091	57	57	1065.00	1376.00	1208.72	1174.00	68897.00
chr1	19669871	19670118	247	247	83.00	154.00	122.59	126.00	30280.00
chr17	45664025	45664710	685	685	70.00	1460.00	312.00	176.00	213720.00
chr19	2337634	2338840	1206	1206	73.00	304.00	139.29	121.00	167988.00
chr8	22011480	22011552	72	72	0.00	1.00	0.85	1.00	61.00
