#chrom	start	end	size	num_data	min	max	mean	median	sum
chr12	1940100	1940691	591	591	19.00	85.00	40.30	39.00	23819.00
chr1	27480473	27481381	908	908	2.00	32.00	17.60	20.00	15982.00
chr15	63112684	63112809	125	125	177.00	270.00	239.81	255.00	29976.00
chr5	149231737	149232254	517	517	10.00	38.00	18.39	15.00	9509.00
chr5	140865429	140867182	1753	1753	6.00	41.00	18.65	18.00	32702.00
chr1	32209793	32209958	165	165	64.00	110.00	87.48	86.00	14434.00
chr16	87873307	87873431	124	124	48.00	154.00	102.93	98.00	12763.00
chr17	34157438	34158175	737	737	2.00	10.00	5.71	6.00	4210.00
chr2	127815619	127816088	469	469	2.00	10.00	6.30	6.00	2956.00
chr1	208212965	208213112	147	147	53.00	75.00	63.63	63.00	9354.00
chr22	19703883	19704666	783	783	0.00	13.00	5.79	5.00	4535.00
chr16	87872319	87872423	104	104	51.00	77.00	60.84	56.00	6327.00
chr9	140055740	140055868	128	128	834.00	1229.00	1062.55	1108.50	136006.00
chr22	21096515	21096643	128	128	292.00	358.00	326.88	328.00	41841.00
chr9	140056321	140056540	219	219	2.00	1304.00	838.77	1061.00	183691.00
chr11	78379981	78380253	272	272	0.00	10.00	4.49	4.00	1220.00
chr3	11070420	11070533	113	113	103.00	139.00	124.65	126.00	14086.00
chr1	109812554	109813222	668	668	3.00	264.00	104.97	120.50	70122.00
chr2	220161954	220162155	201	201	498.00	750.00	644.41	653.00	129526.00
chr15	74706887	74707086	199	199	80.00	125.00	97.92	96.00	19486.00
chr17	7318829	7319426	597	597	99.00	228.00	148.66	141.00	88752.00
chr1	21560050	21560154	104	104	12.00	25.00	17.92	17.50	1864.00
chr1	25573799	25573952	153	153	5.00	200.00	132.03	145.00	20200.00
chr14	93198993	93199160	167	167	92.00	132.00	111.45	110.00	18612.00
chr1	205554003	205554119	116	116	113.00	196.00	155.55	154.00	18044.00
chr1	9795005	9795232	227	227	1140.00	2111.00	1631.67	1737.00	370388.00
chr17	42426525	42426670	145	145	52.00	91.00	70.64	69.00	10243.00
chr18	70205887	70206179	292	292	2.00	344.00	126.99	15.00	37081.00
chr1	205553082	205553251	169	169	165.00	242.00	195.23	193.00	32994.00
chr9	140056623	140056766	143	143	2.00	1102.00	634.03	722.00	90666.00
chr6	33412147	33412394	247	247	3.00	500.00	280.55	369.00	69296.00
chr12	89992366	89992547	181	181	2.00	750.00	487.37	494.00	88214.00
chr2	220088827	220089576	749	749	64.00	167.00	105.54	102.00	79050.00
chr14	100763073	100765222	2149	2149	2.00	48.00	10.91	10.00	23442.00
chr1	110740697	110742543	1846	1846	10.00	731.00	291.35	273.00	537837.00
chr1	149878201	149879758	1557	1557	11.00	1062.00	217.28	31.00	338302.00
chr3	197264139	197265259	1120	1120	2.00	27.00	11.07	10.00	12395.00
chr8	56449623	56450530	907	907	4.00	28.00	15.77	16.00	14300.00
chr9	139354208	139354326	118	118	24.00	42.00	32.04	31.00	3781.00
chr1	32204908	32205236	328	328	181.00	347.00	239.32	229.00	78496.00
chr7	75608768	75608897	129	129	63.00	86.00	75.64	75.00	9757.00
chr19	45161029	45161178	149	149	21.00	52.00	38.50	43.00	5737.00
chr19	5243911	5244493	582	582	22.00	66.00	40.59	40.00	23624.00
chr6	32119585	32119717	132	132	8.00	550.00	305.08	307.50	40271.00
chr3	42670878	42672067	1189	1189	0.00	7.00	1.47	1.00	1745.00
chr11	45892392	45892485	93	93	72.00	125.00	95.65	98.00	8895.00
chr17	80040789	80040991	202	202	172.00	347.00	224.21	214.00	45290.00
chr2	74902875	74903036	161	161	42.00	72.00	55.86	57.00	8994.00
chr17	38335969	38337946	1977	1977	1.00	114.00	13.18	9.00	26059.00
chr16	87870103	87870253	150	150	69.00	129.00	95.47	87.00	14321.00
chr1	32205947	32206142	195	195	252.00	380.00	318.55	312.00	62117.00
chr6	44117553	44117702	149	149	2.00	223.00	141.95	188.00	21151.00
chr1	159163659	159163830	171	171	730.00	1005.00	874.02	901.00	149457.00
chr3	445565	446023	458	458	2.00	17.00	6.67	6.00	3054.00
chr2	25048913	25048995	82	82	94.00	112.00	101.29	100.00	8306.00
chr10	99504485	99504672	187	187	44.00	96.00	70.83	72.00	13246.00
chr4	54364807	54365010	203	203	69.00	104.00	86.15	87.00	17488.00
chr17	1634367	1634552	185	185	5.00	15.00	9.79	10.00	1811.00
chr7	72416124	72416247	123	123	68.00	83.00	74.55	74.00	9170.00
chr1	208212169	208212329	160	160	51.00	81.00	68.84	71.00	11014.00
chr9	140952500	140952702	202	202	23.00	38.00	32.11	33.00	6486.00
chr6	44197325	44197528	203	203	63.00	103.00	82.83	83.00	16814.00
chr6	44197643	44198218	575	575	38.00	105.00	65.62	53.00	37730.00
chr11	118981972	118982084	112	112	131.00	173.00	145.98	145.00	16350.00
chr5	150503846	150503952	106	106	2.00	1483.00	1021.96	1297.00	108328.00
chr11	118981761	118981878	117	117	133.00	155.00	142.81	142.00	16709.00
chr11	126314873	126315000	127	127	48.00	67.00	57.37	56.00	7286.00
chr1	159165808	159166244	436	436	4.00	946.00	171.74	9.00	74877.00
chr7	134893542	134893750	208	208	10.00	24.00	16.88	17.00	3510.00
chr9	121976196	121976433	237	237	178.00	276.00	225.60	221.00	53467.00
chr19	54691042	54691169	127	127	165.00	321.00	238.84	241.00	30333.00
chr22	38621430	38621600	170	170	117.00	179.00	155.45	163.00	26426.00
chr13	42035681	42036205	524	524	1.00	4.00	2.98	3.00	1562.00
chr20	1915360	1915413	53	53	4.00	1046.00	733.94	926.00	38899.00
chr5	14496987	14497126	139	139	76.00	141.00	103.82	97.00	14431.00
chr12	56528125	56528212	87	87	60.00	87.00	71.84	69.00	6250.00
chr3	47466974	47467101	127	127	35.00	52.00	43.34	44.00	5504.00
chr17	7415476	7415663	187	187	107.00	151.00	126.82	126.00	23716.00
chr3	33588037	33589252	1215	1215	1.00	20.00	7.13	6.00	8660.00
chr7	887833	888615	782	782	1.00	50.00	13.18	7.00	10310.00
chr10	24813251	24813693	442	442	11.00	56.00	26.69	26.00	11797.00
chr1	109812045	109812213	168	168	71.00	132.00	95.58	90.50	16057.00
chr19	15276597	15276902	305	305	33.00	56.00	42.95	43.00	13100.00
chr16	2334779	2334999	220	220	96.00	173.00	131.30	122.00	28885.00
chr16	68404761	68405261	500	500	9.00	34.00	17.10	16.00	8551.00
chr4	110969111	110969871	760	760	9.00	58.00	31.31	31.00	23799.00
chr1	145693161	145693996	835	835	5.00	100.00	50.29	49.00	41996.00
chr7	44282848	44282932	84	84	298.00	423.00	385.24	396.00	32360.00
chr2	220164315	220164508	193	193	15.00	599.00	231.63	22.00	44704.00
chr12	50472203	50472360	157	157	42.00	74.00	57.45	57.00	9020.00
chr2	220163768	220163833	65	65	549.00	782.00	701.46	731.00	45595.00
chr2	222289928	222290862	934	934	96.00	232.00	172.28	174.00	160905.00
chr12	57599133	57599268	135	135	50.00	103.00	73.00	77.00	9855.00
chr7	157475416	157475629	213	213	180.00	287.00	232.79	227.00	49585.00
chr1	32203800	32203927	127	127	243.00	526.00	389.02	390.00	49405.00
chr1	109811731	109811912	181	181	103.00	145.00	122.34	122.00	22143.00
chr9	140052830	140052975	145	145	476.00	1607.00	1101.97	1143.00	159785.00
chr2	220161706	220161854	148	148	579.00	1025.00	791.68	800.50	117168.00
chr16	29896906	29897070	164	164	365.00	623.00	526.17	546.50	86292.00
chr16	47143393	47143622	229	229	48.00	96.00	70.14	69.00	16061.00
chr11	993753	993985	232	232	176.00	248.00	212.06	211.00	49197.00
chr9	124059698	124061137	1439	1439	2.00	19.00	6.08	5.00	8750.00
chr9	140350140	140350634	494	494	4.00	17.00	10.58	12.00	5228.00
chr11	14504577	14504697	120	120	52.00	94.00	74.59	71.00	8951.00
chr3	49898612	49898733	121	121	468.00	759.00	622.36	625.00	75305.00
chr9	131811659	131811777	118	118	41.00	57.00	49.95	50.00	5894.00
chr9	131810705	131810818	113	113	21.00	43.00	28.96	26.00	3272.00
chr1	223400935	223401080	145	145	95.00	151.00	131.20	133.00	19024.00
chr12	125612185	125612820	635	635	7.00	172.00	36.68	15.00	23293.00
chr2	220088590	220088744	154	154	88.00	161.00	130.81	128.50	20144.00
chr9	70888487	70888750	263	263	9.00	38.00	26.08	29.00	6858.00
chr14	69813756	69813898	142	142	83.00	116.00	96.68	97.00	13729.00
chr2	47399145	47399890	745	745	5.00	480.00	24.98	19.00	18609.00
chr11	62688689	62689041	352	352	9.00	192.00	57.88	16.00	20372.00
chr6	43745205	43745407	202	202	5.00	80.00	47.41	41.00	9577.00
chr3	11072492	11072997	505	505	4.00	300.00	62.19	14.00	31406.00
chr7	2696031	2696168	137	137	58.00	124.00	96.75	106.00	13255.00
chr16	14969196	14969279	83	83	473.00	729.00	619.23	644.00	51396.00
chr17	7377847	7378026	179	179	2.00	14.00	9.25	10.00	1655.00
chr12	65639640	65639719	79	79	54.00	77.00	67.37	67.00	5322.00
chr12	50294912	50295108	196	196	760.00	2198.00	1150.04	1095.50	225408.00
chr19	42485653	42485788	135	135	1083.00	1898.00	1499.45	1412.00	202426.00
chr10	99509230	99509343	113	113	75.00	148.00	111.93	110.00	12648.00
chr22	38883877	38888120	4243	4243	9.00	544.00	98.12	65.00	416331.00
chr12	49416372	49416658	286	286	47.00	82.00	64.66	65.00	18493.00
chr6	24843089	24843782	693	693	9.00	52.00	26.43	23.00	18319.00
chr5	176295561	176295665	104	104	104.00	160.00	122.12	114.00	12701.00
chr10	99510087	99510227	140	140	118.00	194.00	142.81	136.00	19993.00
chr1	159173658	159174770	1112	1112	7.00	54.00	21.57	19.00	23984.00
chr11	1780745	1780869	124	124	625.00	1136.00	909.59	1003.00	112789.00
chr19	42486059	42486258	199	199	1031.00	1758.00	1400.67	1429.00	278733.00
chr3	47465422	47465535	113	113	46.00	74.00	61.64	65.00	6965.00
chr1	21573713	21573856	143	143	18.00	26.00	22.90	23.00	3274.00
chr11	65320330	65320453	123	123	23.00	53.00	36.94	38.00	4544.00
chr3	47462420	47462519	99	99	77.00	106.00	92.89	94.00	9196.00
chr2	219204751	219204864	113	113	78.00	115.00	99.51	99.00	11245.00
chr1	43906123	43906257	134	134	7.00	17.00	12.71	13.00	1703.00
chr7	38785158	38785840	682	682	4.00	276.00	34.95	15.00	23834.00
chr2	153499932	153500058	126	126	91.00	121.00	110.60	112.00	13936.00
chr1	32203011	32203132	121	121	4.00	462.00	355.17	412.00	42976.00
chr22	42290823	42290941	118	118	239.00	558.00	439.50	437.50	51861.00
chr19	47940718	47940818	100	100	292.00	572.00	426.06	423.00	42606.00
chr4	119539150	119539274	124	124	2.00	9.00	6.27	6.00	778.00
chr17	44117067	44117250	183	183	28.00	45.00	37.84	38.00	6925.00
chr19	42485873	42485983	110	110	1049.00	1365.00	1179.94	1173.50	129793.00
chr6	44114583	44114664	81	81	81.00	125.00	104.56	105.00	8469.00
chr19	47941105	47941292	187	187	5.00	581.00	320.27	448.00	59891.00
chr11	73074250	73074500	250	250	69.00	109.00	86.18	86.00	21544.00
chr3	33418764	33418825	61	61	175.00	252.00	216.77	227.00	13223.00
chr1	700258	700505	247	247	4.00	11.00	7.38	7.00	1823.00
chr9	74319510	74319719	209	209	8.00	32.00	20.32	21.00	4247.00
chr16	2336694	2336968	274	274	54.00	151.00	109.99	124.00	30136.00
chr20	3575125	3575219	94	94	57.00	79.00	66.45	66.00	6246.00
chr9	139231377	139231529	152	152	36.00	65.00	51.97	54.50	7899.00
chr5	140515951	140516498	547	547	6.00	27.00	15.12	14.00	8268.00
chr1	21938208	21938309	101	101	360.00	451.00	404.33	397.00	40837.00
chr3	155659188	155659936	748	748	16.00	129.00	91.48	100.00	68425.00
chr16	27483068	27483241	173	173	58.00	102.00	86.72	92.00	15002.00
chr11	994071	994245	174	174	64.00	233.00	169.22	187.50	29445.00
chr7	71175745	71175913	168	168	320.00	413.00	356.20	351.00	59842.00
chr12	121204065	121204175	110	110	170.00	226.00	198.38	193.00	21822.00
chr7	73118679	73118753	74	74	964.00	1213.00	1073.64	1066.00	79449.00
chr9	140972565	140972710	145	145	19.00	42.00	29.94	29.00	4342.00
chr12	121683329	121684024	695	695	0.00	10.00	5.11	5.00	3549.00
chr16	74493579	74493687	108	108	89.00	164.00	134.27	133.00	14501.00
chr2	36771518	36771641	123	123	45.00	75.00	61.80	64.00	7601.00
chr7	94187181	94187996	815	815	16.00	52.00	30.20	29.00	24616.00
chr14	94156951	94157239	288	288	4.00	14.00	8.18	8.00	2356.00
chr7	121739000	121739524	524	524	1.00	10.00	4.85	5.00	2542.00
chr1	19549117	19549328	211	211	48.00	77.00	58.31	57.00	12303.00
chr19	5214571	5214747	176	176	134.00	254.00	170.20	157.00	29955.00
chr19	42557753	42557861	108	108	94.00	142.00	123.19	128.00	13305.00
chr15	102510686	102510925	239	239	4.00	20.00	12.71	14.00	3038.00
chr5	167673761	167675376	1615	1615	10.00	70.00	31.56	31.00	50968.00
chr7	44282158	44282253	95	95	286.00	493.00	359.33	335.00	34136.00
chr2	160621061	160621717	656	656	3.00	170.00	18.89	7.00	12395.00
chr5	10426501	10426634	133	133	98.00	161.00	141.17	147.00	18775.00
chr16	1814301	1814460	159	159	177.00	234.00	200.69	199.00	31909.00
chr11	21581734	21581928	194	194	120.00	212.00	151.96	146.50	29480.00
chr3	126749085	126749255	170	170	70.00	93.00	78.94	78.00	13420.00
chr11	12237765	12237866	101	101	223.00	308.00	263.28	261.00	26591.00
chr6	31750872	31750963	91	91	64.00	93.00	77.23	76.00	7028.00
chr3	53124201	53124398	197	197	4.00	13.00	8.28	8.00	1631.00
chr2	220161470	220161544	74	74	992.00	1123.00	1074.46	1084.50	79510.00
chr2	128951046	128951785	739	739	21.00	129.00	59.09	58.00	43667.00
chr5	24535811	24535931	120	120	49.00	96.00	73.78	79.50	8854.00
chr1	44083406	44083582	176	176	93.00	149.00	110.61	108.00	19467.00
chr1	32207653	32207818	165	165	146.00	239.00	175.24	166.00	28914.00
chr12	7293754	7294000	246	246	7.00	708.00	412.79	602.00	101546.00
chr3	131442289	131442469	180	180	54.00	73.00	63.90	65.00	11502.00
chr3	49898871	49899298	427	427	19.00	767.00	299.97	402.00	128087.00
chr16	66432358	66432464	106	106	13.00	20.00	16.19	15.00	1716.00
chr1	20982593	20982680	87	87	208.00	288.00	248.57	253.00	21626.00
chr16	68398653	68398809	156	156	18.00	37.00	25.21	25.00	3933.00
chr17	16676818	16678279	1461	1461	0.00	11.00	4.68	5.00	6834.00
chr1	109814899	109815027	128	128	178.00	239.00	205.42	203.50	26294.00
chr1	21940478	21940582	104	104	344.00	417.00	379.25	386.00	39442.00
chr20	57468284	57468793	509	509	0.00	7.00	3.05	2.00	1552.00
chr3	127358087	127358366	279	279	150.00	408.00	252.21	234.00	70367.00
chr3	126735359	126735527	168	168	9.00	19.00	14.57	14.00	2447.00
chr10	103869140	103869264	124	124	169.00	317.00	234.02	219.50	29019.00
chr20	44520554	44520666	112	112	87.00	113.00	97.69	99.00	10941.00
chr1	32203252	32203356	104	104	236.00	401.00	327.25	358.50	34034.00
chr21	40186196	40186316	120	120	161.00	284.00	224.92	226.00	26990.00
chr5	111067153	111068349	1196	1196	5.00	27.00	15.44	15.00	18468.00
chr9	128002954	128003186	232	232	171.00	249.00	214.22	216.00	49698.00
chr1	43408896	43408992	96	96	101.00	179.00	142.73	142.00	13702.00
chr3	47463931	47464026	95	95	71.00	89.00	78.37	79.00	7445.00
chr2	220161160	220161238	78	78	1006.00	1151.00	1081.38	1081.00	84348.00
chr11	62472772	62473089	317	317	705.00	1823.00	1295.52	1383.00	410679.00
chr9	130986341	130986906	565	565	3.00	555.00	109.10	10.00	61641.00
chr14	69358769	69359000	231	231	122.00	177.00	145.66	143.00	33648.00
chr11	64416205	64416379	174	174	68.00	123.00	95.51	99.00	16619.00
chr17	8398454	8398559	105	105	141.00	192.00	168.30	172.00	17671.00
chr12	53572943	53574193	1250	1250	3.00	50.00	26.05	25.00	32559.00
chr17	17696544	17701827	5283	5283	1.00	87.00	28.64	23.00	151284.00
chr8	11705187	11705331	144	144	1044.00	1378.00	1245.74	1243.00	179386.00
chr19	54963829	54963931	102	102	44.00	63.00	56.23	57.00	5735.00
chr2	70451682	70456295	4613	4613	0.00	77.00	14.70	10.00	67809.00
chr11	118873959	118874169	210	210	4.00	8.00	4.99	5.00	1048.00
chr10	75548427	75548581	154	154	4.00	17.00	11.57	12.00	1782.00
chr6	33414351	33414563	212	212	276.00	600.00	474.63	498.00	100621.00
chr17	80042910	80043032	122	122	60.00	78.00	71.75	72.50	8754.00
chr11	11470290	11470483	193	193	36.00	78.00	53.23	52.00	10274.00
chr8	23294446	23294771	325	325	54.00	107.00	73.49	74.00	23885.00
chr1	116932060	116932663	603	603	2.00	1382.00	445.43	16.00	268595.00
chr15	83222627	83222741	114	114	60.00	85.00	74.40	74.00	8482.00
chr3	9841562	9841751	189	189	20.00	30.00	24.72	25.00	4673.00
chr1	116937731	116937907	176	176	1420.00	2288.00	1699.68	1624.00	299144.00
chr16	87868019	87868197	178	178	64.00	113.00	81.19	78.00	14451.00
chr3	124209540	124209731	191	191	310.00	469.00	383.75	376.00	73296.00
chr7	71142195	71142291	96	96	357.00	524.00	410.23	396.00	39382.00
chr5	130497324	130497584	260	260	6.00	28.00	17.55	17.00	4562.00
chr13	100199238	100199358	120	120	252.00	465.00	340.44	318.00	40853.00
chr5	139943336	139943506	170	170	12.00	161.00	127.90	130.00	21743.00
chr17	74395529	74396002	473	473	19.00	59.00	40.97	42.00	19381.00
chr14	93179149	93179216	67	67	184.00	218.00	202.25	202.00	13551.00
chr4	160277004	160277310	306	306	12.00	314.00	140.83	139.00	43095.00
chr17	40666306	40666478	172	172	451.00	829.00	627.16	579.00	107871.00
chr15	34828065	34828207	142	142	0.00	75.00	46.32	46.00	6577.00
chr14	100165802	100165876	74	74	404.00	456.00	426.41	423.50	31554.00
chr22	20128089	20128231	142	142	5.00	80.00	41.11	52.00	5838.00
chr12	3392210	3394421	2211	2211	6.00	86.00	31.55	27.00	69765.00
chr17	16687866	16690667	2801	2801	0.00	30.00	4.31	3.00	12061.00
chr6	31664724	31664810	86	86	95.00	174.00	134.12	127.00	11534.00
chr6	30627512	30627611	99	99	35.00	46.00	40.97	41.00	4056.00
chr11	18752834	18755060	2226	2226	1.00	628.00	64.98	16.00	144637.00
chr12	109332602	109332731	129	129	255.00	376.00	317.05	328.00	40899.00
chr6	90072884	90073110	226	226	7.00	31.00	20.39	20.00	4608.00
chr16	2689371	2689711	340	340	0.00	0.00	0.00	0.00	0.00
chr1	20987373	20987484	111	111	165.00	231.00	197.64	184.00	21938.00
chr14	85985300	85986667	1367	1367	2.00	25.00	12.85	12.00	17564.00
chr13	32863769	32863880	111	111	90.00	141.00	117.12	120.00	13000.00
chr16	1510418	1510528	110	110	42.00	60.00	48.55	47.50	5340.00
chr19	54963269	54963444	175	175	38.00	78.00	57.23	56.00	10016.00
chr6	44224078	44224233	155	155	38.00	58.00	48.55	49.00	7525.00
chr20	3151172	3152285	1113	1113	1.00	15.00	6.18	5.00	6877.00
chr1	892273	892405	132	132	68.00	107.00	85.61	85.00	11301.00
chr16	90192167	90192724	557	557	4.00	44.00	25.49	27.00	14199.00
chr9	111663704	111663810	106	106	53.00	73.00	62.56	64.00	6631.00
chr6	44108764	44108835	71	71	96.00	127.00	107.93	107.00	7663.00
chr1	36028802	36029027	225	225	1120.00	2372.00	1533.41	1350.00	345017.00
chr11	66807259	66807674	415	415	6.00	87.00	58.41	57.00	24240.00
chr1	178426817	178427679	862	862	5.00	28.00	15.00	14.00	12927.00
chr19	42482302	42482478	176	176	1363.00	2020.00	1543.54	1508.00	271663.00
chr1	44084718	44084873	155	155	81.00	165.00	119.14	110.00	18467.00
chr1	109812315	109812442	127	127	117.00	157.00	137.54	136.00	17468.00
chr3	180324268	180324391	123	123	45.00	83.00	71.00	71.00	8733.00
chr15	63933668	63933842	174	174	39.00	92.00	65.01	59.00	11311.00
chr20	44521363	44521519	156	156	171.00	268.00	205.78	196.50	32101.00
chr3	33416779	33416910	131	131	143.00	183.00	158.18	155.00	20722.00
chr1	21934624	21934843	219	219	0.00	543.00	290.13	430.00	63539.00
chr14	69799801	69799886	85	85	44.00	70.00	58.44	58.00	4967.00
chr1	116936134	116936345	211	211	2.00	1862.00	1409.99	1508.00	297508.00
chr14	23634493	23634645	152	152	21.00	43.00	29.12	27.00	4426.00
chr16	1402538	1402947	409	409	10.00	29.00	16.68	15.00	6823.00
chr9	20331	25000	4669	4669	0.00	68.00	10.60	7.00	49497.00
chr17	43545574	43545959	385	385	6.00	18.00	11.01	10.00	4238.00
chr13	100201418	100201476	58	58	328.00	429.00	382.29	389.50	22173.00
chr15	41865505	41865665	160	160	282.00	602.00	419.11	386.50	67057.00
chr19	19641688	19642196	508	508	5.00	20.00	11.39	11.00	5788.00
chr11	134147593	134148159	566	566	5.00	19.00	11.33	11.00	6415.00
chr2	71656420	71657290	870	870	2.00	29.00	15.93	16.00	13855.00
chr7	97834775	97835016	241	241	50.00	85.00	64.38	61.00	15516.00
chr19	13363804	13363915	111	111	44.00	72.00	54.86	53.00	6090.00
chr18	31328383	31329011	628	628	1.00	17.00	8.06	8.00	5060.00
chr16	66431884	66432009	125	125	14.00	26.00	20.66	21.00	2583.00
chr19	47935155	47935702	547	547	6.00	623.00	215.96	271.00	118132.00
chr12	50291769	50291873	104	104	709.00	1072.00	911.86	938.00	94833.00
chr11	1780198	1780317	119	119	582.00	1035.00	725.90	681.00	86382.00
chr15	65392626	65393167	541	541	2.00	8.00	5.15	5.00	2784.00
chr2	86397871	86397967	96	96	93.00	173.00	140.59	151.00	13497.00
chr7	97866087	97866233	146	146	24.00	59.00	36.34	36.00	5306.00
chr11	60687157	60687402	245	245	92.00	133.00	113.90	114.00	27905.00
chr21	43307700	43309453	1753	1753	8.00	70.00	24.86	20.00	43582.00
chr14	24619269	24619657	388	388	14.00	36.00	25.34	25.00	9830.00
chr11	65320634	65320727	93	93	24.00	43.00	32.38	30.00	3011.00
chr16	29891184	29891385	201	201	438.00	698.00	564.07	550.00	113378.00
chr1	32207224	32207326	102	102	297.00	413.00	366.90	383.00	37424.00
chr11	72300218	72300394	176	176	1.00	262.00	76.22	2.00	13415.00
chr17	7608878	7609038	160	160	23.00	81.00	63.59	70.00	10174.00
chr19	7607646	7607814	168	168	46.00	89.00	68.88	76.00	11572.00
chr19	54966129	54966271	142	142	45.00	106.00	81.88	86.00	11627.00
chr12	57995027	57995131	104	104	163.00	207.00	184.25	176.50	19162.00
chr1	27428875	27429049	174	174	45.00	63.00	53.63	53.00	9331.00
chr2	27688277	27688385	108	108	8.00	18.00	13.85	15.00	1496.00
chr16	2691449	2692254	805	805	0.00	12.00	1.81	1.00	1457.00
chr9	131503813	131503933	120	120	318.00	384.00	349.77	350.00	41973.00
chr16	2347766	2347922	156	156	52.00	74.00	61.29	60.00	9561.00
chr17	80039884	80040036	152	152	305.00	398.00	340.16	328.00	51704.00
chr1	32204432	32204538	106	106	243.00	529.00	358.06	369.00	37954.00
chr12	9242951	9243078	127	127	151.00	196.00	177.92	181.00	22596.00
chr3	49702661	49702751	90	90	128.00	152.00	140.14	140.00	12613.00
chr19	35820359	35820837	478	478	1.00	19.00	8.11	7.00	3878.00
chr1	201456762	201457615	853	853	1.00	21.00	8.57	8.00	7310.00
chr16	2334279	2334438	159	159	145.00	194.00	167.99	170.00	26711.00
chr10	73578373	73578481	108	108	3042.00	4025.00	3590.57	3670.00	387782.00
chr16	18530550	18530756	206	206	1.00	561.00	253.31	360.00	52182.00
chr16	16369094	16369300	206	206	1.00	580.00	261.11	369.50	53788.00
chr13	113975636	113975785	149	149	6.00	497.00	208.73	8.00	31101.00
chr11	119293822	119294227	405	405	12.00	3634.00	358.78	38.00	145307.00
chr5	150505962	150506041	79	79	929.00	1159.00	999.00	992.00	78921.00
chr22	44224939	44225078	139	139	609.00	991.00	759.41	728.00	105558.00
chr15	41865199	41865309	110	110	278.00	401.00	324.74	300.00	35721.00
chr17	25633807	25636298	2491	2491	14.00	600.00	184.83	186.00	460400.00
chr15	72495155	72495529	374	374	5.00	3891.00	1432.56	13.00	535776.00
chr9	42540272	42542124	1852	1852	0.00	24.00	10.13	10.00	18760.00
chr11	119290760	119291704	944	944	0.00	4845.00	1570.48	23.00	1482531.00
chr19	5219949	5220165	216	216	46.00	121.00	76.62	77.00	16549.00
chr15	63910769	63911153	384	384	0.00	3.00	1.52	2.00	584.00
chr17	74393879	74393969	90	90	68.00	86.00	76.82	76.00	6914.00
chr10	104129467	104129532	65	65	57.00	70.00	63.31	64.00	4115.00
chr3	142454224	142454620	396	396	0.00	12.00	3.83	2.00	1517.00
chr12	121205196	121205396	200	200	129.00	171.00	147.59	147.00	29519.00
chr3	31705570	31705724	154	154	22.00	36.00	29.82	29.00	4593.00
chr6	118635190	118636593	1403	1403	16.00	210.00	90.27	84.00	126642.00
chr8	10339867	10340829	962	962	0.00	19.00	8.29	7.00	7976.00
chr19	16952578	16952779	201	201	57.00	83.00	67.83	68.00	13634.00
chr8	110984486	110985016	530	530	60.00	144.00	96.89	92.00	51354.00
chr9	128001219	128001610	391	391	319.00	647.00	510.31	531.00	199533.00
chr11	73070878	73070997	119	119	50.00	79.00	67.52	70.00	8035.00
chr10	104130140	104130235	95	95	66.00	81.00	73.24	73.00	6958.00
chr5	95733039	95733173	134	134	107.00	155.00	130.03	126.00	17424.00
chr19	59059400	59059547	147	147	195.00	301.00	237.56	230.00	34921.00
chr5	139943169	139943255	86	86	10.00	142.00	102.60	112.00	8824.00
chr17	73487771	73487981	210	210	24.00	58.00	40.78	43.00	8564.00
chr1	154315588	154315777	189	189	9.00	23.00	15.14	16.00	2861.00
chr14	95652726	95653070	344	344	4.00	18.00	11.89	12.00	4090.00
chr12	123639801	123640772	971	971	7.00	37.00	16.81	16.00	16326.00
chr22	47064870	47065171	301	301	0.00	6.00	2.21	1.00	664.00
chr5	24535220	24535388	168	168	46.00	86.00	67.41	67.00	11325.00
chr12	6806452	6806958	506	506	92.00	419.00	238.58	251.00	120724.00
chr22	29881711	29881836	125	125	142.00	198.00	165.46	162.00	20683.00
chr7	75894681	75894786	105	105	23.00	37.00	30.00	29.00	3150.00
chr12	121089007	121095893	6886	6886	0.00	174.00	29.32	24.00	201876.00
chr1	207940357	207942365	2008	2008	5.00	121.00	25.04	16.00	50286.00
chr7	154681166	154681240	74	74	358.00	407.00	383.78	384.00	28400.00
chr5	131696513	131697529	1016	1016	2.00	11.00	6.17	6.00	6264.00
chr11	1776135	1776258	123	123	379.00	1054.00	672.08	635.00	82666.00
chr8	11706554	11706673	119	119	776.00	942.00	842.70	838.00	100281.00
chr11	18759426	18759511	85	85	257.00	361.00	301.55	299.00	25632.00
chr16	61689373	61689625	252	252	61.00	106.00	78.20	76.00	19706.00
chr15	51750702	51750824	122	122	117.00	170.00	149.39	155.00	18225.00
chr9	35555056	35555698	642	642	82.00	197.00	146.70	148.00	94179.00
chr2	198356200	198356621	421	421	1.00	14.00	6.40	5.00	2694.00
chr9	131001723	131001794	71	71	2274.00	3057.00	2776.04	2853.00	197099.00
chr19	5214371	5214491	120	120	193.00	261.00	236.55	237.50	28386.00
chr22	35719488	35719623	135	135	104.00	151.00	132.27	137.00	17856.00
chr12	121678738	121679829	1091	1091	2.00	23.00	9.21	8.00	10046.00
chr14	23820960	23821064	104	104	1196.00	1560.00	1434.88	1482.50	149227.00
chr1	32205710	32205779	69	69	297.00	379.00	343.72	344.00	23717.00
chr3	33420176	33420326	150	150	3.00	265.00	88.90	8.00	13335.00
chr9	114820707	114820966	259	259	39.00	66.00	54.02	54.00	13992.00
chr15	41865876	41866023	147	147	4.00	651.00	527.24	554.00	77505.00
chr19	55554308	55554637	329	329	6.00	21.00	11.51	9.00	3787.00
chr1	116933403	116933513	110	110	1323.00	1813.00	1587.70	1588.50	174647.00
chr19	15374230	15374359	129	129	27.00	41.00	34.20	34.00	4412.00
chr12	56090682	56090852	170	170	26.00	41.00	34.46	36.00	5858.00
chr14	69445668	69445876	208	208	27.00	124.00	68.86	62.00	14323.00
chr12	57603474	57603651	177	177	136.00	236.00	196.65	208.00	34807.00
chr22	32897492	32898946	1454	1454	4.00	91.00	47.76	47.00	69440.00
chr16	16367702	16367764	62	62	155.00	522.00	353.89	360.00	21941.00
chr19	5245786	5246056	270	270	29.00	73.00	47.55	39.00	12838.00
chr16	74345440	74345829	389	389	3.00	17.00	9.91	9.00	3855.00
chr6	107096899	107097076	177	177	22.00	40.00	31.03	31.00	5492.00
chr1	29641883	29642019	136	136	31.00	55.00	41.65	41.00	5665.00
chr8	97342440	97342509	69	69	226.00	258.00	243.68	246.00	16814.00
chr8	68116914	68117054	140	140	56.00	119.00	92.76	87.00	12987.00
chr22	22037470	22037546	76	76	37.00	55.00	48.08	49.00	3654.00
chr22	50682147	50683420	1273	1273	1.00	33.00	14.37	12.00	18290.00
chr20	44048971	44049069	98	98	189.00	244.00	218.41	222.00	21404.00
chr1	36904356	36904511	155	155	34.00	77.00	51.23	46.00	7940.00
chr12	71054719	71054877	158	158	87.00	200.00	119.66	104.00	18906.00
chr15	50654364	50655515	1151	1151	6.00	30.00	15.51	15.00	17857.00
chr2	234198499	234198620	121	121	62.00	108.00	87.83	91.00	10627.00
chr9	128001699	128001812	113	113	325.00	436.00	382.37	378.00	43208.00
chr8	38272296	38272419	123	123	54.00	89.00	73.30	75.00	9016.00
chr11	73068069	73068179	110	110	44.00	65.00	55.64	57.00	6120.00
chr16	28123137	28123327	190	190	111.00	212.00	153.83	134.00	29228.00
chr12	49424062	49424222	160	160	5.00	12.00	8.26	8.00	1321.00
chr19	50302885	50303023	138	138	234.00	443.00	312.86	291.00	43175.00
chr19	42480567	42480718	151	151	2716.00	3318.00	3087.68	3100.00	466239.00
chr3	197904395	197905301	906	906	0.00	25.00	10.56	10.00	9568.00
chr13	100189992	100190117	125	125	215.00	265.00	236.65	236.00	29581.00
chr19	14268062	14268272	210	210	115.00	170.00	146.03	149.00	30666.00
chr10	93786886	93787057	171	171	74.00	111.00	91.52	93.00	15650.00
chr1	109808726	109808828	102	102	58.00	97.00	72.72	69.00	7417.00
chr4	134075461	134075520	59	59	152.00	218.00	177.53	177.00	10474.00
chr1	22052268	22053864	1596	1596	3.00	22.00	9.31	8.00	14861.00
chr9	140056855	140056968	113	113	754.00	968.00	827.47	810.00	93504.00
chr19	42482087	42482224	137	137	1980.00	2754.00	2382.39	2418.00	326388.00
chr19	4556962	4557025	63	63	259.00	323.00	285.40	280.00	17980.00
chr19	14266921	14267013	92	92	137.00	167.00	155.25	156.50	14283.00
chr22	42273851	42274127	276	276	2.00	280.00	172.02	251.00	47477.00
chr1	205549788	205550049	261	261	104.00	193.00	142.75	136.00	37259.00
chr1	110765585	110766522	937	937	27.00	137.00	85.52	88.00	80131.00
chr19	55553595	55554158	563	563	9.00	26.00	17.59	18.00	9904.00
chr7	150929881	150931360	1479	1479	11.00	68.00	28.96	27.00	42829.00
chr3	124215157	124215260	103	103	439.00	549.00	495.50	494.00	51036.00
chr16	58220658	58220760	102	102	80.00	108.00	90.54	89.00	9235.00
chr3	10381925	10382033	108	108	230.00	297.00	264.39	267.00	28554.00
chr10	11356101	11356221	120	120	38.00	47.00	42.42	42.00	5090.00
chr22	42294652	42294785	133	133	291.00	575.00	454.81	455.00	60490.00
chr1	2005531	2005714	183	183	16.00	45.00	30.54	30.00	5589.00
chr12	113722522	113722576	54	54	22.00	33.00	26.19	24.00	1414.00
chr9	131502198	131502398	200	200	5.00	397.00	308.21	319.00	61643.00
chr19	40873602	40873786	184	184	1102.00	1615.00	1395.06	1449.00	256691.00
chr2	220162606	220162825	219	219	246.00	550.00	388.86	357.00	85160.00
chr16	28270027	28270355	328	328	3.00	13.00	7.93	8.00	2602.00
chr4	3225718	3225858	140	140	57.00	76.00	65.71	65.50	9200.00
chr17	44127898	44128070	172	172	22.00	45.00	35.37	37.00	6083.00
chr3	47462043	47462262	219	219	50.00	80.00	59.69	59.00	13072.00
chr6	99873090	99873182	92	92	5.00	79.00	40.87	45.00	3760.00
chr7	142561723	142562504	781	781	100.00	256.00	187.72	190.00	146607.00
chr1	159169540	159169666	126	126	790.00	1191.00	991.12	984.00	124881.00
chr19	7606869	7606953	84	84	30.00	43.00	36.73	37.00	3085.00
chr16	2811561	2818298	6737	6737	4.00	416.00	112.52	88.00	758028.00
chr3	47450652	47450807	155	155	29.00	64.00	46.59	45.00	7222.00
chr11	118403631	118403922	291	291	106.00	148.00	125.31	122.00	36465.00
chr1	205555161	205555335	174	174	119.00	205.00	153.33	145.00	26680.00
chr12	125603186	125603311	125	125	77.00	98.00	85.17	85.00	10646.00
chr11	86658288	86659498	1210	1210	5.00	35.00	19.66	20.00	23793.00
chr22	37764946	37768745	3799	3799	8.00	488.00	103.95	75.00	394894.00
chr10	46345664	46346215	551	551	3.00	19.00	8.97	8.00	4942.00
chr22	33673045	33673241	196	196	156.00	274.00	196.12	184.00	38439.00
chr9	140042599	140042666	67	67	1.00	190.00	161.18	169.00	10799.00
chr3	48717233	48717320	87	87	165.00	204.00	187.41	190.00	16305.00
chr11	60681600	60681740	140	140	13.00	128.00	65.51	61.00	9171.00
chr10	93784512	93784724	212	212	23.00	63.00	44.10	46.00	9349.00
chr12	7289424	7290372	948	948	2.00	460.00	110.49	9.00	104748.00
chr3	132387062	132387526	464	464	1.00	18.00	7.28	7.00	3376.00
chr16	2335442	2335647	205	205	77.00	179.00	130.61	138.00	26776.00
chr16	1794782	1797276	2494	2494	0.00	130.00	16.07	6.00	40081.00
chr16	3786036	3786204	168	168	37.00	64.00	51.61	52.50	8671.00
chr9	141131209	141131766	557	557	0.00	23.00	10.36	11.00	5772.00
chr14	92965028	92966015	987	987	3.00	32.00	17.54	17.00	17310.00
chr19	54692070	54692200	130	130	114.00	298.00	183.68	138.00	23878.00
chr15	43866006	43866230	224	224	38.00	83.00	58.29	59.00	13056.00
chr3	40231316	40231954	638	638	15.00	61.00	30.89	31.00	19705.00
chr3	50148937	50149455	518	518	3.00	33.00	15.36	14.00	7955.00
chr4	81117505	81117755	250	250	13.00	40.00	27.19	27.00	6797.00
chr10	46740404	46740638	234	234	0.00	8.00	3.36	2.00	786.00
chr3	124210169	124210271	102	102	348.00	628.00	457.49	435.00	46664.00
chr11	107488830	107488932	102	102	172.00	219.00	189.58	187.50	19337.00
chr9	130591965	130592106	141	141	39.00	73.00	58.21	57.00	8207.00
chr1	20981932	20982027	95	95	231.00	302.00	271.63	273.00	25805.00
chr12	75875613	75875859	246	246	24.00	36.00	29.78	30.00	7326.00
chr22	32046684	32046764	80	80	43.00	65.00	56.55	61.00	4524.00
chr11	70331418	70331658	240	240	4.00	39.00	22.94	27.00	5506.00
chr14	51079976	51080069	93	93	324.00	489.00	392.41	386.00	36494.00
chr17	80041077	80041301	224	224	171.00	290.00	231.87	242.00	51939.00
chr7	158540884	158540971	87	87	61.00	98.00	77.52	75.00	6744.00
chr1	21553651	21553719	68	68	36.00	44.00	40.34	41.00	2743.00
chr2	219206256	219206349	93	93	70.00	99.00	85.30	84.00	7933.00
chr17	18444211	18445242	1031	1031	0.00	12.00	4.34	5.00	4472.00
chr12	57599340	57599460	120	120	88.00	170.00	122.17	119.50	14660.00
chr11	64417919	64418110	191	191	98.00	167.00	133.81	133.00	25558.00
chr19	3274926	3275650	724	724	1.00	14.00	6.72	6.00	4867.00
chr16	18532086	18532305	219	219	361.00	715.00	521.26	521.00	114155.00
chr17	3776702	3776756	54	54	323.00	449.00	408.41	422.50	22054.00
chr1	116932670	116933033	363	363	5.00	1634.00	827.82	1391.00	300498.00
chr16	1505731	1505796	65	65	63.00	102.00	87.89	93.00	5713.00
chr1	9794029	9794200	171	171	1477.00	2236.00	1833.74	1820.00	313569.00
chr10	73579221	73579379	158	158	2592.00	3915.00	3137.80	3136.00	495773.00
chr11	6411684	6412146	462	462	15.00	103.00	57.89	64.00	26744.00
chr1	159163212	159163350	138	138	594.00	786.00	681.19	671.00	94004.00
chr16	1816723	1816804	81	81	273.00	398.00	333.53	333.00	27016.00
chr7	91722399	91722630	231	231	5.00	68.00	47.00	45.00	10857.00
chr7	44281816	44281939	123	123	461.00	599.00	510.67	499.00	62812.00
chr2	220467189	220467297	108	108	6.00	15.00	9.13	9.00	986.00
chr16	4494664	4494729	65	65	147.00	176.00	163.74	164.00	10643.00
chr15	34681844	34681986	142	142	0.00	95.00	71.57	80.00	10163.00
chr9	139995935	139996124	189	189	64.00	116.00	89.89	90.00	16989.00
chr3	180324040	180324160	120	120	61.00	83.00	71.28	69.00	8553.00
chr3	42678359	42681242	2883	2883	7.00	72.00	27.79	24.00	80124.00
chr7	131812776	131815333	2557	2557	1.00	53.00	18.25	15.00	46659.00
chr20	1585387	1585522	135	135	7.00	240.00	114.01	103.00	15392.00
chr3	126751229	126751442	213	213	74.00	116.00	93.35	94.00	19884.00
chr15	63920875	63921014	139	139	118.00	217.00	162.52	162.00	22590.00
chr16	2040128	2040202	74	74	52.00	131.00	91.95	96.50	6804.00
chr9	74324174	74324390	216	216	14.00	24.00	19.23	20.00	4153.00
chr20	44521858	44521950	92	92	240.00	295.00	266.58	267.50	24525.00
chr9	139911647	139911798	151	151	56.00	102.00	77.93	79.00	11767.00
chr9	140055507	140055649	142	142	792.00	1196.00	995.10	972.00	141304.00
chr12	120148055	120148191	136	136	76.00	103.00	88.15	88.00	11988.00
chr12	50474280	50474372	92	92	90.00	124.00	108.58	110.00	9989.00
chr15	63125702	63125828	126	126	137.00	262.00	205.76	209.00	25926.00
chr9	20907148	20907241	93	93	52.00	74.00	64.75	66.00	6022.00
chr16	87874655	87874761	106	106	101.00	125.00	112.14	112.00	11887.00
chr2	162833269	162833460	191	191	3.00	491.00	277.13	429.00	52932.00
chr8	11704560	11704677	117	117	836.00	1068.00	931.74	923.00	109013.00
chr15	63926931	63927087	156	156	111.00	201.00	167.23	176.00	26088.00
chr6	31668718	31668805	87	87	111.00	171.00	142.44	141.00	12392.00
chr7	148910792	148910906	114	114	7.00	30.00	19.82	24.00	2260.00
chr14	42355808	42357213	1405	1405	28.00	166.00	72.37	68.00	101674.00
chr10	88678928	88679226	298	298	13.00	23.00	17.60	18.00	5245.00
chr3	140998219	140998346	127	127	28.00	52.00	40.13	42.00	5096.00
chr1	144859758	144859998	240	240	58.00	136.00	85.28	89.00	20466.00
chr9	96054772	96055455	683	683	43.00	189.00	96.51	94.00	65913.00
chr19	7604803	7604944	141	141	37.00	58.00	45.93	44.00	6476.00
chr12	30906277	30907432	1155	1155	1.00	51.00	15.98	11.00	18454.00
chr9	131112762	131112854	92	92	81.00	158.00	122.24	122.00	11246.00
chr20	61981328	61982379	1051	1051	7.00	46.00	20.15	17.00	21182.00
chr7	38431348	38431618	270	270	288.00	510.00	386.77	392.00	104429.00
chr20	44521036	44521123	87	87	141.00	201.00	171.24	172.00	14898.00
chr11	64418726	64419108	382	382	63.00	159.00	107.83	105.50	41192.00
chr12	120148344	120150270	1926	1926	1.00	133.00	19.53	9.00	37612.00
chr12	6930971	6931066	95	95	16.00	427.00	205.29	198.00	19503.00
chr16	2339434	2339621	187	187	65.00	114.00	77.60	73.00	14511.00
chr2	27700083	27700187	104	104	16.00	22.00	19.59	19.00	2037.00
chr14	69805367	69805494	127	127	60.00	132.00	89.99	75.00	11429.00
chr12	9242497	9242619	122	122	171.00	250.00	214.25	221.00	26138.00
chr3	58256658	58256791	133	133	78.00	167.00	110.15	98.00	14650.00
chr10	79744927	79745098	171	171	29.00	78.00	50.57	44.00	8648.00
chr1	159161725	159161866	141	141	273.00	504.00	421.13	446.00	59379.00
chr16	31085202	31085519	317	317	3.00	21.00	14.99	16.00	4751.00
chr1	171755018	171755218	200	200	30.00	58.00	45.32	46.50	9064.00
chr9	130988124	130989280	1156	1156	2.00	1593.00	182.02	12.00	210410.00
chr15	63127935	63127998	63	63	130.00	158.00	142.54	144.00	8980.00
chr19	1917676	1917821	145	145	14.00	149.00	102.15	108.00	14812.00
chr22	25315792	25315960	168	168	64.00	89.00	77.32	79.00	12989.00
chr2	207943790	207945085	1295	1295	2.00	44.00	23.66	23.00	30645.00
chr11	47330706	47330952	246	246	6.00	592.00	266.06	10.00	65451.00
chr3	142743978	142746095	2117	2117	0.00	101.00	10.48	6.00	22185.00
chr7	44839492	44839694	202	202	2.00	16.00	9.35	10.00	1889.00
chr22	31688260	31688471	211	211	7.00	85.00	56.88	66.00	12002.00
chr11	66333492	66333638	146	146	455.00	759.00	617.90	639.50	90214.00
chr9	131114916	131115026	110	110	156.00	201.00	177.80	179.00	19558.00
chr1	20206	21013	807	807	2.00	40.00	22.69	24.00	18312.00
chr11	108216469	108216635	166	166	25.00	43.00	35.61	36.00	5911.00
chr1	209778880	209779019	139	139	202.00	355.00	291.51	304.00	40520.00
chr1	202935876	202936026	150	150	97.00	140.00	117.22	117.00	17583.00
chr12	57600255	57600524	269	269	141.00	202.00	175.07	175.00	47094.00
chr19	15233503	15233615	112	112	42.00	64.00	51.91	52.00	5814.00
chr8	68115317	68115486	169	169	71.00	148.00	119.06	123.00	20121.00
chr19	13419229	13419342	113	113	10.00	17.00	14.34	15.00	1620.00
chr6	33266815	33267130	315	315	2.00	23.00	12.10	11.00	3811.00
chr16	89780611	89781646	1035	1035	1.00	42.00	18.64	17.00	19290.00
chr12	109964162	109964221	59	59	47.00	55.00	50.59	50.00	2985.00
chr22	24491893	24492045	152	152	17.00	31.00	25.18	25.00	3827.00
chr2	242592926	242593025	99	99	113.00	173.00	136.12	130.00	13476.00
chr1	21937944	21938074	130	130	357.00	689.00	546.98	567.00	71107.00
chr2	223789173	223789313	140	140	164.00	230.00	190.39	189.00	26654.00
chr20	3772318	3772535	217	217	1.00	9.00	4.89	5.00	1061.00
chr16	18531918	18532001	83	83	618.00	814.00	724.53	744.00	60136.00
chr1	43396296	43396537	241	241	88.00	119.00	105.94	106.00	25532.00
chr2	100037960	100038115	155	155	26.00	42.00	32.96	32.00	5109.00
chr16	1500497	1500770	273	273	1.00	106.00	50.39	60.00	13756.00
chr19	40876016	40876144	128	128	1259.00	1902.00	1572.09	1564.50	201228.00
chr5	168112691	168112932	241	241	10.00	44.00	23.63	19.00	5696.00
chr2	127825738	127825831	93	93	268.00	332.00	303.03	304.00	28182.00
chr1	19232015	19234990	2975	2975	4.00	99.00	24.97	21.00	74276.00
chr16	1391129	1391196	67	67	70.00	101.00	86.13	85.00	5771.00
chr6	33410665	33411689	1024	1024	6.00	283.00	128.11	115.00	131182.00
chr9	95872033	95872266	233	233	1.00	17.00	10.01	8.00	2333.00
chr1	53378627	53378839	212	212	1.00	6.00	3.60	4.00	763.00
chr2	80531276	80531693	417	417	14.00	59.00	39.62	39.00	16521.00
chr7	44286718	44286791	73	73	349.00	440.00	399.08	399.00	29133.00
chr7	157369304	157369471	167	167	444.00	561.00	500.98	500.00	83664.00
chr11	18755079	18755191	112	112	1.00	367.00	238.60	322.00	26723.00
chr6	86237979	86238080	101	101	149.00	220.00	193.30	196.00	19523.00
chr8	145000951	145001050	99	99	9.00	24.00	17.46	15.00	1729.00
chr19	45167680	45167966	286	286	6.00	24.00	14.72	15.00	4210.00
chr10	48930165	48930400	235	235	0.00	4.00	1.80	2.00	424.00
chr16	87871450	87871547	97	97	61.00	125.00	94.46	106.00	9163.00
chr1	109815454	109815649	195	195	242.00	336.00	286.77	291.00	55920.00
chr1	208215442	208215711	269	269	31.00	62.00	44.11	41.00	11865.00
chr2	260866	261451	585	585	2.00	17.00	8.72	8.00	5102.00
chr5	180481266	180481724	458	458	3.00	33.00	18.03	20.00	8257.00
chr7	73119479	73119631	152	152	4.00	1564.00	640.47	8.00	97351.00
chr15	34677248	34677358	110	110	112.00	182.00	142.80	133.50	15708.00
chr16	57687114	57687247	133	133	40.00	58.00	48.11	49.00	6399.00
chr15	50649406	50649592	186	186	6.00	23.00	14.93	14.50	2777.00
chr22	21071995	21072066	71	71	1260.00	1426.00	1331.39	1332.00	94529.00
chr5	179200882	179201561	679	679	3.00	16.00	10.37	10.00	7043.00
chr10	98763824	98763979	155	155	74.00	110.00	93.46	96.00	14486.00
chr14	102963315	102963457	142	142	61.00	87.00	76.24	78.00	10826.00
chr1	21932558	21933138	580	580	4.00	526.00	112.33	16.00	65153.00
chr16	28118842	28118998	156	156	166.00	221.00	197.41	197.00	30796.00
chr1	241767561	241767881	320	320	42.00	104.00	77.04	82.00	24654.00
chr11	66812063	66812184	121	121	79.00	116.00	94.92	92.00	11485.00
chr11	12248571	12248678	107	107	448.00	657.00	557.83	564.00	59688.00
chr9	130588788	130588951	163	163	26.00	71.00	48.21	42.00	7859.00
chr22	21068915	21068988	73	73	1332.00	1599.00	1447.03	1452.00	105633.00
chr1	43424304	43424531	227	227	16.00	152.00	108.58	115.00	24647.00
chr14	105852021	105853670	1649	1649	0.00	82.00	8.62	6.00	14217.00
chr15	34823469	34823579	110	110	124.00	192.00	155.49	148.00	17104.00
chr11	171365	172282	917	917	0.00	25.00	11.45	10.00	10501.00
chr22	24493976	24494155	179	179	32.00	54.00	42.72	41.00	7646.00
chr15	79291060	79291167	107	107	270.00	362.00	328.24	336.00	35122.00
chr16	2145904	2146194	290	290	3.00	12.00	7.81	8.00	2266.00
chr9	131503050	131503166	116	116	313.00	363.00	339.89	341.00	39427.00
chr11	61301983	61302579	596	596	0.00	10.00	3.85	4.00	2295.00
chr22	25308609	25308719	110	110	31.00	43.00	36.00	35.00	3960.00
chr12	63977826	63979986	2160	2160	0.00	34.00	8.94	7.00	19308.00
chr19	46928844	46930933	2089	2089	7.00	327.00	163.01	155.00	340526.00
chr16	56969146	56969224	78	78	135.00	188.00	160.76	159.00	12539.00
chr17	40665787	40665996	209	209	3.00	1006.00	450.56	629.00	94166.00
chr9	131669435	131671600	2165	2165	15.00	134.00	69.55	69.00	150573.00
chr2	220164026	220164271	245	245	5.00	855.00	262.97	19.00	64427.00
chr19	7589846	7590052	206	206	26.00	103.00	57.95	55.50	11938.00
chr6	91260186	91260268	82	82	52.00	70.00	62.87	64.50	5155.00
chr9	124543742	124543830	88	88	104.00	135.00	118.25	118.50	10406.00
chr12	54071005	54071170	165	165	2.00	15.00	8.92	8.00	1472.00
chr2	40443	41212	769	769	5.00	42.00	21.44	20.00	16490.00
chr11	67852159	67852747	588	588	3.00	20.00	8.88	8.00	5224.00
chr8	8233762	8234810	1048	1048	4.00	34.00	18.54	20.00	19426.00
chr2	175671113	175672148	1035	1035	1.00	16.00	7.02	7.00	7263.00
chr7	138984922	138985438	516	516	0.00	8.00	2.80	3.00	1447.00
chr22	40816850	40817104	254	254	38.00	107.00	66.95	59.00	17006.00
chr19	14263120	14263249	129	129	144.00	264.00	202.52	208.00	26125.00
chr19	16962222	16962345	123	123	50.00	65.00	56.81	56.00	6988.00
chr1	109813838	109813918	80	80	93.00	132.00	108.45	106.50	8676.00
chr3	49898148	49898562	414	414	2.00	695.00	323.76	504.50	134037.00
chr17	17131202	17131510	308	308	3.00	59.00	34.44	32.00	10609.00
chr1	21936067	21936139	72	72	185.00	289.00	237.35	237.00	17089.00
chr3	130424404	130424615	211	211	47.00	90.00	65.84	62.00	13892.00
chr12	56532710	56532797	87	87	84.00	120.00	96.01	91.00	8353.00
chr16	29888591	29888788	197	197	435.00	702.00	545.83	510.00	107529.00
chr2	114394588	114396196	1608	1608	1.00	41.00	16.05	16.00	25816.00
chr3	124180736	124180803	67	67	223.00	264.00	244.61	245.00	16389.00
chr9	111798485	111798660	175	175	25.00	42.00	30.65	31.00	5364.00
chr10	73847897	73848372	475	475	12.00	554.00	218.69	210.00	103879.00
chr22	21075585	21075706	121	121	810.00	1078.00	937.73	929.00	113465.00
chr22	20920753	20921104	351	351	25.00	75.00	51.15	55.00	17954.00
chr9	140953020	140953185	165	165	20.00	34.00	25.92	25.00	4276.00
chr22	41620970	41621075	105	105	73.00	117.00	95.96	95.00	10076.00
chr11	6243671	6243839	168	168	32.00	69.00	50.51	53.00	8486.00
chr15	74704225	74704353	128	128	91.00	113.00	101.23	100.50	12958.00
chr3	48719780	48719985	205	205	66.00	108.00	89.67	92.00	18383.00
chr1	222833247	222833348	101	101	65.00	151.00	112.63	111.00	11376.00
chr1	6583675	6584824	1149	1149	9.00	65.00	41.30	42.00	47448.00
chr11	126135857	126135976	119	119	144.00	209.00	171.92	168.00	20458.00
chr8	75156763	75157410	647	647	19.00	52.00	33.83	35.00	21889.00
chr15	83345212	83345389	177	177	173.00	245.00	217.47	220.00	38493.00
chr14	68031638	68032561	923	923	0.00	18.00	7.05	7.00	6509.00
chr19	42479780	42479949	169	169	1897.00	3502.00	2666.28	2665.00	450601.00
chr16	31503329	31503407	78	78	196.00	294.00	240.67	247.00	18772.00
chr17	1564564	1564700	136	136	97.00	239.00	144.69	120.00	19678.00
chr16	58717858	58718082	224	224	14.00	26.00	19.79	20.00	4432.00
chr14	71575320	71575763	443	443	15.00	90.00	40.65	40.00	18009.00
chr1	202934498	202934628	130	130	109.00	178.00	137.12	129.00	17826.00
chr7	73118477	73118586	109	109	836.00	1080.00	966.05	973.00	105299.00
chr19	13365908	13366073	165	165	26.00	48.00	35.17	32.00	5803.00
chr10	102265117	102265958	841	841	6.00	22.00	12.72	12.00	10698.00
chr9	139983320	139983457	137	137	63.00	132.00	94.92	87.00	13004.00
chr18	29206245	29206347	102	102	72.00	89.00	78.72	79.00	8029.00
chr12	120578662	120578827	165	165	28.00	53.00	40.51	42.00	6684.00
chr5	757516	758226	710	710	0.00	6.00	3.16	3.00	2242.00
chr8	21632483	21632567	84	84	45.00	67.00	60.38	61.00	5072.00
chr4	54011499	54011749	250	250	51.00	122.00	76.53	68.00	19133.00
chr8	141680613	141681365	752	752	3.00	26.00	14.57	15.00	10960.00
chr11	57367351	57367850	499	499	20.00	61.00	39.65	39.00	19785.00
chr12	63980009	63980784	775	775	0.00	8.00	4.57	5.00	3538.00
chr9	140057042	140057203	161	161	3.00	1240.00	1004.78	1091.00	161769.00
chr2	7055953	7056098	145	145	38.00	70.00	49.41	47.00	7164.00
chr12	52387768	52389043	1275	1275	16.00	343.00	108.02	77.00	137726.00
chr19	50104931	50105175	244	244	4.00	95.00	29.84	18.00	7280.00
chr19	5218430	5218543	113	113	173.00	244.00	214.29	219.00	24215.00
chr16	29898969	29899138	169	169	309.00	407.00	352.36	347.00	59549.00
chr7	99030900	99031041	141	141	7.00	21.00	14.04	15.00	1979.00
chr17	36692926	36693212	286	286	4.00	10.00	7.15	7.00	2044.00
chr15	73857770	73859335	1565	1565	7.00	107.00	37.99	41.00	59460.00
chr6	44104085	44104176	91	91	72.00	97.00	83.29	84.00	7579.00
chr1	21938518	21938602	84	84	435.00	548.00	492.62	502.00	41380.00
chr19	13423482	13423595	113	113	7.00	18.00	13.54	16.00	1530.00
chr16	70292882	70293089	207	207	565.00	869.00	724.22	709.00	149913.00
chr18	61060641	61060782	141	141	58.00	99.00	80.77	85.00	11389.00
chr16	22269814	22270016	202	202	8.00	15.00	10.98	11.00	2217.00
chr1	21554423	21554534	111	111	25.00	38.00	31.74	33.00	3523.00
chr9	140057255	140057455	200	200	4.00	1688.00	1174.84	1484.00	234968.00
chr7	1488255	1488397	142	142	11.00	25.00	18.18	19.00	2582.00
chr14	100166351	100166438	87	87	393.00	566.00	491.74	487.00	42781.00
chr9	101065522	101065705	183	183	237.00	348.00	294.44	299.00	53882.00
chr5	68411752	68412041	289	289	25.00	83.00	54.34	52.00	15704.00
chr1	2452539	2452754	215	215	26.00	87.00	59.33	62.00	12755.00
chr1	21564626	21564737	111	111	11.00	38.00	19.95	14.00	2215.00
chr13	42037713	42039066	1353	1353	0.00	25.00	8.77	8.00	11863.00
chr2	114350236	114350443	207	207	0.00	20.00	10.87	10.00	2251.00
chr1	21939668	21939722	54	54	419.00	492.00	463.24	473.00	25015.00
chr9	139353895	139354007	112	112	37.00	52.00	44.44	45.00	4977.00
chr7	102176367	102176618	251	251	14.00	29.00	23.63	25.00	5931.00
chr3	51411753	51412018	265	265	0.00	86.00	30.69	1.00	8133.00
chr17	73888091	73888266	175	175	10.00	19.00	14.11	14.00	2470.00
chr13	103297258	103297435	177	177	3.00	44.00	23.97	35.00	4243.00
chr15	63922664	63922834	170	170	136.00	259.00	199.93	203.50	33988.00
chr3	33400774	33400849	75	75	151.00	194.00	172.59	171.00	12944.00
chr22	50671744	50671955	211	211	14.00	27.00	19.76	19.00	4170.00
chr1	21190968	21191205	237	237	88.00	173.00	143.96	150.00	34119.00
chr5	14481649	14481727	78	78	104.00	126.00	113.60	114.00	8861.00
chr15	101605556	101606410	854	854	7.00	40.00	20.79	20.00	17751.00
chr17	80040402	80040554	152	152	227.00	321.00	272.51	260.50	41421.00
chr2	132269293	132270897	1604	1604	0.00	10.00	3.14	2.00	5042.00
chr11	1778553	1778786	233	233	679.00	1340.00	1066.33	1138.00	248456.00
chr11	1469616	1469808	192	192	3.00	12.00	7.65	8.00	1468.00
chr12	120138549	120138630	81	81	129.00	165.00	148.30	147.00	12012.00
chr7	901016	901101	85	85	91.00	136.00	117.87	119.00	10019.00
chr19	13372263	13372424	161	161	40.00	69.00	54.19	54.00	8724.00
chr17	40843154	40843311	157	157	193.00	242.00	213.75	214.00	33559.00
chr17	80039476	80039719	243	243	246.00	501.00	361.92	352.00	87947.00
chr17	16681109	16687365	6256	6256	0.00	61.00	9.10	6.00	56910.00
chr1	116935475	116935610	135	135	1483.00	2293.00	1875.69	1835.00	253218.00
chr6	128294808	128294972	164	164	103.00	256.00	193.38	200.00	31714.00
chr5	109189927	109190617	690	690	2.00	16.00	8.67	8.00	5979.00
chr15	40757533	40757634	101	101	16.00	53.00	41.96	45.00	4238.00
chr2	220164706	220164981	275	275	408.00	708.00	538.08	519.00	147971.00
chr3	164905164	164908639	3475	3475	6.00	129.00	37.60	31.00	130664.00
chr11	60699157	60699356	199	199	73.00	455.00	275.18	243.00	54761.00
chr2	96680301	96680717	416	416	2.00	17.00	6.79	5.00	2826.00
chr17	40845314	40845554	240	240	208.00	356.00	285.56	287.00	68535.00
chr12	125264513	125265391	878	878	8.00	27.00	17.96	17.00	15765.00
chr1	156623704	156624158	454	454	1.00	11.00	5.63	5.00	2557.00
chr6	108370456	108370622	166	166	52.00	94.00	71.13	67.00	11807.00
chr11	19180486	19180587	101	101	23.00	44.00	34.62	38.00	3497.00
chr19	42489069	42489338	269	269	355.00	1026.00	759.14	850.00	204210.00
chr2	198274493	198274731	238	238	54.00	85.00	69.44	69.00	16526.00
chr6	47220991	47221257	266	266	86.00	206.00	133.73	122.00	35571.00
chr19	40872679	40872822	143	143	1272.00	1926.00	1673.25	1729.00	239275.00
chr19	54693278	54693627	349	349	3.00	92.00	42.61	44.00	14872.00
chr12	81929	82174	245	245	1.00	20.00	9.22	8.00	2260.00
chr21	45513943	45514114	171	171	61.00	77.00	69.89	71.00	11952.00
chr3	124201630	124201747	117	117	3.00	365.00	258.07	321.00	30194.00
chr17	79805118	79805223	105	105	212.00	301.00	258.08	256.00	27098.00
chr20	46307419	46307548	129	129	31.00	51.00	37.67	37.00	4859.00
chr17	38187790	38187873	83	83	85.00	106.00	94.67	94.00	7858.00
chr2	207452814	207452878	64	64	248.00	336.00	285.20	278.00	18253.00
chr17	45695715	45695823	108	108	415.00	479.00	445.65	443.00	48130.00
chr7	44283023	44283126	103	103	331.00	437.00	392.25	401.00	40402.00
chr20	62274975	62275284	309	309	2.00	1809.00	888.11	1435.00	274426.00
chr11	108202605	108202764	159	159	17.00	27.00	21.66	21.00	3444.00
chr9	140051314	140051489	175	175	348.00	487.00	420.24	431.00	73542.00
chr22	45574118	45574781	663	663	15.00	90.00	56.12	59.00	37210.00
chr15	79312382	79312446	64	64	130.00	146.00	138.14	139.00	8841.00
chr1	21940120	21940199	79	79	335.00	433.00	393.90	397.00	31118.00
chr17	3775847	3775921	74	74	387.00	510.00	446.78	442.50	33062.00
chr7	73133931	73134019	88	88	21.00	1136.00	399.35	282.00	35143.00
chr11	72292920	72292991	71	71	326.00	377.00	350.13	350.00	24859.00
chr7	43547616	43547730	114	114	78.00	105.00	93.46	95.00	10655.00
chr16	58713760	58714145	385	385	8.00	23.00	15.09	15.00	5808.00
chr22	21083600	21083794	194	194	533.00	911.00	735.73	748.00	142732.00
chr11	66457275	66457414	139	139	371.00	591.00	448.89	434.00	62396.00
chr15	91561034	91561115	81	81	26.00	62.00	45.81	49.00	3711.00
chr11	2968525	2969001	476	476	3.00	14.00	6.76	7.00	3217.00
chr19	34869838	34869910	72	72	1226.00	1477.00	1380.61	1384.50	99404.00
chr9	121970996	121971219	223	223	226.00	303.00	255.10	253.00	56888.00
chr3	47449772	47449980	208	208	2.00	46.00	28.64	38.00	5958.00
chr12	57601820	57601999	179	179	155.00	377.00	257.97	253.00	46176.00
chr16	2345590	2345741	151	151	80.00	116.00	97.70	97.00	14753.00
chr12	50471782	50471910	128	128	43.00	67.00	54.20	56.50	6938.00
chr1	109814221	109814344	123	123	176.00	283.00	242.61	245.00	29841.00
chr19	16942304	16942458	154	154	27.00	63.00	46.39	50.50	7144.00
chr11	66333301	66333398	97	97	377.00	543.00	427.36	420.00	41454.00
chr5	74026084	74026223	139	139	114.00	153.00	136.27	138.00	18941.00
chr5	68417520	68417722	202	202	58.00	88.00	75.76	76.00	15303.00
chr19	15272262	15272525	263	263	19.00	43.00	30.39	30.00	7993.00
chr3	45872404	45872482	78	78	137.00	179.00	159.38	164.00	12432.00
chr7	73123374	73123452	78	78	1144.00	1486.00	1357.83	1417.50	105911.00
chr5	14498197	14498360	163	163	102.00	148.00	125.12	123.00	20395.00
chr14	93180167	93180230	63	63	166.00	204.00	188.46	190.00	11873.00
chr9	130984739	130984875	136	136	1618.00	2460.00	2088.79	2057.00	284075.00
chr13	31216764	31216894	130	130	29.00	42.00	36.62	36.00	4761.00
chr12	112614399	112614506	107	107	29.00	118.00	93.10	93.00	9962.00
chr12	57602865	57602982	117	117	208.00	339.00	266.21	262.00	31147.00
chr14	72976861	72976987	126	126	77.00	121.00	99.11	100.00	12488.00
chr1	155209406	155209553	147	147	55.00	94.00	72.16	71.00	10608.00
chr10	49633930	49634113	183	183	127.00	167.00	145.81	147.00	26684.00
chr16	84100093	84100218	125	125	139.00	185.00	169.42	174.00	21177.00
chr1	155207924	155208097	173	173	135.00	201.00	168.22	162.00	29102.00
chr12	2786898	2787033	135	135	10.00	17.00	13.02	13.00	1758.00
chr2	233755457	233756197	740	740	1.00	906.00	141.25	7.00	104527.00
chr14	60631894	60632099	205	205	18.00	171.00	100.76	120.00	20656.00
chr1	11151549	11151654	105	105	33.00	54.00	46.28	47.00	4859.00
chr4	134076071	134076178	107	107	193.00	248.00	219.87	220.00	23526.00
chr15	91420364	91420441	77	77	72.00	88.00	78.68	78.00	6058.00
chr5	114961533	114961755	222	222	1.00	30.00	17.99	16.00	3994.00
chr16	1814047	1814211	164	164	3.00	186.00	98.59	156.00	16168.00
chr18	44250463	44252581	2118	2118	16.00	171.00	70.53	66.00	149376.00
chr6	158049380	158049518	138	138	57.00	79.00	68.67	70.00	9477.00
chr19	7675585	7675679	94	94	8.00	14.00	10.99	11.00	1033.00
chr13	99461604	99461719	115	115	2.00	176.00	109.03	97.00	12539.00
chr11	130010829	130011467	638	638	5.00	1928.00	200.35	14.00	127822.00
chr11	107526658	107526792	134	134	410.00	540.00	475.25	469.00	63684.00
chr16	1391294	1391490	196	196	52.00	94.00	68.29	66.00	13384.00
chr1	38182716	38184158	1442	1442	17.00	131.00	55.02	53.00	79339.00
chr5	179231023	179231323	300	300	2.00	13.00	9.19	10.00	2757.00
chr14	69814593	69814719	126	126	100.00	135.00	122.06	122.00	15380.00
chr14	69349174	69349309	135	135	206.00	309.00	255.35	260.00	34472.00
chr19	7614792	7614998	206	206	70.00	106.00	88.90	91.00	18313.00
chr1	228270375	228270466	91	91	9.00	1500.00	501.44	245.00	45631.00
chr1	38186022	38186315	293	293	2.00	21.00	8.87	9.00	2599.00
chr13	77641715	77641999	284	284	191.00	342.00	259.15	261.00	73600.00
chr14	100157417	100157498	81	81	137.00	336.00	209.21	179.00	16946.00
chr13	32978280	32979333	1053	1053	10.00	83.00	24.85	19.00	26162.00
chr12	7301567	7301794	227	227	364.00	931.00	676.00	669.00	153453.00
chr9	123583116	123583257	141	141	35.00	67.00	56.48	60.00	7964.00
chr17	26883183	26883284	101	101	104.00	148.00	125.41	120.00	12666.00
chr12	6972993	6973137	144	144	234.00	362.00	300.72	310.00	43303.00
chr20	34322310	34322637	327	327	2.00	9.00	5.18	5.00	1694.00
chr19	7606407	7606570	163	163	43.00	79.00	60.88	61.00	9923.00
chr16	2333186	2333373	187	187	7.00	261.00	196.48	218.00	36742.00
chr12	113825548	113825711	163	163	68.00	176.00	126.55	134.00	20627.00
chr7	4802013	4807749	5736	5736	1.00	151.00	24.41	16.00	140035.00
chr1	43394880	43394985	105	105	145.00	179.00	164.19	166.00	17240.00
chr19	4554399	4554488	89	89	229.00	312.00	281.97	287.00	25095.00
chr16	31719139	31719372	233	233	2.00	18.00	10.67	13.00	2486.00
chr5	134060669	134061744	1075	1075	11.00	49.00	24.15	22.00	25962.00
chr1	202936318	202936371	53	53	17.00	102.00	59.40	73.00	3148.00
chr2	220087366	220087615	249	249	183.00	251.00	209.13	208.00	52073.00
chr2	36764494	36764689	195	195	31.00	70.00	45.80	41.00	8931.00
chr7	43519208	43519343	135	135	70.00	111.00	93.79	93.00	12661.00
chr10	51249585	51249993	408	408	0.00	6.00	2.58	2.00	1053.00
chr6	32123647	32123755	108	108	86.00	125.00	109.66	114.00	11843.00
chr3	118624442	118624692	250	250	0.00	36.00	16.46	9.00	4116.00
chr1	190129797	190130020	223	223	38.00	62.00	51.14	52.00	11404.00
chr9	131004491	131004624	133	133	4.00	4007.00	3143.40	3675.00	418072.00
chr22	33679187	33679334	147	147	169.00	198.00	184.08	183.00	27060.00
chr15	74709931	74710016	85	85	56.00	91.00	73.59	70.00	6255.00
chr7	6470110	6470238	128	128	24.00	39.00	31.66	31.00	4053.00
chr1	6640600	6641359	759	759	6.00	30.00	16.51	17.00	12532.00
chr16	31510622	31510728	106	106	140.00	168.00	153.49	151.00	16270.00
chr4	103710287	103711803	1516	1516	12.00	66.00	34.34	33.00	52058.00
chr19	2862339	2862746	407	407	3.00	19.00	9.00	9.00	3663.00
chr2	15467873	15467994	121	121	38.00	53.00	46.43	47.00	5618.00
chr2	36780721	36781492	771	771	5.00	30.00	16.80	18.00	12950.00
chr10	81070680	81070941	261	261	9.00	38.00	18.79	14.00	4904.00
chr2	217234866	217235986	1120	1120	9.00	72.00	33.92	32.00	37990.00
chr10	93786348	93786508	160	160	28.00	112.00	60.23	51.00	9636.00
chr17	20268785	20269076	291	291	0.00	6.00	2.79	2.00	813.00
chr9	131002006	131002062	56	56	3.00	3547.00	3073.89	3341.50	172138.00
chr1	155208307	155208441	134	134	104.00	221.00	166.46	162.00	22306.00
chr2	162833877	162834373	496	496	3.00	444.00	40.66	8.00	20167.00
chr9	35799614	35799728	114	114	14.00	34.00	20.69	17.00	2359.00
chr20	62517856	62519234	1378	1378	3.00	157.00	26.73	23.00	36837.00
chr22	35942847	35943127	280	280	21.00	106.00	68.40	73.00	19151.00
chr13	26436438	26436546	108	108	18.00	41.00	31.09	31.00	3358.00
chr14	69371371	69371453	82	82	88.00	147.00	120.90	121.00	9914.00
chr7	44031274	44031581	307	307	5.00	31.00	16.70	14.00	5126.00
chr11	12274988	12275291	303	303	3.00	24.00	14.63	17.00	4434.00
chr5	1334403	1334498	95	95	130.00	199.00	167.26	168.00	15890.00
chr19	34868639	34868786	147	147	1279.00	1805.00	1526.48	1543.00	224393.00
chr16	1815960	1816143	183	183	160.00	249.00	202.29	202.00	37019.00
chr10	73578787	73578868	81	81	3208.00	3858.00	3526.63	3526.00	285657.00
chr17	37420427	37420640	213	213	19.00	37.00	29.54	29.00	6292.00
chr5	60835422	60835586	164	164	11.00	25.00	18.11	18.50	2970.00
chr15	79296143	79296517	374	374	166.00	296.00	196.16	190.00	73363.00
chr19	13039568	13039661	93	93	406.00	635.00	526.52	545.00	48966.00
chr12	49421585	49421713	128	128	21.00	36.00	28.76	28.00	3681.00
chr1	1661057	1662583	1526	1526	4.00	118.00	51.00	48.00	77832.00
chr2	207457340	207457460	120	120	284.00	390.00	332.38	326.50	39885.00
chr11	64542462	64543441	979	979	1.00	15.00	6.39	7.00	6254.00
chr20	61910250	61910347	97	97	61.00	85.00	72.49	72.00	7032.00
chr11	62394042	62394156	114	114	191.00	302.00	235.46	224.00	26842.00
chr5	37301538	37301652	114	114	22.00	34.00	28.38	28.00	3235.00
chr16	4733843	4733933	90	90	122.00	174.00	148.42	148.50	13358.00
chr15	43693913	43694048	135	135	52.00	87.00	70.93	72.00	9576.00
chr11	18764538	18764622	84	84	105.00	156.00	130.55	127.50	10966.00
chr17	57842331	57842499	168	168	139.00	194.00	172.57	174.00	28991.00
chr9	96076729	96078064	1335	1335	5.00	29.00	14.13	14.00	18870.00
chr11	12246219	12246367	148	148	275.00	335.00	304.62	305.50	45084.00
chr12	7030743	7031565	822	822	7.00	4705.00	1702.05	26.00	1399086.00
chr3	14523178	14523349	171	171	4.00	13.00	8.68	9.00	1484.00
chr5	758508	759483	975	975	0.00	9.00	3.84	3.00	3747.00
chr12	22635490	22635677	187	187	42.00	77.00	60.22	63.00	11261.00
chr5	14479369	14479459	90	90	89.00	120.00	101.24	103.00	9112.00
chr6	143655214	143656079	865	865	1.00	9.00	4.29	4.00	3709.00
chr7	75508360	75508578	218	218	54.00	696.00	444.85	471.00	96977.00
chr11	60697981	60698131	150	150	104.00	215.00	147.61	140.00	22141.00
chr1	151400598	151400889	291	291	16.00	50.00	30.00	26.00	8729.00
chr5	172196431	172197309	878	878	17.00	308.00	101.64	63.00	89238.00
chr3	49152660	49152794	134	134	37.00	54.00	42.74	42.00	5727.00
chr7	5518281	5519950	1669	1669	17.00	109.00	49.38	44.00	82407.00
chr17	16691106	16691449	343	343	0.00	28.00	7.79	6.00	2671.00
chr2	220086993	220087172	179	179	150.00	186.00	169.69	170.00	30375.00
chr10	51746916	51748006	1090	1090	2.00	28.00	13.42	12.00	14628.00
chr12	7302118	7302289	171	171	709.00	1034.00	869.98	871.00	148767.00
chr11	59562844	59562955	111	111	18.00	49.00	35.50	40.00	3940.00
chr12	6100984	6101184	200	200	17.00	63.00	34.63	23.50	6926.00
chr19	5683274	5683627	353	353	6.00	25.00	18.08	18.00	6383.00
chr12	2786259	2786387	128	128	11.00	24.00	19.47	21.00	2492.00
chr15	26812727	26812880	153	153	79.00	144.00	113.88	112.00	17424.00
chr1	149007980	149008798	818	818	0.00	23.00	8.43	6.00	6893.00
chr19	54965608	54965861	253	253	14.00	68.00	41.53	40.00	10506.00
chr8	27293259	27293310	51	51	199.00	264.00	246.59	247.00	12576.00
chr15	23014437	23014528	91	91	89.00	124.00	100.80	100.00	9173.00
chr1	111717500	111717585	85	85	66.00	127.00	97.60	96.00	8296.00
chr6	150157220	150157433	213	213	149.00	271.00	219.87	227.00	46833.00
chr13	114566547	114566670	123	123	31.00	83.00	54.53	57.00	6707.00
chr16	58539291	58539605	314	314	2.00	16.00	10.39	12.00	3264.00
chr1	21936612	21936768	156	156	156.00	657.00	384.21	380.50	59937.00
chr1	17322880	17322991	111	111	163.00	322.00	234.49	258.00	26028.00
chr11	60699455	60699599	144	144	201.00	479.00	306.78	270.50	44176.00
chr5	6749669	6749770	101	101	36.00	51.00	41.45	40.00	4186.00
chr16	2156805	2156949	144	144	25.00	50.00	34.60	33.00	4983.00
chr15	34690834	34690930	96	96	21.00	51.00	37.85	38.00	3634.00
chr3	11074933	11075425	492	492	5.00	288.00	53.44	11.00	26293.00
chr5	74655222	74655381	159	159	134.00	209.00	165.31	156.00	26285.00
chr20	20022968	20023160	192	192	30.00	65.00	46.96	45.00	9016.00
chr2	39055481	39055578	97	97	29.00	45.00	37.57	40.00	3644.00
chr19	16793231	16793528	297	297	6.00	209.00	59.62	12.00	17706.00
chr2	219205450	219205509	59	59	74.00	92.00	82.49	82.00	4867.00
chr17	74087429	74087729	300	300	4.00	23.00	11.44	11.00	3433.00
chr3	184058150	184060036	1886	1886	6.00	794.00	108.51	22.00	204647.00
chr6	90333128	90333263	135	135	41.00	71.00	53.30	52.00	7196.00
chr12	125267019	125267429	410	410	7.00	59.00	23.45	13.00	9616.00
chr1	207942580	207943104	524	524	10.00	60.00	35.55	34.00	18629.00
chr4	89356876	89357043	167	167	40.00	67.00	49.68	49.00	8296.00
chr7	101995498	101995736	238	238	11.00	34.00	22.55	23.00	5368.00
chr3	11067458	11067562	104	104	126.00	185.00	162.56	168.00	16906.00
chr5	95734582	95734740	158	158	120.00	183.00	152.13	152.00	24037.00
chr6	152529106	152529341	235	235	26.00	67.00	43.60	37.00	10247.00
chr5	102295578	102295763	185	185	103.00	183.00	157.79	162.00	29192.00
chr22	21072980	21073110	130	130	735.00	1343.00	972.05	1041.00	126366.00
chr12	121855306	121855714	408	408	45.00	192.00	116.59	124.00	47567.00
chr1	160326389	160326544	155	155	142.00	201.00	181.31	186.00	28103.00
chr11	60670930	60671007	77	77	268.00	309.00	290.13	289.00	22340.00
chr17	79804822	79804948	126	126	279.00	444.00	362.61	358.00	45689.00
chr16	18527204	18527332	128	128	569.00	932.00	743.98	737.50	95229.00
chr16	16372518	16372646	128	128	589.00	982.00	783.80	783.00	100326.00
chr2	32750530	32750695	165	165	13.00	28.00	22.42	23.00	3699.00
chr14	69369193	69369279	86	86	132.00	193.00	159.08	149.50	13681.00
chr7	66418212	66418356	144	144	110.00	142.00	128.65	131.50	18526.00
chr6	44107988	44108097	109	109	105.00	130.00	117.79	118.00	12839.00
chr7	70885893	70886091	198	198	207.00	469.00	309.47	241.00	61276.00
chr8	27295281	27295397	116	116	230.00	283.00	256.91	257.00	29801.00
chr7	73122918	73123018	100	100	1153.00	1551.00	1420.19	1411.00	142019.00
chr15	34698874	34699071	197	197	16.00	51.00	32.93	34.00	6488.00
chr8	22009343	22009513	170	170	205.00	331.00	253.22	236.50	43048.00
chr7	1526557	1526737	180	180	15.00	50.00	30.33	33.00	5459.00
chr5	178053946	178054065	119	119	2.00	85.00	36.44	32.00	4336.00
chr12	6103027	6103369	342	342	31.00	70.00	48.62	51.00	16629.00
chr2	3479491	3480482	991	991	5.00	31.00	16.81	16.00	16660.00
chr3	33883388	33883566	178	178	72.00	106.00	89.49	91.00	15930.00
chr19	11019778	11019883	105	105	89.00	119.00	104.28	105.00	10949.00
chr7	98446205	98446318	113	113	998.00	2341.00	1748.19	1685.00	197545.00
chr8	106813274	106813932	658	658	4.00	21.00	11.97	13.00	7877.00
chr2	223795338	223795530	192	192	283.00	514.00	399.49	396.50	76702.00
chr7	75511146	75511554	408	408	579.00	1339.00	915.10	896.00	373360.00
chr21	40184926	40185038	112	112	109.00	265.00	202.64	232.00	22696.00
chr19	53383575	53385236	1661	1661	6.00	39.00	22.40	22.00	37212.00
chr19	14208130	14208295	165	165	6.00	415.00	285.92	383.00	47176.00
chr15	91461013	91461618	605	605	10.00	247.00	81.81	27.00	49494.00
chr8	145278010	145278133	123	123	24.00	39.00	30.34	29.00	3732.00
chr16	28132990	28133083	93	93	88.00	129.00	105.98	102.00	9856.00
chr11	125280091	125280221	130	130	48.00	78.00	60.58	57.00	7876.00
chr15	63128089	63128317	228	228	34.00	181.00	128.44	150.00	29285.00
chr9	131181435	131181557	122	122	4.00	227.00	180.95	190.00	22076.00
chr19	3281196	3281343	147	147	115.00	159.00	139.13	142.00	20452.00
chr11	6240200	6240280	80	80	22.00	30.00	25.00	25.00	2000.00
chr20	31019123	31019287	164	164	5.00	13.00	8.52	8.00	1397.00
chr6	46825865	46827260	1395	1395	18.00	77.00	46.42	44.00	64752.00
chr12	1672006	1672666	660	660	5.00	52.00	22.93	19.00	15132.00
chr12	9098824	9099001	177	177	124.00	205.00	171.68	182.00	30388.00
chr7	121738503	121738630	127	127	9.00	16.00	12.05	13.00	1530.00
chr19	40875814	40875935	121	121	1067.00	1363.00	1204.52	1207.00	145747.00
chr20	3581592	3581671	79	79	53.00	73.00	62.80	63.00	4961.00
chr17	7226965	7227042	77	77	39.00	59.00	50.90	53.00	3919.00
chr2	74331800	74332809	1009	1009	9.00	35.00	17.98	17.00	18137.00
chr1	209785136	209785610	474	474	4.00	324.00	213.20	239.50	101055.00
chr9	35546426	35548532	2106	2106	38.00	129.00	77.05	77.00	162263.00
chr17	80040198	80040290	92	92	228.00	315.00	262.77	260.00	24175.00
chr11	73074791	73075284	493	493	5.00	180.00	52.48	9.00	25874.00
chr20	44674976	44675075	99	99	148.00	194.00	168.65	165.00	16696.00
chr20	5892091	5892328	237	237	39.00	253.00	152.46	175.00	36134.00
chr17	20316581	20317594	1013	1013	0.00	6.00	1.97	2.00	1996.00
chr12	99478702	99478801	99	99	115.00	144.00	130.35	129.00	12905.00
chr17	40842756	40842960	204	204	168.00	257.00	218.84	218.00	44643.00
chr11	107501142	107501288	146	146	203.00	291.00	242.42	241.00	35393.00
chr11	85429236	85429532	296	296	5.00	41.00	17.38	17.00	5143.00
chr20	9449217	9449319	102	102	45.00	63.00	55.36	55.00	5647.00
chr14	23371395	23371591	196	196	90.00	192.00	151.47	155.00	29689.00
chr7	716865	716957	92	92	1528.00	2478.00	2094.72	2140.50	192714.00
chr10	48862360	48862682	322	322	1.00	185.00	100.28	129.00	32290.00
chr10	68686678	68688210	1532	1532	16.00	94.00	44.97	40.00	68888.00
chr5	179674854	179674926	72	72	218.00	279.00	245.15	249.00	17651.00
chr1	209773327	209773456	129	129	186.00	302.00	244.33	248.00	31518.00
chr17	45691034	45691091	57	57	380.00	444.00	415.61	421.00	23690.00
chr1	19669871	19670118	247	247	2.00	15.00	6.40	6.00	1581.00
chr17	45664025	45664710	685	685	2.00	160.00	36.32	19.00	24879.00
chr19	2337634	2338840	1206	1206	1.00	37.00	9.73	9.00	11737.00
chr8	22011480	22011552	72	72	258.00	315.00	286.99	284.00	20663.00
