#chrom	start	end	size	num_data	min	max	mean	median	sum
chr12	1940100	1940691	591	591	46.00	94.00	68.35	67.00	40396.00
chr1	27480473	27481381	908	908	21.00	64.00	42.15	42.00	38271.00
chr15	63112684	63112809	125	125	205.00	311.00	276.10	291.00	34512.00
chr5	149231737	149232254	517	517	3.00	21.00	13.62	14.00	7041.00
chr5	140865429	140867182	1753	1753	12.00	53.00	30.06	29.00	52691.00
chr1	32209793	32209958	165	165	218.00	412.00	315.70	305.00	52091.00
chr16	87873307	87873431	124	124	88.00	127.00	110.61	113.00	13716.00
chr17	34157438	34158175	737	737	0.00	9.00	5.11	5.00	3768.00
chr2	127815619	127816088	469	469	11.00	74.00	42.45	47.00	19911.00
chr1	208212965	208213112	147	147	80.00	113.00	99.21	99.00	14584.00
chr22	19703883	19704666	783	783	11.00	41.00	22.39	19.00	17530.00
chr16	87872319	87872423	104	104	94.00	128.00	112.93	118.50	11745.00
chr9	140055740	140055868	128	128	1265.00	1658.00	1508.70	1535.50	193114.00
chr22	21096515	21096643	128	128	482.00	610.00	512.72	505.00	65628.00
chr9	140056321	140056540	219	219	1.00	1916.00	1205.92	1427.00	264096.00
chr11	78379981	78380253	272	272	11.00	25.00	18.96	19.00	5156.00
chr3	11070420	11070533	113	113	242.00	324.00	294.00	297.00	33222.00
chr1	109812554	109813222	668	668	2.00	448.00	179.57	197.00	119953.00
chr2	220161954	220162155	201	201	550.00	813.00	708.33	710.00	142374.00
chr15	74706887	74707086	199	199	90.00	123.00	107.98	109.00	21488.00
chr17	7318829	7319426	597	597	156.00	356.00	243.91	258.00	145614.00
chr1	21560050	21560154	104	104	33.00	56.00	46.07	47.00	4791.00
chr1	25573799	25573952	153	153	6.00	241.00	149.70	168.00	22904.00
chr14	93198993	93199160	167	167	114.00	182.00	145.30	145.00	24265.00
chr1	205554003	205554119	116	116	172.00	304.00	225.02	209.00	26102.00
chr1	9795005	9795232	227	227	1516.00	2219.00	1863.82	1886.00	423088.00
chr17	42426525	42426670	145	145	75.00	134.00	102.28	100.00	14831.00
chr18	70205887	70206179	292	292	4.00	266.00	97.87	8.00	28577.00
chr1	205553082	205553251	169	169	259.00	382.00	321.25	320.00	54292.00
chr9	140056623	140056766	143	143	4.00	1632.00	1009.96	1133.00	144424.00
chr6	33412147	33412394	247	247	3.00	472.00	268.28	355.00	66266.00
chr12	89992366	89992547	181	181	3.00	752.00	553.55	619.00	100192.00
chr2	220088827	220089576	749	749	76.00	191.00	136.68	135.00	102371.00
chr14	100763073	100765222	2149	2149	8.00	58.00	35.33	37.00	75916.00
chr1	110740697	110742543	1846	1846	12.00	852.00	466.34	451.00	860866.00
chr1	149878201	149879758	1557	1557	8.00	1256.00	279.44	21.00	435084.00
chr3	197264139	197265259	1120	1120	0.00	17.00	7.73	8.00	8658.00
chr8	56449623	56450530	907	907	8.00	30.00	18.13	18.00	16445.00
chr9	139354208	139354326	118	118	58.00	93.00	69.04	66.00	8147.00
chr1	32204908	32205236	328	328	366.00	578.00	447.11	437.50	146653.00
chr7	75608768	75608897	129	129	97.00	119.00	107.11	107.00	13817.00
chr19	45161029	45161178	149	149	36.00	60.00	47.15	49.00	7025.00
chr19	5243911	5244493	582	582	80.00	214.00	137.61	132.00	80087.00
chr6	32119585	32119717	132	132	8.00	647.00	339.10	355.50	44761.00
chr3	42670878	42672067	1189	1189	1.00	23.00	7.25	7.00	8624.00
chr11	45892392	45892485	93	93	136.00	174.00	154.60	154.00	14378.00
chr17	80040789	80040991	202	202	332.00	464.00	391.04	393.00	78991.00
chr2	74902875	74903036	161	161	51.00	89.00	68.00	68.00	10948.00
chr17	38335969	38337946	1977	1977	2.00	178.00	20.60	12.00	40731.00
chr16	87870103	87870253	150	150	91.00	132.00	112.49	112.00	16874.00
chr1	32205947	32206142	195	195	430.00	583.00	499.71	486.00	97443.00
chr6	44117553	44117702	149	149	4.00	236.00	136.17	160.00	20289.00
chr1	159163659	159163830	171	171	1028.00	1288.00	1159.06	1170.00	198199.00
chr3	445565	446023	458	458	2.00	8.00	4.40	4.00	2015.00
chr2	25048913	25048995	82	82	130.00	153.00	141.05	140.00	11566.00
chr10	99504485	99504672	187	187	52.00	102.00	79.16	80.00	14802.00
chr4	54364807	54365010	203	203	95.00	155.00	120.79	121.00	24520.00
chr17	1634367	1634552	185	185	14.00	37.00	27.18	28.00	5029.00
chr7	72416124	72416247	123	123	80.00	123.00	99.33	95.00	12218.00
chr1	208212169	208212329	160	160	88.00	116.00	103.42	103.00	16547.00
chr9	140952500	140952702	202	202	55.00	97.00	74.55	72.00	15060.00
chr6	44197325	44197528	203	203	70.00	94.00	80.35	80.00	16311.00
chr6	44197643	44198218	575	575	14.00	83.00	33.40	24.00	19204.00
chr11	118981972	118982084	112	112	172.00	203.00	190.08	190.00	21289.00
chr5	150503846	150503952	106	106	4.00	1569.00	1117.63	1409.50	118469.00
chr11	118981761	118981878	117	117	189.00	249.00	214.26	211.00	25068.00
chr11	126314873	126315000	127	127	66.00	84.00	77.13	78.00	9795.00
chr1	159165808	159166244	436	436	2.00	1121.00	212.85	8.00	92802.00
chr7	134893542	134893750	208	208	19.00	32.00	24.11	23.00	5014.00
chr9	121976196	121976433	237	237	183.00	313.00	239.46	237.00	56752.00
chr19	54691042	54691169	127	127	245.00	410.00	314.09	289.00	39889.00
chr22	38621430	38621600	170	170	172.00	305.00	247.84	258.50	42132.00
chr13	42035681	42036205	524	524	2.00	6.00	3.77	4.00	1978.00
chr20	1915360	1915413	53	53	9.00	1341.00	928.85	1146.00	49229.00
chr5	14496987	14497126	139	139	117.00	208.00	154.82	142.00	21520.00
chr12	56528125	56528212	87	87	65.00	88.00	75.46	76.00	6565.00
chr3	47466974	47467101	127	127	73.00	87.00	81.28	81.00	10322.00
chr17	7415476	7415663	187	187	98.00	157.00	118.80	116.00	22215.00
chr3	33588037	33589252	1215	1215	4.00	28.00	12.61	11.00	15326.00
chr7	887833	888615	782	782	5.00	62.00	23.94	19.00	18723.00
chr10	24813251	24813693	442	442	24.00	91.00	60.60	69.00	26783.00
chr1	109812045	109812213	168	168	213.00	406.00	288.55	263.00	48477.00
chr19	15276597	15276902	305	305	18.00	49.00	33.57	37.00	10240.00
chr16	2334779	2334999	220	220	149.00	239.00	187.49	175.00	41248.00
chr16	68404761	68405261	500	500	23.00	74.00	51.44	52.00	25722.00
chr4	110969111	110969871	760	760	18.00	60.00	34.67	33.00	26349.00
chr1	145693161	145693996	835	835	4.00	49.00	25.47	27.00	21270.00
chr7	44282848	44282932	84	84	576.00	673.00	624.02	625.00	52418.00
chr2	220164315	220164508	193	193	14.00	620.00	256.03	21.00	49413.00
chr12	50472203	50472360	157	157	72.00	99.00	85.05	86.00	13353.00
chr2	220163768	220163833	65	65	595.00	825.00	732.15	749.00	47590.00
chr2	222289928	222290862	934	934	148.00	270.00	210.64	213.00	196738.00
chr12	57599133	57599268	135	135	149.00	280.00	194.75	184.00	26291.00
chr7	157475416	157475629	213	213	210.00	286.00	251.19	250.00	53504.00
chr1	32203800	32203927	127	127	333.00	891.00	587.32	602.00	74590.00
chr1	109811731	109811912	181	181	245.00	436.00	351.95	373.00	63703.00
chr9	140052830	140052975	145	145	901.00	2517.00	1743.23	1883.00	252768.00
chr2	220161706	220161854	148	148	583.00	1066.00	791.74	752.50	117177.00
chr16	29896906	29897070	164	164	381.00	588.00	519.35	549.00	85173.00
chr16	47143393	47143622	229	229	60.00	120.00	90.35	94.00	20691.00
chr11	993753	993985	232	232	185.00	372.00	291.88	302.00	67717.00
chr9	124059698	124061137	1439	1439	3.00	35.00	14.44	13.00	20778.00
chr9	140350140	140350634	494	494	4.00	29.00	18.47	18.00	9124.00
chr11	14504577	14504697	120	120	51.00	76.00	62.84	63.00	7541.00
chr3	49898612	49898733	121	121	527.00	863.00	712.17	727.00	86172.00
chr9	131811659	131811777	118	118	60.00	92.00	72.26	67.00	8527.00
chr9	131810705	131810818	113	113	67.00	100.00	83.14	84.00	9395.00
chr1	223400935	223401080	145	145	96.00	143.00	120.33	123.00	17448.00
chr12	125612185	125612820	635	635	1.00	132.00	25.90	11.00	16448.00
chr2	220088590	220088744	154	154	146.00	216.00	185.90	193.00	28628.00
chr9	70888487	70888750	263	263	2.00	16.00	8.44	8.00	2221.00
chr14	69813756	69813898	142	142	123.00	194.00	153.43	150.50	21787.00
chr2	47399145	47399890	745	745	3.00	244.00	20.55	20.00	15309.00
chr11	62688689	62689041	352	352	14.00	299.00	91.14	39.00	32082.00
chr6	43745205	43745407	202	202	4.00	91.00	72.03	73.00	14550.00
chr3	11072492	11072997	505	505	4.00	434.00	88.17	16.00	44527.00
chr7	2696031	2696168	137	137	160.00	242.00	211.08	222.00	28918.00
chr16	14969196	14969279	83	83	286.00	568.00	423.70	439.00	35167.00
chr17	7377847	7378026	179	179	12.00	20.00	15.98	16.00	2860.00
chr12	65639640	65639719	79	79	71.00	120.00	96.67	95.00	7637.00
chr12	50294912	50295108	196	196	1388.00	3105.00	1821.61	1658.00	357036.00
chr19	42485653	42485788	135	135	1625.00	2521.00	2115.67	2073.00	285616.00
chr10	99509230	99509343	113	113	94.00	164.00	119.85	115.00	13543.00
chr22	38883877	38888120	4243	4243	22.00	628.00	157.53	128.00	668391.00
chr12	49416372	49416658	286	286	58.00	110.00	89.47	93.00	25589.00
chr6	24843089	24843782	693	693	39.00	69.00	52.31	51.00	36253.00
chr5	176295561	176295665	104	104	228.00	345.00	260.16	245.50	27057.00
chr10	99510087	99510227	140	140	124.00	185.00	152.38	149.00	21333.00
chr1	159173658	159174770	1112	1112	4.00	59.00	19.69	16.00	21897.00
chr11	1780745	1780869	124	124	803.00	1194.00	1025.09	1075.00	127111.00
chr19	42486059	42486258	199	199	1334.00	2391.00	1847.58	1868.00	367669.00
chr3	47465422	47465535	113	113	90.00	129.00	104.79	103.00	11841.00
chr1	21573713	21573856	143	143	34.00	49.00	41.48	42.00	5932.00
chr11	65320330	65320453	123	123	74.00	122.00	102.84	106.00	12649.00
chr3	47462420	47462519	99	99	119.00	184.00	158.35	165.00	15677.00
chr2	219204751	219204864	113	113	86.00	142.00	124.58	126.00	14077.00
chr1	43906123	43906257	134	134	10.00	31.00	16.91	15.00	2266.00
chr7	38785158	38785840	682	682	5.00	220.00	27.43	12.00	18706.00
chr2	153499932	153500058	126	126	72.00	119.00	100.33	106.50	12642.00
chr1	32203011	32203132	121	121	11.00	619.00	465.49	539.00	56324.00
chr22	42290823	42290941	118	118	296.00	546.00	446.03	440.00	52632.00
chr19	47940718	47940818	100	100	306.00	669.00	498.02	489.50	49802.00
chr4	119539150	119539274	124	124	3.00	9.00	6.41	7.00	795.00
chr17	44117067	44117250	183	183	49.00	66.00	58.11	58.00	10634.00
chr19	42485873	42485983	110	110	1426.00	1813.00	1616.06	1622.00	177767.00
chr6	44114583	44114664	81	81	64.00	109.00	89.60	95.00	7258.00
chr19	47941105	47941292	187	187	7.00	703.00	363.85	468.00	68040.00
chr11	73074250	73074500	250	250	126.00	166.00	148.51	150.00	37128.00
chr3	33418764	33418825	61	61	218.00	265.00	231.57	228.00	14126.00
chr1	700258	700505	247	247	3.00	15.00	9.16	9.00	2263.00
chr9	74319510	74319719	209	209	14.00	51.00	27.06	23.00	5656.00
chr16	2336694	2336968	274	274	102.00	335.00	219.95	225.50	60266.00
chr20	3575125	3575219	94	94	90.00	169.00	111.68	108.00	10498.00
chr9	139231377	139231529	152	152	76.00	99.00	86.14	86.00	13093.00
chr5	140515951	140516498	547	547	10.00	41.00	23.28	23.00	12736.00
chr1	21938208	21938309	101	101	393.00	528.00	455.05	449.00	45960.00
chr3	155659188	155659936	748	748	13.00	98.00	69.25	78.00	51797.00
chr16	27483068	27483241	173	173	79.00	110.00	99.32	101.00	17182.00
chr11	994071	994245	174	174	92.00	256.00	199.80	219.00	34766.00
chr7	71175745	71175913	168	168	316.00	484.00	405.42	413.50	68111.00
chr12	121204065	121204175	110	110	118.00	170.00	147.70	150.50	16247.00
chr7	73118679	73118753	74	74	818.00	1133.00	979.97	981.00	72518.00
chr9	140972565	140972710	145	145	62.00	112.00	86.95	84.00	12608.00
chr12	121683329	121684024	695	695	5.00	29.00	15.24	14.00	10590.00
chr16	74493579	74493687	108	108	122.00	183.00	159.22	156.50	17196.00
chr2	36771518	36771641	123	123	101.00	130.00	114.79	115.00	14119.00
chr7	94187181	94187996	815	815	4.00	22.00	12.73	13.00	10376.00
chr14	94156951	94157239	288	288	1.00	6.00	3.35	3.00	964.00
chr7	121739000	121739524	524	524	0.00	12.00	7.00	8.00	3668.00
chr1	19549117	19549328	211	211	55.00	92.00	68.68	66.00	14491.00
chr19	5214571	5214747	176	176	191.00	349.00	237.14	230.00	41737.00
chr19	42557753	42557861	108	108	111.00	139.00	123.62	121.00	13351.00
chr15	102510686	102510925	239	239	2.00	34.00	18.42	21.00	4402.00
chr5	167673761	167675376	1615	1615	22.00	124.00	63.56	56.00	102643.00
chr7	44282158	44282253	95	95	576.00	814.00	674.89	649.00	64115.00
chr2	160621061	160621717	656	656	3.00	109.00	19.16	13.00	12569.00
chr5	10426501	10426634	133	133	168.00	278.00	237.14	251.00	31540.00
chr16	1814301	1814460	159	159	456.00	573.00	513.59	504.00	81661.00
chr11	21581734	21581928	194	194	92.00	147.00	119.67	116.50	23216.00
chr3	126749085	126749255	170	170	88.00	156.00	110.70	104.50	18819.00
chr11	12237765	12237866	101	101	280.00	400.00	325.71	311.00	32897.00
chr6	31750872	31750963	91	91	114.00	159.00	142.37	146.00	12956.00
chr3	53124201	53124398	197	197	14.00	32.00	22.40	23.00	4413.00
chr2	220161470	220161544	74	74	822.00	1034.00	969.30	988.50	71728.00
chr2	128951046	128951785	739	739	12.00	68.00	39.81	39.00	29420.00
chr5	24535811	24535931	120	120	76.00	106.00	92.27	94.00	11072.00
chr1	44083406	44083582	176	176	205.00	291.00	247.17	249.50	43502.00
chr1	32207653	32207818	165	165	285.00	512.00	348.70	335.00	57535.00
chr12	7293754	7294000	246	246	5.00	737.00	437.04	627.50	107511.00
chr3	131442289	131442469	180	180	98.00	141.00	117.82	117.00	21207.00
chr3	49898871	49899298	427	427	20.00	974.00	415.51	514.00	177424.00
chr16	66432358	66432464	106	106	14.00	24.00	20.17	21.00	2138.00
chr1	20982593	20982680	87	87	201.00	257.00	220.57	215.00	19190.00
chr16	68398653	68398809	156	156	41.00	58.00	48.05	47.50	7496.00
chr17	16676818	16678279	1461	1461	2.00	27.00	13.20	13.00	19291.00
chr1	109814899	109815027	128	128	252.00	334.00	294.48	302.00	37694.00
chr1	21940478	21940582	104	104	558.00	666.00	620.78	629.50	64561.00
chr20	57468284	57468793	509	509	2.00	18.00	8.58	8.00	4368.00
chr3	127358087	127358366	279	279	155.00	331.00	261.76	262.00	73030.00
chr3	126735359	126735527	168	168	72.00	102.00	86.17	86.50	14476.00
chr10	103869140	103869264	124	124	251.00	338.00	285.03	274.50	35344.00
chr20	44520554	44520666	112	112	114.00	140.00	128.18	129.50	14356.00
chr1	32203252	32203356	104	104	327.00	508.00	426.27	466.00	44332.00
chr21	40186196	40186316	120	120	231.00	291.00	258.71	259.00	31045.00
chr5	111067153	111068349	1196	1196	2.00	24.00	14.45	14.00	17277.00
chr9	128002954	128003186	232	232	299.00	483.00	381.32	378.00	88467.00
chr1	43408896	43408992	96	96	120.00	151.00	138.90	139.00	13334.00
chr3	47463931	47464026	95	95	117.00	140.00	126.72	126.00	12038.00
chr2	220161160	220161238	78	78	804.00	900.00	851.82	850.50	66442.00
chr11	62472772	62473089	317	317	947.00	1883.00	1320.57	1235.00	418620.00
chr9	130986341	130986906	565	565	3.00	601.00	136.14	10.00	76921.00
chr14	69358769	69359000	231	231	184.00	258.00	209.98	208.00	48505.00
chr11	64416205	64416379	174	174	114.00	241.00	178.14	173.00	30996.00
chr17	8398454	8398559	105	105	261.00	439.00	374.09	384.00	39279.00
chr12	53572943	53574193	1250	1250	5.00	37.00	19.74	17.00	24669.00
chr17	17696544	17701827	5283	5283	22.00	162.00	67.79	67.00	358113.00
chr8	11705187	11705331	144	144	933.00	1251.00	1150.01	1164.00	165602.00
chr19	54963829	54963931	102	102	161.00	224.00	188.43	183.50	19220.00
chr2	70451682	70456295	4613	4613	1.00	77.00	18.80	17.00	86744.00
chr11	118873959	118874169	210	210	9.00	16.00	12.31	12.00	2585.00
chr10	75548427	75548581	154	154	45.00	71.00	57.83	58.50	8906.00
chr6	33414351	33414563	212	212	275.00	540.00	445.45	464.00	94435.00
chr17	80042910	80043032	122	122	123.00	170.00	149.78	156.00	18273.00
chr11	11470290	11470483	193	193	37.00	84.00	53.54	51.00	10334.00
chr8	23294446	23294771	325	325	76.00	122.00	95.45	95.00	31022.00
chr1	116932060	116932663	603	603	0.00	2183.00	684.83	4.00	412953.00
chr15	83222627	83222741	114	114	51.00	74.00	63.31	63.00	7217.00
chr3	9841562	9841751	189	189	12.00	28.00	19.72	20.00	3728.00
chr1	116937731	116937907	176	176	1254.00	2641.00	1652.39	1517.50	290821.00
chr16	87868019	87868197	178	178	75.00	116.00	93.38	89.50	16621.00
chr3	124209540	124209731	191	191	358.00	501.00	431.15	425.00	82349.00
chr7	71142195	71142291	96	96	417.00	578.00	462.85	446.50	44434.00
chr5	130497324	130497584	260	260	4.00	14.00	8.24	7.00	2142.00
chr13	100199238	100199358	120	120	203.00	323.00	248.93	236.50	29871.00
chr5	139943336	139943506	170	170	12.00	189.00	164.83	172.00	28021.00
chr17	74395529	74396002	473	473	91.00	163.00	126.50	128.00	59834.00
chr14	93179149	93179216	67	67	135.00	157.00	142.01	140.00	9515.00
chr4	160277004	160277310	306	306	36.00	328.00	170.41	160.00	52145.00
chr17	40666306	40666478	172	172	566.00	937.00	748.58	715.00	128756.00
chr15	34828065	34828207	142	142	3.00	95.00	68.38	76.00	9710.00
chr14	100165802	100165876	74	74	322.00	417.00	374.03	385.50	27678.00
chr22	20128089	20128231	142	142	10.00	105.00	67.25	95.00	9549.00
chr12	3392210	3394421	2211	2211	5.00	74.00	31.36	27.00	69335.00
chr17	16687866	16690667	2801	2801	0.00	41.00	6.69	5.00	18750.00
chr6	31664724	31664810	86	86	76.00	119.00	100.20	99.00	8617.00
chr6	30627512	30627611	99	99	28.00	42.00	34.69	35.00	3434.00
chr11	18752834	18755060	2226	2226	7.00	801.00	79.26	30.00	176441.00
chr12	109332602	109332731	129	129	309.00	407.00	351.14	351.00	45297.00
chr6	90072884	90073110	226	226	5.00	19.00	13.29	13.00	3003.00
chr16	2689371	2689711	340	340	0.00	0.00	0.00	0.00	0.00
chr1	20987373	20987484	111	111	218.00	285.00	247.63	249.00	27487.00
chr14	85985300	85986667	1367	1367	1.00	15.00	7.35	7.00	10050.00
chr13	32863769	32863880	111	111	96.00	126.00	108.35	109.00	12027.00
chr16	1510418	1510528	110	110	72.00	104.00	87.94	89.50	9673.00
chr19	54963269	54963444	175	175	203.00	292.00	233.56	231.00	40873.00
chr6	44224078	44224233	155	155	46.00	56.00	51.95	52.00	8052.00
chr20	3151172	3152285	1113	1113	5.00	46.00	25.54	27.00	28424.00
chr1	892273	892405	132	132	103.00	205.00	135.42	126.00	17876.00
chr16	90192167	90192724	557	557	4.00	33.00	19.17	19.00	10678.00
chr9	111663704	111663810	106	106	50.00	61.00	55.55	56.00	5888.00
chr6	44108764	44108835	71	71	100.00	154.00	126.13	129.00	8955.00
chr1	36028802	36029027	225	225	1311.00	2218.00	1670.08	1570.00	375768.00
chr11	66807259	66807674	415	415	8.00	151.00	101.82	100.00	42257.00
chr1	178426817	178427679	862	862	22.00	65.00	41.36	40.00	35653.00
chr19	42482302	42482478	176	176	1612.00	2571.00	1907.57	1841.50	335732.00
chr1	44084718	44084873	155	155	151.00	427.00	253.66	215.00	39317.00
chr1	109812315	109812442	127	127	207.00	285.00	241.37	236.00	30654.00
chr3	180324268	180324391	123	123	44.00	75.00	65.08	67.00	8005.00
chr15	63933668	63933842	174	174	116.00	197.00	154.41	148.00	26867.00
chr20	44521363	44521519	156	156	150.00	221.00	188.04	190.00	29335.00
chr3	33416779	33416910	131	131	108.00	225.00	169.34	183.00	22184.00
chr1	21934624	21934843	219	219	2.00	754.00	338.90	441.00	74219.00
chr14	69799801	69799886	85	85	105.00	130.00	117.26	118.00	9967.00
chr1	116936134	116936345	211	211	1.00	1869.00	1506.32	1660.00	317834.00
chr14	23634493	23634645	152	152	36.00	83.00	63.63	67.50	9672.00
chr16	1402538	1402947	409	409	0.00	23.00	12.75	12.00	5214.00
chr9	20331	25000	4669	4669	0.00	107.00	25.25	26.00	117872.00
chr17	43545574	43545959	385	385	10.00	27.00	17.55	18.00	6758.00
chr13	100201418	100201476	58	58	209.00	243.00	225.55	225.00	13082.00
chr15	41865505	41865665	160	160	292.00	560.00	396.56	385.00	63449.00
chr19	19641688	19642196	508	508	4.00	13.00	8.32	8.00	4229.00
chr11	134147593	134148159	566	566	9.00	32.00	18.96	19.00	10732.00
chr2	71656420	71657290	870	870	0.00	16.00	7.31	6.00	6360.00
chr7	97834775	97835016	241	241	122.00	219.00	173.27	183.00	41758.00
chr19	13363804	13363915	111	111	101.00	137.00	118.80	121.00	13187.00
chr18	31328383	31329011	628	628	3.00	21.00	12.29	13.00	7718.00
chr16	66431884	66432009	125	125	5.00	14.00	8.92	7.00	1115.00
chr19	47935155	47935702	547	547	6.00	844.00	310.65	312.00	169925.00
chr12	50291769	50291873	104	104	939.00	1562.00	1175.22	1186.00	122223.00
chr11	1780198	1780317	119	119	544.00	1020.00	693.69	683.00	82549.00
chr15	65392626	65393167	541	541	5.00	22.00	13.37	14.00	7231.00
chr2	86397871	86397967	96	96	92.00	136.00	119.69	124.00	11490.00
chr7	97866087	97866233	146	146	69.00	146.00	107.66	112.50	15719.00
chr11	60687157	60687402	245	245	82.00	163.00	126.44	134.00	30977.00
chr21	43307700	43309453	1753	1753	7.00	52.00	31.46	32.00	55153.00
chr14	24619269	24619657	388	388	18.00	55.00	31.70	31.00	12298.00
chr11	65320634	65320727	93	93	65.00	85.00	73.25	72.00	6812.00
chr16	29891184	29891385	201	201	478.00	662.00	567.02	554.00	113972.00
chr1	32207224	32207326	102	102	571.00	778.00	684.37	698.50	69806.00
chr11	72300218	72300394	176	176	5.00	438.00	141.35	7.00	24877.00
chr17	7608878	7609038	160	160	36.00	132.00	95.71	110.00	15314.00
chr19	7607646	7607814	168	168	80.00	173.00	119.44	120.50	20066.00
chr19	54966129	54966271	142	142	93.00	148.00	127.78	137.00	18145.00
chr12	57995027	57995131	104	104	147.00	178.00	163.12	161.00	16965.00
chr1	27428875	27429049	174	174	55.00	90.00	70.82	72.00	12323.00
chr2	27688277	27688385	108	108	39.00	51.00	44.36	44.00	4791.00
chr16	2691449	2692254	805	805	0.00	22.00	3.13	2.00	2519.00
chr9	131503813	131503933	120	120	367.00	438.00	404.16	402.00	48499.00
chr16	2347766	2347922	156	156	162.00	273.00	207.59	202.50	32384.00
chr17	80039884	80040036	152	152	290.00	356.00	322.45	327.00	49013.00
chr1	32204432	32204538	106	106	392.00	913.00	648.43	671.00	68734.00
chr12	9242951	9243078	127	127	51.00	72.00	64.72	66.00	8220.00
chr3	49702661	49702751	90	90	210.00	266.00	244.41	242.00	21997.00
chr19	35820359	35820837	478	478	6.00	26.00	14.87	15.00	7110.00
chr1	201456762	201457615	853	853	6.00	24.00	14.72	16.00	12560.00
chr16	2334279	2334438	159	159	151.00	224.00	179.91	175.00	28606.00
chr10	73578373	73578481	108	108	2909.00	3693.00	3321.78	3339.50	358752.00
chr16	18530550	18530756	206	206	3.00	499.00	225.82	309.50	46518.00
chr16	16369094	16369300	206	206	3.00	500.00	230.22	320.00	47426.00
chr13	113975636	113975785	149	149	3.00	516.00	221.32	7.00	32977.00
chr11	119293822	119294227	405	405	12.00	5927.00	522.05	35.00	211432.00
chr5	150505962	150506041	79	79	835.00	1340.00	1080.57	1062.00	85365.00
chr22	44224939	44225078	139	139	726.00	949.00	835.09	829.00	116077.00
chr15	41865199	41865309	110	110	289.00	409.00	349.92	348.00	38491.00
chr17	25633807	25636298	2491	2491	7.00	304.00	108.68	99.00	270714.00
chr15	72495155	72495529	374	374	9.00	2756.00	1079.62	20.00	403778.00
chr9	42540272	42542124	1852	1852	1.00	18.00	6.84	6.00	12668.00
chr11	119290760	119291704	944	944	4.00	7770.00	1781.50	23.00	1681737.00
chr19	5219949	5220165	216	216	121.00	238.00	174.51	162.50	37695.00
chr15	63910769	63911153	384	384	0.00	32.00	14.57	12.00	5596.00
chr17	74393879	74393969	90	90	115.00	173.00	151.96	160.00	13676.00
chr10	104129467	104129532	65	65	72.00	91.00	82.42	82.00	5357.00
chr3	142454224	142454620	396	396	3.00	12.00	6.58	6.00	2604.00
chr12	121205196	121205396	200	200	126.00	187.00	155.85	157.00	31170.00
chr3	31705570	31705724	154	154	23.00	40.00	30.47	30.00	4692.00
chr6	118635190	118636593	1403	1403	25.00	178.00	115.13	108.00	161525.00
chr8	10339867	10340829	962	962	2.00	15.00	7.15	7.00	6878.00
chr19	16952578	16952779	201	201	95.00	203.00	164.14	168.00	32992.00
chr8	110984486	110985016	530	530	95.00	181.00	136.95	136.00	72586.00
chr9	128001219	128001610	391	391	353.00	898.00	618.55	649.00	241854.00
chr11	73070878	73070997	119	119	131.00	197.00	165.69	163.00	19717.00
chr10	104130140	104130235	95	95	62.00	87.00	73.27	70.00	6961.00
chr5	95733039	95733173	134	134	179.00	245.00	212.03	213.00	28412.00
chr19	59059400	59059547	147	147	220.00	267.00	246.13	247.00	36181.00
chr5	139943169	139943255	86	86	11.00	142.00	120.06	133.00	10325.00
chr17	73487771	73487981	210	210	80.00	171.00	113.51	107.00	23838.00
chr1	154315588	154315777	189	189	17.00	43.00	25.04	24.00	4733.00
chr14	95652726	95653070	344	344	8.00	25.00	15.86	15.00	5456.00
chr12	123639801	123640772	971	971	5.00	26.00	13.18	12.00	12797.00
chr22	47064870	47065171	301	301	3.00	10.00	6.58	7.00	1981.00
chr5	24535220	24535388	168	168	67.00	106.00	91.26	91.00	15331.00
chr12	6806452	6806958	506	506	135.00	381.00	231.52	246.50	117148.00
chr22	29881711	29881836	125	125	265.00	362.00	300.42	296.00	37553.00
chr7	75894681	75894786	105	105	63.00	82.00	72.85	74.00	7649.00
chr12	121089007	121095893	6886	6886	3.00	143.00	30.64	27.00	210969.00
chr1	207940357	207942365	2008	2008	4.00	181.00	31.49	20.00	63239.00
chr7	154681166	154681240	74	74	389.00	474.00	435.11	433.00	32198.00
chr5	131696513	131697529	1016	1016	3.00	19.00	11.73	12.00	11919.00
chr11	1776135	1776258	123	123	361.00	912.00	585.97	543.00	72074.00
chr8	11706554	11706673	119	119	741.00	967.00	868.74	875.00	103380.00
chr11	18759426	18759511	85	85	331.00	389.00	354.80	356.00	30158.00
chr16	61689373	61689625	252	252	59.00	88.00	72.90	72.00	18372.00
chr15	51750702	51750824	122	122	185.00	216.00	199.75	200.00	24369.00
chr9	35555056	35555698	642	642	161.00	386.00	271.81	271.50	174505.00
chr2	198356200	198356621	421	421	0.00	5.00	2.72	3.00	1147.00
chr9	131001723	131001794	71	71	2584.00	3211.00	2922.75	2952.00	207515.00
chr19	5214371	5214491	120	120	328.00	439.00	371.49	367.00	44579.00
chr22	35719488	35719623	135	135	119.00	182.00	159.91	164.00	21588.00
chr12	121678738	121679829	1091	1091	7.00	51.00	18.93	17.00	20654.00
chr14	23820960	23821064	104	104	1297.00	1647.00	1513.66	1544.50	157421.00
chr1	32205710	32205779	69	69	454.00	604.00	520.99	516.00	35948.00
chr3	33420176	33420326	150	150	8.00	283.00	96.04	12.00	14406.00
chr9	114820707	114820966	259	259	34.00	55.00	42.39	42.00	10980.00
chr15	41865876	41866023	147	147	14.00	694.00	530.49	538.00	77982.00
chr19	55554308	55554637	329	329	6.00	16.00	10.53	11.00	3466.00
chr1	116933403	116933513	110	110	1524.00	2072.00	1834.55	1825.50	201800.00
chr19	15374230	15374359	129	129	72.00	152.00	115.46	123.00	14894.00
chr12	56090682	56090852	170	170	34.00	56.00	45.80	47.00	7786.00
chr14	69445668	69445876	208	208	38.00	217.00	138.19	151.00	28744.00
chr12	57603474	57603651	177	177	179.00	311.00	251.10	253.00	44444.00
chr22	32897492	32898946	1454	1454	7.00	139.00	56.48	49.50	82123.00
chr16	16367702	16367764	62	62	13.00	281.00	143.26	157.00	8882.00
chr19	5245786	5246056	270	270	108.00	272.00	174.05	160.00	46993.00
chr16	74345440	74345829	389	389	3.00	15.00	9.05	10.00	3520.00
chr6	107096899	107097076	177	177	25.00	50.00	33.85	34.00	5991.00
chr1	29641883	29642019	136	136	52.00	67.00	60.07	60.00	8169.00
chr8	97342440	97342509	69	69	148.00	183.00	166.67	165.00	11500.00
chr8	68116914	68117054	140	140	51.00	96.00	72.24	74.00	10113.00
chr22	22037470	22037546	76	76	39.00	58.00	49.39	49.50	3754.00
chr22	50682147	50683420	1273	1273	2.00	102.00	60.64	60.00	77196.00
chr20	44048971	44049069	98	98	152.00	213.00	187.15	192.00	18341.00
chr1	36904356	36904511	155	155	36.00	60.00	45.71	42.00	7085.00
chr12	71054719	71054877	158	158	57.00	123.00	75.96	69.50	12001.00
chr15	50654364	50655515	1151	1151	3.00	24.00	12.56	12.00	14460.00
chr2	234198499	234198620	121	121	57.00	75.00	66.54	67.00	8051.00
chr9	128001699	128001812	113	113	353.00	442.00	389.24	384.00	43984.00
chr8	38272296	38272419	123	123	57.00	75.00	68.69	69.00	8449.00
chr11	73068069	73068179	110	110	111.00	162.00	137.05	141.00	15075.00
chr16	28123137	28123327	190	190	131.00	224.00	175.67	174.50	33377.00
chr12	49424062	49424222	160	160	18.00	40.00	27.91	27.00	4466.00
chr19	50302885	50303023	138	138	339.00	540.00	426.97	395.50	58922.00
chr19	42480567	42480718	151	151	2765.00	3864.00	3348.83	3464.00	505673.00
chr3	197904395	197905301	906	906	0.00	30.00	14.18	15.00	12848.00
chr13	100189992	100190117	125	125	160.00	218.00	192.30	194.00	24038.00
chr19	14268062	14268272	210	210	206.00	402.00	321.46	312.00	67507.00
chr10	93786886	93787057	171	171	41.00	85.00	56.34	54.00	9634.00
chr1	109808726	109808828	102	102	157.00	221.00	184.43	186.00	18812.00
chr4	134075461	134075520	59	59	209.00	319.00	249.27	247.00	14707.00
chr1	22052268	22053864	1596	1596	5.00	20.00	11.60	12.00	18508.00
chr9	140056855	140056968	113	113	1185.00	1636.00	1443.14	1482.00	163075.00
chr19	42482087	42482224	137	137	2654.00	3568.00	3106.85	3167.00	425639.00
chr19	4556962	4557025	63	63	378.00	474.00	423.75	420.00	26696.00
chr19	14266921	14267013	92	92	236.00	348.00	303.99	311.00	27967.00
chr22	42273851	42274127	276	276	3.00	688.00	327.05	350.00	90265.00
chr1	205549788	205550049	261	261	176.00	272.00	217.30	216.00	56714.00
chr1	110765585	110766522	937	937	48.00	155.00	108.25	109.00	101432.00
chr19	55553595	55554158	563	563	5.00	16.00	9.51	9.00	5355.00
chr7	150929881	150931360	1479	1479	17.00	122.00	47.19	40.00	69791.00
chr3	124215157	124215260	103	103	358.00	510.00	438.70	451.00	45186.00
chr16	58220658	58220760	102	102	82.00	113.00	96.25	94.00	9817.00
chr3	10381925	10382033	108	108	468.00	634.00	584.12	595.50	63085.00
chr10	11356101	11356221	120	120	61.00	94.00	72.29	69.00	8675.00
chr22	42294652	42294785	133	133	354.00	666.00	545.45	558.00	72545.00
chr1	2005531	2005714	183	183	14.00	65.00	45.02	45.00	8238.00
chr12	113722522	113722576	54	54	36.00	41.00	39.06	39.00	2109.00
chr9	131502198	131502398	200	200	4.00	529.00	440.63	463.00	88126.00
chr19	40873602	40873786	184	184	1166.00	1556.00	1307.54	1299.00	240587.00
chr2	220162606	220162825	219	219	273.00	614.00	444.68	437.00	97384.00
chr16	28270027	28270355	328	328	7.00	61.00	37.66	40.00	12353.00
chr4	3225718	3225858	140	140	120.00	154.00	137.13	137.00	19198.00
chr17	44127898	44128070	172	172	52.00	77.00	61.76	61.00	10623.00
chr3	47462043	47462262	219	219	67.00	161.00	97.15	88.00	21276.00
chr6	99873090	99873182	92	92	9.00	265.00	99.66	72.00	9169.00
chr7	142561723	142562504	781	781	160.00	617.00	392.95	403.00	306893.00
chr1	159169540	159169666	126	126	909.00	1342.00	1156.70	1214.50	145744.00
chr19	7606869	7606953	84	84	76.00	107.00	89.43	87.00	7512.00
chr16	2811561	2818298	6737	6737	1.00	356.00	198.34	200.00	1336202.00
chr3	47450652	47450807	155	155	43.00	67.00	57.97	61.00	8985.00
chr11	118403631	118403922	291	291	112.00	159.00	133.39	135.00	38816.00
chr1	205555161	205555335	174	174	199.00	256.00	228.50	231.00	39759.00
chr12	125603186	125603311	125	125	86.00	117.00	100.22	98.00	12528.00
chr11	86658288	86659498	1210	1210	4.00	25.00	13.43	13.00	16247.00
chr22	37764946	37768745	3799	3799	7.00	395.00	148.58	124.00	564446.00
chr10	46345664	46346215	551	551	2.00	13.00	7.46	7.00	4110.00
chr22	33673045	33673241	196	196	182.00	434.00	264.57	235.50	51855.00
chr9	140042599	140042666	67	67	11.00	296.00	252.79	264.00	16937.00
chr3	48717233	48717320	87	87	168.00	196.00	184.18	185.00	16024.00
chr11	60681600	60681740	140	140	19.00	141.00	67.29	51.50	9420.00
chr10	93784512	93784724	212	212	25.00	54.00	40.70	42.00	8629.00
chr12	7289424	7290372	948	948	3.00	723.00	186.91	10.00	177195.00
chr3	132387062	132387526	464	464	0.00	16.00	6.05	5.00	2805.00
chr16	2335442	2335647	205	205	151.00	288.00	229.26	236.00	46999.00
chr16	1794782	1797276	2494	2494	1.00	535.00	57.65	21.00	143783.00
chr16	3786036	3786204	168	168	75.00	114.00	97.61	97.50	16399.00
chr9	141131209	141131766	557	557	0.00	23.00	8.83	9.00	4916.00
chr14	92965028	92966015	987	987	6.00	27.00	15.25	15.00	15052.00
chr19	54692070	54692200	130	130	161.00	443.00	289.54	234.50	37640.00
chr15	43866006	43866230	224	224	84.00	132.00	102.94	103.00	23059.00
chr3	40231316	40231954	638	638	45.00	91.00	64.25	65.00	40991.00
chr3	50148937	50149455	518	518	4.00	18.00	9.95	8.00	5156.00
chr4	81117505	81117755	250	250	34.00	85.00	57.26	58.00	14314.00
chr10	46740404	46740638	234	234	0.00	19.00	9.72	11.00	2274.00
chr3	124210169	124210271	102	102	303.00	390.00	358.25	364.00	36541.00
chr11	107488830	107488932	102	102	266.00	309.00	287.88	287.00	29364.00
chr9	130591965	130592106	141	141	22.00	32.00	27.21	27.00	3837.00
chr1	20981932	20982027	95	95	213.00	270.00	243.06	248.00	23091.00
chr12	75875613	75875859	246	246	27.00	53.00	40.49	40.00	9961.00
chr22	32046684	32046764	80	80	57.00	105.00	87.17	93.00	6974.00
chr11	70331418	70331658	240	240	19.00	106.00	58.39	60.00	14013.00
chr14	51079976	51080069	93	93	327.00	430.00	370.62	368.00	34468.00
chr17	80041077	80041301	224	224	163.00	576.00	366.49	368.00	82093.00
chr7	158540884	158540971	87	87	102.00	150.00	120.93	118.00	10521.00
chr1	21553651	21553719	68	68	51.00	65.00	58.66	58.00	3989.00
chr2	219206256	219206349	93	93	66.00	127.00	95.97	90.00	8925.00
chr17	18444211	18445242	1031	1031	1.00	27.00	14.84	15.00	15305.00
chr12	57599340	57599460	120	120	191.00	259.00	217.25	209.50	26070.00
chr11	64417919	64418110	191	191	214.00	321.00	270.62	281.00	51688.00
chr19	3274926	3275650	724	724	7.00	28.00	16.14	16.00	11682.00
chr16	18532086	18532305	219	219	416.00	758.00	553.75	530.00	121272.00
chr17	3776702	3776756	54	54	533.00	695.00	630.69	632.50	34057.00
chr1	116932670	116933033	363	363	1.00	2432.00	1126.30	1734.00	408847.00
chr16	1505731	1505796	65	65	162.00	203.00	189.20	192.00	12298.00
chr1	9794029	9794200	171	171	1905.00	2240.00	2067.31	2053.00	353510.00
chr10	73579221	73579379	158	158	2447.00	3820.00	3085.87	3215.00	487567.00
chr11	6411684	6412146	462	462	22.00	93.00	60.62	64.00	28007.00
chr1	159163212	159163350	138	138	801.00	1117.00	900.54	882.00	124275.00
chr16	1816723	1816804	81	81	453.00	597.00	528.26	518.00	42789.00
chr7	91722399	91722630	231	231	1.00	70.00	50.66	51.00	11702.00
chr7	44281816	44281939	123	123	685.00	814.00	735.24	723.00	90435.00
chr2	220467189	220467297	108	108	18.00	28.00	22.62	22.00	2443.00
chr16	4494664	4494729	65	65	147.00	179.00	164.17	165.00	10671.00
chr15	34681844	34681986	142	142	3.00	148.00	100.48	108.50	14268.00
chr9	139995935	139996124	189	189	78.00	123.00	97.72	96.00	18469.00
chr3	180324040	180324160	120	120	44.00	57.00	51.81	52.00	6217.00
chr3	42678359	42681242	2883	2883	17.00	88.00	41.22	37.00	118848.00
chr7	131812776	131815333	2557	2557	14.00	82.00	44.34	45.00	113375.00
chr20	1585387	1585522	135	135	25.00	386.00	219.90	231.00	29686.00
chr3	126751229	126751442	213	213	123.00	161.00	142.78	142.00	30412.00
chr15	63920875	63921014	139	139	140.00	249.00	191.50	203.00	26618.00
chr16	2040128	2040202	74	74	32.00	102.00	70.28	74.50	5201.00
chr9	74324174	74324390	216	216	16.00	40.00	27.69	26.50	5980.00
chr20	44521858	44521950	92	92	199.00	232.00	217.30	218.50	19992.00
chr9	139911647	139911798	151	151	268.00	459.00	366.18	351.00	55293.00
chr9	140055507	140055649	142	142	1295.00	2446.00	1884.79	1757.00	267640.00
chr12	120148055	120148191	136	136	136.00	209.00	170.96	176.00	23251.00
chr12	50474280	50474372	92	92	90.00	126.00	108.07	106.00	9942.00
chr15	63125702	63125828	126	126	174.00	277.00	213.36	210.50	26883.00
chr9	20907148	20907241	93	93	62.00	101.00	83.19	86.00	7737.00
chr16	87874655	87874761	106	106	86.00	126.00	103.25	98.50	10945.00
chr2	162833269	162833460	191	191	1.00	592.00	312.37	469.00	59662.00
chr8	11704560	11704677	117	117	678.00	962.00	802.18	802.00	93855.00
chr15	63926931	63927087	156	156	127.00	223.00	181.69	195.00	28343.00
chr6	31668718	31668805	87	87	99.00	123.00	109.85	111.00	9557.00
chr7	148910792	148910906	114	114	19.00	47.00	37.29	43.00	4251.00
chr14	42355808	42357213	1405	1405	39.00	138.00	77.98	77.00	109563.00
chr10	88678928	88679226	298	298	12.00	33.00	22.43	23.00	6683.00
chr3	140998219	140998346	127	127	40.00	108.00	72.67	83.00	9229.00
chr1	144859758	144859998	240	240	78.00	139.00	100.31	104.00	24074.00
chr9	96054772	96055455	683	683	27.00	193.00	113.60	123.00	77590.00
chr19	7604803	7604944	141	141	101.00	154.00	123.45	122.00	17407.00
chr12	30906277	30907432	1155	1155	4.00	57.00	21.71	17.00	25079.00
chr9	131112762	131112854	92	92	102.00	191.00	155.54	169.50	14310.00
chr20	61981328	61982379	1051	1051	29.00	110.00	62.07	58.00	65232.00
chr7	38431348	38431618	270	270	238.00	542.00	369.29	371.00	99708.00
chr20	44521036	44521123	87	87	135.00	195.00	167.05	176.00	14533.00
chr11	64418726	64419108	382	382	139.00	287.00	212.90	221.00	81329.00
chr12	120148344	120150270	1926	1926	4.00	346.00	39.80	13.00	76654.00
chr12	6930971	6931066	95	95	7.00	493.00	248.86	233.00	23642.00
chr16	2339434	2339621	187	187	121.00	218.00	158.50	148.00	29639.00
chr2	27700083	27700187	104	104	23.00	34.00	29.64	30.00	3083.00
chr14	69805367	69805494	127	127	108.00	237.00	172.53	163.00	21911.00
chr12	9242497	9242619	122	122	64.00	97.00	80.93	86.00	9874.00
chr3	58256658	58256791	133	133	69.00	132.00	96.38	88.00	12819.00
chr10	79744927	79745098	171	171	60.00	97.00	78.87	78.00	13486.00
chr1	159161725	159161866	141	141	517.00	754.00	676.65	700.00	95407.00
chr16	31085202	31085519	317	317	4.00	28.00	17.82	17.00	5650.00
chr1	171755018	171755218	200	200	42.00	74.00	58.88	61.00	11777.00
chr9	130988124	130989280	1156	1156	0.00	1657.00	201.83	23.00	233318.00
chr15	63127935	63127998	63	63	178.00	230.00	202.29	195.00	12744.00
chr19	1917676	1917821	145	145	3.00	189.00	132.22	135.00	19172.00
chr22	25315792	25315960	168	168	71.00	103.00	87.26	90.00	14660.00
chr2	207943790	207945085	1295	1295	12.00	50.00	34.83	36.00	45100.00
chr11	47330706	47330952	246	246	3.00	548.00	235.71	12.00	57985.00
chr3	142743978	142746095	2117	2117	2.00	124.00	11.97	8.00	25344.00
chr7	44839492	44839694	202	202	5.00	21.00	14.27	15.00	2883.00
chr22	31688260	31688471	211	211	7.00	168.00	97.53	110.00	20579.00
chr11	66333492	66333638	146	146	336.00	428.00	383.99	384.00	56062.00
chr9	131114916	131115026	110	110	165.00	244.00	200.66	195.00	22073.00
chr1	20206	21013	807	807	6.00	64.00	39.42	41.00	31813.00
chr11	108216469	108216635	166	166	25.00	43.00	36.48	37.00	6055.00
chr1	209778880	209779019	139	139	180.00	237.00	205.81	206.00	28607.00
chr1	202935876	202936026	150	150	120.00	192.00	145.76	140.00	21864.00
chr12	57600255	57600524	269	269	195.00	298.00	246.18	250.00	66222.00
chr19	15233503	15233615	112	112	60.00	86.00	69.46	65.00	7780.00
chr8	68115317	68115486	169	169	81.00	108.00	95.31	96.00	16108.00
chr19	13419229	13419342	113	113	47.00	67.00	55.73	54.00	6297.00
chr6	33266815	33267130	315	315	6.00	55.00	26.72	26.00	8418.00
chr16	89780611	89781646	1035	1035	2.00	33.00	16.49	16.00	17063.00
chr12	109964162	109964221	59	59	56.00	73.00	65.69	67.00	3876.00
chr22	24491893	24492045	152	152	36.00	68.00	53.86	57.00	8187.00
chr2	242592926	242593025	99	99	144.00	217.00	173.35	162.00	17162.00
chr1	21937944	21938074	130	130	434.00	983.00	768.28	843.50	99876.00
chr2	223789173	223789313	140	140	204.00	267.00	228.48	224.00	31987.00
chr20	3772318	3772535	217	217	4.00	14.00	8.03	8.00	1742.00
chr16	18531918	18532001	83	83	597.00	784.00	687.98	696.00	57102.00
chr1	43396296	43396537	241	241	96.00	137.00	116.03	116.00	27963.00
chr2	100037960	100038115	155	155	24.00	45.00	35.68	34.00	5530.00
chr16	1500497	1500770	273	273	3.00	156.00	77.18	102.00	21069.00
chr19	40876016	40876144	128	128	1139.00	1619.00	1374.95	1346.00	175994.00
chr5	168112691	168112932	241	241	20.00	53.00	37.23	39.00	8973.00
chr2	127825738	127825831	93	93	300.00	389.00	346.32	349.00	32208.00
chr1	19232015	19234990	2975	2975	10.00	135.00	34.51	30.00	102671.00
chr16	1391129	1391196	67	67	337.00	400.00	360.22	358.00	24135.00
chr6	33410665	33411689	1024	1024	4.00	327.00	166.40	160.00	170389.00
chr9	95872033	95872266	233	233	5.00	10.00	7.10	7.00	1655.00
chr1	53378627	53378839	212	212	3.00	12.00	7.83	8.00	1659.00
chr2	80531276	80531693	417	417	21.00	63.00	41.78	42.00	17424.00
chr7	44286718	44286791	73	73	609.00	720.00	648.55	644.00	47344.00
chr7	157369304	157369471	167	167	271.00	364.00	320.01	322.00	53441.00
chr11	18755079	18755191	112	112	8.00	389.00	243.29	315.00	27249.00
chr6	86237979	86238080	101	101	109.00	185.00	147.68	145.00	14916.00
chr8	145000951	145001050	99	99	58.00	81.00	72.94	75.00	7221.00
chr19	45167680	45167966	286	286	9.00	20.00	13.79	13.00	3943.00
chr10	48930165	48930400	235	235	0.00	17.00	9.02	10.00	2119.00
chr16	87871450	87871547	97	97	106.00	134.00	124.11	126.00	12039.00
chr1	109815454	109815649	195	195	237.00	352.00	281.36	281.00	54865.00
chr1	208215442	208215711	269	269	72.00	117.00	95.51	96.00	25691.00
chr2	260866	261451	585	585	2.00	20.00	11.67	12.00	6826.00
chr5	180481266	180481724	458	458	2.00	9.00	5.14	5.00	2355.00
chr7	73119479	73119631	152	152	6.00	1584.00	653.77	13.00	99373.00
chr15	34677248	34677358	110	110	134.00	203.00	164.87	165.00	18136.00
chr16	57687114	57687247	133	133	62.00	125.00	95.54	98.00	12707.00
chr15	50649406	50649592	186	186	6.00	22.00	15.22	15.00	2830.00
chr22	21071995	21072066	71	71	1064.00	1246.00	1140.24	1145.00	80957.00
chr5	179200882	179201561	679	679	11.00	34.00	24.77	26.00	16817.00
chr10	98763824	98763979	155	155	166.00	216.00	189.41	188.00	29358.00
chr14	102963315	102963457	142	142	86.00	137.00	111.20	111.00	15790.00
chr1	21932558	21933138	580	580	1.00	851.00	156.31	12.50	90661.00
chr16	28118842	28118998	156	156	182.00	217.00	200.91	200.00	31342.00
chr1	241767561	241767881	320	320	58.00	131.00	96.26	98.00	30804.00
chr11	66812063	66812184	121	121	134.00	201.00	154.50	149.00	18694.00
chr11	12248571	12248678	107	107	387.00	518.00	464.01	476.00	49649.00
chr9	130588788	130588951	163	163	22.00	40.00	31.67	33.00	5163.00
chr22	21068915	21068988	73	73	1021.00	1332.00	1192.14	1204.00	87026.00
chr1	43424304	43424531	227	227	9.00	154.00	112.95	133.00	25639.00
chr14	105852021	105853670	1649	1649	8.00	122.00	31.15	29.00	51374.00
chr15	34823469	34823579	110	110	136.00	191.00	164.06	166.00	18047.00
chr11	171365	172282	917	917	0.00	30.00	14.46	15.00	13259.00
chr22	24493976	24494155	179	179	57.00	92.00	74.32	75.00	13304.00
chr15	79291060	79291167	107	107	359.00	424.00	390.23	390.00	41755.00
chr16	2145904	2146194	290	290	7.00	30.00	15.28	13.00	4430.00
chr9	131503050	131503166	116	116	339.00	531.00	424.39	404.00	49229.00
chr11	61301983	61302579	596	596	4.00	30.00	16.36	17.00	9750.00
chr22	25308609	25308719	110	110	69.00	87.00	76.60	75.00	8426.00
chr12	63977826	63979986	2160	2160	1.00	34.00	10.30	9.00	22245.00
chr19	46928844	46930933	2089	2089	17.00	351.00	163.61	169.00	341790.00
chr16	56969146	56969224	78	78	117.00	156.00	135.78	133.00	10591.00
chr17	40665787	40665996	209	209	1.00	1335.00	544.92	754.00	113888.00
chr9	131669435	131671600	2165	2165	84.00	246.00	151.12	137.00	327169.00
chr2	220164026	220164271	245	245	8.00	847.00	260.61	11.00	63850.00
chr19	7589846	7590052	206	206	36.00	119.00	64.92	64.00	13373.00
chr6	91260186	91260268	82	82	82.00	97.00	88.56	88.50	7262.00
chr9	124543742	124543830	88	88	183.00	258.00	216.64	218.00	19064.00
chr12	54071005	54071170	165	165	2.00	11.00	6.70	6.00	1106.00
chr2	40443	41212	769	769	8.00	25.00	16.15	16.00	12420.00
chr11	67852159	67852747	588	588	4.00	20.00	11.20	11.00	6587.00
chr8	8233762	8234810	1048	1048	12.00	63.00	36.70	35.00	38464.00
chr2	175671113	175672148	1035	1035	3.00	18.00	9.82	10.00	10161.00
chr7	138984922	138985438	516	516	3.00	13.00	7.01	7.00	3617.00
chr22	40816850	40817104	254	254	52.00	149.00	116.11	123.00	29493.00
chr19	14263120	14263249	129	129	250.00	347.00	298.67	301.00	38529.00
chr19	16962222	16962345	123	123	78.00	270.00	185.51	193.00	22818.00
chr1	109813838	109813918	80	80	180.00	236.00	200.66	195.50	16053.00
chr3	49898148	49898562	414	414	2.00	798.00	366.36	575.50	151673.00
chr17	17131202	17131510	308	308	6.00	92.00	59.70	64.00	18388.00
chr1	21936067	21936139	72	72	304.00	371.00	336.46	336.50	24225.00
chr3	130424404	130424615	211	211	44.00	71.00	54.78	54.00	11559.00
chr12	56532710	56532797	87	87	68.00	107.00	85.20	85.00	7412.00
chr16	29888591	29888788	197	197	371.00	635.00	506.16	492.00	99714.00
chr2	114394588	114396196	1608	1608	1.00	29.00	11.40	10.00	18335.00
chr3	124180736	124180803	67	67	273.00	323.00	306.37	310.00	20527.00
chr9	111798485	111798660	175	175	73.00	129.00	98.78	95.00	17286.00
chr10	73847897	73848372	475	475	23.00	1406.00	472.26	444.00	224323.00
chr22	21075585	21075706	121	121	631.00	1295.00	1066.06	1135.00	128993.00
chr22	20920753	20921104	351	351	37.00	109.00	71.98	74.00	25266.00
chr9	140953020	140953185	165	165	43.00	106.00	78.42	79.00	12939.00
chr22	41620970	41621075	105	105	67.00	96.00	83.84	83.00	8803.00
chr11	6243671	6243839	168	168	32.00	58.00	45.96	46.00	7722.00
chr15	74704225	74704353	128	128	92.00	186.00	139.47	148.00	17852.00
chr3	48719780	48719985	205	205	119.00	170.00	149.53	151.00	30654.00
chr1	222833247	222833348	101	101	66.00	128.00	94.75	92.00	9570.00
chr1	6583675	6584824	1149	1149	8.00	71.00	33.73	32.00	38751.00
chr11	126135857	126135976	119	119	164.00	239.00	197.13	198.00	23459.00
chr8	75156763	75157410	647	647	23.00	70.00	43.88	43.00	28388.00
chr15	83345212	83345389	177	177	149.00	212.00	180.50	178.00	31948.00
chr14	68031638	68032561	923	923	5.00	34.00	20.24	19.00	18682.00
chr19	42479780	42479949	169	169	2264.00	3398.00	2824.57	2776.00	477353.00
chr16	31503329	31503407	78	78	224.00	281.00	243.79	240.00	19016.00
chr17	1564564	1564700	136	136	185.00	272.00	222.39	211.00	30245.00
chr16	58717858	58718082	224	224	24.00	50.00	35.38	36.00	7925.00
chr14	71575320	71575763	443	443	29.00	78.00	56.40	59.00	24987.00
chr1	202934498	202934628	130	130	84.00	160.00	106.62	95.50	13860.00
chr7	73118477	73118586	109	109	723.00	957.00	825.22	810.00	89949.00
chr19	13365908	13366073	165	165	81.00	116.00	97.08	93.00	16019.00
chr10	102265117	102265958	841	841	10.00	35.00	20.70	20.00	17412.00
chr9	139983320	139983457	137	137	102.00	136.00	122.01	122.00	16716.00
chr18	29206245	29206347	102	102	176.00	249.00	204.22	197.00	20830.00
chr12	120578662	120578827	165	165	64.00	85.00	74.13	75.00	12231.00
chr5	757516	758226	710	710	2.00	17.00	10.37	10.00	7361.00
chr8	21632483	21632567	84	84	77.00	94.00	83.57	82.00	7020.00
chr4	54011499	54011749	250	250	26.00	63.00	40.09	36.00	10023.00
chr8	141680613	141681365	752	752	4.00	26.00	17.53	18.00	13180.00
chr11	57367351	57367850	499	499	24.00	84.00	51.12	47.00	25509.00
chr12	63980009	63980784	775	775	2.00	14.00	8.74	9.00	6773.00
chr9	140057042	140057203	161	161	5.00	1672.00	1432.29	1536.00	230599.00
chr2	7055953	7056098	145	145	21.00	31.00	27.41	28.00	3975.00
chr12	52387768	52389043	1275	1275	15.00	510.00	175.43	151.00	223676.00
chr19	50104931	50105175	244	244	23.00	114.00	46.36	35.00	11313.00
chr19	5218430	5218543	113	113	250.00	327.00	294.64	299.00	33294.00
chr16	29898969	29899138	169	169	329.00	466.00	378.50	367.00	63966.00
chr7	99030900	99031041	141	141	28.00	43.00	35.70	37.00	5034.00
chr17	36692926	36693212	286	286	4.00	24.00	12.86	15.00	3677.00
chr15	73857770	73859335	1565	1565	5.00	55.00	27.19	30.00	42559.00
chr6	44104085	44104176	91	91	141.00	220.00	177.63	175.00	16164.00
chr1	21938518	21938602	84	84	501.00	708.00	624.21	638.00	52434.00
chr19	13423482	13423595	113	113	52.00	69.00	59.00	58.00	6667.00
chr16	70292882	70293089	207	207	577.00	782.00	681.44	685.00	141058.00
chr18	61060641	61060782	141	141	54.00	82.00	69.83	71.00	9846.00
chr16	22269814	22270016	202	202	14.00	37.00	25.51	25.50	5154.00
chr1	21554423	21554534	111	111	38.00	60.00	46.77	44.00	5191.00
chr9	140057255	140057455	200	200	8.00	2136.00	1320.62	1608.50	264123.00
chr7	1488255	1488397	142	142	20.00	31.00	27.18	28.00	3859.00
chr14	100166351	100166438	87	87	336.00	420.00	374.37	375.00	32570.00
chr9	101065522	101065705	183	183	354.00	553.00	460.92	473.00	84348.00
chr5	68411752	68412041	289	289	29.00	68.00	49.68	52.00	14358.00
chr1	2452539	2452754	215	215	59.00	155.00	96.48	88.00	20744.00
chr1	21564626	21564737	111	111	46.00	79.00	60.46	58.00	6711.00
chr13	42037713	42039066	1353	1353	4.00	35.00	12.14	11.00	16428.00
chr2	114350236	114350443	207	207	3.00	30.00	16.57	16.00	3429.00
chr1	21939668	21939722	54	54	565.00	690.00	627.98	626.50	33911.00
chr9	139353895	139354007	112	112	49.00	62.00	56.82	57.00	6364.00
chr7	102176367	102176618	251	251	5.00	24.00	13.71	13.00	3442.00
chr3	51411753	51412018	265	265	1.00	258.00	96.03	4.00	25447.00
chr17	73888091	73888266	175	175	11.00	22.00	17.29	17.00	3025.00
chr13	103297258	103297435	177	177	5.00	69.00	36.92	51.00	6534.00
chr15	63922664	63922834	170	170	131.00	259.00	180.36	169.50	30661.00
chr3	33400774	33400849	75	75	135.00	193.00	165.52	160.00	12414.00
chr22	50671744	50671955	211	211	52.00	70.00	62.02	62.00	13086.00
chr1	21190968	21191205	237	237	181.00	261.00	225.28	225.00	53392.00
chr5	14481649	14481727	78	78	139.00	165.00	150.42	150.00	11733.00
chr15	101605556	101606410	854	854	14.00	61.00	27.98	27.00	23895.00
chr17	80040402	80040554	152	152	272.00	394.00	334.68	318.00	50872.00
chr2	132269293	132270897	1604	1604	6.00	59.00	34.37	35.00	55123.00
chr11	1778553	1778786	233	233	661.00	1145.00	928.30	963.00	216293.00
chr11	1469616	1469808	192	192	9.00	28.00	18.78	21.00	3605.00
chr12	120138549	120138630	81	81	181.00	221.00	205.38	206.00	16636.00
chr7	901016	901101	85	85	114.00	182.00	149.47	153.00	12705.00
chr19	13372263	13372424	161	161	88.00	135.00	114.20	113.00	18386.00
chr17	40843154	40843311	157	157	287.00	419.00	351.01	346.00	55109.00
chr17	80039476	80039719	243	243	269.00	501.00	375.84	371.00	91330.00
chr17	16681109	16687365	6256	6256	0.00	64.00	21.52	20.00	134611.00
chr1	116935475	116935610	135	135	1667.00	2337.00	1993.94	1975.00	269182.00
chr6	128294808	128294972	164	164	79.00	160.00	128.38	132.00	21055.00
chr5	109189927	109190617	690	690	1.00	11.00	5.43	5.00	3747.00
chr15	40757533	40757634	101	101	20.00	87.00	69.33	72.00	7002.00
chr2	220164706	220164981	275	275	497.00	958.00	724.99	726.00	199372.00
chr3	164905164	164908639	3475	3475	11.00	114.00	51.83	48.00	180112.00
chr11	60699157	60699356	199	199	104.00	482.00	331.82	296.00	66032.00
chr2	96680301	96680717	416	416	6.00	14.00	9.75	9.00	4054.00
chr17	40845314	40845554	240	240	283.00	451.00	349.44	332.50	83866.00
chr12	125264513	125265391	878	878	8.00	42.00	18.21	17.00	15985.00
chr1	156623704	156624158	454	454	8.00	27.00	16.63	17.00	7548.00
chr6	108370456	108370622	166	166	73.00	108.00	88.99	90.00	14773.00
chr11	19180486	19180587	101	101	22.00	35.00	30.33	31.00	3063.00
chr19	42489069	42489338	269	269	563.00	1615.00	1189.84	1285.00	320067.00
chr2	198274493	198274731	238	238	92.00	197.00	147.88	153.00	35195.00
chr6	47220991	47221257	266	266	110.00	168.00	141.64	143.00	37675.00
chr19	40872679	40872822	143	143	1583.00	2465.00	2076.49	2087.00	296938.00
chr19	54693278	54693627	349	349	8.00	124.00	60.72	68.00	21191.00
chr12	81929	82174	245	245	4.00	36.00	21.68	19.00	5312.00
chr21	45513943	45514114	171	171	61.00	104.00	77.30	73.00	13219.00
chr3	124201630	124201747	117	117	1.00	426.00	306.00	376.00	35802.00
chr17	79805118	79805223	105	105	246.00	306.00	272.42	270.00	28604.00
chr20	46307419	46307548	129	129	64.00	97.00	75.09	75.00	9686.00
chr17	38187790	38187873	83	83	102.00	128.00	113.39	111.00	9411.00
chr2	207452814	207452878	64	64	285.00	364.00	322.95	322.50	20669.00
chr17	45695715	45695823	108	108	291.00	340.00	319.14	321.50	34467.00
chr7	44283023	44283126	103	103	582.00	671.00	618.93	611.00	63750.00
chr20	62274975	62275284	309	309	6.00	2119.00	1023.57	1399.00	316284.00
chr11	108202605	108202764	159	159	23.00	38.00	31.25	32.00	4969.00
chr9	140051314	140051489	175	175	631.00	1080.00	822.43	788.00	143926.00
chr22	45574118	45574781	663	663	45.00	92.00	69.09	70.00	45807.00
chr15	79312382	79312446	64	64	177.00	224.00	194.56	190.50	12452.00
chr1	21940120	21940199	79	79	552.00	650.00	588.85	589.00	46519.00
chr17	3775847	3775921	74	74	496.00	679.00	596.64	602.00	44151.00
chr7	73133931	73134019	88	88	10.00	1429.00	491.09	370.00	43216.00
chr11	72292920	72292991	71	71	393.00	497.00	434.58	431.00	30855.00
chr7	43547616	43547730	114	114	99.00	145.00	126.49	128.00	14420.00
chr16	58713760	58714145	385	385	21.00	56.00	35.26	36.00	13574.00
chr22	21083600	21083794	194	194	703.00	943.00	826.49	824.50	160340.00
chr11	66457275	66457414	139	139	376.00	569.00	462.74	458.00	64321.00
chr15	91561034	91561115	81	81	43.00	70.00	55.06	54.00	4460.00
chr11	2968525	2969001	476	476	1.00	20.00	8.65	9.00	4116.00
chr19	34869838	34869910	72	72	1398.00	1708.00	1513.28	1485.50	108956.00
chr9	121970996	121971219	223	223	209.00	291.00	245.26	244.00	54694.00
chr3	47449772	47449980	208	208	6.00	95.00	55.01	66.00	11443.00
chr12	57601820	57601999	179	179	201.00	518.00	354.91	328.00	63529.00
chr16	2345590	2345741	151	151	180.00	247.00	216.17	217.00	32642.00
chr12	50471782	50471910	128	128	66.00	105.00	85.80	86.50	10982.00
chr1	109814221	109814344	123	123	270.00	363.00	328.36	336.00	40388.00
chr19	16942304	16942458	154	154	88.00	128.00	110.57	114.00	17028.00
chr11	66333301	66333398	97	97	318.00	455.00	370.12	367.00	35902.00
chr5	74026084	74026223	139	139	65.00	85.00	75.55	76.00	10502.00
chr5	68417520	68417722	202	202	34.00	54.00	42.61	42.00	8608.00
chr19	15272262	15272525	263	263	15.00	38.00	26.33	26.00	6924.00
chr3	45872404	45872482	78	78	181.00	224.00	205.50	204.50	16029.00
chr7	73123374	73123452	78	78	1436.00	1843.00	1707.45	1767.50	133181.00
chr5	14498197	14498360	163	163	133.00	187.00	159.94	156.00	26071.00
chr14	93180167	93180230	63	63	126.00	175.00	144.60	139.00	9110.00
chr9	130984739	130984875	136	136	2205.00	3616.00	2811.47	2604.50	382360.00
chr13	31216764	31216894	130	130	22.00	35.00	29.76	29.00	3869.00
chr12	112614399	112614506	107	107	82.00	194.00	169.64	171.00	18152.00
chr12	57602865	57602982	117	117	293.00	443.00	358.82	353.00	41982.00
chr14	72976861	72976987	126	126	74.00	125.00	94.28	86.00	11879.00
chr1	155209406	155209553	147	147	95.00	138.00	111.93	108.00	16453.00
chr10	49633930	49634113	183	183	120.00	149.00	135.28	136.00	24757.00
chr16	84100093	84100218	125	125	153.00	191.00	174.68	176.00	21835.00
chr1	155207924	155208097	173	173	113.00	155.00	132.09	131.00	22852.00
chr12	2786898	2787033	135	135	24.00	52.00	40.50	43.00	5468.00
chr2	233755457	233756197	740	740	10.00	963.00	165.44	26.00	122426.00
chr14	60631894	60632099	205	205	74.00	189.00	146.71	161.00	30076.00
chr1	11151549	11151654	105	105	46.00	75.00	54.62	52.00	5735.00
chr4	134076071	134076178	107	107	261.00	368.00	330.96	333.00	35413.00
chr15	91420364	91420441	77	77	145.00	172.00	160.88	162.00	12388.00
chr5	114961533	114961755	222	222	10.00	68.00	44.87	50.00	9962.00
chr16	1814047	1814211	164	164	6.00	564.00	255.27	370.50	41865.00
chr18	44250463	44252581	2118	2118	7.00	126.00	71.53	65.00	151507.00
chr6	158049380	158049518	138	138	37.00	88.00	65.92	64.00	9097.00
chr19	7675585	7675679	94	94	37.00	51.00	44.29	45.00	4163.00
chr13	99461604	99461719	115	115	0.00	192.00	134.74	132.00	15495.00
chr11	130010829	130011467	638	638	1.00	1700.00	187.63	11.00	119708.00
chr11	107526658	107526792	134	134	302.00	387.00	340.38	339.00	45611.00
chr16	1391294	1391490	196	196	204.00	352.00	241.64	235.50	47362.00
chr1	38182716	38184158	1442	1442	5.00	116.00	49.51	47.00	71398.00
chr5	179231023	179231323	300	300	5.00	22.00	11.85	11.00	3554.00
chr14	69814593	69814719	126	126	122.00	198.00	166.24	169.50	20946.00
chr14	69349174	69349309	135	135	193.00	310.00	254.72	259.00	34387.00
chr19	7614792	7614998	206	206	155.00	215.00	195.82	201.00	40338.00
chr1	228270375	228270466	91	91	3.00	1718.00	537.78	232.00	48938.00
chr1	38186022	38186315	293	293	2.00	46.00	29.21	39.00	8559.00
chr13	77641715	77641999	284	284	250.00	389.00	322.81	314.00	91678.00
chr14	100157417	100157498	81	81	102.00	240.00	159.74	154.00	12939.00
chr13	32978280	32979333	1053	1053	4.00	64.00	17.77	13.00	18714.00
chr12	7301567	7301794	227	227	529.00	906.00	760.38	760.00	172607.00
chr9	123583116	123583257	141	141	37.00	57.00	47.13	49.00	6646.00
chr17	26883183	26883284	101	101	60.00	114.00	80.10	79.00	8090.00
chr12	6972993	6973137	144	144	248.00	319.00	276.44	272.50	39808.00
chr20	34322310	34322637	327	327	2.00	9.00	4.66	5.00	1524.00
chr19	7606407	7606570	163	163	95.00	127.00	109.71	111.00	17883.00
chr16	2333186	2333373	187	187	6.00	328.00	241.45	269.00	45152.00
chr12	113825548	113825711	163	163	107.00	219.00	149.38	140.00	24349.00
chr7	4802013	4807749	5736	5736	2.00	168.00	51.59	46.00	295911.00
chr1	43394880	43394985	105	105	142.00	209.00	178.43	188.00	18735.00
chr19	4554399	4554488	89	89	285.00	424.00	378.60	398.00	33695.00
chr16	31719139	31719372	233	233	4.00	17.00	8.88	8.00	2069.00
chr5	134060669	134061744	1075	1075	8.00	41.00	21.98	22.00	23631.00
chr1	202936318	202936371	53	53	6.00	128.00	67.45	98.00	3575.00
chr2	220087366	220087615	249	249	144.00	218.00	181.39	183.00	45166.00
chr2	36764494	36764689	195	195	69.00	101.00	86.48	85.00	16864.00
chr7	43519208	43519343	135	135	88.00	182.00	143.69	142.00	19398.00
chr10	51249585	51249993	408	408	1.00	12.00	3.78	2.00	1543.00
chr6	32123647	32123755	108	108	84.00	139.00	103.84	101.00	11215.00
chr3	118624442	118624692	250	250	1.00	42.00	19.36	6.00	4841.00
chr1	190129797	190130020	223	223	57.00	93.00	73.70	73.00	16436.00
chr9	131004491	131004624	133	133	9.00	3013.00	2450.13	2861.00	325867.00
chr22	33679187	33679334	147	147	172.00	211.00	193.92	197.00	28506.00
chr15	74709931	74710016	85	85	138.00	243.00	177.86	162.00	15118.00
chr7	6470110	6470238	128	128	32.00	46.00	39.71	40.00	5083.00
chr1	6640600	6641359	759	759	9.00	45.00	23.77	23.00	18040.00
chr16	31510622	31510728	106	106	182.00	206.00	191.43	190.00	20292.00
chr4	103710287	103711803	1516	1516	9.00	37.00	19.84	20.00	30072.00
chr19	2862339	2862746	407	407	5.00	21.00	11.10	10.00	4517.00
chr2	15467873	15467994	121	121	36.00	70.00	51.43	53.00	6223.00
chr2	36780721	36781492	771	771	5.00	15.00	10.26	10.00	7911.00
chr10	81070680	81070941	261	261	22.00	93.00	50.71	50.00	13236.00
chr2	217234866	217235986	1120	1120	25.00	62.00	40.00	39.00	44798.00
chr10	93786348	93786508	160	160	37.00	84.00	59.17	61.00	9467.00
chr17	20268785	20269076	291	291	1.00	7.00	5.07	5.00	1474.00
chr9	131002006	131002062	56	56	5.00	3226.00	2865.39	3091.00	160462.00
chr1	155208307	155208441	134	134	132.00	179.00	156.00	158.50	20904.00
chr2	162833877	162834373	496	496	0.00	503.00	43.01	7.00	21333.00
chr9	35799614	35799728	114	114	25.00	33.00	28.51	29.00	3250.00
chr20	62517856	62519234	1378	1378	6.00	155.00	34.34	31.00	47320.00
chr22	35942847	35943127	280	280	44.00	192.00	130.87	139.50	36644.00
chr13	26436438	26436546	108	108	39.00	55.00	47.15	47.00	5092.00
chr14	69371371	69371453	82	82	177.00	302.00	235.74	216.00	19331.00
chr7	44031274	44031581	307	307	1.00	15.00	7.75	9.00	2378.00
chr11	12274988	12275291	303	303	7.00	26.00	17.74	20.00	5375.00
chr5	1334403	1334498	95	95	101.00	121.00	109.97	109.00	10447.00
chr19	34868639	34868786	147	147	1513.00	2322.00	1905.90	1881.00	280168.00
chr16	1815960	1816143	183	183	351.00	560.00	426.43	412.00	78037.00
chr10	73578787	73578868	81	81	2796.00	3627.00	3155.38	3111.00	255586.00
chr17	37420427	37420640	213	213	21.00	42.00	31.20	31.00	6646.00
chr5	60835422	60835586	164	164	33.00	56.00	45.18	46.00	7410.00
chr15	79296143	79296517	374	374	228.00	380.00	317.07	321.50	118583.00
chr19	13039568	13039661	93	93	438.00	696.00	587.70	617.00	54656.00
chr12	49421585	49421713	128	128	73.00	153.00	126.25	133.50	16160.00
chr1	1661057	1662583	1526	1526	2.00	225.00	66.06	48.00	100810.00
chr2	207457340	207457460	120	120	310.00	429.00	370.55	373.50	44466.00
chr11	64542462	64543441	979	979	2.00	22.00	12.88	12.00	12611.00
chr20	61910250	61910347	97	97	118.00	162.00	140.57	140.00	13635.00
chr11	62394042	62394156	114	114	151.00	220.00	178.49	174.00	20348.00
chr5	37301538	37301652	114	114	13.00	26.00	18.68	17.00	2130.00
chr16	4733843	4733933	90	90	166.00	189.00	175.61	175.00	15805.00
chr15	43693913	43694048	135	135	37.00	54.00	45.08	46.00	6086.00
chr11	18764538	18764622	84	84	208.00	239.00	225.17	224.50	18914.00
chr17	57842331	57842499	168	168	115.00	184.00	155.11	159.00	26059.00
chr9	96076729	96078064	1335	1335	5.00	28.00	16.42	17.00	21921.00
chr11	12246219	12246367	148	148	326.00	401.00	360.58	361.50	53366.00
chr12	7030743	7031565	822	822	3.00	4008.00	1327.79	13.00	1091442.00
chr3	14523178	14523349	171	171	10.00	22.00	17.39	18.00	2974.00
chr5	758508	759483	975	975	4.00	18.00	10.43	11.00	10171.00
chr12	22635490	22635677	187	187	63.00	85.00	72.96	73.00	13644.00
chr5	14479369	14479459	90	90	145.00	175.00	154.54	152.00	13909.00
chr6	143655214	143656079	865	865	1.00	22.00	7.87	6.00	6804.00
chr7	75508360	75508578	218	218	14.00	974.00	634.42	816.50	138304.00
chr11	60697981	60698131	150	150	194.00	269.00	229.74	226.00	34461.00
chr1	151400598	151400889	291	291	60.00	148.00	100.54	102.00	29256.00
chr5	172196431	172197309	878	878	7.00	229.00	66.27	21.00	58187.00
chr3	49152660	49152794	134	134	72.00	93.00	81.45	82.00	10914.00
chr7	5518281	5519950	1669	1669	17.00	111.00	57.26	54.00	95566.00
chr17	16691106	16691449	343	343	2.00	22.00	10.59	13.00	3634.00
chr2	220086993	220087172	179	179	158.00	214.00	190.28	192.00	34061.00
chr10	51746916	51748006	1090	1090	1.00	47.00	20.01	18.00	21811.00
chr12	7302118	7302289	171	171	771.00	945.00	865.90	858.00	148069.00
chr11	59562844	59562955	111	111	21.00	42.00	31.85	36.00	3535.00
chr12	6100984	6101184	200	200	13.00	29.00	22.11	23.00	4423.00
chr19	5683274	5683627	353	353	7.00	20.00	13.67	13.00	4824.00
chr12	2786259	2786387	128	128	28.00	51.00	39.21	39.00	5019.00
chr15	26812727	26812880	153	153	251.00	384.00	307.00	304.00	46971.00
chr1	149007980	149008798	818	818	1.00	42.00	16.02	14.00	13107.00
chr19	54965608	54965861	253	253	41.00	156.00	89.35	82.00	22605.00
chr8	27293259	27293310	51	51	340.00	436.00	378.24	377.00	19290.00
chr15	23014437	23014528	91	91	79.00	105.00	96.04	98.00	8740.00
chr1	111717500	111717585	85	85	48.00	77.00	62.59	60.00	5320.00
chr6	150157220	150157433	213	213	180.00	282.00	242.21	245.00	51591.00
chr13	114566547	114566670	123	123	27.00	96.00	53.07	45.00	6527.00
chr16	58539291	58539605	314	314	1.00	22.00	14.05	15.00	4413.00
chr1	21936612	21936768	156	156	271.00	1008.00	559.02	554.50	87207.00
chr1	17322880	17322991	111	111	266.00	465.00	366.52	399.00	40684.00
chr11	60699455	60699599	144	144	310.00	493.00	388.22	369.00	55904.00
chr5	6749669	6749770	101	101	52.00	66.00	58.34	58.00	5892.00
chr16	2156805	2156949	144	144	42.00	169.00	83.59	70.50	12037.00
chr15	34690834	34690930	96	96	53.00	92.00	78.09	79.00	7497.00
chr3	11074933	11075425	492	492	1.00	428.00	77.54	10.00	38149.00
chr5	74655222	74655381	159	159	125.00	180.00	151.40	146.00	24073.00
chr20	20022968	20023160	192	192	47.00	125.00	76.63	67.50	14713.00
chr2	39055481	39055578	97	97	18.00	40.00	30.59	34.00	2967.00
chr19	16793231	16793528	297	297	4.00	225.00	62.94	10.00	18692.00
chr2	219205450	219205509	59	59	86.00	108.00	96.47	97.00	5692.00
chr17	74087429	74087729	300	300	7.00	29.00	17.05	17.00	5115.00
chr3	184058150	184060036	1886	1886	5.00	624.00	98.56	23.00	185885.00
chr6	90333128	90333263	135	135	37.00	66.00	55.13	59.00	7442.00
chr12	125267019	125267429	410	410	10.00	38.00	21.08	18.00	8644.00
chr1	207942580	207943104	524	524	8.00	48.00	34.51	37.00	18082.00
chr4	89356876	89357043	167	167	54.00	85.00	68.41	68.00	11425.00
chr7	101995498	101995736	238	238	9.00	42.00	18.31	15.00	4357.00
chr3	11067458	11067562	104	104	385.00	478.00	431.89	433.00	44917.00
chr5	95734582	95734740	158	158	203.00	264.00	235.89	236.00	37270.00
chr6	152529106	152529341	235	235	94.00	186.00	134.09	130.00	31510.00
chr5	102295578	102295763	185	185	153.00	229.00	195.51	202.00	36169.00
chr22	21072980	21073110	130	130	814.00	1151.00	973.46	1002.00	126550.00
chr12	121855306	121855714	408	408	80.00	182.00	115.20	114.00	47000.00
chr1	160326389	160326544	155	155	90.00	124.00	101.57	98.00	15743.00
chr11	60670930	60671007	77	77	374.00	448.00	403.12	399.00	31040.00
chr17	79804822	79804948	126	126	287.00	428.00	361.20	362.00	45511.00
chr16	18527204	18527332	128	128	513.00	651.00	582.07	596.00	74505.00
chr16	16372518	16372646	128	128	523.00	665.00	600.24	614.00	76831.00
chr2	32750530	32750695	165	165	24.00	43.00	33.74	35.00	5567.00
chr14	69369193	69369279	86	86	259.00	360.00	299.50	299.50	25757.00
chr7	66418212	66418356	144	144	119.00	227.00	173.65	173.50	25006.00
chr6	44107988	44108097	109	109	121.00	161.00	141.14	142.00	15384.00
chr7	70885893	70886091	198	198	283.00	650.00	425.76	363.50	84300.00
chr8	27295281	27295397	116	116	421.00	513.00	463.64	460.50	53782.00
chr7	73122918	73123018	100	100	1411.00	1657.00	1568.28	1577.00	156828.00
chr15	34698874	34699071	197	197	64.00	125.00	94.59	95.00	18635.00
chr8	22009343	22009513	170	170	211.00	481.00	330.88	322.50	56249.00
chr7	1526557	1526737	180	180	31.00	133.00	78.49	84.00	14128.00
chr5	178053946	178054065	119	119	4.00	91.00	45.46	37.00	5410.00
chr12	6103027	6103369	342	342	5.00	27.00	18.33	22.00	6268.00
chr2	3479491	3480482	991	991	6.00	26.00	12.76	13.00	12649.00
chr3	33883388	33883566	178	178	105.00	159.00	130.74	129.00	23272.00
chr19	11019778	11019883	105	105	176.00	246.00	213.70	221.00	22439.00
chr7	98446205	98446318	113	113	1277.00	2651.00	2009.92	1972.00	227121.00
chr8	106813274	106813932	658	658	20.00	52.00	35.85	36.00	23592.00
chr2	223795338	223795530	192	192	344.00	522.00	409.04	397.50	78535.00
chr7	75511146	75511554	408	408	480.00	1160.00	823.92	874.50	336159.00
chr21	40184926	40185038	112	112	145.00	285.00	230.11	255.00	25772.00
chr19	53383575	53385236	1661	1661	7.00	42.00	24.78	24.00	41156.00
chr19	14208130	14208295	165	165	6.00	575.00	379.39	484.00	62599.00
chr15	91461013	91461618	605	605	5.00	292.00	91.49	21.00	55351.00
chr8	145278010	145278133	123	123	32.00	67.00	48.98	47.00	6024.00
chr16	28132990	28133083	93	93	150.00	201.00	176.19	178.00	16386.00
chr11	125280091	125280221	130	130	108.00	137.00	123.94	123.50	16112.00
chr15	63128089	63128317	228	228	66.00	260.00	195.17	217.00	44499.00
chr9	131181435	131181557	122	122	11.00	435.00	340.49	352.50	41540.00
chr19	3281196	3281343	147	147	264.00	359.00	309.29	315.00	45465.00
chr11	6240200	6240280	80	80	28.00	50.00	40.26	41.50	3221.00
chr20	31019123	31019287	164	164	21.00	30.00	25.29	26.00	4147.00
chr6	46825865	46827260	1395	1395	18.00	50.00	32.74	33.00	45673.00
chr12	1672006	1672666	660	660	8.00	50.00	24.22	21.50	15983.00
chr12	9098824	9099001	177	177	148.00	190.00	165.03	164.00	29211.00
chr7	121738503	121738630	127	127	13.00	19.00	16.02	16.00	2035.00
chr19	40875814	40875935	121	121	1011.00	1270.00	1134.31	1141.00	137252.00
chr20	3581592	3581671	79	79	115.00	168.00	146.65	152.00	11585.00
chr17	7226965	7227042	77	77	53.00	68.00	60.58	60.00	4665.00
chr2	74331800	74332809	1009	1009	6.00	32.00	19.91	20.00	20085.00
chr1	209785136	209785610	474	474	3.00	245.00	180.68	204.00	85641.00
chr9	35546426	35548532	2106	2106	118.00	336.00	195.40	193.00	411516.00
chr17	80040198	80040290	92	92	274.00	371.00	311.59	304.00	28666.00
chr11	73074791	73075284	493	493	2.00	170.00	53.81	9.00	26530.00
chr20	44674976	44675075	99	99	319.00	422.00	390.15	394.00	38625.00
chr20	5892091	5892328	237	237	65.00	516.00	311.73	350.00	73881.00
chr17	20316581	20317594	1013	1013	1.00	20.00	7.50	6.00	7595.00
chr12	99478702	99478801	99	99	181.00	231.00	210.97	211.00	20886.00
chr17	40842756	40842960	204	204	323.00	465.00	391.01	383.00	79766.00
chr11	107501142	107501288	146	146	272.00	358.00	312.05	316.00	45559.00
chr11	85429236	85429532	296	296	3.00	34.00	12.63	11.00	3738.00
chr20	9449217	9449319	102	102	36.00	50.00	41.97	41.00	4281.00
chr14	23371395	23371591	196	196	117.00	174.00	144.66	145.00	28353.00
chr7	716865	716957	92	92	1689.00	2444.00	2196.93	2200.50	202118.00
chr10	48862360	48862682	322	322	5.00	151.00	85.87	105.00	27649.00
chr10	68686678	68688210	1532	1532	45.00	172.00	84.63	78.50	129659.00
chr5	179674854	179674926	72	72	279.00	377.00	324.74	331.00	23381.00
chr1	209773327	209773456	129	129	189.00	239.00	219.05	222.00	28258.00
chr17	45691034	45691091	57	57	274.00	336.00	308.65	309.00	17593.00
chr1	19669871	19670118	247	247	17.00	29.00	23.72	24.00	5860.00
chr17	45664025	45664710	685	685	4.00	332.00	59.56	22.00	40798.00
chr19	2337634	2338840	1206	1206	3.00	79.00	17.13	13.00	20662.00
chr8	22011480	22011552	72	72	404.00	479.00	441.35	439.50	31777.00
