#chrom	start	end	size	num_data	min	max	mean	median	sum
chr12	1940100	1940691	591	591	6.00	22.00	13.80	13.00	8158.00
chr1	27480473	27481381	908	908	5.00	21.00	13.67	14.00	12409.00
chr15	63112684	63112809	125	125	89.00	141.00	118.48	120.00	14810.00
chr5	149231737	149232254	517	517	0.00	4.00	0.77	0.00	400.00
chr5	140865429	140867182	1753	1753	189.00	632.00	371.29	370.00	650863.00
chr1	32209793	32209958	165	165	81.00	195.00	142.75	147.00	23554.00
chr16	87873307	87873431	124	124	175.00	351.00	253.73	266.00	31463.00
chr17	34157438	34158175	737	737	0.00	2.00	0.27	0.00	200.00
chr2	127815619	127816088	469	469	0.00	4.00	1.28	1.00	600.00
chr1	208212965	208213112	147	147	48.00	79.00	64.71	64.00	9513.00
chr22	19703883	19704666	783	783	2.00	8.00	4.69	4.00	3669.00
chr16	87872319	87872423	104	104	186.00	270.00	227.99	231.50	23711.00
chr9	140055740	140055868	128	128	408.00	527.00	481.35	490.00	61613.00
chr22	21096515	21096643	128	128	133.00	163.00	148.73	149.00	19038.00
chr9	140056321	140056540	219	219	0.00	639.00	382.43	440.00	83753.00
chr11	78379981	78380253	272	272	32.00	50.00	39.92	40.00	10858.00
chr3	11070420	11070533	113	113	76.00	135.00	110.43	110.00	12479.00
chr1	109812554	109813222	668	668	0.00	235.00	90.07	92.00	60169.00
chr2	220161954	220162155	201	201	196.00	272.00	239.44	247.00	48127.00
chr15	74706887	74707086	199	199	136.00	219.00	169.17	168.00	33664.00
chr17	7318829	7319426	597	597	167.00	442.00	284.00	280.00	169546.00
chr1	21560050	21560154	104	104	30.00	49.00	42.72	44.00	4443.00
chr1	25573799	25573952	153	153	4.00	82.00	52.50	59.00	8033.00
chr14	93198993	93199160	167	167	113.00	179.00	147.54	147.00	24639.00
chr1	205554003	205554119	116	116	1.00	5.00	2.28	2.00	265.00
chr1	9795005	9795232	227	227	1132.00	1703.00	1435.46	1458.00	325849.00
chr17	42426525	42426670	145	145	85.00	187.00	150.38	159.00	21805.00
chr18	70205887	70206179	292	292	7.00	998.00	377.34	24.50	110182.00
chr1	205553082	205553251	169	169	2.00	4.00	2.67	2.00	451.00
chr9	140056623	140056766	143	143	0.00	524.00	330.67	380.00	47286.00
chr6	33412147	33412394	247	247	0.00	906.00	506.93	684.00	125212.00
chr12	89992366	89992547	181	181	0.00	146.00	92.89	105.00	16813.00
chr2	220088827	220089576	749	749	51.00	205.00	125.40	125.00	93921.00
chr14	100763073	100765222	2149	2149	0.00	107.00	4.44	2.00	9531.00
chr1	110740697	110742543	1846	1846	0.00	218.00	97.91	91.00	180742.00
chr1	149878201	149879758	1557	1557	0.00	1259.00	268.83	1.00	418573.00
chr3	197264139	197265259	1120	1120	0.00	10.00	0.41	0.00	457.00
chr8	56449623	56450530	907	907	23.00	96.00	59.92	58.00	54351.00
chr9	139354208	139354326	118	118	56.00	95.00	73.02	73.00	8616.00
chr1	32204908	32205236	328	328	254.00	374.00	293.26	286.00	96188.00
chr7	75608768	75608897	129	129	390.00	523.00	455.91	457.00	58813.00
chr19	45161029	45161178	149	149	33.00	51.00	42.85	42.00	6384.00
chr19	5243911	5244493	582	582	128.00	266.00	177.18	173.00	103116.00
chr6	32119585	32119717	132	132	11.00	253.00	131.45	142.00	17352.00
chr3	42670878	42672067	1189	1189	0.00	6.00	0.49	0.00	587.00
chr11	45892392	45892485	93	93	85.00	129.00	105.19	106.00	9783.00
chr17	80040789	80040991	202	202	1331.00	1818.00	1558.09	1546.50	314735.00
chr2	74902875	74903036	161	161	36.00	57.00	44.13	44.00	7105.00
chr17	38335969	38337946	1977	1977	0.00	87.00	3.60	0.00	7110.00
chr16	87870103	87870253	150	150	242.00	313.00	271.61	270.00	40741.00
chr1	32205947	32206142	195	195	264.00	331.00	296.13	295.00	57746.00
chr6	44117553	44117702	149	149	0.00	740.00	443.40	539.00	66067.00
chr1	159163659	159163830	171	171	1631.00	2072.00	1861.16	1874.00	318258.00
chr3	445565	446023	458	458	0.00	4.00	0.95	1.00	436.00
chr2	25048913	25048995	82	82	46.00	73.00	57.45	57.00	4711.00
chr10	99504485	99504672	187	187	108.00	174.00	143.42	139.00	26819.00
chr4	54364807	54365010	203	203	105.00	173.00	135.92	133.00	27592.00
chr17	1634367	1634552	185	185	8.00	26.00	16.42	15.00	3037.00
chr7	72416124	72416247	123	123	72.00	105.00	87.46	88.00	10758.00
chr1	208212169	208212329	160	160	45.00	64.00	53.84	54.00	8614.00
chr9	140952500	140952702	202	202	28.00	79.00	55.95	60.00	11301.00
chr6	44197325	44197528	203	203	43.00	78.00	56.26	57.00	11421.00
chr6	44197643	44198218	575	575	0.00	60.00	20.44	5.00	11752.00
chr11	118981972	118982084	112	112	99.00	127.00	112.66	112.00	12618.00
chr5	150503846	150503952	106	106	0.00	319.00	209.10	264.00	22165.00
chr11	118981761	118981878	117	117	121.00	178.00	152.62	151.00	17856.00
chr11	126314873	126315000	127	127	22.00	49.00	38.43	41.00	4881.00
chr1	159165808	159166244	436	436	0.00	2024.00	374.86	3.00	163441.00
chr7	134893542	134893750	208	208	14.00	48.00	32.50	33.00	6759.00
chr9	121976196	121976433	237	237	97.00	246.00	166.04	168.00	39351.00
chr19	54691042	54691169	127	127	149.00	261.00	196.83	189.00	24998.00
chr22	38621430	38621600	170	170	64.00	128.00	101.12	109.00	17191.00
chr13	42035681	42036205	524	524	0.00	1.00	0.18	0.00	96.00
chr20	1915360	1915413	53	53	0.00	115.00	78.04	93.00	4136.00
chr5	14496987	14497126	139	139	283.00	450.00	346.51	325.00	48165.00
chr12	56528125	56528212	87	87	36.00	45.00	40.90	41.00	3558.00
chr3	47466974	47467101	127	127	108.00	165.00	138.76	138.00	17623.00
chr17	7415476	7415663	187	187	83.00	157.00	109.61	105.00	20498.00
chr3	33588037	33589252	1215	1215	0.00	10.00	1.32	0.00	1600.00
chr7	887833	888615	782	782	0.00	85.00	13.70	0.00	10715.00
chr10	24813251	24813693	442	442	1.00	9.00	4.50	4.00	1988.00
chr1	109812045	109812213	168	168	60.00	162.00	101.63	103.00	17074.00
chr19	15276597	15276902	305	305	48.00	97.00	65.57	65.00	19998.00
chr16	2334779	2334999	220	220	211.00	353.00	282.82	269.00	62220.00
chr16	68404761	68405261	500	500	89.00	224.00	148.95	153.00	74477.00
chr4	110969111	110969871	760	760	35.00	107.00	68.73	67.00	52233.00
chr1	145693161	145693996	835	835	5.00	28.00	18.06	19.00	15078.00
chr7	44282848	44282932	84	84	495.00	633.00	571.40	571.50	47998.00
chr2	220164315	220164508	193	193	0.00	166.00	62.57	2.00	12076.00
chr12	50472203	50472360	157	157	166.00	203.00	182.06	184.00	28583.00
chr2	220163768	220163833	65	65	198.00	261.00	232.60	232.00	15119.00
chr2	222289928	222290862	934	934	60.00	149.00	105.82	109.00	98832.00
chr12	57599133	57599268	135	135	122.00	180.00	152.53	157.00	20591.00
chr7	157475416	157475629	213	213	149.00	258.00	202.81	204.00	43198.00
chr1	32203800	32203927	127	127	249.00	584.00	396.21	421.00	50319.00
chr1	109811731	109811912	181	181	81.00	169.00	134.65	138.00	24371.00
chr9	140052830	140052975	145	145	267.00	683.00	468.56	496.00	67941.00
chr2	220161706	220161854	148	148	209.00	425.00	296.69	274.00	43910.00
chr16	29896906	29897070	164	164	622.00	975.00	857.94	888.00	140702.00
chr16	47143393	47143622	229	229	305.00	488.00	405.79	404.00	92926.00
chr11	993753	993985	232	232	248.00	585.00	432.92	449.00	100437.00
chr9	124059698	124061137	1439	1439	0.00	0.00	0.00	0.00	0.00
chr9	140350140	140350634	494	494	0.00	7.00	3.43	3.00	1692.00
chr11	14504577	14504697	120	120	215.00	298.00	251.80	245.50	30216.00
chr3	49898612	49898733	121	121	1066.00	1459.00	1265.60	1254.00	153138.00
chr9	131811659	131811777	118	118	21.00	40.00	27.59	25.00	3256.00
chr9	131810705	131810818	113	113	24.00	37.00	31.96	32.00	3612.00
chr1	223400935	223401080	145	145	23.00	35.00	29.70	30.00	4306.00
chr12	125612185	125612820	635	635	0.00	171.00	28.26	0.00	17944.00
chr2	220088590	220088744	154	154	115.00	142.00	129.04	129.00	19872.00
chr9	70888487	70888750	263	263	0.00	1.00	0.66	1.00	174.00
chr14	69813756	69813898	142	142	23.00	44.00	34.32	35.00	4874.00
chr2	47399145	47399890	745	745	0.00	795.00	31.11	1.00	23177.00
chr11	62688689	62689041	352	352	11.00	153.00	72.95	63.00	25677.00
chr6	43745205	43745407	202	202	0.00	59.00	47.43	51.00	9580.00
chr3	11072492	11072997	505	505	0.00	121.00	20.32	0.00	10261.00
chr7	2696031	2696168	137	137	369.00	585.00	515.65	551.00	70644.00
chr16	14969196	14969279	83	83	398.00	642.00	525.41	544.00	43609.00
chr17	7377847	7378026	179	179	0.00	0.00	0.00	0.00	0.00
chr12	65639640	65639719	79	79	84.00	122.00	102.66	97.00	8110.00
chr12	50294912	50295108	196	196	455.00	894.00	583.37	546.50	114341.00
chr19	42485653	42485788	135	135	1908.00	3066.00	2514.70	2560.00	339485.00
chr10	99509230	99509343	113	113	161.00	231.00	181.54	181.00	20514.00
chr22	38883877	38888120	4243	4243	0.00	700.00	39.23	2.00	166433.00
chr12	49416372	49416658	286	286	36.00	66.00	52.76	52.00	15090.00
chr6	24843089	24843782	693	693	12.00	57.00	31.53	30.00	21849.00
chr5	176295561	176295665	104	104	67.00	115.00	84.55	80.00	8793.00
chr10	99510087	99510227	140	140	182.00	308.00	226.80	221.00	31752.00
chr1	159173658	159174770	1112	1112	29.00	296.00	107.40	85.50	119434.00
chr11	1780745	1780869	124	124	579.00	796.00	714.67	744.00	88619.00
chr19	42486059	42486258	199	199	1534.00	2930.00	2251.11	2267.00	447971.00
chr3	47465422	47465535	113	113	143.00	203.00	169.58	172.00	19163.00
chr1	21573713	21573856	143	143	16.00	42.00	27.90	29.00	3990.00
chr11	65320330	65320453	123	123	55.00	80.00	66.05	65.00	8124.00
chr3	47462420	47462519	99	99	223.00	302.00	265.93	268.00	26327.00
chr2	219204751	219204864	113	113	11.00	27.00	19.03	19.00	2150.00
chr1	43906123	43906257	134	134	9.00	17.00	12.43	13.00	1666.00
chr7	38785158	38785840	682	682	0.00	286.00	22.40	0.00	15274.00
chr2	153499932	153500058	126	126	111.00	197.00	160.56	170.50	20230.00
chr1	32203011	32203132	121	121	0.00	440.00	320.17	367.00	38741.00
chr22	42290823	42290941	118	118	636.00	1090.00	922.29	913.50	108830.00
chr19	47940718	47940818	100	100	159.00	301.00	232.17	218.50	23217.00
chr4	119539150	119539274	124	124	0.00	14.00	5.16	7.00	640.00
chr17	44117067	44117250	183	183	87.00	118.00	102.84	104.00	18820.00
chr19	42485873	42485983	110	110	1713.00	2235.00	1989.38	1958.00	218832.00
chr6	44114583	44114664	81	81	198.00	287.00	240.31	242.00	19465.00
chr19	47941105	47941292	187	187	0.00	324.00	192.98	277.00	36088.00
chr11	73074250	73074500	250	250	40.00	81.00	57.36	55.50	14340.00
chr3	33418764	33418825	61	61	234.00	303.00	278.67	282.00	16999.00
chr1	700258	700505	247	247	0.00	6.00	3.34	3.00	825.00
chr9	74319510	74319719	209	209	24.00	44.00	32.37	32.00	6766.00
chr16	2336694	2336968	274	274	133.00	470.00	294.42	308.50	80670.00
chr20	3575125	3575219	94	94	90.00	119.00	107.03	110.00	10061.00
chr9	139231377	139231529	152	152	281.00	369.00	324.41	328.00	49311.00
chr5	140515951	140516498	547	547	15.00	48.00	29.87	31.00	16341.00
chr1	21938208	21938309	101	101	195.00	246.00	218.07	217.00	22025.00
chr3	155659188	155659936	748	748	23.00	115.00	80.15	83.00	59952.00
chr16	27483068	27483241	173	173	105.00	148.00	125.38	128.00	21690.00
chr11	994071	994245	174	174	139.00	328.00	265.18	290.00	46141.00
chr7	71175745	71175913	168	168	271.00	357.00	317.24	315.00	53296.00
chr12	121204065	121204175	110	110	248.00	328.00	285.95	290.50	31455.00
chr7	73118679	73118753	74	74	835.00	1039.00	957.20	963.00	70833.00
chr9	140972565	140972710	145	145	47.00	97.00	72.36	73.00	10492.00
chr12	121683329	121684024	695	695	0.00	5.00	1.82	2.00	1264.00
chr16	74493579	74493687	108	108	134.00	162.00	149.87	151.00	16186.00
chr2	36771518	36771641	123	123	70.00	121.00	97.50	102.00	11992.00
chr7	94187181	94187996	815	815	38.00	96.00	59.64	57.00	48607.00
chr14	94156951	94157239	288	288	0.00	0.00	0.00	0.00	0.00
chr7	121739000	121739524	524	524	0.00	0.00	0.00	0.00	0.00
chr1	19549117	19549328	211	211	55.00	125.00	83.26	80.00	17568.00
chr19	5214571	5214747	176	176	305.00	588.00	402.80	411.00	70892.00
chr19	42557753	42557861	108	108	365.00	435.00	392.29	389.50	42367.00
chr15	102510686	102510925	239	239	0.00	3.00	1.59	2.00	380.00
chr5	167673761	167675376	1615	1615	40.00	201.00	88.44	76.00	142832.00
chr7	44282158	44282253	95	95	497.00	677.00	552.33	529.00	52471.00
chr2	160621061	160621717	656	656	0.00	311.00	19.99	0.00	13116.00
chr5	10426501	10426634	133	133	171.00	225.00	197.36	193.00	26249.00
chr16	1814301	1814460	159	159	188.00	232.00	209.54	208.00	33317.00
chr11	21581734	21581928	194	194	130.00	240.00	166.24	155.50	32251.00
chr3	126749085	126749255	170	170	134.00	179.00	157.38	156.50	26754.00
chr11	12237765	12237866	101	101	27.00	40.00	34.43	35.00	3477.00
chr6	31750872	31750963	91	91	246.00	313.00	287.10	293.00	26126.00
chr3	53124201	53124398	197	197	9.00	20.00	14.95	15.00	2945.00
chr2	220161470	220161544	74	74	344.00	459.00	415.27	419.50	30730.00
chr2	128951046	128951785	739	739	27.00	133.00	83.90	88.00	62005.00
chr5	24535811	24535931	120	120	109.00	143.00	125.83	126.00	15099.00
chr1	44083406	44083582	176	176	203.00	295.00	251.17	259.00	44206.00
chr1	32207653	32207818	165	165	178.00	270.00	201.36	194.00	33224.00
chr12	7293754	7294000	246	246	0.00	705.00	418.81	610.00	103028.00
chr3	131442289	131442469	180	180	69.00	93.00	81.41	83.00	14654.00
chr3	49898871	49899298	427	427	36.00	1731.00	706.71	941.00	301766.00
chr16	66432358	66432464	106	106	83.00	123.00	103.86	102.50	11009.00
chr1	20982593	20982680	87	87	858.00	1095.00	963.08	947.00	83788.00
chr16	68398653	68398809	156	156	186.00	244.00	213.19	214.00	33258.00
chr17	16676818	16678279	1461	1461	0.00	9.00	3.56	4.00	5207.00
chr1	109814899	109815027	128	128	116.00	170.00	139.30	138.50	17831.00
chr1	21940478	21940582	104	104	194.00	244.00	215.12	215.00	22372.00
chr20	57468284	57468793	509	509	1.00	10.00	2.95	2.00	1502.00
chr3	127358087	127358366	279	279	1038.00	1951.00	1580.37	1616.00	440923.00
chr3	126735359	126735527	168	168	53.00	72.00	61.85	62.00	10390.00
chr10	103869140	103869264	124	124	598.00	828.00	707.34	709.00	87710.00
chr20	44520554	44520666	112	112	59.00	78.00	69.70	69.00	7806.00
chr1	32203252	32203356	104	104	271.00	401.00	338.25	356.00	35178.00
chr21	40186196	40186316	120	120	41.00	61.00	51.90	52.00	6228.00
chr5	111067153	111068349	1196	1196	0.00	14.00	3.98	4.00	4764.00
chr9	128002954	128003186	232	232	317.00	503.00	406.66	407.00	94346.00
chr1	43408896	43408992	96	96	139.00	202.00	174.12	175.00	16716.00
chr3	47463931	47464026	95	95	211.00	242.00	223.00	222.00	21185.00
chr2	220161160	220161238	78	78	280.00	354.00	311.44	300.00	24292.00
chr11	62472772	62473089	317	317	769.00	1333.00	1050.05	1106.00	332865.00
chr9	130986341	130986906	565	565	0.00	324.00	73.96	0.00	41785.00
chr14	69358769	69359000	231	231	36.00	64.00	51.14	54.00	11813.00
chr11	64416205	64416379	174	174	358.00	549.00	455.39	461.50	79237.00
chr17	8398454	8398559	105	105	168.00	221.00	201.62	201.00	21170.00
chr12	53572943	53574193	1250	1250	0.00	18.00	5.14	4.00	6425.00
chr17	17696544	17701827	5283	5283	7.00	117.00	36.28	32.00	191692.00
chr8	11705187	11705331	144	144	709.00	936.00	838.02	861.00	120675.00
chr19	54963829	54963931	102	102	27.00	44.00	36.16	36.00	3688.00
chr2	70451682	70456295	4613	4613	0.00	155.00	6.97	1.00	32144.00
chr11	118873959	118874169	210	210	0.00	3.00	1.43	0.00	300.00
chr10	75548427	75548581	154	154	23.00	75.00	50.43	54.00	7766.00
chr6	33414351	33414563	212	212	457.00	840.00	704.45	726.00	149343.00
chr17	80042910	80043032	122	122	609.00	689.00	656.17	657.00	80053.00
chr11	11470290	11470483	193	193	33.00	50.00	42.21	42.00	8146.00
chr8	23294446	23294771	325	325	12.00	61.00	37.78	37.00	12279.00
chr1	116932060	116932663	603	603	0.00	908.00	304.11	0.00	183381.00
chr15	83222627	83222741	114	114	2.00	5.00	3.18	3.00	362.00
chr3	9841562	9841751	189	189	53.00	110.00	80.72	81.00	15256.00
chr1	116937731	116937907	176	176	668.00	1296.00	845.79	780.00	148859.00
chr16	87868019	87868197	178	178	225.00	305.00	270.93	272.50	48225.00
chr3	124209540	124209731	191	191	59.00	91.00	72.11	71.00	13773.00
chr7	71142195	71142291	96	96	330.00	454.00	366.29	355.50	35164.00
chr5	130497324	130497584	260	260	1.00	18.00	8.64	6.00	2247.00
chr13	100199238	100199358	120	120	457.00	634.00	538.08	526.00	64569.00
chr5	139943336	139943506	170	170	14.00	107.00	92.72	95.00	15762.00
chr17	74395529	74396002	473	473	71.00	120.00	94.84	96.00	44860.00
chr14	93179149	93179216	67	67	224.00	285.00	265.06	269.00	17759.00
chr4	160277004	160277310	306	306	15.00	158.00	71.68	69.00	21935.00
chr17	40666306	40666478	172	172	343.00	624.00	474.75	488.50	81657.00
chr15	34828065	34828207	142	142	0.00	3.00	0.97	1.00	138.00
chr14	100165802	100165876	74	74	33.00	50.00	42.70	45.00	3160.00
chr22	20128089	20128231	142	142	0.00	57.00	30.79	45.00	4372.00
chr12	3392210	3394421	2211	2211	6.00	246.00	91.73	88.00	202805.00
chr17	16687866	16690667	2801	2801	0.00	6.00	0.48	0.00	1334.00
chr6	31664724	31664810	86	86	115.00	183.00	146.73	137.50	12619.00
chr6	30627512	30627611	99	99	56.00	90.00	77.22	82.00	7645.00
chr11	18752834	18755060	2226	2226	0.00	549.00	42.70	0.00	95053.00
chr12	109332602	109332731	129	129	274.00	422.00	340.05	359.00	43866.00
chr6	90072884	90073110	226	226	4.00	19.00	10.83	10.00	2448.00
chr16	2689371	2689711	340	340	0.00	0.00	0.00	0.00	0.00
chr1	20987373	20987484	111	111	738.00	981.00	886.40	890.00	98390.00
chr14	85985300	85986667	1367	1367	9.00	45.00	24.88	24.00	34017.00
chr13	32863769	32863880	111	111	131.00	195.00	157.86	154.00	17523.00
chr16	1510418	1510528	110	110	52.00	90.00	70.38	74.00	7742.00
chr19	54963269	54963444	175	175	20.00	44.00	33.65	33.00	5888.00
chr6	44224078	44224233	155	155	152.00	200.00	174.08	176.00	26983.00
chr20	3151172	3152285	1113	1113	0.00	0.00	0.00	0.00	0.00
chr1	892273	892405	132	132	211.00	338.00	256.30	252.00	33831.00
chr16	90192167	90192724	557	557	0.00	0.00	0.00	0.00	0.00
chr9	111663704	111663810	106	106	24.00	45.00	32.22	31.00	3415.00
chr6	44108764	44108835	71	71	246.00	356.00	289.61	282.00	20562.00
chr1	36028802	36029027	225	225	714.00	1167.00	880.09	845.00	198020.00
chr11	66807259	66807674	415	415	0.00	11.00	4.25	4.00	1765.00
chr1	178426817	178427679	862	862	8.00	30.00	18.58	19.00	16013.00
chr19	42482302	42482478	176	176	1738.00	2698.00	2127.89	2116.00	374509.00
chr1	44084718	44084873	155	155	101.00	343.00	203.02	191.00	31468.00
chr1	109812315	109812442	127	127	103.00	135.00	119.76	119.00	15209.00
chr3	180324268	180324391	123	123	20.00	37.00	26.94	26.00	3314.00
chr15	63933668	63933842	174	174	57.00	97.00	72.51	69.00	12616.00
chr20	44521363	44521519	156	156	94.00	123.00	109.94	111.00	17151.00
chr3	33416779	33416910	131	131	118.00	241.00	160.45	143.00	21019.00
chr1	21934624	21934843	219	219	0.00	279.00	111.88	146.00	24502.00
chr14	69799801	69799886	85	85	22.00	48.00	36.42	37.00	3096.00
chr1	116936134	116936345	211	211	0.00	999.00	833.27	910.00	175821.00
chr14	23634493	23634645	152	152	10.00	24.00	17.99	17.00	2734.00
chr16	1402538	1402947	409	409	0.00	0.00	0.00	0.00	0.00
chr9	20331	25000	4669	4669	0.00	133.00	3.66	2.00	17094.00
chr17	43545574	43545959	385	385	9.00	26.00	16.58	18.00	6385.00
chr13	100201418	100201476	58	58	487.00	551.00	518.79	517.50	30090.00
chr15	41865505	41865665	160	160	70.00	140.00	101.10	98.00	16176.00
chr19	19641688	19642196	508	508	0.00	2.00	0.20	0.00	104.00
chr11	134147593	134148159	566	566	1.00	7.00	4.45	4.00	2518.00
chr2	71656420	71657290	870	870	0.00	0.00	0.00	0.00	0.00
chr7	97834775	97835016	241	241	24.00	60.00	42.56	42.00	10256.00
chr19	13363804	13363915	111	111	56.00	91.00	71.68	72.00	7957.00
chr18	31328383	31329011	628	628	39.00	85.00	60.29	59.00	37860.00
chr16	66431884	66432009	125	125	36.00	79.00	57.86	55.00	7233.00
chr19	47935155	47935702	547	547	1.00	355.00	134.74	160.00	73702.00
chr12	50291769	50291873	104	104	318.00	514.00	381.88	368.50	39716.00
chr11	1780198	1780317	119	119	397.00	722.00	502.54	490.00	59802.00
chr15	65392626	65393167	541	541	0.00	0.00	0.00	0.00	0.00
chr2	86397871	86397967	96	96	103.00	156.00	132.18	141.00	12689.00
chr7	97866087	97866233	146	146	47.00	97.00	71.90	75.00	10498.00
chr11	60687157	60687402	245	245	115.00	185.00	155.14	164.00	38009.00
chr21	43307700	43309453	1753	1753	2.00	35.00	11.12	9.00	19486.00
chr14	24619269	24619657	388	388	26.00	47.00	36.33	35.00	14096.00
chr11	65320634	65320727	93	93	36.00	63.00	45.15	43.00	4199.00
chr16	29891184	29891385	201	201	814.00	1073.00	938.43	914.00	188625.00
chr1	32207224	32207326	102	102	261.00	342.00	304.16	309.50	31024.00
chr11	72300218	72300394	176	176	0.00	147.00	50.19	0.00	8833.00
chr17	7608878	7609038	160	160	102.00	396.00	303.79	353.00	48607.00
chr19	7607646	7607814	168	168	89.00	130.00	110.12	112.00	18500.00
chr19	54966129	54966271	142	142	30.00	45.00	39.43	40.00	5599.00
chr12	57995027	57995131	104	104	52.00	82.00	65.81	65.00	6844.00
chr1	27428875	27429049	174	174	27.00	46.00	35.82	36.00	6232.00
chr2	27688277	27688385	108	108	21.00	39.00	30.77	30.00	3323.00
chr16	2691449	2692254	805	805	0.00	3.00	0.43	0.00	343.00
chr9	131503813	131503933	120	120	270.00	343.00	311.24	317.00	37349.00
chr16	2347766	2347922	156	156	179.00	225.00	205.18	206.00	32008.00
chr17	80039884	80040036	152	152	1300.00	1703.00	1478.51	1476.00	224733.00
chr1	32204432	32204538	106	106	266.00	568.00	403.66	375.00	42788.00
chr12	9242951	9243078	127	127	203.00	236.00	218.28	217.00	27721.00
chr3	49702661	49702751	90	90	30.00	50.00	42.44	43.00	3820.00
chr19	35820359	35820837	478	478	0.00	0.00	0.00	0.00	0.00
chr1	201456762	201457615	853	853	0.00	5.00	0.70	0.00	600.00
chr16	2334279	2334438	159	159	176.00	337.00	266.89	273.00	42436.00
chr10	73578373	73578481	108	108	2841.00	3739.00	3283.76	3285.50	354646.00
chr16	18530550	18530756	206	206	0.00	398.00	176.15	246.00	36287.00
chr16	16369094	16369300	206	206	0.00	413.00	179.62	248.50	37002.00
chr13	113975636	113975785	149	149	2.00	560.00	243.67	5.00	36307.00
chr11	119293822	119294227	405	405	0.00	1610.00	125.76	2.00	50932.00
chr5	150505962	150506041	79	79	175.00	208.00	189.34	190.00	14958.00
chr22	44224939	44225078	139	139	285.00	372.00	333.71	333.00	46386.00
chr15	41865199	41865309	110	110	105.00	134.00	117.25	118.00	12897.00
chr17	25633807	25636298	2491	2491	0.00	71.00	11.83	5.00	29479.00
chr15	72495155	72495529	374	374	0.00	2283.00	926.57	3.00	346537.00
chr9	42540272	42542124	1852	1852	0.00	1.00	0.11	0.00	200.00
chr11	119290760	119291704	944	944	0.00	2186.00	470.36	15.00	444021.00
chr19	5219949	5220165	216	216	195.00	311.00	235.06	223.00	50773.00
chr15	63910769	63911153	384	384	0.00	0.00	0.00	0.00	0.00
chr17	74393879	74393969	90	90	110.00	138.00	121.98	120.00	10978.00
chr10	104129467	104129532	65	65	86.00	109.00	95.45	95.00	6204.00
chr3	142454224	142454620	396	396	0.00	1.00	0.16	0.00	64.00
chr12	121205196	121205396	200	200	265.00	344.00	303.38	302.50	60677.00
chr3	31705570	31705724	154	154	22.00	32.00	26.90	27.00	4142.00
chr6	118635190	118636593	1403	1403	37.00	286.00	157.94	147.00	221594.00
chr8	10339867	10340829	962	962	0.00	7.00	2.30	2.00	2208.00
chr19	16952578	16952779	201	201	146.00	237.00	194.16	196.00	39027.00
chr8	110984486	110985016	530	530	43.00	117.00	79.13	81.00	41938.00
chr9	128001219	128001610	391	391	482.00	1157.00	852.99	890.00	333518.00
chr11	73070878	73070997	119	119	38.00	57.00	48.36	52.00	5755.00
chr10	104130140	104130235	95	95	87.00	114.00	100.06	99.00	9506.00
chr5	95733039	95733173	134	134	0.00	0.00	0.00	0.00	0.00
chr19	59059400	59059547	147	147	1481.00	2111.00	1758.67	1746.00	258525.00
chr5	139943169	139943255	86	86	5.00	91.00	69.33	77.00	5962.00
chr17	73487771	73487981	210	210	30.00	51.00	40.80	42.00	8567.00
chr1	154315588	154315777	189	189	11.00	24.00	18.30	20.00	3458.00
chr14	95652726	95653070	344	344	0.00	0.00	0.00	0.00	0.00
chr12	123639801	123640772	971	971	0.00	20.00	8.01	9.00	7775.00
chr22	47064870	47065171	301	301	0.00	1.00	0.33	0.00	100.00
chr5	24535220	24535388	168	168	101.00	156.00	131.89	135.00	22157.00
chr12	6806452	6806958	506	506	112.00	311.00	205.51	199.00	103986.00
chr22	29881711	29881836	125	125	4.00	11.00	6.26	5.00	783.00
chr7	75894681	75894786	105	105	31.00	55.00	44.98	45.00	4723.00
chr12	121089007	121095893	6886	6886	0.00	6.00	0.23	0.00	1600.00
chr1	207940357	207942365	2008	2008	0.00	97.00	8.18	0.00	16424.00
chr7	154681166	154681240	74	74	370.00	430.00	406.00	409.00	30044.00
chr5	131696513	131697529	1016	1016	0.00	0.00	0.00	0.00	0.00
chr11	1776135	1776258	123	123	272.00	673.00	424.47	375.00	52210.00
chr8	11706554	11706673	119	119	542.00	703.00	622.82	629.00	74116.00
chr11	18759426	18759511	85	85	249.00	362.00	292.74	282.00	24883.00
chr16	61689373	61689625	252	252	76.00	126.00	95.03	94.00	23947.00
chr15	51750702	51750824	122	122	110.00	138.00	121.66	122.00	14843.00
chr9	35555056	35555698	642	642	217.00	597.00	399.22	411.00	256298.00
chr2	198356200	198356621	421	421	0.00	0.00	0.00	0.00	0.00
chr9	131001723	131001794	71	71	427.00	677.00	544.69	542.00	38673.00
chr19	5214371	5214491	120	120	579.00	727.00	626.45	614.00	75174.00
chr22	35719488	35719623	135	135	61.00	118.00	98.53	99.00	13301.00
chr12	121678738	121679829	1091	1091	0.00	3.00	0.73	0.00	800.00
chr14	23820960	23821064	104	104	750.00	1176.00	991.38	1025.00	103104.00
chr1	32205710	32205779	69	69	260.00	315.00	290.41	296.00	20038.00
chr3	33420176	33420326	150	150	1.00	286.00	95.95	2.00	14392.00
chr9	114820707	114820966	259	259	26.00	61.00	45.12	46.00	11687.00
chr15	41865876	41866023	147	147	0.00	193.00	159.76	173.00	23485.00
chr19	55554308	55554637	329	329	0.00	3.00	1.28	1.00	420.00
chr1	116933403	116933513	110	110	825.00	1149.00	989.08	968.50	108799.00
chr19	15374230	15374359	129	129	42.00	87.00	69.68	77.00	8989.00
chr12	56090682	56090852	170	170	4.00	14.00	7.60	7.00	1292.00
chr14	69445668	69445876	208	208	4.00	70.00	36.99	37.00	7694.00
chr12	57603474	57603651	177	177	233.00	365.00	268.85	264.00	47586.00
chr22	32897492	32898946	1454	1454	1.00	78.00	39.52	40.00	57456.00
chr16	16367702	16367764	62	62	5.00	256.00	129.81	144.00	8048.00
chr19	5245786	5246056	270	270	145.00	354.00	228.92	229.50	61809.00
chr16	74345440	74345829	389	389	0.00	0.00	0.00	0.00	0.00
chr6	107096899	107097076	177	177	53.00	86.00	67.36	69.00	11922.00
chr1	29641883	29642019	136	136	74.00	94.00	82.51	81.00	11221.00
chr8	97342440	97342509	69	69	452.00	580.00	501.41	496.00	34597.00
chr8	68116914	68117054	140	140	83.00	152.00	120.23	123.50	16832.00
chr22	22037470	22037546	76	76	54.00	77.00	66.50	66.00	5054.00
chr22	50682147	50683420	1273	1273	1.00	36.00	12.66	11.00	16116.00
chr20	44048971	44049069	98	98	219.00	298.00	264.63	269.50	25934.00
chr1	36904356	36904511	155	155	27.00	50.00	38.38	40.00	5949.00
chr12	71054719	71054877	158	158	64.00	103.00	78.96	76.00	12476.00
chr15	50654364	50655515	1151	1151	0.00	3.00	1.11	1.00	1272.00
chr2	234198499	234198620	121	121	58.00	95.00	77.94	79.00	9431.00
chr9	128001699	128001812	113	113	578.00	703.00	633.12	624.00	71543.00
chr8	38272296	38272419	123	123	42.00	74.00	60.43	63.00	7433.00
chr11	73068069	73068179	110	110	25.00	38.00	32.90	33.00	3619.00
chr16	28123137	28123327	190	190	212.00	340.00	275.84	282.00	52410.00
chr12	49424062	49424222	160	160	4.00	13.00	8.11	8.00	1297.00
chr19	50302885	50303023	138	138	359.00	546.00	434.44	398.00	59953.00
chr19	42480567	42480718	151	151	3182.00	4204.00	3770.97	3842.00	569416.00
chr3	197904395	197905301	906	906	0.00	0.00	0.00	0.00	0.00
chr13	100189992	100190117	125	125	345.00	425.00	386.33	383.00	48291.00
chr19	14268062	14268272	210	210	225.00	357.00	300.06	295.00	63013.00
chr10	93786886	93787057	171	171	52.00	85.00	67.16	63.00	11484.00
chr1	109808726	109808828	102	102	57.00	89.00	73.18	71.00	7464.00
chr4	134075461	134075520	59	59	354.00	516.00	426.20	426.00	25146.00
chr1	22052268	22053864	1596	1596	0.00	8.00	2.45	2.00	3917.00
chr9	140056855	140056968	113	113	423.00	545.00	490.44	489.00	55420.00
chr19	42482087	42482224	137	137	2719.00	3889.00	3207.09	3235.00	439372.00
chr19	4556962	4557025	63	63	290.00	374.00	329.06	325.00	20731.00
chr19	14266921	14267013	92	92	274.00	348.00	313.60	319.50	28851.00
chr22	42273851	42274127	276	276	0.00	1321.00	622.33	725.00	171764.00
chr1	205549788	205550049	261	261	1.00	6.00	3.08	2.00	803.00
chr1	110765585	110766522	937	937	13.00	57.00	36.01	37.00	33746.00
chr19	55553595	55554158	563	563	5.00	24.00	11.33	10.00	6378.00
chr7	150929881	150931360	1479	1479	14.00	107.00	40.94	37.00	60546.00
chr3	124215157	124215260	103	103	53.00	79.00	69.52	70.00	7161.00
chr16	58220658	58220760	102	102	113.00	185.00	152.01	146.50	15505.00
chr3	10381925	10382033	108	108	97.00	146.00	126.10	126.50	13619.00
chr10	11356101	11356221	120	120	63.00	74.00	69.83	70.00	8379.00
chr22	42294652	42294785	133	133	840.00	1257.00	1085.08	1115.00	144316.00
chr1	2005531	2005714	183	183	2.00	24.00	13.96	13.00	2554.00
chr12	113722522	113722576	54	54	10.00	14.00	11.65	12.00	629.00
chr9	131502198	131502398	200	200	0.00	395.00	318.69	345.00	63738.00
chr19	40873602	40873786	184	184	1183.00	1430.00	1305.49	1313.50	240211.00
chr2	220162606	220162825	219	219	74.00	200.00	135.17	135.00	29602.00
chr16	28270027	28270355	328	328	0.00	4.00	1.52	1.00	497.00
chr4	3225718	3225858	140	140	51.00	89.00	73.07	76.00	10230.00
chr17	44127898	44128070	172	172	102.00	132.00	117.10	117.00	20142.00
chr3	47462043	47462262	219	219	73.00	234.00	131.08	114.00	28707.00
chr6	99873090	99873182	92	92	3.00	132.00	50.27	48.00	4625.00
chr7	142561723	142562504	781	781	145.00	324.00	215.38	212.00	168210.00
chr1	159169540	159169666	126	126	1969.00	2416.00	2214.90	2251.00	279078.00
chr19	7606869	7606953	84	84	43.00	69.00	54.21	51.50	4554.00
chr16	2811561	2818298	6737	6737	0.00	381.00	152.00	127.00	1024009.00
chr3	47450652	47450807	155	155	61.00	110.00	83.86	82.00	12998.00
chr11	118403631	118403922	291	291	85.00	158.00	109.02	105.00	31726.00
chr1	205555161	205555335	174	174	1.00	9.00	4.60	5.00	801.00
chr12	125603186	125603311	125	125	121.00	156.00	132.52	131.00	16565.00
chr11	86658288	86659498	1210	1210	14.00	63.00	39.29	39.50	47544.00
chr22	37764946	37768745	3799	3799	4.00	607.00	198.07	161.00	752481.00
chr10	46345664	46346215	551	551	0.00	3.00	0.54	0.00	300.00
chr22	33673045	33673241	196	196	124.00	308.00	191.67	168.00	37567.00
chr9	140042599	140042666	67	67	4.00	30.00	22.64	24.00	1517.00
chr3	48717233	48717320	87	87	25.00	35.00	29.28	29.00	2547.00
chr11	60681600	60681740	140	140	10.00	163.00	76.91	68.00	10767.00
chr10	93784512	93784724	212	212	35.00	61.00	49.45	50.50	10484.00
chr12	7289424	7290372	948	948	0.00	520.00	131.10	0.00	124282.00
chr3	132387062	132387526	464	464	0.00	1.00	0.41	0.00	188.00
chr16	2335442	2335647	205	205	187.00	346.00	270.15	275.00	55381.00
chr16	1794782	1797276	2494	2494	0.00	202.00	14.27	1.00	35591.00
chr16	3786036	3786204	168	168	66.00	96.00	81.35	81.00	13666.00
chr9	141131209	141131766	557	557	0.00	0.00	0.00	0.00	0.00
chr14	92965028	92966015	987	987	0.00	5.00	1.11	0.00	1100.00
chr19	54692070	54692200	130	130	88.00	298.00	180.17	147.50	23422.00
chr15	43866006	43866230	224	224	7.00	20.00	13.65	12.50	3058.00
chr3	40231316	40231954	638	638	8.00	28.00	14.48	13.00	9239.00
chr3	50148937	50149455	518	518	0.00	6.00	2.86	3.00	1481.00
chr4	81117505	81117755	250	250	36.00	77.00	56.17	59.00	14043.00
chr10	46740404	46740638	234	234	0.00	7.00	2.40	2.00	561.00
chr3	124210169	124210271	102	102	51.00	75.00	65.98	69.00	6730.00
chr11	107488830	107488932	102	102	237.00	430.00	319.98	303.00	32638.00
chr9	130591965	130592106	141	141	50.00	75.00	63.71	64.00	8983.00
chr1	20981932	20982027	95	95	815.00	976.00	887.00	889.00	84265.00
chr12	75875613	75875859	246	246	7.00	20.00	12.63	12.00	3106.00
chr22	32046684	32046764	80	80	76.00	119.00	100.80	104.00	8064.00
chr11	70331418	70331658	240	240	11.00	38.00	20.09	19.00	4821.00
chr14	51079976	51080069	93	93	293.00	349.00	318.44	316.00	29615.00
chr17	80041077	80041301	224	224	813.00	2191.00	1554.93	1736.00	348305.00
chr7	158540884	158540971	87	87	47.00	71.00	59.51	59.00	5177.00
chr1	21553651	21553719	68	68	30.00	50.00	37.75	35.00	2567.00
chr2	219206256	219206349	93	93	8.00	18.00	12.56	12.00	1168.00
chr17	18444211	18445242	1031	1031	0.00	7.00	3.19	3.00	3290.00
chr12	57599340	57599460	120	120	149.00	240.00	184.99	179.00	22199.00
chr11	64417919	64418110	191	191	513.00	803.00	693.89	726.00	132533.00
chr19	3274926	3275650	724	724	0.00	1.00	0.14	0.00	100.00
chr16	18532086	18532305	219	219	344.00	655.00	461.45	462.00	101058.00
chr17	3776702	3776756	54	54	101.00	121.00	111.56	111.00	6024.00
chr1	116932670	116933033	363	363	0.00	1032.00	515.79	845.00	187232.00
chr16	1505731	1505796	65	65	114.00	148.00	133.74	134.00	8693.00
chr1	9794029	9794200	171	171	1394.00	1691.00	1546.44	1559.00	264442.00
chr10	73579221	73579379	158	158	2503.00	3439.00	2939.96	2999.50	464513.00
chr11	6411684	6412146	462	462	13.00	110.00	69.00	68.00	31880.00
chr1	159163212	159163350	138	138	1520.00	1883.00	1647.73	1618.50	227387.00
chr16	1816723	1816804	81	81	234.00	288.00	262.59	266.00	21270.00
chr7	91722399	91722630	231	231	0.00	63.00	42.42	41.00	9800.00
chr7	44281816	44281939	123	123	598.00	768.00	662.19	654.00	81449.00
chr2	220467189	220467297	108	108	17.00	45.00	30.08	30.00	3249.00
chr16	4494664	4494729	65	65	135.00	158.00	147.54	147.00	9590.00
chr15	34681844	34681986	142	142	0.00	7.00	2.17	2.00	308.00
chr9	139995935	139996124	189	189	180.00	306.00	247.14	246.00	46709.00
chr3	180324040	180324160	120	120	20.00	34.00	26.94	28.00	3233.00
chr3	42678359	42681242	2883	2883	0.00	21.00	7.19	6.00	20739.00
chr7	131812776	131815333	2557	2557	20.00	201.00	78.17	76.00	199890.00
chr20	1585387	1585522	135	135	0.00	51.00	21.76	18.00	2938.00
chr3	126751229	126751442	213	213	158.00	224.00	195.99	200.00	41745.00
chr15	63920875	63921014	139	139	74.00	150.00	112.42	119.00	15627.00
chr16	2040128	2040202	74	74	7.00	53.00	32.18	35.50	2381.00
chr9	74324174	74324390	216	216	25.00	45.00	34.69	33.00	7493.00
chr20	44521858	44521950	92	92	90.00	123.00	106.15	104.00	9766.00
chr9	139911647	139911798	151	151	22.00	47.00	31.50	29.00	4756.00
chr9	140055507	140055649	142	142	385.00	704.00	546.85	498.00	77652.00
chr12	120148055	120148191	136	136	5.00	17.00	11.49	13.00	1562.00
chr12	50474280	50474372	92	92	177.00	275.00	223.77	218.00	20587.00
chr15	63125702	63125828	126	126	63.00	102.00	76.78	78.00	9674.00
chr9	20907148	20907241	93	93	55.00	80.00	66.13	66.00	6150.00
chr16	87874655	87874761	106	106	192.00	329.00	265.71	244.00	28165.00
chr2	162833269	162833460	191	191	0.00	48.00	19.51	29.00	3727.00
chr8	11704560	11704677	117	117	525.00	731.00	623.46	616.00	72945.00
chr15	63926931	63927087	156	156	111.00	171.00	145.67	143.00	22724.00
chr6	31668718	31668805	87	87	145.00	182.00	162.54	163.00	14141.00
chr7	148910792	148910906	114	114	64.00	175.00	136.44	157.00	15554.00
chr14	42355808	42357213	1405	1405	53.00	267.00	119.77	117.00	168275.00
chr10	88678928	88679226	298	298	40.00	84.00	53.33	52.00	15891.00
chr3	140998219	140998346	127	127	64.00	189.00	129.01	137.00	16384.00
chr1	144859758	144859998	240	240	33.00	75.00	44.06	43.00	10574.00
chr9	96054772	96055455	683	683	21.00	178.00	103.46	112.00	70663.00
chr19	7604803	7604944	141	141	62.00	104.00	80.65	81.00	11371.00
chr12	30906277	30907432	1155	1155	0.00	4.00	0.71	0.00	816.00
chr9	131112762	131112854	92	92	84.00	151.00	120.72	129.00	11106.00
chr20	61981328	61982379	1051	1051	32.00	127.00	76.34	74.00	80233.00
chr7	38431348	38431618	270	270	263.00	452.00	325.14	309.00	87788.00
chr20	44521036	44521123	87	87	63.00	113.00	83.68	79.00	7280.00
chr11	64418726	64419108	382	382	370.00	687.00	514.09	503.50	196382.00
chr12	120148344	120150270	1926	1926	0.00	6.00	0.44	0.00	838.00
chr12	6930971	6931066	95	95	9.00	574.00	292.92	286.00	27827.00
chr16	2339434	2339621	187	187	140.00	304.00	199.43	180.00	37293.00
chr2	27700083	27700187	104	104	21.00	36.00	30.15	32.00	3136.00
chr14	69805367	69805494	127	127	36.00	67.00	48.63	47.00	6176.00
chr12	9242497	9242619	122	122	228.00	321.00	278.51	296.00	33978.00
chr3	58256658	58256791	133	133	60.00	118.00	84.74	89.00	11271.00
chr10	79744927	79745098	171	171	83.00	232.00	159.93	156.00	27348.00
chr1	159161725	159161866	141	141	792.00	1449.00	1137.89	1189.00	160443.00
chr16	31085202	31085519	317	317	6.00	49.00	34.49	37.00	10934.00
chr1	171755018	171755218	200	200	78.00	119.00	98.58	98.00	19716.00
chr9	130988124	130989280	1156	1156	0.00	135.00	13.07	0.00	15114.00
chr15	63127935	63127998	63	63	60.00	81.00	70.49	69.00	4441.00
chr19	1917676	1917821	145	145	1.00	254.00	177.96	180.00	25804.00
chr22	25315792	25315960	168	168	13.00	38.00	25.39	25.00	4265.00
chr2	207943790	207945085	1295	1295	66.00	178.00	115.54	110.00	149623.00
chr11	47330706	47330952	246	246	0.00	474.00	201.23	0.00	49502.00
chr3	142743978	142746095	2117	2117	0.00	83.00	5.00	1.00	10581.00
chr7	44839492	44839694	202	202	1.00	7.00	4.02	3.00	812.00
chr22	31688260	31688471	211	211	2.00	71.00	46.08	52.00	9723.00
chr11	66333492	66333638	146	146	330.00	443.00	393.82	407.00	57498.00
chr9	131114916	131115026	110	110	140.00	220.00	177.45	168.00	19520.00
chr1	20206	21013	807	807	0.00	9.00	3.85	4.00	3106.00
chr11	108216469	108216635	166	166	13.00	28.00	20.40	21.00	3386.00
chr1	209778880	209779019	139	139	32.00	52.00	42.19	43.00	5864.00
chr1	202935876	202936026	150	150	109.00	174.00	143.95	147.00	21592.00
chr12	57600255	57600524	269	269	183.00	308.00	249.73	259.00	67177.00
chr19	15233503	15233615	112	112	146.00	180.00	160.93	158.50	18024.00
chr8	68115317	68115486	169	169	122.00	191.00	159.28	156.00	26918.00
chr19	13419229	13419342	113	113	24.00	50.00	36.35	34.00	4108.00
chr6	33266815	33267130	315	315	8.00	75.00	37.90	36.00	11940.00
chr16	89780611	89781646	1035	1035	0.00	0.00	0.00	0.00	0.00
chr12	109964162	109964221	59	59	46.00	63.00	53.53	56.00	3158.00
chr22	24491893	24492045	152	152	51.00	86.00	63.73	61.50	9687.00
chr2	242592926	242593025	99	99	278.00	402.00	318.33	314.00	31515.00
chr1	21937944	21938074	130	130	209.00	354.00	291.70	315.00	37921.00
chr2	223789173	223789313	140	140	196.00	250.00	222.73	222.00	31182.00
chr20	3772318	3772535	217	217	0.00	0.00	0.00	0.00	0.00
chr16	18531918	18532001	83	83	435.00	681.00	566.22	593.00	46996.00
chr1	43396296	43396537	241	241	193.00	267.00	231.51	232.00	55793.00
chr2	100037960	100038115	155	155	71.00	139.00	108.15	114.00	16764.00
chr16	1500497	1500770	273	273	0.00	118.00	64.50	91.00	17608.00
chr19	40876016	40876144	128	128	1186.00	1557.00	1386.40	1406.00	177459.00
chr5	168112691	168112932	241	241	6.00	25.00	15.93	15.00	3839.00
chr2	127825738	127825831	93	93	466.00	588.00	522.02	521.00	48548.00
chr1	19232015	19234990	2975	2975	8.00	144.00	34.96	29.00	104014.00
chr16	1391129	1391196	67	67	2.00	12.00	6.67	6.00	447.00
chr6	33410665	33411689	1024	1024	17.00	628.00	290.86	275.00	297837.00
chr9	95872033	95872266	233	233	0.00	1.00	0.42	0.00	99.00
chr1	53378627	53378839	212	212	0.00	0.00	0.00	0.00	0.00
chr2	80531276	80531693	417	417	35.00	181.00	110.85	110.00	46225.00
chr7	44286718	44286791	73	73	432.00	545.00	481.77	481.00	35169.00
chr7	157369304	157369471	167	167	312.00	377.00	340.35	339.00	56838.00
chr11	18755079	18755191	112	112	0.00	368.00	239.84	319.00	26862.00
chr6	86237979	86238080	101	101	256.00	319.00	291.25	293.00	29416.00
chr8	145000951	145001050	99	99	16.00	28.00	21.48	21.00	2127.00
chr19	45167680	45167966	286	286	3.00	29.00	14.30	16.00	4091.00
chr10	48930165	48930400	235	235	0.00	3.00	1.06	1.00	249.00
chr16	87871450	87871547	97	97	242.00	310.00	281.47	287.00	27303.00
chr1	109815454	109815649	195	195	115.00	181.00	134.99	128.00	26323.00
chr1	208215442	208215711	269	269	49.00	86.00	68.75	67.00	18494.00
chr2	260866	261451	585	585	1.00	15.00	6.85	8.00	4010.00
chr5	180481266	180481724	458	458	0.00	0.00	0.00	0.00	0.00
chr7	73119479	73119631	152	152	2.00	1209.00	534.95	3.00	81312.00
chr15	34677248	34677358	110	110	2.00	6.00	3.90	4.00	429.00
chr16	57687114	57687247	133	133	122.00	184.00	158.18	157.00	21038.00
chr15	50649406	50649592	186	186	0.00	5.00	1.89	2.00	351.00
chr22	21071995	21072066	71	71	376.00	461.00	420.63	420.00	29865.00
chr5	179200882	179201561	679	679	0.00	29.00	14.92	14.00	10129.00
chr10	98763824	98763979	155	155	365.00	567.00	469.66	472.00	72798.00
chr14	102963315	102963457	142	142	20.00	55.00	36.11	37.00	5128.00
chr1	21932558	21933138	580	580	0.00	332.00	63.09	0.00	36592.00
chr16	28118842	28118998	156	156	271.00	393.00	325.58	322.00	50791.00
chr1	241767561	241767881	320	320	4.00	24.00	14.82	16.00	4742.00
chr11	66812063	66812184	121	121	1.00	5.00	2.55	2.00	309.00
chr11	12248571	12248678	107	107	26.00	39.00	33.12	33.00	3544.00
chr9	130588788	130588951	163	163	54.00	84.00	72.16	74.00	11762.00
chr22	21068915	21068988	73	73	367.00	454.00	414.71	416.00	30274.00
chr1	43424304	43424531	227	227	10.00	201.00	135.75	153.00	30816.00
chr14	105852021	105853670	1649	1649	0.00	6.00	1.11	1.00	1827.00
chr15	34823469	34823579	110	110	2.00	8.00	4.83	5.00	531.00
chr11	171365	172282	917	917	0.00	0.00	0.00	0.00	0.00
chr22	24493976	24494155	179	179	34.00	117.00	73.73	82.00	13198.00
chr15	79291060	79291167	107	107	3.00	13.00	7.25	6.00	776.00
chr16	2145904	2146194	290	290	0.00	0.00	0.00	0.00	0.00
chr9	131503050	131503166	116	116	274.00	403.00	332.09	319.50	38523.00
chr11	61301983	61302579	596	596	0.00	0.00	0.00	0.00	0.00
chr22	25308609	25308719	110	110	25.00	35.00	28.99	29.00	3189.00
chr12	63977826	63979986	2160	2160	0.00	3.00	0.33	0.00	722.00
chr19	46928844	46930933	2089	2089	7.00	159.00	93.48	98.00	195287.00
chr16	56969146	56969224	78	78	126.00	186.00	152.27	154.50	11877.00
chr17	40665787	40665996	209	209	2.00	827.00	317.15	415.00	66285.00
chr9	131669435	131671600	2165	2165	30.00	173.00	87.35	86.00	189110.00
chr2	220164026	220164271	245	245	0.00	248.00	76.09	1.00	18641.00
chr19	7589846	7590052	206	206	67.00	187.00	122.41	120.00	25216.00
chr6	91260186	91260268	82	82	58.00	73.00	65.51	65.00	5372.00
chr9	124543742	124543830	88	88	202.00	242.00	225.20	230.50	19818.00
chr12	54071005	54071170	165	165	0.00	7.00	2.90	2.00	478.00
chr2	40443	41212	769	769	6.00	45.00	24.62	24.00	18936.00
chr11	67852159	67852747	588	588	0.00	1.00	0.34	0.00	200.00
chr8	8233762	8234810	1048	1048	6.00	36.00	16.03	14.00	16802.00
chr2	175671113	175672148	1035	1035	0.00	0.00	0.00	0.00	0.00
chr7	138984922	138985438	516	516	0.00	16.00	4.73	3.00	2439.00
chr22	40816850	40817104	254	254	88.00	217.00	171.76	173.00	43628.00
chr19	14263120	14263249	129	129	246.00	314.00	277.74	278.00	35829.00
chr19	16962222	16962345	123	123	129.00	285.00	219.29	231.00	26973.00
chr1	109813838	109813918	80	80	83.00	115.00	99.08	100.50	7926.00
chr3	49898148	49898562	414	414	0.00	1600.00	670.08	1073.00	277414.00
chr17	17131202	17131510	308	308	0.00	87.00	42.51	46.50	13094.00
chr1	21936067	21936139	72	72	107.00	130.00	118.88	117.50	8559.00
chr3	130424404	130424615	211	211	24.00	50.00	37.36	37.00	7884.00
chr12	56532710	56532797	87	87	21.00	51.00	35.95	38.00	3128.00
chr16	29888591	29888788	197	197	585.00	944.00	746.78	699.00	147116.00
chr2	114394588	114396196	1608	1608	0.00	6.00	1.62	1.00	2599.00
chr3	124180736	124180803	67	67	34.00	51.00	42.61	43.00	2855.00
chr9	111798485	111798660	175	175	29.00	54.00	44.59	46.00	7803.00
chr10	73847897	73848372	475	475	6.00	234.00	79.87	67.00	37938.00
chr22	21075585	21075706	121	121	226.00	398.00	326.70	335.00	39531.00
chr22	20920753	20921104	351	351	42.00	137.00	83.31	86.00	29241.00
chr9	140953020	140953185	165	165	46.00	109.00	83.78	89.00	13824.00
chr22	41620970	41621075	105	105	132.00	169.00	152.57	151.00	16020.00
chr11	6243671	6243839	168	168	82.00	146.00	113.49	114.50	19067.00
chr15	74704225	74704353	128	128	186.00	259.00	227.82	236.00	29161.00
chr3	48719780	48719985	205	205	11.00	36.00	22.47	24.00	4607.00
chr1	222833247	222833348	101	101	99.00	146.00	117.25	116.00	11842.00
chr1	6583675	6584824	1149	1149	16.00	91.00	59.32	60.00	68156.00
chr11	126135857	126135976	119	119	91.00	120.00	103.08	102.00	12266.00
chr8	75156763	75157410	647	647	22.00	56.00	34.04	32.00	22025.00
chr15	83345212	83345389	177	177	250.00	325.00	284.15	284.00	50295.00
chr14	68031638	68032561	923	923	0.00	1.00	0.11	0.00	100.00
chr19	42479780	42479949	169	169	3012.00	4506.00	3670.50	3480.00	620314.00
chr16	31503329	31503407	78	78	242.00	303.00	273.31	277.00	21318.00
chr17	1564564	1564700	136	136	366.00	494.00	415.96	398.00	56570.00
chr16	58717858	58718082	224	224	17.00	64.00	43.92	48.00	9837.00
chr14	71575320	71575763	443	443	12.00	58.00	37.65	39.00	16681.00
chr1	202934498	202934628	130	130	140.00	215.00	164.11	156.00	21334.00
chr7	73118477	73118586	109	109	665.00	894.00	787.66	796.00	85855.00
chr19	13365908	13366073	165	165	68.00	97.00	78.27	76.00	12914.00
chr10	102265117	102265958	841	841	0.00	0.00	0.00	0.00	0.00
chr9	139983320	139983457	137	137	209.00	306.00	256.53	246.00	35145.00
chr18	29206245	29206347	102	102	8.00	15.00	11.67	11.00	1190.00
chr12	120578662	120578827	165	165	59.00	114.00	87.03	90.00	14360.00
chr5	757516	758226	710	710	0.00	2.00	0.28	0.00	200.00
chr8	21632483	21632567	84	84	83.00	100.00	90.69	90.00	7618.00
chr4	54011499	54011749	250	250	55.00	130.00	81.76	79.00	20441.00
chr8	141680613	141681365	752	752	0.00	0.00	0.00	0.00	0.00
chr11	57367351	57367850	499	499	59.00	214.00	126.08	108.00	62915.00
chr12	63980009	63980784	775	775	1.00	14.00	4.87	4.00	3772.00
chr9	140057042	140057203	161	161	0.00	537.00	443.91	477.00	71469.00
chr2	7055953	7056098	145	145	2.00	5.00	2.72	2.00	395.00
chr12	52387768	52389043	1275	1275	28.00	1382.00	366.57	276.00	467375.00
chr19	50104931	50105175	244	244	19.00	163.00	53.75	31.00	13116.00
chr19	5218430	5218543	113	113	405.00	517.00	479.64	487.00	54199.00
chr16	29898969	29899138	169	169	489.00	650.00	583.61	599.00	98630.00
chr7	99030900	99031041	141	141	26.00	53.00	39.02	39.00	5502.00
chr17	36692926	36693212	286	286	0.00	2.00	0.70	1.00	200.00
chr15	73857770	73859335	1565	1565	0.00	2.00	0.26	0.00	410.00
chr6	44104085	44104176	91	91	273.00	450.00	363.09	366.00	33041.00
chr1	21938518	21938602	84	84	180.00	246.00	214.62	215.00	18028.00
chr19	13423482	13423595	113	113	19.00	40.00	29.73	31.00	3360.00
chr16	70292882	70293089	207	207	483.00	668.00	565.26	552.00	117009.00
chr18	61060641	61060782	141	141	57.00	75.00	66.13	66.00	9325.00
chr16	22269814	22270016	202	202	9.00	25.00	17.66	18.50	3568.00
chr1	21554423	21554534	111	111	28.00	43.00	35.59	35.00	3950.00
chr9	140057255	140057455	200	200	0.00	732.00	467.76	584.00	93553.00
chr7	1488255	1488397	142	142	5.00	13.00	8.68	8.00	1232.00
chr14	100166351	100166438	87	87	46.00	59.00	51.00	50.00	4437.00
chr9	101065522	101065705	183	183	134.00	238.00	187.21	192.00	34260.00
chr5	68411752	68412041	289	289	60.00	104.00	81.10	81.00	23439.00
chr1	2452539	2452754	215	215	58.00	174.00	92.47	91.00	19882.00
chr1	21564626	21564737	111	111	25.00	62.00	43.19	43.00	4794.00
chr13	42037713	42039066	1353	1353	0.00	2.00	0.27	0.00	366.00
chr2	114350236	114350443	207	207	0.00	2.00	0.90	0.00	186.00
chr1	21939668	21939722	54	54	217.00	251.00	234.24	236.50	12649.00
chr9	139353895	139354007	112	112	66.00	86.00	75.85	77.00	8495.00
chr7	102176367	102176618	251	251	4.00	17.00	11.95	12.00	2999.00
chr3	51411753	51412018	265	265	0.00	157.00	47.00	0.00	12455.00
chr17	73888091	73888266	175	175	10.00	18.00	15.00	15.00	2625.00
chr13	103297258	103297435	177	177	0.00	88.00	44.29	69.00	7840.00
chr15	63922664	63922834	170	170	91.00	158.00	118.49	114.50	20143.00
chr3	33400774	33400849	75	75	146.00	223.00	181.69	170.00	13627.00
chr22	50671744	50671955	211	211	12.00	21.00	15.50	15.00	3270.00
chr1	21190968	21191205	237	237	91.00	178.00	140.56	141.00	33313.00
chr5	14481649	14481727	78	78	291.00	334.00	308.06	306.00	24029.00
chr15	101605556	101606410	854	854	0.00	8.00	1.34	0.00	1142.00
chr17	80040402	80040554	152	152	1304.00	1801.00	1577.32	1551.50	239752.00
chr2	132269293	132270897	1604	1604	0.00	4.00	0.52	0.00	828.00
chr11	1778553	1778786	233	233	531.00	867.00	711.91	735.00	165876.00
chr11	1469616	1469808	192	192	1.00	3.00	2.28	2.00	437.00
chr12	120138549	120138630	81	81	11.00	17.00	14.51	15.00	1175.00
chr7	901016	901101	85	85	85.00	145.00	116.74	122.00	9923.00
chr19	13372263	13372424	161	161	38.00	71.00	53.48	53.00	8610.00
chr17	40843154	40843311	157	157	10.00	24.00	15.33	15.00	2407.00
chr17	80039476	80039719	243	243	1210.00	2011.00	1569.01	1550.00	381270.00
chr17	16681109	16687365	6256	6256	0.00	30.00	3.88	2.00	24256.00
chr1	116935475	116935610	135	135	857.00	1157.00	1004.53	997.00	135612.00
chr6	128294808	128294972	164	164	136.00	278.00	211.88	220.50	34749.00
chr5	109189927	109190617	690	690	0.00	0.00	0.00	0.00	0.00
chr15	40757533	40757634	101	101	26.00	150.00	115.95	119.00	11711.00
chr2	220164706	220164981	275	275	153.00	297.00	222.73	212.00	61252.00
chr3	164905164	164908639	3475	3475	4.00	86.00	33.05	27.00	114860.00
chr11	60699157	60699356	199	199	230.00	856.00	707.77	718.00	140847.00
chr2	96680301	96680717	416	416	0.00	0.00	0.00	0.00	0.00
chr17	40845314	40845554	240	240	12.00	26.00	19.14	19.00	4594.00
chr12	125264513	125265391	878	878	0.00	4.00	1.54	1.00	1355.00
chr1	156623704	156624158	454	454	0.00	0.00	0.00	0.00	0.00
chr6	108370456	108370622	166	166	134.00	179.00	156.31	156.00	25948.00
chr11	19180486	19180587	101	101	75.00	109.00	94.45	99.00	9539.00
chr19	42489069	42489338	269	269	706.00	1820.00	1401.05	1564.00	376883.00
chr2	198274493	198274731	238	238	113.00	177.00	142.01	139.00	33798.00
chr6	47220991	47221257	266	266	154.00	308.00	242.14	252.00	64410.00
chr19	40872679	40872822	143	143	1383.00	1902.00	1641.78	1670.00	234774.00
chr19	54693278	54693627	349	349	0.00	53.00	22.95	20.00	8011.00
chr12	81929	82174	245	245	0.00	2.00	0.91	1.00	224.00
chr21	45513943	45514114	171	171	27.00	52.00	39.63	42.00	6776.00
chr3	124201630	124201747	117	117	0.00	79.00	54.20	67.00	6341.00
chr17	79805118	79805223	105	105	565.00	625.00	592.29	591.00	62190.00
chr20	46307419	46307548	129	129	100.00	134.00	112.39	112.00	14498.00
chr17	38187790	38187873	83	83	224.00	309.00	257.95	242.00	21410.00
chr2	207452814	207452878	64	64	126.00	151.00	138.77	139.00	8881.00
chr17	45695715	45695823	108	108	627.00	694.00	660.78	661.00	71364.00
chr7	44283023	44283126	103	103	475.00	580.00	516.74	512.00	53224.00
chr20	62274975	62275284	309	309	0.00	3545.00	1667.69	2356.00	515316.00
chr11	108202605	108202764	159	159	5.00	14.00	9.76	10.00	1552.00
chr9	140051314	140051489	175	175	214.00	275.00	236.43	233.00	41375.00
chr22	45574118	45574781	663	663	33.00	106.00	69.76	73.00	46251.00
chr15	79312382	79312446	64	64	3.00	5.00	3.53	3.00	226.00
chr1	21940120	21940199	79	79	194.00	232.00	215.09	215.00	16992.00
chr17	3775847	3775921	74	74	82.00	120.00	104.35	109.00	7722.00
chr7	73133931	73134019	88	88	2.00	1279.00	376.50	228.50	33132.00
chr11	72292920	72292991	71	71	257.00	300.00	276.01	275.00	19597.00
chr7	43547616	43547730	114	114	69.00	91.00	78.54	79.00	8953.00
chr16	58713760	58714145	385	385	28.00	99.00	59.46	56.00	22892.00
chr22	21083600	21083794	194	194	242.00	304.00	277.74	279.00	53882.00
chr11	66457275	66457414	139	139	219.00	334.00	270.05	267.00	37537.00
chr15	91561034	91561115	81	81	64.00	117.00	85.58	83.00	6932.00
chr11	2968525	2969001	476	476	0.00	3.00	1.07	1.00	511.00
chr19	34869838	34869910	72	72	1056.00	1402.00	1204.92	1182.00	86754.00
chr9	121970996	121971219	223	223	145.00	207.00	182.72	184.00	40746.00
chr3	47449772	47449980	208	208	0.00	103.00	59.17	79.00	12307.00
chr12	57601820	57601999	179	179	249.00	434.00	325.92	320.00	58339.00
chr16	2345590	2345741	151	151	201.00	283.00	240.83	239.00	36366.00
chr12	50471782	50471910	128	128	163.00	238.00	200.97	197.50	25724.00
chr1	109814221	109814344	123	123	124.00	187.00	162.89	164.00	20035.00
chr19	16942304	16942458	154	154	92.00	178.00	137.06	140.00	21108.00
chr11	66333301	66333398	97	97	318.00	446.00	364.87	347.00	35392.00
chr5	74026084	74026223	139	139	83.00	116.00	99.34	98.00	13808.00
chr5	68417520	68417722	202	202	55.00	80.00	70.20	71.00	14180.00
chr19	15272262	15272525	263	263	22.00	86.00	46.95	45.00	12348.00
chr3	45872404	45872482	78	78	64.00	81.00	71.67	71.00	5590.00
chr7	73123374	73123452	78	78	1277.00	1793.00	1596.37	1669.00	124517.00
chr5	14498197	14498360	163	163	296.00	446.00	394.37	410.00	64283.00
chr14	93180167	93180230	63	63	213.00	244.00	225.51	224.00	14207.00
chr9	130984739	130984875	136	136	345.00	472.00	424.01	434.00	57666.00
chr13	31216764	31216894	130	130	40.00	62.00	48.15	47.00	6259.00
chr12	112614399	112614506	107	107	30.00	146.00	108.37	105.00	11596.00
chr12	57602865	57602982	117	117	357.00	514.00	418.15	412.00	48923.00
chr14	72976861	72976987	126	126	23.00	45.00	32.59	30.00	4106.00
chr1	155209406	155209553	147	147	67.00	106.00	80.84	76.00	11883.00
chr10	49633930	49634113	183	183	524.00	698.00	617.41	632.00	112986.00
chr16	84100093	84100218	125	125	211.00	289.00	255.06	255.00	31882.00
chr1	155207924	155208097	173	173	93.00	125.00	110.55	111.00	19126.00
chr12	2786898	2787033	135	135	8.00	18.00	11.79	12.00	1591.00
chr2	233755457	233756197	740	740	0.00	346.00	52.45	0.00	38812.00
chr14	60631894	60632099	205	205	76.00	230.00	173.59	193.00	35586.00
chr1	11151549	11151654	105	105	134.00	168.00	147.70	148.00	15509.00
chr4	134076071	134076178	107	107	417.00	572.00	516.87	517.00	55305.00
chr15	91420364	91420441	77	77	76.00	100.00	90.68	92.00	6982.00
chr5	114961533	114961755	222	222	5.00	51.00	30.90	33.50	6860.00
chr16	1814047	1814211	164	164	0.00	203.00	85.40	127.00	14005.00
chr18	44250463	44252581	2118	2118	2.00	32.00	12.58	11.00	26654.00
chr6	158049380	158049518	138	138	37.00	65.00	50.77	48.00	7006.00
chr19	7675585	7675679	94	94	196.00	235.00	212.09	211.00	19936.00
chr13	99461604	99461719	115	115	3.00	239.00	170.15	172.00	19567.00
chr11	130010829	130011467	638	638	0.00	963.00	101.98	2.00	65066.00
chr11	107526658	107526792	134	134	635.00	837.00	740.63	729.50	99244.00
chr16	1391294	1391490	196	196	11.00	30.00	18.45	19.00	3617.00
chr1	38182716	38184158	1442	1442	5.00	131.00	52.49	52.00	75685.00
chr5	179231023	179231323	300	300	4.00	15.00	8.66	8.00	2598.00
chr14	69814593	69814719	126	126	29.00	45.00	36.67	36.50	4621.00
chr14	69349174	69349309	135	135	57.00	114.00	86.50	86.00	11677.00
chr19	7614792	7614998	206	206	99.00	166.00	137.82	140.00	28391.00
chr1	228270375	228270466	91	91	8.00	3263.00	936.22	405.00	85196.00
chr1	38186022	38186315	293	293	3.00	39.00	20.62	24.00	6041.00
chr13	77641715	77641999	284	284	95.00	138.00	121.39	123.00	34475.00
chr14	100157417	100157498	81	81	13.00	20.00	16.73	17.00	1355.00
chr13	32978280	32979333	1053	1053	0.00	22.00	2.21	0.00	2325.00
chr12	7301567	7301794	227	227	491.00	741.00	621.12	627.00	140994.00
chr9	123583116	123583257	141	141	60.00	91.00	72.64	73.00	10242.00
chr17	26883183	26883284	101	101	85.00	140.00	106.10	98.00	10716.00
chr12	6972993	6973137	144	144	433.00	561.00	486.60	483.50	70070.00
chr20	34322310	34322637	327	327	0.00	1.00	0.28	0.00	93.00
chr19	7606407	7606570	163	163	59.00	106.00	80.19	81.00	13071.00
chr16	2333186	2333373	187	187	3.00	461.00	329.77	373.00	61667.00
chr12	113825548	113825711	163	163	38.00	99.00	63.82	59.00	10403.00
chr7	4802013	4807749	5736	5736	2.00	129.00	23.41	16.00	134291.00
chr1	43394880	43394985	105	105	292.00	443.00	373.55	404.00	39223.00
chr19	4554399	4554488	89	89	268.00	398.00	353.84	368.00	31492.00
chr16	31719139	31719372	233	233	0.00	3.00	1.80	2.00	419.00
chr5	134060669	134061744	1075	1075	6.00	77.00	36.34	30.00	39061.00
chr1	202936318	202936371	53	53	11.00	109.00	60.09	71.00	3185.00
chr2	220087366	220087615	249	249	144.00	190.00	164.15	164.00	40873.00
chr2	36764494	36764689	195	195	39.00	94.00	58.51	53.00	11409.00
chr7	43519208	43519343	135	135	96.00	160.00	134.42	131.00	18147.00
chr10	51249585	51249993	408	408	0.00	0.00	0.00	0.00	0.00
chr6	32123647	32123755	108	108	97.00	174.00	121.92	117.00	13167.00
chr3	118624442	118624692	250	250	0.00	2.00	0.82	0.00	204.00
chr1	190129797	190130020	223	223	88.00	160.00	120.83	120.00	26946.00
chr9	131004491	131004624	133	133	0.00	615.00	485.23	563.00	64535.00
chr22	33679187	33679334	147	147	105.00	154.00	128.15	128.00	18838.00
chr15	74709931	74710016	85	85	194.00	347.00	255.78	238.00	21741.00
chr7	6470110	6470238	128	128	31.00	60.00	51.06	54.50	6536.00
chr1	6640600	6641359	759	759	24.00	86.00	53.81	55.00	40838.00
chr16	31510622	31510728	106	106	192.00	247.00	218.17	219.50	23126.00
chr4	103710287	103711803	1516	1516	4.00	24.00	13.59	13.00	20598.00
chr19	2862339	2862746	407	407	1.00	13.00	5.92	5.00	2408.00
chr2	15467873	15467994	121	121	67.00	104.00	89.80	91.00	10866.00
chr2	36780721	36781492	771	771	0.00	34.00	3.74	0.00	2884.00
chr10	81070680	81070941	261	261	80.00	171.00	103.55	94.00	27026.00
chr2	217234866	217235986	1120	1120	178.00	558.00	310.69	303.00	347971.00
chr10	93786348	93786508	160	160	13.00	62.00	31.64	29.00	5063.00
chr17	20268785	20269076	291	291	0.00	4.00	1.18	0.00	344.00
chr9	131002006	131002062	56	56	0.00	685.00	591.04	627.00	33098.00
chr1	155208307	155208441	134	134	96.00	129.00	114.92	115.00	15399.00
chr2	162833877	162834373	496	496	0.00	43.00	3.23	0.00	1604.00
chr9	35799614	35799728	114	114	33.00	48.00	38.69	37.00	4411.00
chr20	62517856	62519234	1378	1378	0.00	112.00	3.55	1.00	4889.00
chr22	35942847	35943127	280	280	12.00	40.00	25.56	26.00	7158.00
chr13	26436438	26436546	108	108	22.00	35.00	29.01	30.00	3133.00
chr14	69371371	69371453	82	82	52.00	93.00	72.72	70.00	5963.00
chr7	44031274	44031581	307	307	0.00	3.00	0.98	0.00	300.00
chr11	12274988	12275291	303	303	0.00	0.00	0.00	0.00	0.00
chr5	1334403	1334498	95	95	217.00	266.00	243.11	245.00	23095.00
chr19	34868639	34868786	147	147	1237.00	1737.00	1474.16	1459.00	216702.00
chr16	1815960	1816143	183	183	154.00	234.00	193.88	195.00	35480.00
chr10	73578787	73578868	81	81	2621.00	3259.00	2855.47	2837.00	231293.00
chr17	37420427	37420640	213	213	42.00	73.00	61.11	64.00	13017.00
chr5	60835422	60835586	164	164	61.00	78.00	69.48	70.00	11394.00
chr15	79296143	79296517	374	374	4.00	14.00	8.56	8.00	3200.00
chr19	13039568	13039661	93	93	672.00	960.00	829.29	847.00	77124.00
chr12	49421585	49421713	128	128	21.00	40.00	29.90	27.00	3827.00
chr1	1661057	1662583	1526	1526	14.00	320.00	93.09	61.00	142048.00
chr2	207457340	207457460	120	120	131.00	176.00	153.97	156.00	18477.00
chr11	64542462	64543441	979	979	0.00	1.00	0.20	0.00	200.00
chr20	61910250	61910347	97	97	150.00	204.00	170.34	166.00	16523.00
chr11	62394042	62394156	114	114	448.00	601.00	510.70	503.50	58220.00
chr5	37301538	37301652	114	114	37.00	62.00	44.98	42.00	5128.00
chr16	4733843	4733933	90	90	204.00	256.00	235.66	237.50	21209.00
chr15	43693913	43694048	135	135	48.00	71.00	55.96	54.00	7555.00
chr11	18764538	18764622	84	84	157.00	216.00	187.17	183.50	15722.00
chr17	57842331	57842499	168	168	292.00	361.00	329.73	328.50	55394.00
chr9	96076729	96078064	1335	1335	0.00	18.00	5.11	4.00	6828.00
chr11	12246219	12246367	148	148	25.00	40.00	31.46	31.00	4656.00
chr12	7030743	7031565	822	822	0.00	3836.00	1293.74	6.00	1063458.00
chr3	14523178	14523349	171	171	8.00	20.00	14.30	14.00	2445.00
chr5	758508	759483	975	975	0.00	0.00	0.00	0.00	0.00
chr12	22635490	22635677	187	187	7.00	43.00	26.72	29.00	4996.00
chr5	14479369	14479459	90	90	333.00	402.00	367.56	369.00	33080.00
chr6	143655214	143656079	865	865	0.00	15.00	2.97	1.00	2569.00
chr7	75508360	75508578	218	218	2.00	683.00	479.08	605.50	104439.00
chr11	60697981	60698131	150	150	366.00	614.00	481.56	449.50	72234.00
chr1	151400598	151400889	291	291	23.00	66.00	45.13	43.00	13134.00
chr5	172196431	172197309	878	878	0.00	1055.00	270.83	10.00	237793.00
chr3	49152660	49152794	134	134	88.00	122.00	109.19	110.00	14632.00
chr7	5518281	5519950	1669	1669	10.00	83.00	35.19	34.00	58740.00
chr17	16691106	16691449	343	343	0.00	2.00	0.77	1.00	264.00
chr2	220086993	220087172	179	179	144.00	216.00	179.84	182.00	32192.00
chr10	51746916	51748006	1090	1090	0.00	5.00	0.60	0.00	654.00
chr12	7302118	7302289	171	171	682.00	846.00	762.49	764.00	130386.00
chr11	59562844	59562955	111	111	11.00	57.00	37.83	50.00	4199.00
chr12	6100984	6101184	200	200	66.00	155.00	98.02	92.00	19604.00
chr19	5683274	5683627	353	353	0.00	4.00	1.69	2.00	595.00
chr12	2786259	2786387	128	128	14.00	24.00	17.62	17.00	2256.00
chr15	26812727	26812880	153	153	144.00	224.00	172.33	169.00	26367.00
chr1	149007980	149008798	818	818	0.00	1.00	0.10	0.00	79.00
chr19	54965608	54965861	253	253	17.00	34.00	22.78	21.00	5764.00
chr8	27293259	27293310	51	51	106.00	169.00	142.73	143.00	7279.00
chr15	23014437	23014528	91	91	118.00	172.00	139.77	135.00	12719.00
chr1	111717500	111717585	85	85	56.00	101.00	78.20	83.00	6647.00
chr6	150157220	150157433	213	213	76.00	128.00	108.55	110.00	23121.00
chr13	114566547	114566670	123	123	34.00	127.00	70.24	61.00	8639.00
chr16	58539291	58539605	314	314	0.00	2.00	0.64	1.00	200.00
chr1	21936612	21936768	156	156	105.00	359.00	208.56	218.50	32535.00
chr1	17322880	17322991	111	111	274.00	460.00	362.10	378.00	40193.00
chr11	60699455	60699599	144	144	615.00	832.00	717.53	708.00	103325.00
chr5	6749669	6749770	101	101	47.00	65.00	55.53	56.00	5609.00
chr16	2156805	2156949	144	144	5.00	11.00	7.61	7.00	1096.00
chr15	34690834	34690930	96	96	0.00	0.00	0.00	0.00	0.00
chr3	11074933	11075425	492	492	0.00	139.00	22.91	0.00	11271.00
chr5	74655222	74655381	159	159	747.00	1127.00	896.77	890.00	142587.00
chr20	20022968	20023160	192	192	139.00	286.00	201.80	187.00	38745.00
chr2	39055481	39055578	97	97	147.00	194.00	175.88	180.00	17060.00
chr19	16793231	16793528	297	297	0.00	29.00	6.95	0.00	2064.00
chr2	219205450	219205509	59	59	16.00	23.00	20.22	21.00	1193.00
chr17	74087429	74087729	300	300	0.00	0.00	0.00	0.00	0.00
chr3	184058150	184060036	1886	1886	0.00	334.00	43.09	1.00	81269.00
chr6	90333128	90333263	135	135	37.00	70.00	55.79	55.00	7532.00
chr12	125267019	125267429	410	410	0.00	49.00	14.09	2.00	5776.00
chr1	207942580	207943104	524	524	0.00	2.00	0.38	0.00	200.00
chr4	89356876	89357043	167	167	6.00	17.00	11.72	12.00	1958.00
chr7	101995498	101995736	238	238	0.00	6.00	1.75	0.00	416.00
chr3	11067458	11067562	104	104	119.00	177.00	150.64	152.00	15667.00
chr5	95734582	95734740	158	158	0.00	0.00	0.00	0.00	0.00
chr6	152529106	152529341	235	235	35.00	64.00	47.06	45.00	11058.00
chr5	102295578	102295763	185	185	48.00	82.00	67.33	69.00	12456.00
chr22	21072980	21073110	130	130	294.00	449.00	370.31	390.00	48140.00
chr12	121855306	121855714	408	408	124.00	270.00	174.90	158.00	71361.00
chr1	160326389	160326544	155	155	166.00	213.00	183.21	182.00	28398.00
chr11	60670930	60671007	77	77	321.00	381.00	350.53	352.00	26991.00
chr17	79804822	79804948	126	126	575.00	932.00	785.80	821.50	99011.00
chr16	18527204	18527332	128	128	396.00	605.00	529.30	541.00	67751.00
chr16	16372518	16372646	128	128	409.00	631.00	552.24	566.50	70687.00
chr2	32750530	32750695	165	165	20.00	32.00	25.22	25.00	4162.00
chr14	69369193	69369279	86	86	73.00	96.00	84.50	85.50	7267.00
chr7	66418212	66418356	144	144	110.00	169.00	142.10	140.00	20462.00
chr6	44107988	44108097	109	109	300.00	419.00	354.23	354.00	38611.00
chr7	70885893	70886091	198	198	236.00	437.00	327.77	295.00	64898.00
chr8	27295281	27295397	116	116	87.00	161.00	120.64	117.00	13994.00
chr7	73122918	73123018	100	100	1162.00	1578.00	1357.38	1374.50	135738.00
chr15	34698874	34699071	197	197	1.00	9.00	4.92	4.00	970.00
chr8	22009343	22009513	170	170	8.00	35.00	18.33	18.00	3116.00
chr7	1526557	1526737	180	180	33.00	95.00	64.82	73.00	11668.00
chr5	178053946	178054065	119	119	1.00	49.00	19.87	17.00	2365.00
chr12	6103027	6103369	342	342	97.00	172.00	131.66	127.00	45029.00
chr2	3479491	3480482	991	991	0.00	6.00	1.17	1.00	1158.00
chr3	33883388	33883566	178	178	53.00	90.00	72.55	74.00	12914.00
chr19	11019778	11019883	105	105	314.00	376.00	343.28	342.00	36044.00
chr7	98446205	98446318	113	113	291.00	531.00	424.65	427.00	47986.00
chr8	106813274	106813932	658	658	5.00	32.00	17.61	18.00	11588.00
chr2	223795338	223795530	192	192	259.00	475.00	374.59	380.50	71921.00
chr7	75511146	75511554	408	408	377.00	760.00	586.83	613.50	239426.00
chr21	40184926	40185038	112	112	24.00	62.00	46.62	52.00	5222.00
chr19	53383575	53385236	1661	1661	11.00	61.00	34.44	35.00	57206.00
chr19	14208130	14208295	165	165	3.00	525.00	315.79	394.00	52106.00
chr15	91461013	91461618	605	605	0.00	99.00	24.14	0.00	14607.00
chr8	145278010	145278133	123	123	20.00	36.00	27.83	28.00	3423.00
chr16	28132990	28133083	93	93	226.00	264.00	241.75	240.00	22483.00
chr11	125280091	125280221	130	130	64.00	92.00	75.79	75.00	9853.00
chr15	63128089	63128317	228	228	6.00	116.00	57.91	67.00	13203.00
chr9	131181435	131181557	122	122	0.00	0.00	0.00	0.00	0.00
chr19	3281196	3281343	147	147	300.00	404.00	344.50	344.00	50641.00
chr11	6240200	6240280	80	80	110.00	140.00	123.51	123.00	9881.00
chr20	31019123	31019287	164	164	33.00	45.00	37.74	37.00	6189.00
chr6	46825865	46827260	1395	1395	7.00	48.00	20.92	17.00	29177.00
chr12	1672006	1672666	660	660	0.00	1.00	0.21	0.00	139.00
chr12	9098824	9099001	177	177	136.00	182.00	155.80	158.00	27576.00
chr7	121738503	121738630	127	127	3.00	10.00	7.15	7.00	908.00
chr19	40875814	40875935	121	121	962.00	1280.00	1120.89	1114.00	135628.00
chr20	3581592	3581671	79	79	101.00	147.00	117.57	116.00	9288.00
chr17	7226965	7227042	77	77	67.00	97.00	80.03	79.00	6162.00
chr2	74331800	74332809	1009	1009	27.00	100.00	55.57	55.00	56072.00
chr1	209785136	209785610	474	474	3.00	61.00	34.59	37.00	16398.00
chr9	35546426	35548532	2106	2106	124.00	418.00	245.01	248.00	515986.00
chr17	80040198	80040290	92	92	1301.00	1670.00	1457.51	1433.00	134091.00
chr11	73074791	73075284	493	493	0.00	84.00	20.90	0.00	10305.00
chr20	44674976	44675075	99	99	27.00	47.00	38.72	40.00	3833.00
chr20	5892091	5892328	237	237	21.00	222.00	139.32	166.00	33018.00
chr17	20316581	20317594	1013	1013	0.00	2.00	0.62	1.00	624.00
chr12	99478702	99478801	99	99	109.00	143.00	130.94	134.00	12963.00
chr17	40842756	40842960	204	204	16.00	30.00	20.71	20.50	4225.00
chr11	107501142	107501288	146	146	416.00	532.00	476.39	481.00	69553.00
chr11	85429236	85429532	296	296	0.00	0.00	0.00	0.00	0.00
chr20	9449217	9449319	102	102	18.00	36.00	24.23	22.00	2471.00
chr14	23371395	23371591	196	196	194.00	280.00	242.89	247.50	47606.00
chr7	716865	716957	92	92	1297.00	1950.00	1717.47	1753.00	158007.00
chr10	48862360	48862682	322	322	1.00	23.00	6.61	4.00	2127.00
chr10	68686678	68688210	1532	1532	21.00	113.00	49.86	46.00	76391.00
chr5	179674854	179674926	72	72	62.00	83.00	75.56	76.00	5440.00
chr1	209773327	209773456	129	129	26.00	56.00	38.96	42.00	5026.00
chr17	45691034	45691091	57	57	595.00	720.00	654.91	655.00	37330.00
chr1	19669871	19670118	247	247	0.00	3.00	1.30	1.00	320.00
chr17	45664025	45664710	685	685	0.00	444.00	58.68	1.00	40195.00
chr19	2337634	2338840	1206	1206	0.00	48.00	3.58	0.00	4319.00
chr8	22011480	22011552	72	72	26.00	33.00	29.01	30.00	2089.00
