#chrom	start	end	size	num_data	min	max	mean	median	sum
chr12	1940100	1940691	591	591	56.00	93.00	74.98	74.00	44311.00
chr1	27480473	27481381	908	908	31.00	82.00	50.24	49.00	45614.00
chr15	63112684	63112809	125	125	305.00	426.00	360.19	355.00	45024.00
chr5	149231737	149232254	517	517	11.00	38.00	24.38	24.00	12606.00
chr5	140865429	140867182	1753	1753	15.00	67.00	29.58	28.00	51845.00
chr1	32209793	32209958	165	165	312.00	595.00	443.22	420.00	73131.00
chr16	87873307	87873431	124	124	222.00	394.00	292.69	289.00	36293.00
chr17	34157438	34158175	737	737	11.00	38.00	23.34	23.00	17200.00
chr2	127815619	127816088	469	469	18.00	113.00	64.96	61.00	30465.00
chr1	208212965	208213112	147	147	84.00	120.00	101.02	99.00	14850.00
chr22	19703883	19704666	783	783	29.00	127.00	57.20	51.00	44785.00
chr16	87872319	87872423	104	104	227.00	320.00	269.88	260.50	28067.00
chr9	140055740	140055868	128	128	2219.00	2715.00	2522.17	2521.50	322838.00
chr22	21096515	21096643	128	128	605.00	810.00	668.38	657.00	85552.00
chr9	140056321	140056540	219	219	9.00	3394.00	2094.03	2446.00	458593.00
chr11	78379981	78380253	272	272	19.00	39.00	26.57	27.00	7227.00
chr3	11070420	11070533	113	113	461.00	556.00	508.93	507.00	57509.00
chr1	109812554	109813222	668	668	16.00	736.00	283.54	284.50	189404.00
chr2	220161954	220162155	201	201	774.00	1233.00	1045.84	1070.00	210213.00
chr15	74706887	74707086	199	199	104.00	156.00	123.51	122.00	24578.00
chr17	7318829	7319426	597	597	249.00	634.00	404.92	404.00	241735.00
chr1	21560050	21560154	104	104	129.00	159.00	140.84	139.50	14647.00
chr1	25573799	25573952	153	153	13.00	588.00	363.10	409.00	55554.00
chr14	93198993	93199160	167	167	117.00	173.00	137.52	138.00	22966.00
chr1	205554003	205554119	116	116	308.00	456.00	373.04	357.50	43273.00
chr1	9795005	9795232	227	227	2486.00	3568.00	3094.89	3151.00	702540.00
chr17	42426525	42426670	145	145	83.00	145.00	113.89	109.00	16514.00
chr18	70205887	70206179	292	292	15.00	534.00	214.50	26.00	62633.00
chr1	205553082	205553251	169	169	385.00	564.00	463.31	461.00	78300.00
chr9	140056623	140056766	143	143	16.00	2788.00	1624.04	1808.00	232238.00
chr6	33412147	33412394	247	247	45.00	1167.00	680.78	919.00	168153.00
chr12	89992366	89992547	181	181	6.00	1183.00	882.98	999.00	159820.00
chr2	220088827	220089576	749	749	123.00	317.00	214.43	206.00	160607.00
chr14	100763073	100765222	2149	2149	32.00	175.00	81.59	79.00	175328.00
chr1	110740697	110742543	1846	1846	26.00	1166.00	563.38	516.00	1039992.00
chr1	149878201	149879758	1557	1557	43.00	1541.00	384.96	86.00	599386.00
chr3	197264139	197265259	1120	1120	15.00	81.00	37.24	36.00	41707.00
chr8	56449623	56450530	907	907	25.00	86.00	51.09	50.00	46342.00
chr9	139354208	139354326	118	118	56.00	94.00	72.97	70.00	8610.00
chr1	32204908	32205236	328	328	688.00	1070.00	865.73	870.50	283961.00
chr7	75608768	75608897	129	129	172.00	238.00	210.74	211.00	27186.00
chr19	45161029	45161178	149	149	50.00	98.00	70.69	65.00	10533.00
chr19	5243911	5244493	582	582	100.00	275.00	173.67	162.00	101077.00
chr6	32119585	32119717	132	132	26.00	1423.00	726.29	749.00	95870.00
chr3	42670878	42672067	1189	1189	5.00	50.00	23.37	23.00	27781.00
chr11	45892392	45892485	93	93	218.00	299.00	245.12	244.00	22796.00
chr17	80040789	80040991	202	202	345.00	615.00	464.19	444.00	93767.00
chr2	74902875	74903036	161	161	70.00	94.00	82.08	83.00	13215.00
chr17	38335969	38337946	1977	1977	24.00	324.00	70.19	54.00	138764.00
chr16	87870103	87870253	150	150	261.00	431.00	322.96	307.00	48444.00
chr1	32205947	32206142	195	195	764.00	1023.00	901.50	919.00	175793.00
chr6	44117553	44117702	149	149	23.00	518.00	291.65	343.00	43456.00
chr1	159163659	159163830	171	171	1745.00	2285.00	2010.36	2019.00	343771.00
chr3	445565	446023	458	458	9.00	27.00	15.74	14.00	7209.00
chr2	25048913	25048995	82	82	155.00	185.00	169.52	170.50	13901.00
chr10	99504485	99504672	187	187	97.00	158.00	128.82	132.00	24090.00
chr4	54364807	54365010	203	203	168.00	282.00	216.54	214.00	43958.00
chr17	1634367	1634552	185	185	16.00	36.00	26.52	27.00	4906.00
chr7	72416124	72416247	123	123	144.00	240.00	173.36	156.00	21323.00
chr1	208212169	208212329	160	160	99.00	142.00	127.34	130.00	20374.00
chr9	140952500	140952702	202	202	87.00	132.00	111.61	112.00	22545.00
chr6	44197325	44197528	203	203	158.00	225.00	198.07	201.00	40209.00
chr6	44197643	44198218	575	575	53.00	156.00	91.26	84.00	52476.00
chr11	118981972	118982084	112	112	257.00	360.00	312.90	325.50	35045.00
chr5	150503846	150503952	106	106	9.00	2657.00	1908.58	2402.00	202310.00
chr11	118981761	118981878	117	117	337.00	407.00	362.79	358.00	42447.00
chr11	126314873	126315000	127	127	116.00	159.00	138.80	138.00	17627.00
chr1	159165808	159166244	436	436	22.00	1917.00	372.98	34.00	162619.00
chr7	134893542	134893750	208	208	36.00	53.00	44.04	44.00	9161.00
chr9	121976196	121976433	237	237	288.00	616.00	441.29	438.00	104586.00
chr19	54691042	54691169	127	127	240.00	563.00	384.32	355.00	48809.00
chr22	38621430	38621600	170	170	338.00	679.00	529.35	552.00	89990.00
chr13	42035681	42036205	524	524	12.00	43.00	26.06	27.00	13653.00
chr20	1915360	1915413	53	53	24.00	2597.00	1679.42	2044.00	89009.00
chr5	14496987	14497126	139	139	267.00	481.00	360.20	352.00	50068.00
chr12	56528125	56528212	87	87	77.00	113.00	93.99	91.00	8177.00
chr3	47466974	47467101	127	127	123.00	161.00	143.44	143.00	18217.00
chr17	7415476	7415663	187	187	152.00	215.00	181.74	181.00	33985.00
chr3	33588037	33589252	1215	1215	10.00	52.00	24.36	23.00	29596.00
chr7	887833	888615	782	782	20.00	127.00	58.96	48.00	46108.00
chr10	24813251	24813693	442	442	21.00	91.00	49.37	46.00	21822.00
chr1	109812045	109812213	168	168	304.00	569.00	411.40	378.50	69116.00
chr19	15276597	15276902	305	305	90.00	153.00	118.01	116.00	35993.00
chr16	2334779	2334999	220	220	264.00	401.00	322.24	302.00	70893.00
chr16	68404761	68405261	500	500	51.00	111.00	79.74	77.00	39871.00
chr4	110969111	110969871	760	760	26.00	66.00	45.67	45.00	34707.00
chr1	145693161	145693996	835	835	13.00	76.00	46.03	47.00	38436.00
chr7	44282848	44282932	84	84	819.00	1026.00	967.76	976.00	81292.00
chr2	220164315	220164508	193	193	35.00	711.00	316.23	58.00	61033.00
chr12	50472203	50472360	157	157	116.00	173.00	148.42	158.00	23302.00
chr2	220163768	220163833	65	65	719.00	994.00	885.09	901.00	57531.00
chr2	222289928	222290862	934	934	187.00	456.00	325.19	319.00	303729.00
chr12	57599133	57599268	135	135	304.00	482.00	366.87	360.00	49527.00
chr7	157475416	157475629	213	213	424.00	667.00	553.15	528.00	117821.00
chr1	32203800	32203927	127	127	617.00	1408.00	987.72	1004.00	125440.00
chr1	109811731	109811912	181	181	282.00	612.00	467.28	495.00	84577.00
chr9	140052830	140052975	145	145	1332.00	3869.00	2681.52	2960.00	388821.00
chr2	220161706	220161854	148	148	895.00	1618.00	1238.41	1250.00	183285.00
chr16	29896906	29897070	164	164	450.00	784.00	672.85	703.50	110348.00
chr16	47143393	47143622	229	229	127.00	224.00	178.81	188.00	40947.00
chr11	993753	993985	232	232	240.00	510.00	398.62	418.00	92481.00
chr9	124059698	124061137	1439	1439	6.00	37.00	17.91	17.00	25776.00
chr9	140350140	140350634	494	494	23.00	107.00	65.13	62.00	32175.00
chr11	14504577	14504697	120	120	85.00	123.00	105.30	103.50	12636.00
chr3	49898612	49898733	121	121	714.00	1170.00	936.26	918.00	113288.00
chr9	131811659	131811777	118	118	85.00	118.00	99.27	98.00	11714.00
chr9	131810705	131810818	113	113	92.00	122.00	103.89	103.00	11740.00
chr1	223400935	223401080	145	145	169.00	244.00	201.81	196.00	29263.00
chr12	125612185	125612820	635	635	18.00	345.00	73.89	33.00	46922.00
chr2	220088590	220088744	154	154	192.00	258.00	238.71	242.00	36761.00
chr9	70888487	70888750	263	263	10.00	78.00	48.15	47.00	12664.00
chr14	69813756	69813898	142	142	105.00	151.00	121.11	118.00	17197.00
chr2	47399145	47399890	745	745	17.00	584.00	72.79	62.00	54225.00
chr11	62688689	62689041	352	352	14.00	302.00	93.45	49.00	32893.00
chr6	43745205	43745407	202	202	29.00	270.00	216.25	215.00	43682.00
chr3	11072492	11072997	505	505	24.00	851.00	204.94	85.00	103495.00
chr7	2696031	2696168	137	137	436.00	579.00	510.26	515.00	69905.00
chr16	14969196	14969279	83	83	464.00	829.00	659.86	704.00	54768.00
chr17	7377847	7378026	179	179	10.00	21.00	15.94	15.00	2853.00
chr12	65639640	65639719	79	79	79.00	149.00	110.84	105.00	8756.00
chr12	50294912	50295108	196	196	1236.00	3002.00	1706.23	1545.00	334422.00
chr19	42485653	42485788	135	135	1347.00	2350.00	1897.90	1886.00	256216.00
chr10	99509230	99509343	113	113	134.00	223.00	171.03	173.00	19326.00
chr22	38883877	38888120	4243	4243	101.00	1093.00	387.49	351.00	1644117.00
chr12	49416372	49416658	286	286	109.00	174.00	139.12	135.00	39788.00
chr6	24843089	24843782	693	693	35.00	78.00	55.46	58.00	38431.00
chr5	176295561	176295665	104	104	346.00	411.00	384.38	392.50	39976.00
chr10	99510087	99510227	140	140	183.00	254.00	210.39	206.00	29455.00
chr1	159173658	159174770	1112	1112	43.00	291.00	89.05	66.00	99025.00
chr11	1780745	1780869	124	124	1048.00	1474.00	1283.02	1320.50	159095.00
chr19	42486059	42486258	199	199	982.00	2062.00	1536.43	1576.00	305750.00
chr3	47465422	47465535	113	113	127.00	147.00	136.99	138.00	15480.00
chr1	21573713	21573856	143	143	66.00	125.00	99.94	103.00	14291.00
chr11	65320330	65320453	123	123	116.00	193.00	159.66	163.00	19638.00
chr3	47462420	47462519	99	99	190.00	286.00	251.38	256.00	24887.00
chr2	219204751	219204864	113	113	91.00	133.00	118.72	122.00	13415.00
chr1	43906123	43906257	134	134	16.00	39.00	27.26	26.00	3653.00
chr7	38785158	38785840	682	682	21.00	352.00	64.92	43.00	44273.00
chr2	153499932	153500058	126	126	169.00	261.00	232.02	246.00	29234.00
chr1	32203011	32203132	121	121	14.00	1040.00	802.95	926.00	97157.00
chr22	42290823	42290941	118	118	530.00	867.00	729.63	723.00	86096.00
chr19	47940718	47940818	100	100	893.00	1578.00	1257.79	1233.50	125779.00
chr4	119539150	119539274	124	124	12.00	35.00	27.26	31.50	3380.00
chr17	44117067	44117250	183	183	73.00	103.00	90.25	91.00	16515.00
chr19	42485873	42485983	110	110	1164.00	1504.00	1340.03	1340.50	147403.00
chr6	44114583	44114664	81	81	142.00	187.00	166.15	163.00	13458.00
chr19	47941105	47941292	187	187	24.00	1783.00	969.09	1303.00	181219.00
chr11	73074250	73074500	250	250	125.00	200.00	156.02	153.00	39005.00
chr3	33418764	33418825	61	61	367.00	476.00	419.70	429.00	25602.00
chr1	700258	700505	247	247	28.00	67.00	48.09	48.00	11879.00
chr9	74319510	74319719	209	209	35.00	86.00	54.38	48.00	11365.00
chr16	2336694	2336968	274	274	233.00	700.00	428.61	449.50	117439.00
chr20	3575125	3575219	94	94	130.00	208.00	151.54	146.00	14245.00
chr9	139231377	139231529	152	152	117.00	162.00	132.76	128.50	20180.00
chr5	140515951	140516498	547	547	23.00	56.00	42.57	43.00	23285.00
chr1	21938208	21938309	101	101	691.00	887.00	795.53	798.00	80349.00
chr3	155659188	155659936	748	748	22.00	144.00	91.90	102.00	68738.00
chr16	27483068	27483241	173	173	116.00	159.00	142.75	145.00	24695.00
chr11	994071	994245	174	174	144.00	307.00	248.83	255.00	43297.00
chr7	71175745	71175913	168	168	463.00	685.00	572.72	576.50	96217.00
chr12	121204065	121204175	110	110	178.00	292.00	247.95	257.00	27274.00
chr7	73118679	73118753	74	74	1697.00	2246.00	1961.43	1931.50	145146.00
chr9	140972565	140972710	145	145	86.00	159.00	127.51	122.00	18489.00
chr12	121683329	121684024	695	695	19.00	69.00	40.70	40.00	28285.00
chr16	74493579	74493687	108	108	164.00	233.00	195.91	194.50	21158.00
chr2	36771518	36771641	123	123	125.00	165.00	141.89	142.00	17453.00
chr7	94187181	94187996	815	815	4.00	33.00	19.62	21.00	15991.00
chr14	94156951	94157239	288	288	6.00	28.00	17.18	17.00	4948.00
chr7	121739000	121739524	524	524	13.00	39.00	25.46	25.00	13339.00
chr1	19549117	19549328	211	211	80.00	164.00	106.19	98.00	22406.00
chr19	5214571	5214747	176	176	371.00	636.00	447.29	439.50	78723.00
chr19	42557753	42557861	108	108	251.00	291.00	272.12	273.00	29389.00
chr15	102510686	102510925	239	239	0.00	103.00	54.11	45.00	12932.00
chr5	167673761	167675376	1615	1615	20.00	142.00	70.08	67.00	113177.00
chr7	44282158	44282253	95	95	845.00	1409.00	1071.38	1004.00	101781.00
chr2	160621061	160621717	656	656	16.00	206.00	44.23	33.00	29017.00
chr5	10426501	10426634	133	133	279.00	393.00	346.00	353.00	46018.00
chr16	1814301	1814460	159	159	526.00	667.00	608.92	612.00	96819.00
chr11	21581734	21581928	194	194	76.00	114.00	97.09	100.00	18836.00
chr3	126749085	126749255	170	170	209.00	280.00	245.84	253.00	41792.00
chr11	12237765	12237866	101	101	404.00	508.00	460.06	462.00	46466.00
chr6	31750872	31750963	91	91	134.00	173.00	151.59	150.00	13795.00
chr3	53124201	53124398	197	197	25.00	58.00	44.25	47.00	8718.00
chr2	220161470	220161544	74	74	1179.00	1516.00	1408.15	1431.00	104203.00
chr2	128951046	128951785	739	739	17.00	124.00	71.34	75.00	52720.00
chr5	24535811	24535931	120	120	121.00	195.00	158.18	166.50	18982.00
chr1	44083406	44083582	176	176	374.00	541.00	440.22	440.00	77478.00
chr1	32207653	32207818	165	165	475.00	715.00	544.18	517.00	89790.00
chr12	7293754	7294000	246	246	16.00	1099.00	654.70	935.00	161056.00
chr3	131442289	131442469	180	180	129.00	165.00	147.79	147.00	26603.00
chr3	49898871	49899298	427	427	49.00	1364.00	542.31	659.00	231566.00
chr16	66432358	66432464	106	106	70.00	107.00	87.71	85.00	9297.00
chr1	20982593	20982680	87	87	317.00	480.00	384.74	371.00	33472.00
chr16	68398653	68398809	156	156	89.00	134.00	110.31	105.00	17209.00
chr17	16676818	16678279	1461	1461	12.00	59.00	31.11	30.00	45455.00
chr1	109814899	109815027	128	128	388.00	621.00	483.09	493.00	61835.00
chr1	21940478	21940582	104	104	917.00	1209.00	1100.16	1146.00	114417.00
chr20	57468284	57468793	509	509	12.00	39.00	24.35	22.00	12395.00
chr3	127358087	127358366	279	279	201.00	475.00	375.05	390.00	104639.00
chr3	126735359	126735527	168	168	99.00	158.00	127.33	124.00	21391.00
chr10	103869140	103869264	124	124	375.00	550.00	454.93	438.00	56411.00
chr20	44520554	44520666	112	112	135.00	190.00	165.11	163.50	18492.00
chr1	32203252	32203356	104	104	586.00	926.00	771.20	823.00	80205.00
chr21	40186196	40186316	120	120	254.00	337.00	294.08	295.50	35290.00
chr5	111067153	111068349	1196	1196	20.00	114.00	68.41	62.00	81821.00
chr9	128002954	128003186	232	232	469.00	776.00	599.58	569.00	139103.00
chr1	43408896	43408992	96	96	315.00	402.00	354.19	352.50	34002.00
chr3	47463931	47464026	95	95	143.00	193.00	169.02	166.00	16057.00
chr2	220161160	220161238	78	78	1170.00	1344.00	1261.88	1262.00	98427.00
chr11	62472772	62473089	317	317	1141.00	2464.00	1677.34	1621.00	531717.00
chr9	130986341	130986906	565	565	30.00	825.00	207.72	54.00	117359.00
chr14	69358769	69359000	231	231	278.00	354.00	317.58	316.00	73361.00
chr11	64416205	64416379	174	174	234.00	375.00	308.72	322.50	53717.00
chr17	8398454	8398559	105	105	453.00	608.00	554.80	565.00	58254.00
chr12	53572943	53574193	1250	1250	15.00	94.00	55.98	54.00	69971.00
chr17	17696544	17701827	5283	5283	29.00	238.00	85.85	81.00	453540.00
chr8	11705187	11705331	144	144	1909.00	2547.00	2363.04	2389.00	340278.00
chr19	54963829	54963931	102	102	292.00	530.00	408.77	397.00	41695.00
chr2	70451682	70456295	4613	4613	11.00	210.00	48.02	45.00	221539.00
chr11	118873959	118874169	210	210	26.00	40.00	34.39	34.00	7221.00
chr10	75548427	75548581	154	154	60.00	127.00	95.99	100.00	14783.00
chr6	33414351	33414563	212	212	750.00	1295.00	1091.90	1132.50	231483.00
chr17	80042910	80043032	122	122	196.00	239.00	219.25	219.00	26749.00
chr11	11470290	11470483	193	193	90.00	178.00	112.46	109.00	21705.00
chr8	23294446	23294771	325	325	106.00	176.00	128.01	125.00	41604.00
chr1	116932060	116932663	603	603	16.00	2752.00	934.93	34.00	563763.00
chr15	83222627	83222741	114	114	80.00	97.00	88.25	88.00	10060.00
chr3	9841562	9841751	189	189	32.00	55.00	43.93	46.00	8303.00
chr1	116937731	116937907	176	176	1832.00	3703.00	2318.64	2097.50	408081.00
chr16	87868019	87868197	178	178	220.00	321.00	264.72	262.00	47120.00
chr3	124209540	124209731	191	191	701.00	1107.00	938.92	927.00	179333.00
chr7	71142195	71142291	96	96	511.00	786.00	623.91	611.00	59895.00
chr5	130497324	130497584	260	260	23.00	47.00	34.92	35.00	9080.00
chr13	100199238	100199358	120	120	395.00	647.00	496.60	468.00	59592.00
chr5	139943336	139943506	170	170	22.00	325.00	266.86	273.00	45366.00
chr17	74395529	74396002	473	473	93.00	183.00	149.98	154.00	70941.00
chr14	93179149	93179216	67	67	200.00	232.00	215.33	215.00	14427.00
chr4	160277004	160277310	306	306	71.00	474.00	237.79	230.50	72764.00
chr17	40666306	40666478	172	172	730.00	1338.00	1042.82	1039.50	179365.00
chr15	34828065	34828207	142	142	23.00	432.00	312.39	341.00	44359.00
chr14	100165802	100165876	74	74	947.00	1120.00	1028.34	1036.50	76097.00
chr22	20128089	20128231	142	142	18.00	270.00	148.10	198.00	21030.00
chr12	3392210	3394421	2211	2211	11.00	190.00	80.50	77.00	177984.00
chr17	16687866	16690667	2801	2801	6.00	134.00	30.26	25.00	84754.00
chr6	31664724	31664810	86	86	169.00	223.00	195.83	194.00	16841.00
chr6	30627512	30627611	99	99	35.00	53.00	44.60	43.00	4415.00
chr11	18752834	18755060	2226	2226	11.00	724.00	92.32	47.00	205507.00
chr12	109332602	109332731	129	129	427.00	656.00	558.66	595.00	72067.00
chr6	90072884	90073110	226	226	14.00	41.00	26.63	28.00	6019.00
chr16	2689371	2689711	340	340	0.00	0.00	0.00	0.00	0.00
chr1	20987373	20987484	111	111	299.00	400.00	348.18	355.00	38648.00
chr14	85985300	85986667	1367	1367	7.00	23.00	13.67	13.00	18686.00
chr13	32863769	32863880	111	111	184.00	230.00	211.33	216.00	23458.00
chr16	1510418	1510528	110	110	110.00	161.00	125.99	123.00	13859.00
chr19	54963269	54963444	175	175	443.00	632.00	512.63	511.00	89711.00
chr6	44224078	44224233	155	155	69.00	92.00	78.83	78.00	12219.00
chr20	3151172	3152285	1113	1113	18.00	103.00	58.29	60.00	64877.00
chr1	892273	892405	132	132	165.00	280.00	211.64	208.00	27937.00
chr16	90192167	90192724	557	557	5.00	95.00	54.47	51.00	30340.00
chr9	111663704	111663810	106	106	92.00	115.00	103.25	104.00	10945.00
chr6	44108764	44108835	71	71	145.00	167.00	154.20	153.00	10948.00
chr1	36028802	36029027	225	225	1861.00	2979.00	2260.48	2115.00	508608.00
chr11	66807259	66807674	415	415	25.00	171.00	132.16	139.00	54845.00
chr1	178426817	178427679	862	862	37.00	99.00	61.84	60.00	53305.00
chr19	42482302	42482478	176	176	1450.00	2557.00	1765.81	1665.00	310783.00
chr1	44084718	44084873	155	155	244.00	644.00	410.01	375.00	63551.00
chr1	109812315	109812442	127	127	338.00	444.00	404.21	414.00	51335.00
chr3	180324268	180324391	123	123	169.00	223.00	199.65	202.00	24557.00
chr15	63933668	63933842	174	174	126.00	218.00	165.17	151.00	28740.00
chr20	44521363	44521519	156	156	196.00	254.00	225.94	225.50	35247.00
chr3	33416779	33416910	131	131	189.00	391.00	257.68	243.00	33756.00
chr1	21934624	21934843	219	219	12.00	1279.00	605.89	823.00	132689.00
chr14	69799801	69799886	85	85	71.00	121.00	99.11	101.00	8424.00
chr1	116936134	116936345	211	211	4.00	2813.00	2158.12	2379.00	455363.00
chr14	23634493	23634645	152	152	33.00	66.00	50.04	52.00	7606.00
chr16	1402538	1402947	409	409	16.00	55.00	42.67	44.00	17450.00
chr9	20331	25000	4669	4669	0.00	199.00	58.62	51.00	273686.00
chr17	43545574	43545959	385	385	20.00	60.00	37.92	36.00	14599.00
chr13	100201418	100201476	58	58	411.00	482.00	449.69	449.00	26082.00
chr15	41865505	41865665	160	160	391.00	813.00	563.44	542.00	90150.00
chr19	19641688	19642196	508	508	19.00	51.00	33.97	33.00	17256.00
chr11	134147593	134148159	566	566	15.00	33.00	22.89	22.00	12957.00
chr2	71656420	71657290	870	870	9.00	47.00	31.73	31.00	27609.00
chr7	97834775	97835016	241	241	139.00	268.00	203.68	210.00	49088.00
chr19	13363804	13363915	111	111	128.00	176.00	153.82	154.00	17074.00
chr18	31328383	31329011	628	628	24.00	70.00	48.93	50.00	30726.00
chr16	66431884	66432009	125	125	58.00	116.00	83.49	80.00	10436.00
chr19	47935155	47935702	547	547	18.00	2034.00	690.24	706.00	377561.00
chr12	50291769	50291873	104	104	828.00	1462.00	1048.79	1052.50	109074.00
chr11	1780198	1780317	119	119	647.00	1245.00	826.86	809.00	98396.00
chr15	65392626	65393167	541	541	15.00	47.00	30.72	31.00	16621.00
chr2	86397871	86397967	96	96	108.00	196.00	159.15	165.00	15278.00
chr7	97866087	97866233	146	146	92.00	166.00	131.00	138.00	19126.00
chr11	60687157	60687402	245	245	152.00	202.00	171.71	168.00	42068.00
chr21	43307700	43309453	1753	1753	15.00	91.00	43.61	40.00	76449.00
chr14	24619269	24619657	388	388	30.00	71.00	43.68	42.00	16948.00
chr11	65320634	65320727	93	93	102.00	127.00	114.23	113.00	10623.00
chr16	29891184	29891385	201	201	560.00	812.00	696.29	684.00	139954.00
chr1	32207224	32207326	102	102	965.00	1362.00	1188.57	1214.50	121234.00
chr11	72300218	72300394	176	176	16.00	785.00	258.68	24.00	45527.00
chr17	7608878	7609038	160	160	37.00	181.00	129.36	149.00	20698.00
chr19	7607646	7607814	168	168	141.00	244.00	198.85	204.00	33407.00
chr19	54966129	54966271	142	142	256.00	410.00	349.91	360.50	49687.00
chr12	57995027	57995131	104	104	189.00	237.00	208.40	204.00	21674.00
chr1	27428875	27429049	174	174	91.00	139.00	107.20	105.00	18653.00
chr2	27688277	27688385	108	108	55.00	107.00	87.01	94.00	9397.00
chr16	2691449	2692254	805	805	0.00	17.00	3.20	2.00	2578.00
chr9	131503813	131503933	120	120	451.00	531.00	498.15	496.00	59778.00
chr16	2347766	2347922	156	156	189.00	335.00	251.21	234.50	39189.00
chr17	80039884	80040036	152	152	341.00	499.00	408.35	427.00	62069.00
chr1	32204432	32204538	106	106	682.00	1454.00	1060.87	1079.50	112452.00
chr12	9242951	9243078	127	127	249.00	298.00	279.75	283.00	35528.00
chr3	49702661	49702751	90	90	247.00	329.00	299.98	303.00	26998.00
chr19	35820359	35820837	478	478	3.00	16.00	9.18	9.00	4386.00
chr1	201456762	201457615	853	853	13.00	68.00	34.50	32.00	29429.00
chr16	2334279	2334438	159	159	294.00	391.00	346.99	352.00	55171.00
chr10	73578373	73578481	108	108	3504.00	4770.00	4073.15	4017.50	439900.00
chr16	18530550	18530756	206	206	14.00	601.00	298.15	410.00	61419.00
chr16	16369094	16369300	206	206	14.00	601.00	297.48	414.00	61281.00
chr13	113975636	113975785	149	149	19.00	574.00	253.91	28.00	37832.00
chr11	119293822	119294227	405	405	32.00	8488.00	829.10	140.00	335785.00
chr5	150505962	150506041	79	79	1475.00	2340.00	1856.59	1796.00	146671.00
chr22	44224939	44225078	139	139	1007.00	1421.00	1181.40	1166.00	164215.00
chr15	41865199	41865309	110	110	401.00	540.00	465.46	457.00	51201.00
chr17	25633807	25636298	2491	2491	43.00	722.00	311.30	318.00	775446.00
chr15	72495155	72495529	374	374	25.00	3442.00	1357.24	41.00	507606.00
chr9	42540272	42542124	1852	1852	7.00	58.00	31.78	33.00	58860.00
chr11	119290760	119291704	944	944	12.00	11252.00	2759.99	37.00	2605434.00
chr19	5219949	5220165	216	216	210.00	438.00	303.40	271.00	65535.00
chr15	63910769	63911153	384	384	2.00	55.00	31.50	33.00	12097.00
chr17	74393879	74393969	90	90	165.00	245.00	197.52	182.00	17777.00
chr10	104129467	104129532	65	65	102.00	127.00	116.72	118.00	7587.00
chr3	142454224	142454620	396	396	9.00	31.00	19.58	20.00	7753.00
chr12	121205196	121205396	200	200	235.00	313.00	267.43	266.50	53486.00
chr3	31705570	31705724	154	154	34.00	71.00	53.31	55.00	8210.00
chr6	118635190	118636593	1403	1403	35.00	237.00	126.27	118.00	177161.00
chr8	10339867	10340829	962	962	10.00	55.00	38.52	38.50	37060.00
chr19	16952578	16952779	201	201	127.00	278.00	206.55	208.00	41516.00
chr8	110984486	110985016	530	530	158.00	293.00	228.65	229.00	121182.00
chr9	128001219	128001610	391	391	612.00	1569.00	1107.62	1187.00	433078.00
chr11	73070878	73070997	119	119	144.00	165.00	153.34	153.00	18247.00
chr10	104130140	104130235	95	95	115.00	142.00	129.35	130.00	12288.00
chr5	95733039	95733173	134	134	125.00	175.00	147.31	144.50	19740.00
chr19	59059400	59059547	147	147	295.00	429.00	365.05	373.00	53663.00
chr5	139943169	139943255	86	86	43.00	219.00	163.87	178.50	14093.00
chr17	73487771	73487981	210	210	144.00	289.00	191.61	173.50	40238.00
chr1	154315588	154315777	189	189	52.00	73.00	64.66	65.00	12220.00
chr14	95652726	95653070	344	344	8.00	36.00	20.51	22.00	7054.00
chr12	123639801	123640772	971	971	22.00	73.00	44.57	42.00	43274.00
chr22	47064870	47065171	301	301	13.00	30.00	22.59	23.00	6799.00
chr5	24535220	24535388	168	168	109.00	215.00	176.79	188.00	29701.00
chr12	6806452	6806958	506	506	213.00	577.00	353.39	356.50	178814.00
chr22	29881711	29881836	125	125	271.00	375.00	318.35	316.00	39794.00
chr7	75894681	75894786	105	105	93.00	175.00	127.59	128.00	13397.00
chr12	121089007	121095893	6886	6886	16.00	231.00	95.42	90.00	657043.00
chr1	207940357	207942365	2008	2008	11.00	206.00	49.65	36.00	99690.00
chr7	154681166	154681240	74	74	602.00	712.00	656.00	649.00	48544.00
chr5	131696513	131697529	1016	1016	18.00	43.00	29.33	29.00	29801.00
chr11	1776135	1776258	123	123	451.00	1057.00	690.59	634.00	84943.00
chr8	11706554	11706673	119	119	1514.00	1905.00	1718.15	1753.00	204460.00
chr11	18759426	18759511	85	85	286.00	348.00	320.00	320.00	27200.00
chr16	61689373	61689625	252	252	120.00	184.00	153.35	152.50	38644.00
chr15	51750702	51750824	122	122	254.00	354.00	311.09	317.00	37953.00
chr9	35555056	35555698	642	642	238.00	643.00	404.01	391.00	259375.00
chr2	198356200	198356621	421	421	12.00	38.00	24.96	26.00	10508.00
chr9	131001723	131001794	71	71	3174.00	4080.00	3630.06	3626.00	257734.00
chr19	5214371	5214491	120	120	543.00	745.00	636.43	629.00	76372.00
chr22	35719488	35719623	135	135	154.00	207.00	185.70	194.00	25070.00
chr12	121678738	121679829	1091	1091	22.00	150.00	57.68	49.00	62931.00
chr14	23820960	23821064	104	104	1108.00	1565.00	1361.20	1400.00	141565.00
chr1	32205710	32205779	69	69	787.00	968.00	888.23	890.00	61288.00
chr3	33420176	33420326	150	150	12.00	438.00	157.67	22.50	23651.00
chr9	114820707	114820966	259	259	43.00	81.00	58.63	58.00	15185.00
chr15	41865876	41866023	147	147	33.00	1213.00	894.04	967.00	131424.00
chr19	55554308	55554637	329	329	10.00	30.00	21.23	23.00	6985.00
chr1	116933403	116933513	110	110	2182.00	2854.00	2558.87	2552.00	281476.00
chr19	15374230	15374359	129	129	80.00	170.00	128.95	141.00	16635.00
chr12	56090682	56090852	170	170	104.00	154.00	128.14	130.00	21783.00
chr14	69445668	69445876	208	208	54.00	290.00	197.71	217.00	41123.00
chr12	57603474	57603651	177	177	338.00	566.00	436.46	433.00	77254.00
chr22	32897492	32898946	1454	1454	10.00	120.00	51.47	44.00	74837.00
chr16	16367702	16367764	62	62	6.00	343.00	170.55	183.00	10574.00
chr19	5245786	5246056	270	270	160.00	337.00	227.50	231.50	61426.00
chr16	74345440	74345829	389	389	18.00	50.00	32.32	32.00	12574.00
chr6	107096899	107097076	177	177	45.00	79.00	57.56	56.00	10189.00
chr1	29641883	29642019	136	136	39.00	59.00	47.17	47.00	6415.00
chr8	97342440	97342509	69	69	234.00	274.00	252.07	249.00	17393.00
chr8	68116914	68117054	140	140	116.00	175.00	148.16	153.00	20743.00
chr22	22037470	22037546	76	76	52.00	92.00	75.93	82.50	5771.00
chr22	50682147	50683420	1273	1273	24.00	164.00	94.85	90.00	120738.00
chr20	44048971	44049069	98	98	209.00	257.00	233.83	235.00	22915.00
chr1	36904356	36904511	155	155	47.00	103.00	64.92	62.00	10062.00
chr12	71054719	71054877	158	158	108.00	287.00	156.58	138.00	24739.00
chr15	50654364	50655515	1151	1151	23.00	82.00	58.32	60.00	67128.00
chr2	234198499	234198620	121	121	60.00	102.00	82.83	87.00	10023.00
chr9	128001699	128001812	113	113	636.00	754.00	692.39	695.00	78240.00
chr8	38272296	38272419	123	123	90.00	132.00	113.55	115.00	13967.00
chr11	73068069	73068179	110	110	101.00	160.00	128.19	129.00	14101.00
chr16	28123137	28123327	190	190	149.00	304.00	239.77	240.50	45557.00
chr12	49424062	49424222	160	160	40.00	87.00	60.64	59.00	9702.00
chr19	50302885	50303023	138	138	397.00	660.00	492.68	435.50	67990.00
chr19	42480567	42480718	151	151	3236.00	4498.00	3930.94	4113.00	593572.00
chr3	197904395	197905301	906	906	2.00	67.00	33.61	35.00	30454.00
chr13	100189992	100190117	125	125	274.00	352.00	314.07	318.00	39259.00
chr19	14268062	14268272	210	210	332.00	716.00	548.18	584.00	115118.00
chr10	93786886	93787057	171	171	105.00	136.00	118.05	118.00	20187.00
chr1	109808726	109808828	102	102	184.00	279.00	225.57	216.50	23008.00
chr4	134075461	134075520	59	59	357.00	471.00	387.22	384.00	22846.00
chr1	22052268	22053864	1596	1596	13.00	47.00	25.64	25.00	40921.00
chr9	140056855	140056968	113	113	1871.00	2520.00	2251.31	2295.00	254398.00
chr19	42482087	42482224	137	137	2622.00	4002.00	3219.26	3278.00	441039.00
chr19	4556962	4557025	63	63	860.00	1082.00	980.89	974.00	61796.00
chr19	14266921	14267013	92	92	385.00	581.00	504.67	503.50	46430.00
chr22	42273851	42274127	276	276	11.00	992.00	509.37	604.50	140585.00
chr1	205549788	205550049	261	261	277.00	430.00	327.65	310.00	85517.00
chr1	110765585	110766522	937	937	49.00	177.00	108.23	106.00	101416.00
chr19	55553595	55554158	563	563	19.00	68.00	40.07	38.00	22560.00
chr7	150929881	150931360	1479	1479	36.00	222.00	73.70	66.00	108998.00
chr3	124215157	124215260	103	103	760.00	1271.00	1021.36	1047.00	105200.00
chr16	58220658	58220760	102	102	120.00	160.00	134.96	134.50	13766.00
chr3	10381925	10382033	108	108	705.00	1092.00	919.43	910.00	99298.00
chr10	11356101	11356221	120	120	142.00	162.00	151.95	151.50	18234.00
chr22	42294652	42294785	133	133	533.00	966.00	795.35	798.00	105782.00
chr1	2005531	2005714	183	183	21.00	78.00	52.43	52.00	9595.00
chr12	113722522	113722576	54	54	90.00	103.00	96.35	96.00	5203.00
chr9	131502198	131502398	200	200	21.00	592.00	504.50	533.00	100901.00
chr19	40873602	40873786	184	184	1485.00	2143.00	1836.46	1870.00	337908.00
chr2	220162606	220162825	219	219	383.00	777.00	573.10	533.00	125508.00
chr16	28270027	28270355	328	328	30.00	174.00	82.09	70.00	26926.00
chr4	3225718	3225858	140	140	180.00	265.00	210.50	205.00	29470.00
chr17	44127898	44128070	172	172	68.00	92.00	77.17	76.00	13273.00
chr3	47462043	47462262	219	219	126.00	256.00	164.91	152.00	36116.00
chr6	99873090	99873182	92	92	23.00	651.00	273.09	228.50	25124.00
chr7	142561723	142562504	781	781	301.00	751.00	496.84	474.00	388033.00
chr1	159169540	159169666	126	126	1970.00	2738.00	2420.36	2505.00	304965.00
chr19	7606869	7606953	84	84	76.00	100.00	86.85	85.00	7295.00
chr16	2811561	2818298	6737	6737	7.00	682.00	342.39	337.00	2306714.00
chr3	47450652	47450807	155	155	66.00	104.00	87.85	94.00	13616.00
chr11	118403631	118403922	291	291	127.00	184.00	152.31	153.00	44321.00
chr1	205555161	205555335	174	174	329.00	435.00	376.05	372.00	65433.00
chr12	125603186	125603311	125	125	152.00	209.00	176.86	178.00	22108.00
chr11	86658288	86659498	1210	1210	22.00	95.00	51.02	48.00	61729.00
chr22	37764946	37768745	3799	3799	13.00	712.00	231.80	200.00	880627.00
chr10	46345664	46346215	551	551	10.00	70.00	34.96	31.00	19264.00
chr22	33673045	33673241	196	196	296.00	704.00	460.84	424.50	90324.00
chr9	140042599	140042666	67	67	26.00	230.00	170.61	178.00	11431.00
chr3	48717233	48717320	87	87	132.00	184.00	154.90	155.00	13476.00
chr11	60681600	60681740	140	140	23.00	185.00	93.46	84.00	13084.00
chr10	93784512	93784724	212	212	64.00	104.00	84.92	87.00	18004.00
chr12	7289424	7290372	948	948	12.00	854.00	224.82	28.00	213130.00
chr3	132387062	132387526	464	464	19.00	34.00	27.74	28.00	12873.00
chr16	2335442	2335647	205	205	268.00	421.00	356.26	355.00	73034.00
chr16	1794782	1797276	2494	2494	17.00	573.00	92.46	55.00	230587.00
chr16	3786036	3786204	168	168	132.00	176.00	150.67	149.00	25313.00
chr9	141131209	141131766	557	557	2.00	37.00	21.82	23.00	12156.00
chr14	92965028	92966015	987	987	6.00	43.00	21.92	19.00	21638.00
chr19	54692070	54692200	130	130	203.00	605.00	378.09	295.50	49152.00
chr15	43866006	43866230	224	224	80.00	183.00	117.67	101.00	26359.00
chr3	40231316	40231954	638	638	49.00	129.00	76.85	72.00	49030.00
chr3	50148937	50149455	518	518	18.00	64.00	38.22	37.00	19798.00
chr4	81117505	81117755	250	250	81.00	157.00	118.34	114.00	29586.00
chr10	46740404	46740638	234	234	2.00	33.00	21.65	25.00	5066.00
chr3	124210169	124210271	102	102	572.00	857.00	698.80	692.50	71278.00
chr11	107488830	107488932	102	102	388.00	495.00	434.25	433.50	44294.00
chr9	130591965	130592106	141	141	126.00	230.00	203.52	206.00	28697.00
chr1	20981932	20982027	95	95	354.00	460.00	395.72	386.00	37593.00
chr12	75875613	75875859	246	246	24.00	38.00	30.17	29.50	7423.00
chr22	32046684	32046764	80	80	100.00	151.00	131.05	137.00	10484.00
chr11	70331418	70331658	240	240	60.00	219.00	113.62	112.00	27268.00
chr14	51079976	51080069	93	93	586.00	791.00	675.20	674.00	62794.00
chr17	80041077	80041301	224	224	305.00	734.00	535.01	601.50	119842.00
chr7	158540884	158540971	87	87	204.00	282.00	233.70	231.00	20332.00
chr1	21553651	21553719	68	68	191.00	225.00	207.78	208.00	14129.00
chr2	219206256	219206349	93	93	80.00	105.00	93.09	90.00	8657.00
chr17	18444211	18445242	1031	1031	4.00	61.00	29.36	26.00	30268.00
chr12	57599340	57599460	120	120	344.00	462.00	389.12	373.00	46695.00
chr11	64417919	64418110	191	191	322.00	550.00	459.17	476.00	87702.00
chr19	3274926	3275650	724	724	18.00	77.00	48.13	45.00	34847.00
chr16	18532086	18532305	219	219	531.00	831.00	676.17	670.00	148082.00
chr17	3776702	3776756	54	54	536.00	773.00	690.26	697.00	37274.00
chr1	116932670	116933033	363	363	14.00	3387.00	1520.53	2223.00	551952.00
chr16	1505731	1505796	65	65	199.00	260.00	237.68	241.00	15449.00
chr1	9794029	9794200	171	171	3330.00	4003.00	3626.12	3628.00	620067.00
chr10	73579221	73579379	158	158	2658.00	4129.00	3222.81	3302.50	509204.00
chr11	6411684	6412146	462	462	31.00	183.00	115.93	122.00	53561.00
chr1	159163212	159163350	138	138	1417.00	2045.00	1573.80	1537.00	217184.00
chr16	1816723	1816804	81	81	543.00	650.00	595.68	597.00	48250.00
chr7	91722399	91722630	231	231	4.00	139.00	100.28	106.00	23165.00
chr7	44281816	44281939	123	123	1174.00	1426.00	1294.09	1285.00	159173.00
chr2	220467189	220467297	108	108	16.00	29.00	23.71	23.00	2561.00
chr16	4494664	4494729	65	65	217.00	293.00	255.97	249.00	16638.00
chr15	34681844	34681986	142	142	20.00	685.00	466.20	469.00	66201.00
chr9	139995935	139996124	189	189	113.00	216.00	182.41	189.00	34476.00
chr3	180324040	180324160	120	120	163.00	209.00	186.95	188.00	22434.00
chr3	42678359	42681242	2883	2883	47.00	204.00	121.26	116.00	349602.00
chr7	131812776	131815333	2557	2557	24.00	162.00	67.52	63.00	172652.00
chr20	1585387	1585522	135	135	31.00	588.00	316.30	319.00	42700.00
chr3	126751229	126751442	213	213	244.00	329.00	291.77	294.00	62148.00
chr15	63920875	63921014	139	139	168.00	373.00	251.49	268.00	34957.00
chr16	2040128	2040202	74	74	26.00	133.00	74.01	68.00	5477.00
chr9	74324174	74324390	216	216	51.00	65.00	57.25	57.00	12367.00
chr20	44521858	44521950	92	92	222.00	285.00	261.38	267.50	24047.00
chr9	139911647	139911798	151	151	209.00	348.00	276.30	276.00	41721.00
chr9	140055507	140055649	142	142	2335.00	4120.00	3237.15	3018.00	459676.00
chr12	120148055	120148191	136	136	176.00	284.00	226.29	222.50	30775.00
chr12	50474280	50474372	92	92	194.00	259.00	231.29	235.00	21279.00
chr15	63125702	63125828	126	126	210.00	329.00	261.61	256.50	32963.00
chr9	20907148	20907241	93	93	79.00	120.00	101.62	104.00	9451.00
chr16	87874655	87874761	106	106	260.00	414.00	333.36	309.00	35336.00
chr2	162833269	162833460	191	191	6.00	768.00	416.55	622.00	79561.00
chr8	11704560	11704677	117	117	1421.00	1902.00	1664.11	1654.00	194701.00
chr15	63926931	63927087	156	156	222.00	333.00	285.54	299.00	44545.00
chr6	31668718	31668805	87	87	173.00	218.00	187.05	188.00	16273.00
chr7	148910792	148910906	114	114	41.00	91.00	68.80	71.00	7843.00
chr14	42355808	42357213	1405	1405	52.00	267.00	126.87	112.00	178259.00
chr10	88678928	88679226	298	298	30.00	57.00	40.62	38.00	12105.00
chr3	140998219	140998346	127	127	48.00	91.00	69.18	74.00	8786.00
chr1	144859758	144859998	240	240	159.00	269.00	212.49	216.00	50998.00
chr9	96054772	96055455	683	683	84.00	324.00	199.80	211.00	136463.00
chr19	7604803	7604944	141	141	86.00	175.00	116.17	111.00	16380.00
chr12	30906277	30907432	1155	1155	26.00	124.00	71.55	69.00	82639.00
chr9	131112762	131112854	92	92	141.00	264.00	209.67	219.00	19290.00
chr20	61981328	61982379	1051	1051	74.00	195.00	125.54	125.00	131947.00
chr7	38431348	38431618	270	270	246.00	535.00	348.66	341.00	94137.00
chr20	44521036	44521123	87	87	177.00	217.00	199.51	200.00	17357.00
chr11	64418726	64419108	382	382	239.00	495.00	347.75	340.50	132841.00
chr12	120148344	120150270	1926	1926	13.00	328.00	66.24	39.00	127581.00
chr12	6930971	6931066	95	95	24.00	750.00	411.43	425.00	39086.00
chr16	2339434	2339621	187	187	155.00	314.00	206.10	188.00	38540.00
chr2	27700083	27700187	104	104	55.00	106.00	82.85	85.00	8616.00
chr14	69805367	69805494	127	127	85.00	162.00	126.11	122.00	16016.00
chr12	9242497	9242619	122	122	241.00	364.00	305.61	312.50	37285.00
chr3	58256658	58256791	133	133	87.00	159.00	119.86	116.00	15941.00
chr10	79744927	79745098	171	171	74.00	128.00	100.08	97.00	17113.00
chr1	159161725	159161866	141	141	698.00	1256.00	1033.38	1121.00	145706.00
chr16	31085202	31085519	317	317	10.00	52.00	36.61	38.00	11604.00
chr1	171755018	171755218	200	200	47.00	75.00	63.55	64.00	12710.00
chr9	130988124	130989280	1156	1156	14.00	1916.00	293.88	95.00	339727.00
chr15	63127935	63127998	63	63	209.00	261.00	232.54	228.00	14650.00
chr19	1917676	1917821	145	145	12.00	341.00	237.06	252.00	34373.00
chr22	25315792	25315960	168	168	96.00	142.00	115.27	114.00	19366.00
chr2	207943790	207945085	1295	1295	26.00	90.00	52.61	48.00	68132.00
chr11	47330706	47330952	246	246	29.00	848.00	385.42	47.00	94813.00
chr3	142743978	142746095	2117	2117	7.00	195.00	38.64	32.00	81799.00
chr7	44839492	44839694	202	202	14.00	50.00	32.03	32.00	6471.00
chr22	31688260	31688471	211	211	12.00	196.00	119.76	131.00	25270.00
chr11	66333492	66333638	146	146	593.00	799.00	712.51	725.50	104027.00
chr9	131114916	131115026	110	110	259.00	311.00	282.92	280.00	31121.00
chr1	20206	21013	807	807	17.00	186.00	111.77	132.00	90199.00
chr11	108216469	108216635	166	166	50.00	116.00	86.39	89.00	14340.00
chr1	209778880	209779019	139	139	182.00	318.00	257.14	262.00	35742.00
chr1	202935876	202936026	150	150	200.00	340.00	256.31	249.50	38446.00
chr12	57600255	57600524	269	269	391.00	519.00	454.46	452.00	122250.00
chr19	15233503	15233615	112	112	59.00	106.00	80.21	74.50	8984.00
chr8	68115317	68115486	169	169	125.00	199.00	168.22	172.00	28429.00
chr19	13419229	13419342	113	113	82.00	110.00	95.96	95.00	10843.00
chr6	33266815	33267130	315	315	7.00	95.00	48.24	50.00	15196.00
chr16	89780611	89781646	1035	1035	21.00	110.00	57.12	53.00	59123.00
chr12	109964162	109964221	59	59	97.00	124.00	113.54	118.00	6699.00
chr22	24491893	24492045	152	152	60.00	137.00	84.33	76.00	12818.00
chr2	242592926	242593025	99	99	210.00	287.00	236.67	234.00	23430.00
chr1	21937944	21938074	130	130	732.00	1691.00	1269.87	1354.00	165083.00
chr2	223789173	223789313	140	140	318.00	416.00	361.50	359.50	50610.00
chr20	3772318	3772535	217	217	19.00	46.00	30.12	29.00	6535.00
chr16	18531918	18532001	83	83	600.00	893.00	736.84	762.00	61158.00
chr1	43396296	43396537	241	241	266.00	429.00	348.19	344.00	83913.00
chr2	100037960	100038115	155	155	58.00	78.00	70.06	70.00	10859.00
chr16	1500497	1500770	273	273	8.00	247.00	144.44	212.00	39433.00
chr19	40876016	40876144	128	128	1505.00	1981.00	1739.03	1765.50	222596.00
chr5	168112691	168112932	241	241	48.00	97.00	64.68	64.00	15589.00
chr2	127825738	127825831	93	93	556.00	676.00	625.23	629.00	58146.00
chr1	19232015	19234990	2975	2975	12.00	251.00	57.49	47.00	171018.00
chr16	1391129	1391196	67	67	120.00	152.00	135.69	139.00	9091.00
chr6	33410665	33411689	1024	1024	23.00	855.00	426.92	386.00	437167.00
chr9	95872033	95872266	233	233	13.00	26.00	19.19	19.00	4471.00
chr1	53378627	53378839	212	212	21.00	48.00	36.67	37.00	7775.00
chr2	80531276	80531693	417	417	71.00	151.00	131.19	134.00	54706.00
chr7	44286718	44286791	73	73	986.00	1135.00	1072.59	1077.00	78299.00
chr7	157369304	157369471	167	167	694.00	918.00	809.99	829.00	135268.00
chr11	18755079	18755191	112	112	9.00	338.00	210.97	281.00	23629.00
chr6	86237979	86238080	101	101	227.00	300.00	264.08	270.00	26672.00
chr8	145000951	145001050	99	99	122.00	185.00	161.63	165.00	16001.00
chr19	45167680	45167966	286	286	11.00	37.00	24.03	24.00	6873.00
chr10	48930165	48930400	235	235	1.00	32.00	21.89	25.00	5143.00
chr16	87871450	87871547	97	97	274.00	417.00	365.63	388.00	35466.00
chr1	109815454	109815649	195	195	341.00	512.00	423.62	419.00	82606.00
chr1	208215442	208215711	269	269	87.00	142.00	117.48	118.00	31601.00
chr2	260866	261451	585	585	13.00	34.00	22.05	21.00	12898.00
chr5	180481266	180481724	458	458	15.00	47.00	27.71	25.50	12690.00
chr7	73119479	73119631	152	152	13.00	3129.00	1264.19	22.50	192157.00
chr15	34677248	34677358	110	110	654.00	855.00	745.49	723.50	82004.00
chr16	57687114	57687247	133	133	271.00	402.00	335.20	334.00	44582.00
chr15	50649406	50649592	186	186	23.00	71.00	50.39	49.00	9372.00
chr22	21071995	21072066	71	71	1784.00	2077.00	1955.89	1971.00	138868.00
chr5	179200882	179201561	679	679	10.00	76.00	47.18	47.00	32037.00
chr10	98763824	98763979	155	155	282.00	381.00	330.35	332.00	51205.00
chr14	102963315	102963457	142	142	108.00	199.00	136.07	125.00	19322.00
chr1	21932558	21933138	580	580	10.00	1489.00	289.57	36.00	167950.00
chr16	28118842	28118998	156	156	249.00	300.00	271.06	269.50	42285.00
chr1	241767561	241767881	320	320	66.00	115.00	91.98	95.00	29433.00
chr11	66812063	66812184	121	121	184.00	290.00	217.94	205.00	26371.00
chr11	12248571	12248678	107	107	564.00	810.00	696.45	728.00	74520.00
chr9	130588788	130588951	163	163	124.00	202.00	169.46	173.00	27622.00
chr22	21068915	21068988	73	73	1565.00	2160.00	1909.14	1941.00	139367.00
chr1	43424304	43424531	227	227	14.00	441.00	314.50	354.00	71392.00
chr14	105852021	105853670	1649	1649	12.00	207.00	50.55	48.00	83353.00
chr15	34823469	34823579	110	110	190.00	596.00	406.87	416.50	44756.00
chr11	171365	172282	917	917	2.00	67.00	34.70	37.00	31820.00
chr22	24493976	24494155	179	179	79.00	173.00	133.03	142.00	23813.00
chr15	79291060	79291167	107	107	576.00	759.00	687.28	694.00	73539.00
chr16	2145904	2146194	290	290	29.00	48.00	39.57	39.00	11475.00
chr9	131503050	131503166	116	116	451.00	599.00	519.41	521.50	60251.00
chr11	61301983	61302579	596	596	9.00	70.00	48.30	51.00	28789.00
chr22	25308609	25308719	110	110	61.00	80.00	72.44	73.00	7968.00
chr12	63977826	63979986	2160	2160	0.00	65.00	27.44	26.00	59280.00
chr19	46928844	46930933	2089	2089	9.00	423.00	197.70	193.00	412985.00
chr16	56969146	56969224	78	78	204.00	234.00	217.97	220.00	17002.00
chr17	40665787	40665996	209	209	21.00	1945.00	731.11	888.00	152801.00
chr9	131669435	131671600	2165	2165	151.00	432.00	266.36	251.00	576663.00
chr2	220164026	220164271	245	245	38.00	989.00	324.72	50.00	79557.00
chr19	7589846	7590052	206	206	66.00	145.00	99.64	101.00	20526.00
chr6	91260186	91260268	82	82	97.00	123.00	110.88	111.00	9092.00
chr9	124543742	124543830	88	88	423.00	534.00	468.57	461.00	41234.00
chr12	54071005	54071170	165	165	5.00	63.00	39.38	37.00	6498.00
chr2	40443	41212	769	769	18.00	65.00	36.72	35.00	28237.00
chr11	67852159	67852747	588	588	25.00	74.00	50.22	48.00	29528.00
chr8	8233762	8234810	1048	1048	36.00	124.00	83.90	90.50	87927.00
chr2	175671113	175672148	1035	1035	15.00	62.00	39.53	39.00	40913.00
chr7	138984922	138985438	516	516	10.00	29.00	20.33	21.00	10492.00
chr22	40816850	40817104	254	254	139.00	240.00	188.75	188.00	47942.00
chr19	14263120	14263249	129	129	399.00	730.00	553.89	531.00	71452.00
chr19	16962222	16962345	123	123	137.00	343.00	252.74	261.00	31087.00
chr1	109813838	109813918	80	80	289.00	386.00	321.62	316.00	25730.00
chr3	49898148	49898562	414	414	7.00	1097.00	530.76	818.50	219734.00
chr17	17131202	17131510	308	308	14.00	162.00	119.46	133.00	36795.00
chr1	21936067	21936139	72	72	555.00	761.00	654.58	637.00	47130.00
chr3	130424404	130424615	211	211	70.00	100.00	88.57	89.00	18688.00
chr12	56532710	56532797	87	87	80.00	100.00	87.36	86.00	7600.00
chr16	29888591	29888788	197	197	485.00	882.00	672.40	643.00	132462.00
chr2	114394588	114396196	1608	1608	3.00	66.00	26.66	24.00	42866.00
chr3	124180736	124180803	67	67	548.00	614.00	585.66	587.00	39239.00
chr9	111798485	111798660	175	175	78.00	125.00	98.19	99.00	17183.00
chr10	73847897	73848372	475	475	28.00	1511.00	439.16	329.00	208602.00
chr22	21075585	21075706	121	121	937.00	1854.00	1511.84	1597.00	182933.00
chr22	20920753	20921104	351	351	67.00	171.00	122.08	134.00	42849.00
chr9	140953020	140953185	165	165	56.00	174.00	123.93	132.00	20448.00
chr22	41620970	41621075	105	105	106.00	148.00	124.78	125.00	13102.00
chr11	6243671	6243839	168	168	111.00	168.00	134.10	135.50	22529.00
chr15	74704225	74704353	128	128	116.00	157.00	137.70	139.50	17625.00
chr3	48719780	48719985	205	205	86.00	157.00	119.00	110.00	24395.00
chr1	222833247	222833348	101	101	95.00	173.00	138.19	140.00	13957.00
chr1	6583675	6584824	1149	1149	23.00	166.00	79.96	74.00	91879.00
chr11	126135857	126135976	119	119	175.00	243.00	211.31	207.00	25146.00
chr8	75156763	75157410	647	647	34.00	103.00	64.28	64.00	41590.00
chr15	83345212	83345389	177	177	221.00	305.00	270.77	267.00	47926.00
chr14	68031638	68032561	923	923	7.00	47.00	20.39	19.00	18820.00
chr19	42479780	42479949	169	169	2502.00	3763.00	3143.69	3125.00	531284.00
chr16	31503329	31503407	78	78	250.00	356.00	298.32	305.50	23269.00
chr17	1564564	1564700	136	136	226.00	322.00	263.15	248.00	35788.00
chr16	58717858	58718082	224	224	53.00	115.00	84.65	87.00	18962.00
chr14	71575320	71575763	443	443	48.00	112.00	79.36	81.00	35156.00
chr1	202934498	202934628	130	130	176.00	352.00	229.21	202.00	29797.00
chr7	73118477	73118586	109	109	1505.00	1892.00	1683.43	1664.00	183494.00
chr19	13365908	13366073	165	165	111.00	154.00	129.83	132.00	21422.00
chr10	102265117	102265958	841	841	19.00	91.00	41.06	34.00	34531.00
chr9	139983320	139983457	137	137	117.00	185.00	160.56	164.00	21997.00
chr18	29206245	29206347	102	102	193.00	313.00	245.82	237.50	25074.00
chr12	120578662	120578827	165	165	67.00	93.00	81.16	81.00	13391.00
chr5	757516	758226	710	710	26.00	78.00	47.35	45.00	33618.00
chr8	21632483	21632567	84	84	46.00	62.00	54.21	54.00	4554.00
chr4	54011499	54011749	250	250	54.00	100.00	78.31	78.00	19578.00
chr8	141680613	141681365	752	752	6.00	38.00	25.64	26.00	19280.00
chr11	57367351	57367850	499	499	39.00	141.00	83.96	83.00	41898.00
chr12	63980009	63980784	775	775	9.00	35.00	22.89	23.00	17738.00
chr9	140057042	140057203	161	161	18.00	2741.00	2342.00	2527.00	377062.00
chr2	7055953	7056098	145	145	35.00	65.00	47.75	46.00	6924.00
chr12	52387768	52389043	1275	1275	36.00	1044.00	272.89	205.00	347929.00
chr19	50104931	50105175	244	244	26.00	156.00	63.58	43.50	15514.00
chr19	5218430	5218543	113	113	509.00	699.00	634.63	648.00	71713.00
chr16	29898969	29899138	169	169	378.00	455.00	416.08	416.00	70318.00
chr7	99030900	99031041	141	141	25.00	44.00	32.74	31.00	4616.00
chr17	36692926	36693212	286	286	12.00	44.00	31.32	31.00	8958.00
chr15	73857770	73859335	1565	1565	20.00	191.00	90.59	86.00	141769.00
chr6	44104085	44104176	91	91	203.00	292.00	242.76	236.00	22091.00
chr1	21938518	21938602	84	84	858.00	1172.00	1041.27	1060.00	87467.00
chr19	13423482	13423595	113	113	71.00	98.00	86.73	87.00	9800.00
chr16	70292882	70293089	207	207	744.00	1085.00	910.25	905.00	188421.00
chr18	61060641	61060782	141	141	89.00	125.00	108.72	109.00	15330.00
chr16	22269814	22270016	202	202	15.00	46.00	30.63	32.00	6188.00
chr1	21554423	21554534	111	111	163.00	231.00	202.84	212.00	22515.00
chr9	140057255	140057455	200	200	30.00	3526.00	2222.99	2729.50	444599.00
chr7	1488255	1488397	142	142	42.00	97.00	73.27	76.50	10404.00
chr14	100166351	100166438	87	87	932.00	1133.00	1010.03	996.00	87873.00
chr9	101065522	101065705	183	183	597.00	830.00	734.99	754.00	134503.00
chr5	68411752	68412041	289	289	57.00	101.00	82.55	87.00	23858.00
chr1	2452539	2452754	215	215	74.00	191.00	128.90	127.00	27713.00
chr1	21564626	21564737	111	111	154.00	236.00	206.99	205.00	22976.00
chr13	42037713	42039066	1353	1353	5.00	56.00	38.27	39.00	51777.00
chr2	114350236	114350443	207	207	14.00	106.00	59.98	61.00	12416.00
chr1	21939668	21939722	54	54	857.00	1058.00	987.69	1014.50	53335.00
chr9	139353895	139354007	112	112	58.00	74.00	65.54	66.00	7341.00
chr7	102176367	102176618	251	251	8.00	39.00	29.80	32.00	7480.00
chr3	51411753	51412018	265	265	13.00	428.00	151.69	25.00	40199.00
chr17	73888091	73888266	175	175	12.00	34.00	20.94	21.00	3664.00
chr13	103297258	103297435	177	177	11.00	112.00	60.02	78.00	10623.00
chr15	63922664	63922834	170	170	264.00	393.00	333.08	340.50	56624.00
chr3	33400774	33400849	75	75	241.00	347.00	303.11	292.00	22733.00
chr22	50671744	50671955	211	211	64.00	95.00	84.33	85.00	17794.00
chr1	21190968	21191205	237	237	248.00	429.00	358.60	369.00	84989.00
chr5	14481649	14481727	78	78	231.00	282.00	255.69	257.50	19944.00
chr15	101605556	101606410	854	854	13.00	53.00	36.12	38.00	30845.00
chr17	80040402	80040554	152	152	362.00	592.00	481.64	454.50	73210.00
chr2	132269293	132270897	1604	1604	16.00	96.00	49.27	45.00	79022.00
chr11	1778553	1778786	233	233	815.00	1444.00	1166.58	1212.00	271813.00
chr11	1469616	1469808	192	192	27.00	50.00	38.36	38.50	7366.00
chr12	120138549	120138630	81	81	211.00	258.00	236.91	236.00	19190.00
chr7	901016	901101	85	85	210.00	331.00	267.72	268.00	22756.00
chr19	13372263	13372424	161	161	156.00	201.00	179.23	180.00	28856.00
chr17	40843154	40843311	157	157	305.00	446.00	376.71	378.00	59143.00
chr17	80039476	80039719	243	243	331.00	576.00	439.99	445.00	106918.00
chr17	16681109	16687365	6256	6256	5.00	253.00	88.22	82.00	551905.00
chr1	116935475	116935610	135	135	2363.00	3402.00	2920.81	2866.00	394309.00
chr6	128294808	128294972	164	164	178.00	327.00	255.57	262.00	41914.00
chr5	109189927	109190617	690	690	9.00	35.00	21.85	21.00	15079.00
chr15	40757533	40757634	101	101	37.00	153.00	109.70	114.00	11080.00
chr2	220164706	220164981	275	275	599.00	1413.00	1012.66	974.00	278481.00
chr3	164905164	164908639	3475	3475	23.00	175.00	70.21	64.00	243997.00
chr11	60699157	60699356	199	199	182.00	833.00	588.70	549.00	117151.00
chr2	96680301	96680717	416	416	9.00	20.00	14.82	15.00	6166.00
chr17	40845314	40845554	240	240	299.00	515.00	408.64	397.00	98074.00
chr12	125264513	125265391	878	878	15.00	70.00	41.72	39.00	36632.00
chr1	156623704	156624158	454	454	34.00	103.00	57.18	55.00	25961.00
chr6	108370456	108370622	166	166	120.00	190.00	147.42	144.50	24472.00
chr11	19180486	19180587	101	101	32.00	52.00	40.68	42.00	4109.00
chr19	42489069	42489338	269	269	658.00	1320.00	1034.32	1049.00	278232.00
chr2	198274493	198274731	238	238	180.00	302.00	237.83	235.00	56603.00
chr6	47220991	47221257	266	266	153.00	379.00	275.00	272.50	73149.00
chr19	40872679	40872822	143	143	2109.00	3627.00	2977.54	2981.00	425788.00
chr19	54693278	54693627	349	349	12.00	125.00	65.44	60.00	22840.00
chr12	81929	82174	245	245	21.00	77.00	51.23	53.00	12551.00
chr21	45513943	45514114	171	171	77.00	103.00	92.06	93.00	15742.00
chr3	124201630	124201747	117	117	12.00	894.00	611.50	741.00	71546.00
chr17	79805118	79805223	105	105	438.00	580.00	504.13	502.00	52934.00
chr20	46307419	46307548	129	129	132.00	202.00	147.28	145.00	18999.00
chr17	38187790	38187873	83	83	163.00	253.00	203.24	193.00	16869.00
chr2	207452814	207452878	64	64	427.00	539.00	474.23	469.00	30351.00
chr17	45695715	45695823	108	108	546.00	634.00	596.21	603.00	64391.00
chr7	44283023	44283126	103	103	892.00	1062.00	973.38	962.00	100258.00
chr20	62274975	62275284	309	309	13.00	3401.00	1637.29	2270.00	505924.00
chr11	108202605	108202764	159	159	32.00	52.00	43.76	45.00	6958.00
chr9	140051314	140051489	175	175	1026.00	1459.00	1207.63	1167.00	211336.00
chr22	45574118	45574781	663	663	55.00	183.00	113.02	114.00	74929.00
chr15	79312382	79312446	64	64	324.00	396.00	357.22	359.00	22862.00
chr1	21940120	21940199	79	79	818.00	986.00	888.03	893.00	70154.00
chr17	3775847	3775921	74	74	527.00	759.00	660.54	679.00	48880.00
chr7	73133931	73134019	88	88	16.00	2660.00	922.94	673.50	81219.00
chr11	72292920	72292991	71	71	928.00	1057.00	981.25	983.00	69669.00
chr7	43547616	43547730	114	114	83.00	112.00	99.42	100.00	11334.00
chr16	58713760	58714145	385	385	39.00	75.00	54.06	53.00	20814.00
chr22	21083600	21083794	194	194	832.00	1462.00	1153.64	1210.50	223807.00
chr11	66457275	66457414	139	139	679.00	959.00	799.98	775.00	111197.00
chr15	91561034	91561115	81	81	48.00	66.00	54.94	53.00	4450.00
chr11	2968525	2969001	476	476	13.00	31.00	20.50	21.00	9759.00
chr19	34869838	34869910	72	72	1622.00	2053.00	1812.78	1771.00	130520.00
chr9	121970996	121971219	223	223	412.00	590.00	516.03	524.00	115075.00
chr3	47449772	47449980	208	208	17.00	105.00	68.26	84.50	14199.00
chr12	57601820	57601999	179	179	488.00	1019.00	754.22	710.00	135005.00
chr16	2345590	2345741	151	151	259.00	390.00	340.26	352.00	51379.00
chr12	50471782	50471910	128	128	128.00	250.00	190.83	196.00	24426.00
chr1	109814221	109814344	123	123	404.00	691.00	595.62	626.00	73261.00
chr19	16942304	16942458	154	154	89.00	144.00	120.28	125.00	18523.00
chr11	66333301	66333398	97	97	474.00	621.00	538.60	537.00	52244.00
chr5	74026084	74026223	139	139	122.00	172.00	146.85	149.00	20412.00
chr5	68417520	68417722	202	202	71.00	122.00	95.53	95.50	19298.00
chr19	15272262	15272525	263	263	34.00	111.00	70.19	57.00	18459.00
chr3	45872404	45872482	78	78	228.00	265.00	247.18	246.50	19280.00
chr7	73123374	73123452	78	78	2683.00	3480.00	3225.92	3335.00	251622.00
chr5	14498197	14498360	163	163	275.00	445.00	350.10	339.00	57066.00
chr14	93180167	93180230	63	63	167.00	212.00	192.29	197.00	12114.00
chr9	130984739	130984875	136	136	2611.00	4063.00	3249.60	3077.50	441945.00
chr13	31216764	31216894	130	130	27.00	46.00	34.78	34.00	4522.00
chr12	112614399	112614506	107	107	114.00	306.00	282.43	291.00	30220.00
chr12	57602865	57602982	117	117	546.00	839.00	674.39	679.00	78904.00
chr14	72976861	72976987	126	126	131.00	189.00	161.48	163.00	20347.00
chr1	155209406	155209553	147	147	150.00	233.00	181.41	170.00	26667.00
chr10	49633930	49634113	183	183	181.00	271.00	223.11	232.00	40829.00
chr16	84100093	84100218	125	125	205.00	265.00	243.97	246.00	30496.00
chr1	155207924	155208097	173	173	181.00	277.00	222.79	216.00	38542.00
chr12	2786898	2787033	135	135	43.00	79.00	60.73	57.00	8199.00
chr2	233755457	233756197	740	740	19.00	1483.00	268.44	67.00	198646.00
chr14	60631894	60632099	205	205	66.00	245.00	167.90	181.00	34419.00
chr1	11151549	11151654	105	105	104.00	142.00	121.43	120.00	12750.00
chr4	134076071	134076178	107	107	375.00	510.00	465.32	471.00	49789.00
chr15	91420364	91420441	77	77	242.00	301.00	277.31	276.00	21353.00
chr5	114961533	114961755	222	222	19.00	75.00	48.46	49.00	10758.00
chr16	1814047	1814211	164	164	11.00	626.00	282.02	407.50	46252.00
chr18	44250463	44252581	2118	2118	61.00	361.00	188.14	167.00	398487.00
chr6	158049380	158049518	138	138	111.00	189.00	155.31	157.00	21433.00
chr19	7675585	7675679	94	94	64.00	92.00	79.93	81.00	7513.00
chr13	99461604	99461719	115	115	10.00	393.00	293.12	288.00	33709.00
chr11	130010829	130011467	638	638	18.00	2569.00	289.31	41.00	184578.00
chr11	107526658	107526792	134	134	650.00	846.00	740.68	732.00	99251.00
chr16	1391294	1391490	196	196	53.00	143.00	88.66	83.00	17378.00
chr1	38182716	38184158	1442	1442	17.00	174.00	83.40	75.00	120267.00
chr5	179231023	179231323	300	300	23.00	46.00	32.50	31.00	9750.00
chr14	69814593	69814719	126	126	135.00	173.00	154.86	155.50	19512.00
chr14	69349174	69349309	135	135	334.00	472.00	405.54	409.00	54748.00
chr19	7614792	7614998	206	206	202.00	276.00	246.57	248.00	50794.00
chr1	228270375	228270466	91	91	12.00	2420.00	775.10	375.00	70534.00
chr1	38186022	38186315	293	293	15.00	71.00	43.78	47.00	12829.00
chr13	77641715	77641999	284	284	317.00	480.00	395.87	412.00	112426.00
chr14	100157417	100157498	81	81	330.00	625.00	449.70	400.00	36426.00
chr13	32978280	32979333	1053	1053	23.00	92.00	42.43	38.00	44682.00
chr12	7301567	7301794	227	227	786.00	1392.00	1165.08	1177.00	264473.00
chr9	123583116	123583257	141	141	55.00	97.00	78.38	81.00	11051.00
chr17	26883183	26883284	101	101	124.00	206.00	154.63	145.00	15618.00
chr12	6972993	6973137	144	144	298.00	396.00	352.19	356.00	50716.00
chr20	34322310	34322637	327	327	6.00	29.00	15.56	14.00	5087.00
chr19	7606407	7606570	163	163	95.00	173.00	141.20	148.00	23015.00
chr16	2333186	2333373	187	187	9.00	567.00	419.02	477.00	78357.00
chr12	113825548	113825711	163	163	114.00	295.00	199.16	192.00	32463.00
chr7	4802013	4807749	5736	5736	18.00	257.00	70.86	60.00	406473.00
chr1	43394880	43394985	105	105	446.00	599.00	524.81	537.00	55105.00
chr19	4554399	4554488	89	89	682.00	1019.00	890.35	947.00	79241.00
chr16	31719139	31719372	233	233	22.00	38.00	29.69	29.00	6918.00
chr5	134060669	134061744	1075	1075	20.00	61.00	39.40	39.00	42351.00
chr1	202936318	202936371	53	53	18.00	207.00	119.06	161.00	6310.00
chr2	220087366	220087615	249	249	279.00	346.00	307.56	308.00	76583.00
chr2	36764494	36764689	195	195	79.00	126.00	104.72	103.00	20421.00
chr7	43519208	43519343	135	135	87.00	199.00	156.02	159.00	21063.00
chr10	51249585	51249993	408	408	1.00	37.00	15.15	11.50	6181.00
chr6	32123647	32123755	108	108	199.00	289.00	227.39	221.00	24558.00
chr3	118624442	118624692	250	250	10.00	105.00	53.74	25.00	13435.00
chr1	190129797	190130020	223	223	90.00	143.00	119.55	126.00	26659.00
chr9	131004491	131004624	133	133	16.00	4337.00	3434.88	3968.00	456839.00
chr22	33679187	33679334	147	147	266.00	329.00	295.78	294.00	43480.00
chr15	74709931	74710016	85	85	106.00	223.00	142.00	119.00	12070.00
chr7	6470110	6470238	128	128	28.00	38.00	32.83	33.00	4202.00
chr1	6640600	6641359	759	759	17.00	64.00	38.66	38.00	29343.00
chr16	31510622	31510728	106	106	223.00	282.00	255.37	262.00	27069.00
chr4	103710287	103711803	1516	1516	14.00	49.00	29.55	28.00	44804.00
chr19	2862339	2862746	407	407	12.00	39.00	22.54	19.00	9173.00
chr2	15467873	15467994	121	121	47.00	66.00	55.23	54.00	6683.00
chr2	36780721	36781492	771	771	11.00	43.00	28.97	30.00	22334.00
chr10	81070680	81070941	261	261	56.00	158.00	90.36	79.00	23585.00
chr2	217234866	217235986	1120	1120	70.00	211.00	127.46	122.00	142758.00
chr10	93786348	93786508	160	160	63.00	125.00	87.02	86.00	13923.00
chr17	20268785	20269076	291	291	1.00	19.00	11.60	13.00	3377.00
chr9	131002006	131002062	56	56	3.00	4304.00	3849.32	4114.50	215562.00
chr1	155208307	155208441	134	134	247.00	338.00	294.68	306.00	39487.00
chr2	162833877	162834373	496	496	3.00	659.00	60.52	12.00	30016.00
chr9	35799614	35799728	114	114	38.00	62.00	50.83	52.00	5795.00
chr20	62517856	62519234	1378	1378	21.00	238.00	71.04	66.00	97892.00
chr22	35942847	35943127	280	280	51.00	278.00	185.83	207.50	52033.00
chr13	26436438	26436546	108	108	54.00	83.00	69.03	71.00	7455.00
chr14	69371371	69371453	82	82	217.00	330.00	282.84	289.50	23193.00
chr7	44031274	44031581	307	307	8.00	44.00	25.25	25.00	7753.00
chr11	12274988	12275291	303	303	17.00	117.00	66.68	68.00	20203.00
chr5	1334403	1334498	95	95	175.00	203.00	188.81	189.00	17937.00
chr19	34868639	34868786	147	147	1907.00	2790.00	2335.15	2334.00	343267.00
chr16	1815960	1816143	183	183	348.00	561.00	437.62	434.00	80084.00
chr10	73578787	73578868	81	81	3108.00	4150.00	3607.27	3591.00	292189.00
chr17	37420427	37420640	213	213	35.00	56.00	47.05	48.00	10022.00
chr5	60835422	60835586	164	164	55.00	80.00	66.79	68.00	10953.00
chr15	79296143	79296517	374	374	464.00	752.00	553.98	540.00	207189.00
chr19	13039568	13039661	93	93	609.00	934.00	778.68	799.00	72417.00
chr12	49421585	49421713	128	128	120.00	203.00	163.44	157.50	20920.00
chr1	1661057	1662583	1526	1526	20.00	330.00	108.13	75.00	165000.00
chr2	207457340	207457460	120	120	553.00	758.00	666.00	675.50	79920.00
chr11	64542462	64543441	979	979	12.00	54.00	35.02	34.00	34284.00
chr20	61910250	61910347	97	97	148.00	205.00	179.54	178.00	17415.00
chr11	62394042	62394156	114	114	268.00	365.00	311.15	306.00	35471.00
chr5	37301538	37301652	114	114	23.00	39.00	29.49	28.00	3362.00
chr16	4733843	4733933	90	90	292.00	347.00	325.14	331.00	29263.00
chr15	43693913	43694048	135	135	111.00	152.00	135.33	138.00	18270.00
chr11	18764538	18764622	84	84	170.00	224.00	203.25	209.00	17073.00
chr17	57842331	57842499	168	168	168.00	249.00	211.24	218.00	35488.00
chr9	96076729	96078064	1335	1335	16.00	68.00	38.46	37.00	51342.00
chr11	12246219	12246367	148	148	408.00	579.00	476.82	474.50	70570.00
chr12	7030743	7031565	822	822	21.00	4055.00	1464.96	47.00	1204196.00
chr3	14523178	14523349	171	171	71.00	104.00	90.50	91.00	15475.00
chr5	758508	759483	975	975	21.00	102.00	51.81	48.00	50513.00
chr12	22635490	22635677	187	187	103.00	142.00	120.71	120.00	22573.00
chr5	14479369	14479459	90	90	284.00	349.00	318.97	315.00	28707.00
chr6	143655214	143656079	865	865	1.00	24.00	9.51	8.00	8222.00
chr7	75508360	75508578	218	218	31.00	1184.00	862.47	1028.50	188019.00
chr11	60697981	60698131	150	150	390.00	522.00	444.35	430.00	66652.00
chr1	151400598	151400889	291	291	103.00	274.00	175.32	180.00	51017.00
chr5	172196431	172197309	878	878	44.00	950.00	295.28	103.00	259259.00
chr3	49152660	49152794	134	134	78.00	111.00	88.25	87.00	11826.00
chr7	5518281	5519950	1669	1669	37.00	173.00	88.21	83.00	147221.00
chr17	16691106	16691449	343	343	13.00	121.00	57.22	74.00	19627.00
chr2	220086993	220087172	179	179	246.00	344.00	295.61	298.00	52915.00
chr10	51746916	51748006	1090	1090	2.00	205.00	69.43	56.00	75676.00
chr12	7302118	7302289	171	171	1259.00	1544.00	1393.81	1388.00	238341.00
chr11	59562844	59562955	111	111	48.00	117.00	87.41	98.00	9703.00
chr12	6100984	6101184	200	200	40.00	93.00	61.22	55.00	12243.00
chr19	5683274	5683627	353	353	21.00	70.00	45.47	44.00	16052.00
chr12	2786259	2786387	128	128	47.00	64.00	55.00	54.00	7040.00
chr15	26812727	26812880	153	153	370.00	669.00	456.31	439.00	69816.00
chr1	149007980	149008798	818	818	3.00	34.00	16.38	16.00	13400.00
chr19	54965608	54965861	253	253	140.00	281.00	216.94	221.00	54886.00
chr8	27293259	27293310	51	51	232.00	317.00	287.80	287.00	14678.00
chr15	23014437	23014528	91	91	150.00	255.00	207.70	208.00	18901.00
chr1	111717500	111717585	85	85	109.00	180.00	148.96	140.00	12662.00
chr6	150157220	150157433	213	213	248.00	388.00	328.20	334.00	69906.00
chr13	114566547	114566670	123	123	29.00	213.00	107.08	95.00	13171.00
chr16	58539291	58539605	314	314	15.00	114.00	76.33	78.00	23968.00
chr1	21936612	21936768	156	156	643.00	1771.00	1093.13	1075.50	170528.00
chr1	17322880	17322991	111	111	288.00	541.00	416.95	461.00	46282.00
chr11	60699455	60699599	144	144	526.00	869.00	679.17	665.00	97801.00
chr5	6749669	6749770	101	101	66.00	81.00	73.74	73.00	7448.00
chr16	2156805	2156949	144	144	176.00	242.00	207.90	213.00	29938.00
chr15	34690834	34690930	96	96	211.00	527.00	373.98	367.50	35902.00
chr3	11074933	11075425	492	492	22.00	866.00	180.84	42.00	88975.00
chr5	74655222	74655381	159	159	250.00	412.00	317.72	305.00	50517.00
chr20	20022968	20023160	192	192	73.00	156.00	104.88	91.50	20136.00
chr2	39055481	39055578	97	97	34.00	55.00	46.95	48.00	4554.00
chr19	16793231	16793528	297	297	26.00	516.00	157.77	39.00	46859.00
chr2	219205450	219205509	59	59	89.00	105.00	97.20	97.00	5735.00
chr17	74087429	74087729	300	300	18.00	60.00	38.31	43.00	11493.00
chr3	184058150	184060036	1886	1886	37.00	1500.00	266.02	102.00	501717.00
chr6	90333128	90333263	135	135	139.00	179.00	160.79	163.00	21707.00
chr12	125267019	125267429	410	410	26.00	95.00	47.79	42.00	19595.00
chr1	207942580	207943104	524	524	10.00	96.00	66.38	75.00	34783.00
chr4	89356876	89357043	167	167	57.00	97.00	74.74	71.00	12482.00
chr7	101995498	101995736	238	238	27.00	195.00	78.91	44.00	18781.00
chr3	11067458	11067562	104	104	681.00	1030.00	891.12	905.50	92677.00
chr5	95734582	95734740	158	158	161.00	200.00	179.46	180.00	28354.00
chr6	152529106	152529341	235	235	169.00	252.00	212.87	215.00	50024.00
chr5	102295578	102295763	185	185	177.00	276.00	216.27	207.00	40010.00
chr22	21072980	21073110	130	130	1293.00	2085.00	1702.59	1789.00	221337.00
chr12	121855306	121855714	408	408	81.00	277.00	143.27	132.50	58456.00
chr1	160326389	160326544	155	155	161.00	200.00	180.89	178.00	28038.00
chr11	60670930	60671007	77	77	333.00	391.00	360.83	360.00	27784.00
chr17	79804822	79804948	126	126	525.00	780.00	670.31	684.50	84459.00
chr16	18527204	18527332	128	128	562.00	939.00	743.34	712.50	95147.00
chr16	16372518	16372646	128	128	589.00	969.00	783.77	759.50	100323.00
chr2	32750530	32750695	165	165	62.00	90.00	74.69	74.00	12324.00
chr14	69369193	69369279	86	86	297.00	422.00	356.50	371.00	30659.00
chr7	66418212	66418356	144	144	210.00	349.00	280.03	278.50	40325.00
chr6	44107988	44108097	109	109	148.00	243.00	193.82	189.00	21126.00
chr7	70885893	70886091	198	198	360.00	881.00	558.59	455.50	110601.00
chr8	27295281	27295397	116	116	293.00	357.00	317.82	315.50	36867.00
chr7	73122918	73123018	100	100	2674.00	3299.00	3075.22	3083.00	307522.00
chr15	34698874	34699071	197	197	432.00	603.00	511.96	507.00	100856.00
chr8	22009343	22009513	170	170	203.00	378.00	270.36	262.50	45961.00
chr7	1526557	1526737	180	180	70.00	247.00	150.87	161.50	27156.00
chr5	178053946	178054065	119	119	14.00	312.00	147.88	127.00	17598.00
chr12	6103027	6103369	342	342	63.00	98.00	81.21	82.00	27774.00
chr2	3479491	3480482	991	991	18.00	72.00	33.13	29.00	32831.00
chr3	33883388	33883566	178	178	127.00	215.00	159.20	154.00	28337.00
chr19	11019778	11019883	105	105	197.00	263.00	233.08	239.00	24473.00
chr7	98446205	98446318	113	113	1608.00	3151.00	2439.73	2340.00	275689.00
chr8	106813274	106813932	658	658	13.00	44.00	29.73	31.00	19562.00
chr2	223795338	223795530	192	192	574.00	895.00	673.94	628.00	129396.00
chr7	75511146	75511554	408	408	915.00	1653.00	1268.64	1284.00	517605.00
chr21	40184926	40185038	112	112	167.00	321.00	258.50	284.00	28952.00
chr19	53383575	53385236	1661	1661	22.00	69.00	44.70	45.00	74242.00
chr19	14208130	14208295	165	165	6.00	713.00	483.15	626.00	79719.00
chr15	91461013	91461618	605	605	14.00	358.00	116.51	32.00	70487.00
chr8	145278010	145278133	123	123	49.00	65.00	57.34	58.00	7053.00
chr16	28132990	28133083	93	93	151.00	272.00	203.95	205.00	18967.00
chr11	125280091	125280221	130	130	139.00	172.00	153.68	153.50	19979.00
chr15	63128089	63128317	228	228	43.00	320.00	228.63	263.00	52127.00
chr9	131181435	131181557	122	122	10.00	287.00	223.54	225.00	27272.00
chr19	3281196	3281343	147	147	392.00	566.00	477.91	497.00	70253.00
chr11	6240200	6240280	80	80	81.00	98.00	90.59	90.00	7247.00
chr20	31019123	31019287	164	164	38.00	54.00	44.97	44.00	7375.00
chr6	46825865	46827260	1395	1395	54.00	174.00	111.88	108.00	156072.00
chr12	1672006	1672666	660	660	18.00	84.00	39.15	33.00	25837.00
chr12	9098824	9099001	177	177	226.00	328.00	276.93	286.00	49016.00
chr7	121738503	121738630	127	127	39.00	54.00	46.12	45.00	5857.00
chr19	40875814	40875935	121	121	1278.00	1646.00	1481.82	1500.00	179300.00
chr20	3581592	3581671	79	79	145.00	213.00	185.89	190.00	14685.00
chr17	7226965	7227042	77	77	83.00	101.00	91.45	91.00	7042.00
chr2	74331800	74332809	1009	1009	21.00	84.00	44.11	40.00	44504.00
chr1	209785136	209785610	474	474	10.00	285.00	204.41	218.00	96888.00
chr9	35546426	35548532	2106	2106	121.00	365.00	223.27	222.00	470217.00
chr17	80040198	80040290	92	92	363.00	483.00	416.73	407.50	38339.00
chr11	73074791	73075284	493	493	16.00	182.00	69.68	27.00	34351.00
chr20	44674976	44675075	99	99	406.00	511.00	460.41	452.00	45581.00
chr20	5892091	5892328	237	237	52.00	385.00	233.18	267.00	55263.00
chr17	20316581	20317594	1013	1013	7.00	43.00	16.64	14.00	16857.00
chr12	99478702	99478801	99	99	218.00	253.00	233.27	230.00	23094.00
chr17	40842756	40842960	204	204	414.00	575.00	489.91	468.50	99941.00
chr11	107501142	107501288	146	146	443.00	640.00	544.27	555.50	79464.00
chr11	85429236	85429532	296	296	7.00	39.00	17.13	17.00	5070.00
chr20	9449217	9449319	102	102	74.00	100.00	88.48	90.00	9025.00
chr14	23371395	23371591	196	196	147.00	211.00	184.26	187.00	36115.00
chr7	716865	716957	92	92	2375.00	3323.00	3034.62	3031.00	279185.00
chr10	48862360	48862682	322	322	1.00	403.00	238.96	307.50	76945.00
chr10	68686678	68688210	1532	1532	34.00	168.00	85.93	73.00	131646.00
chr5	179674854	179674926	72	72	309.00	420.00	361.21	375.00	26007.00
chr1	209773327	209773456	129	129	178.00	253.00	222.26	231.00	28672.00
chr17	45691034	45691091	57	57	489.00	589.00	540.82	543.00	30827.00
chr1	19669871	19670118	247	247	22.00	48.00	38.92	41.00	9614.00
chr17	45664025	45664710	685	685	13.00	425.00	99.98	68.00	68486.00
chr19	2337634	2338840	1206	1206	20.00	128.00	54.57	52.00	65810.00
chr8	22011480	22011552	72	72	262.00	326.00	297.60	296.50	21427.00
