#chrom	start	end	size	num_data	min	max	mean	median	sum
chr12	1940100	1940691	591	591	66.00	131.00	95.12	95.00	56218.00
chr1	27480473	27481381	908	908	27.00	100.00	65.26	66.00	59257.00
chr15	63112684	63112809	125	125	377.00	545.00	468.21	474.00	58526.00
chr5	149231737	149232254	517	517	10.00	24.00	17.70	18.00	9152.00
chr5	140865429	140867182	1753	1753	7.00	48.00	21.47	21.00	37644.00
chr1	32209793	32209958	165	165	324.00	537.00	407.13	392.00	67176.00
chr16	87873307	87873431	124	124	222.00	375.00	308.71	303.00	38280.00
chr17	34157438	34158175	737	737	9.00	31.00	18.49	18.00	13625.00
chr2	127815619	127816088	469	469	19.00	55.00	36.57	34.00	17149.00
chr1	208212965	208213112	147	147	83.00	127.00	104.42	106.00	15350.00
chr22	19703883	19704666	783	783	19.00	73.00	44.51	44.00	34850.00
chr16	87872319	87872423	104	104	212.00	253.00	232.62	229.00	24192.00
chr9	140055740	140055868	128	128	2510.00	3000.00	2753.34	2755.50	352427.00
chr22	21096515	21096643	128	128	857.00	1181.00	963.80	945.00	123366.00
chr9	140056321	140056540	219	219	11.00	3536.00	2182.51	2612.00	477970.00
chr11	78379981	78380253	272	272	18.00	52.00	34.72	36.00	9443.00
chr3	11070420	11070533	113	113	126.00	189.00	149.32	142.00	16873.00
chr1	109812554	109813222	668	668	16.00	601.00	268.93	340.00	179648.00
chr2	220161954	220162155	201	201	1061.00	1988.00	1614.63	1656.00	324540.00
chr15	74706887	74707086	199	199	157.00	235.00	179.20	175.00	35661.00
chr17	7318829	7319426	597	597	197.00	505.00	313.82	314.00	187352.00
chr1	21560050	21560154	104	104	42.00	71.00	55.88	57.00	5812.00
chr1	25573799	25573952	153	153	15.00	635.00	418.24	486.00	63990.00
chr14	93198993	93199160	167	167	221.00	328.00	300.95	306.00	50258.00
chr1	205554003	205554119	116	116	285.00	510.00	385.94	377.50	44769.00
chr1	9795005	9795232	227	227	2402.00	4178.00	3327.66	3327.00	755379.00
chr17	42426525	42426670	145	145	80.00	145.00	117.01	115.00	16967.00
chr18	70205887	70206179	292	292	6.00	556.00	215.34	16.00	62878.00
chr1	205553082	205553251	169	169	469.00	624.00	543.53	540.00	91857.00
chr9	140056623	140056766	143	143	18.00	2694.00	1619.16	1869.00	231540.00
chr6	33412147	33412394	247	247	31.00	897.00	498.59	639.00	123152.00
chr12	89992366	89992547	181	181	11.00	1491.00	991.46	1007.00	179455.00
chr2	220088827	220089576	749	749	141.00	278.00	199.96	193.00	149771.00
chr14	100763073	100765222	2149	2149	9.00	138.00	52.19	51.00	112161.00
chr1	110740697	110742543	1846	1846	18.00	1371.00	739.55	710.00	1365213.00
chr1	149878201	149879758	1557	1557	20.00	2502.00	455.42	44.00	709090.00
chr3	197264139	197265259	1120	1120	5.00	46.00	24.02	26.00	26905.00
chr8	56449623	56450530	907	907	15.00	56.00	33.48	34.00	30365.00
chr9	139354208	139354326	118	118	45.00	97.00	61.14	59.00	7215.00
chr1	32204908	32205236	328	328	652.00	964.00	758.80	749.00	248886.00
chr7	75608768	75608897	129	129	146.00	211.00	188.29	193.00	24289.00
chr19	45161029	45161178	149	149	73.00	109.00	91.93	92.00	13697.00
chr19	5243911	5244493	582	582	104.00	254.00	163.05	154.50	94897.00
chr6	32119585	32119717	132	132	22.00	948.00	485.43	474.00	64077.00
chr3	42670878	42672067	1189	1189	6.00	38.00	19.54	19.00	23229.00
chr11	45892392	45892485	93	93	178.00	263.00	211.42	208.00	19662.00
chr17	80040789	80040991	202	202	373.00	571.00	447.42	433.50	90378.00
chr2	74902875	74903036	161	161	77.00	108.00	96.36	98.00	15514.00
chr17	38335969	38337946	1977	1977	8.00	356.00	43.11	27.00	85236.00
chr16	87870103	87870253	150	150	188.00	354.00	251.00	229.00	37650.00
chr1	32205947	32206142	195	195	619.00	923.00	794.64	824.00	154955.00
chr6	44117553	44117702	149	149	4.00	488.00	293.07	359.00	43668.00
chr1	159163659	159163830	171	171	1609.00	2089.00	1847.26	1861.00	315882.00
chr3	445565	446023	458	458	6.00	17.00	11.24	12.00	5150.00
chr2	25048913	25048995	82	82	190.00	238.00	210.54	206.50	17264.00
chr10	99504485	99504672	187	187	104.00	185.00	143.50	146.00	26834.00
chr4	54364807	54365010	203	203	159.00	269.00	204.42	202.00	41498.00
chr17	1634367	1634552	185	185	14.00	44.00	31.11	31.00	5755.00
chr7	72416124	72416247	123	123	111.00	167.00	143.59	148.00	17662.00
chr1	208212169	208212329	160	160	98.00	139.00	122.22	126.00	19556.00
chr9	140952500	140952702	202	202	92.00	179.00	132.14	137.00	26693.00
chr6	44197325	44197528	203	203	169.00	214.00	189.97	187.00	38563.00
chr6	44197643	44198218	575	575	47.00	185.00	92.89	79.00	53413.00
chr11	118981972	118982084	112	112	305.00	368.00	340.46	342.00	38132.00
chr5	150503846	150503952	106	106	4.00	3035.00	2176.49	2747.50	230708.00
chr11	118981761	118981878	117	117	358.00	463.00	402.50	396.00	47092.00
chr11	126314873	126315000	127	127	110.00	149.00	133.05	135.00	16897.00
chr1	159165808	159166244	436	436	6.00	1793.00	340.14	16.00	148302.00
chr7	134893542	134893750	208	208	36.00	60.00	48.34	50.00	10054.00
chr9	121976196	121976433	237	237	253.00	426.00	324.70	320.00	76955.00
chr19	54691042	54691169	127	127	400.00	733.00	537.28	485.00	68234.00
chr22	38621430	38621600	170	170	245.00	369.00	308.73	311.00	52484.00
chr13	42035681	42036205	524	524	2.00	13.00	5.59	5.00	2928.00
chr20	1915360	1915413	53	53	6.00	2317.00	1504.77	1871.00	79753.00
chr5	14496987	14497126	139	139	233.00	303.00	261.35	264.00	36327.00
chr12	56528125	56528212	87	87	94.00	131.00	113.68	113.00	9890.00
chr3	47466974	47467101	127	127	124.00	155.00	138.92	140.00	17643.00
chr17	7415476	7415663	187	187	108.00	183.00	142.17	139.00	26585.00
chr3	33588037	33589252	1215	1215	7.00	48.00	30.00	30.00	36450.00
chr7	887833	888615	782	782	6.00	87.00	34.52	22.00	26996.00
chr10	24813251	24813693	442	442	34.00	126.00	78.11	84.00	34523.00
chr1	109812045	109812213	168	168	287.00	505.00	380.63	361.50	63946.00
chr19	15276597	15276902	305	305	20.00	53.00	35.49	34.00	10825.00
chr16	2334779	2334999	220	220	253.00	378.00	305.15	292.50	67134.00
chr16	68404761	68405261	500	500	35.00	69.00	54.59	56.00	27296.00
chr4	110969111	110969871	760	760	20.00	61.00	37.89	35.00	28794.00
chr1	145693161	145693996	835	835	8.00	130.00	58.94	51.00	49213.00
chr7	44282848	44282932	84	84	855.00	1044.00	958.51	955.00	80515.00
chr2	220164315	220164508	193	193	12.00	998.00	420.46	18.00	81148.00
chr12	50472203	50472360	157	157	80.00	105.00	93.92	94.00	14746.00
chr2	220163768	220163833	65	65	1079.00	1461.00	1301.02	1321.00	84566.00
chr2	222289928	222290862	934	934	258.00	509.00	376.44	372.00	351594.00
chr12	57599133	57599268	135	135	264.00	428.00	324.28	318.00	43778.00
chr7	157475416	157475629	213	213	504.00	781.00	630.30	609.00	134254.00
chr1	32203800	32203927	127	127	487.00	1093.00	769.68	795.00	97749.00
chr1	109811731	109811912	181	181	359.00	534.00	442.71	446.00	80130.00
chr9	140052830	140052975	145	145	1484.00	4811.00	3257.79	3547.00	472379.00
chr2	220161706	220161854	148	148	1325.00	2413.00	1870.07	1960.50	276770.00
chr16	29896906	29897070	164	164	527.00	979.00	801.09	847.00	131379.00
chr16	47143393	47143622	229	229	105.00	172.00	142.88	146.00	32719.00
chr11	993753	993985	232	232	196.00	423.00	326.25	334.00	75689.00
chr9	124059698	124061137	1439	1439	2.00	35.00	11.89	10.00	17111.00
chr9	140350140	140350634	494	494	4.00	57.00	32.84	33.00	16224.00
chr11	14504577	14504697	120	120	96.00	135.00	114.58	114.00	13749.00
chr3	49898612	49898733	121	121	1133.00	1889.00	1548.54	1551.00	187373.00
chr9	131811659	131811777	118	118	82.00	99.00	89.75	90.00	10590.00
chr9	131810705	131810818	113	113	86.00	114.00	95.37	94.00	10777.00
chr1	223400935	223401080	145	145	174.00	281.00	238.19	242.00	34538.00
chr12	125612185	125612820	635	635	11.00	339.00	71.19	28.00	45206.00
chr2	220088590	220088744	154	154	161.00	266.00	220.86	227.00	34012.00
chr9	70888487	70888750	263	263	8.00	49.00	31.05	35.00	8165.00
chr14	69813756	69813898	142	142	141.00	186.00	160.15	158.00	22742.00
chr2	47399145	47399890	745	745	12.00	659.00	58.20	42.00	43362.00
chr11	62688689	62689041	352	352	26.00	324.00	119.04	57.00	41903.00
chr6	43745205	43745407	202	202	12.00	123.00	87.00	81.00	17574.00
chr3	11072492	11072997	505	505	5.00	363.00	71.84	14.00	36277.00
chr7	2696031	2696168	137	137	280.00	415.00	350.04	352.00	47956.00
chr16	14969196	14969279	83	83	884.00	1571.00	1291.42	1362.00	107188.00
chr17	7377847	7378026	179	179	6.00	21.00	13.54	11.00	2423.00
chr12	65639640	65639719	79	79	74.00	178.00	127.01	130.00	10034.00
chr12	50294912	50295108	196	196	1937.00	4401.00	2537.68	2363.50	497385.00
chr19	42485653	42485788	135	135	2500.00	4113.00	3309.89	3382.00	446835.00
chr10	99509230	99509343	113	113	184.00	354.00	266.87	262.00	30156.00
chr22	38883877	38888120	4243	4243	42.00	1053.00	201.30	161.00	854123.00
chr12	49416372	49416658	286	286	86.00	144.00	117.14	120.50	33503.00
chr6	24843089	24843782	693	693	39.00	84.00	63.38	63.00	43920.00
chr5	176295561	176295665	104	104	322.00	419.00	348.28	340.00	36221.00
chr10	99510087	99510227	140	140	219.00	347.00	287.21	283.00	40209.00
chr1	159173658	159174770	1112	1112	24.00	259.00	73.89	56.00	82166.00
chr11	1780745	1780869	124	124	1360.00	2143.00	1811.58	1959.00	224636.00
chr19	42486059	42486258	199	199	1873.00	3141.00	2424.78	2424.00	482532.00
chr3	47465422	47465535	113	113	111.00	145.00	121.06	119.00	13680.00
chr1	21573713	21573856	143	143	49.00	67.00	60.03	61.00	8584.00
chr11	65320330	65320453	123	123	121.00	179.00	154.16	159.00	18962.00
chr3	47462420	47462519	99	99	133.00	244.00	199.03	221.00	19704.00
chr2	219204751	219204864	113	113	211.00	281.00	250.35	251.00	28289.00
chr1	43906123	43906257	134	134	20.00	34.00	26.76	26.00	3586.00
chr7	38785158	38785840	682	682	19.00	450.00	64.54	33.00	44018.00
chr2	153499932	153500058	126	126	193.00	276.00	234.50	238.00	29547.00
chr1	32203011	32203132	121	121	14.00	793.00	602.12	715.00	72857.00
chr22	42290823	42290941	118	118	437.00	880.00	722.12	729.00	85210.00
chr19	47940718	47940818	100	100	868.00	1407.00	1154.17	1113.00	115417.00
chr4	119539150	119539274	124	124	12.00	55.00	32.99	31.50	4091.00
chr17	44117067	44117250	183	183	77.00	103.00	90.81	91.00	16619.00
chr19	42485873	42485983	110	110	1796.00	2518.00	2262.99	2305.00	248929.00
chr6	44114583	44114664	81	81	144.00	216.00	190.35	198.00	15418.00
chr19	47941105	47941292	187	187	15.00	1525.00	797.25	1086.00	149085.00
chr11	73074250	73074500	250	250	209.00	281.00	250.32	253.00	62580.00
chr3	33418764	33418825	61	61	403.00	541.00	459.26	472.00	28015.00
chr1	700258	700505	247	247	17.00	56.00	35.46	31.00	8758.00
chr9	74319510	74319719	209	209	23.00	71.00	46.89	46.00	9800.00
chr16	2336694	2336968	274	274	162.00	586.00	352.44	339.50	96568.00
chr20	3575125	3575219	94	94	129.00	179.00	154.47	156.00	14520.00
chr9	139231377	139231529	152	152	98.00	121.00	110.57	111.00	16807.00
chr5	140515951	140516498	547	547	9.00	38.00	23.89	24.00	13070.00
chr1	21938208	21938309	101	101	822.00	1107.00	948.48	928.00	95796.00
chr3	155659188	155659936	748	748	18.00	141.00	90.91	102.00	67998.00
chr16	27483068	27483241	173	173	92.00	157.00	132.79	136.00	22973.00
chr11	994071	994245	174	174	112.00	301.00	230.28	240.50	40069.00
chr7	71175745	71175913	168	168	478.00	703.00	604.68	611.00	101587.00
chr12	121204065	121204175	110	110	227.00	318.00	273.83	270.50	30121.00
chr7	73118679	73118753	74	74	2045.00	2726.00	2335.54	2287.50	172830.00
chr9	140972565	140972710	145	145	71.00	111.00	96.01	99.00	13922.00
chr12	121683329	121684024	695	695	3.00	27.00	15.06	15.00	10464.00
chr16	74493579	74493687	108	108	193.00	244.00	221.07	221.00	23876.00
chr2	36771518	36771641	123	123	165.00	244.00	199.32	194.00	24516.00
chr7	94187181	94187996	815	815	5.00	37.00	21.32	22.00	17372.00
chr14	94156951	94157239	288	288	3.00	18.00	10.90	11.00	3138.00
chr7	121739000	121739524	524	524	3.00	14.00	8.20	8.00	4296.00
chr1	19549117	19549328	211	211	91.00	186.00	126.26	119.00	26641.00
chr19	5214571	5214747	176	176	230.00	425.00	302.17	292.00	53182.00
chr19	42557753	42557861	108	108	179.00	228.00	198.44	194.50	21431.00
chr15	102510686	102510925	239	239	4.00	49.00	26.61	23.00	6359.00
chr5	167673761	167675376	1615	1615	42.00	170.00	81.61	74.00	131803.00
chr7	44282158	44282253	95	95	878.00	1261.00	1021.94	983.00	97084.00
chr2	160621061	160621717	656	656	6.00	160.00	23.62	14.00	15492.00
chr5	10426501	10426634	133	133	311.00	403.00	361.03	364.00	48017.00
chr16	1814301	1814460	159	159	663.00	783.00	737.31	741.00	117233.00
chr11	21581734	21581928	194	194	187.00	322.00	235.27	231.00	45643.00
chr3	126749085	126749255	170	170	135.00	234.00	183.55	190.50	31204.00
chr11	12237765	12237866	101	101	571.00	751.00	655.56	659.00	66212.00
chr6	31750872	31750963	91	91	137.00	193.00	178.62	182.00	16254.00
chr3	53124201	53124398	197	197	21.00	39.00	30.77	31.00	6062.00
chr2	220161470	220161544	74	74	1672.00	2056.00	1922.59	1947.50	142272.00
chr2	128951046	128951785	739	739	23.00	96.00	55.91	56.00	41314.00
chr5	24535811	24535931	120	120	120.00	172.00	144.92	146.00	17390.00
chr1	44083406	44083582	176	176	208.00	378.00	269.98	260.00	47517.00
chr1	32207653	32207818	165	165	496.00	726.00	603.90	623.00	99644.00
chr12	7293754	7294000	246	246	7.00	1121.00	662.71	939.00	163027.00
chr3	131442289	131442469	180	180	147.00	201.00	175.87	178.00	31656.00
chr3	49898871	49899298	427	427	84.00	2075.00	844.53	1110.00	360616.00
chr16	66432358	66432464	106	106	53.00	85.00	72.09	73.00	7642.00
chr1	20982593	20982680	87	87	363.00	476.00	410.72	404.00	35733.00
chr16	68398653	68398809	156	156	59.00	75.00	64.73	64.00	10098.00
chr17	16676818	16678279	1461	1461	7.00	38.00	21.68	21.00	31680.00
chr1	109814899	109815027	128	128	399.00	595.00	503.90	514.00	64499.00
chr1	21940478	21940582	104	104	1076.00	1458.00	1299.97	1366.50	135197.00
chr20	57468284	57468793	509	509	5.00	33.00	16.61	15.00	8457.00
chr3	127358087	127358366	279	279	239.00	642.00	408.05	387.00	113846.00
chr3	126735359	126735527	168	168	97.00	140.00	114.74	114.00	19276.00
chr10	103869140	103869264	124	124	373.00	640.00	483.08	465.00	59902.00
chr20	44520554	44520666	112	112	143.00	204.00	171.20	164.00	19174.00
chr1	32203252	32203356	104	104	415.00	649.00	552.87	588.00	57498.00
chr21	40186196	40186316	120	120	260.00	361.00	309.60	305.00	37152.00
chr5	111067153	111068349	1196	1196	20.00	89.00	58.16	58.00	69564.00
chr9	128002954	128003186	232	232	332.00	582.00	466.05	460.50	108124.00
chr1	43408896	43408992	96	96	341.00	455.00	392.54	378.50	37684.00
chr3	47463931	47464026	95	95	126.00	144.00	135.64	136.00	12886.00
chr2	220161160	220161238	78	78	1788.00	2015.00	1893.54	1893.50	147696.00
chr11	62472772	62473089	317	317	1400.00	3112.00	2260.74	2446.00	716656.00
chr9	130986341	130986906	565	565	5.00	902.00	213.98	25.00	120899.00
chr14	69358769	69359000	231	231	280.00	418.00	341.26	345.00	78830.00
chr11	64416205	64416379	174	174	166.00	298.00	236.79	248.50	41201.00
chr17	8398454	8398559	105	105	430.00	651.00	547.52	542.00	57490.00
chr12	53572943	53574193	1250	1250	13.00	74.00	43.67	43.00	54593.00
chr17	17696544	17701827	5283	5283	24.00	147.00	68.10	64.00	359795.00
chr8	11705187	11705331	144	144	1577.00	2312.00	2050.01	2060.00	295202.00
chr19	54963829	54963931	102	102	289.00	431.00	342.35	334.00	34920.00
chr2	70451682	70456295	4613	4613	2.00	200.00	40.97	37.00	188976.00
chr11	118873959	118874169	210	210	4.00	26.00	14.01	13.00	2942.00
chr10	75548427	75548581	154	154	66.00	114.00	90.84	91.00	13989.00
chr6	33414351	33414563	212	212	401.00	817.00	659.94	701.00	139908.00
chr17	80042910	80043032	122	122	192.00	235.00	213.16	212.00	26006.00
chr11	11470290	11470483	193	193	94.00	179.00	129.60	134.00	25012.00
chr8	23294446	23294771	325	325	129.00	233.00	173.93	175.00	56527.00
chr1	116932060	116932663	603	603	15.00	3889.00	1188.60	50.00	716728.00
chr15	83222627	83222741	114	114	75.00	109.00	96.32	97.00	10980.00
chr3	9841562	9841751	189	189	41.00	61.00	49.30	49.00	9318.00
chr1	116937731	116937907	176	176	2371.00	4802.00	2990.73	2790.00	526369.00
chr16	87868019	87868197	178	178	187.00	243.00	210.02	204.00	37384.00
chr3	124209540	124209731	191	191	714.00	1272.00	953.19	949.00	182059.00
chr7	71142195	71142291	96	96	583.00	907.00	700.33	669.00	67232.00
chr5	130497324	130497584	260	260	6.00	27.00	20.19	22.00	5250.00
chr13	100199238	100199358	120	120	334.00	564.00	431.97	405.00	51836.00
chr5	139943336	139943506	170	170	39.00	391.00	323.78	333.00	55042.00
chr17	74395529	74396002	473	473	82.00	172.00	129.45	133.00	61228.00
chr14	93179149	93179216	67	67	238.00	290.00	256.34	254.00	17175.00
chr4	160277004	160277310	306	306	45.00	405.00	187.78	189.00	57462.00
chr17	40666306	40666478	172	172	959.00	1564.00	1257.03	1248.50	216210.00
chr15	34828065	34828207	142	142	11.00	590.00	357.33	363.50	50741.00
chr14	100165802	100165876	74	74	764.00	979.00	884.68	912.00	65466.00
chr22	20128089	20128231	142	142	28.00	212.00	137.82	186.50	19570.00
chr12	3392210	3394421	2211	2211	7.00	121.00	58.07	52.00	128386.00
chr17	16687866	16690667	2801	2801	0.00	76.00	12.20	8.00	34182.00
chr6	31664724	31664810	86	86	135.00	215.00	173.09	170.50	14886.00
chr6	30627512	30627611	99	99	37.00	56.00	46.55	48.00	4608.00
chr11	18752834	18755060	2226	2226	10.00	1041.00	148.88	77.00	331403.00
chr12	109332602	109332731	129	129	806.00	1151.00	931.93	920.00	120219.00
chr6	90072884	90073110	226	226	13.00	32.00	23.25	23.00	5254.00
chr16	2689371	2689711	340	340	0.00	2.00	0.26	0.00	88.00
chr1	20987373	20987484	111	111	326.00	436.00	386.90	385.00	42946.00
chr14	85985300	85986667	1367	1367	4.00	36.00	14.97	14.00	20460.00
chr13	32863769	32863880	111	111	98.00	154.00	121.62	122.00	13500.00
chr16	1510418	1510528	110	110	85.00	143.00	108.75	109.00	11962.00
chr19	54963269	54963444	175	175	410.00	495.00	446.81	448.00	78191.00
chr6	44224078	44224233	155	155	48.00	69.00	56.93	56.00	8824.00
chr20	3151172	3152285	1113	1113	9.00	43.00	25.87	24.00	28798.00
chr1	892273	892405	132	132	154.00	304.00	220.73	215.00	29137.00
chr16	90192167	90192724	557	557	4.00	43.00	25.07	23.00	13963.00
chr9	111663704	111663810	106	106	104.00	149.00	119.01	118.00	12615.00
chr6	44108764	44108835	71	71	207.00	259.00	230.68	233.00	16378.00
chr1	36028802	36029027	225	225	2238.00	4227.00	3039.90	2804.00	683978.00
chr11	66807259	66807674	415	415	19.00	228.00	167.99	171.00	69714.00
chr1	178426817	178427679	862	862	40.00	116.00	66.47	62.00	57299.00
chr19	42482302	42482478	176	176	2154.00	3727.00	2529.86	2420.50	445255.00
chr1	44084718	44084873	155	155	143.00	421.00	246.61	211.00	38225.00
chr1	109812315	109812442	127	127	319.00	424.00	377.45	383.00	47936.00
chr3	180324268	180324391	123	123	123.00	224.00	194.73	204.00	23952.00
chr15	63933668	63933842	174	174	130.00	288.00	200.11	173.50	34820.00
chr20	44521363	44521519	156	156	263.00	370.00	322.88	323.00	50369.00
chr3	33416779	33416910	131	131	204.00	406.00	267.73	258.00	35073.00
chr1	21934624	21934843	219	219	8.00	1163.00	584.10	833.00	127917.00
chr14	69799801	69799886	85	85	111.00	194.00	146.59	141.00	12460.00
chr1	116936134	116936345	211	211	5.00	3272.00	2489.04	2751.00	525188.00
chr14	23634493	23634645	152	152	33.00	72.00	57.05	61.50	8671.00
chr16	1402538	1402947	409	409	15.00	53.00	32.19	33.00	13164.00
chr9	20331	25000	4669	4669	0.00	180.00	51.27	50.00	239375.00
chr17	43545574	43545959	385	385	16.00	35.00	24.09	22.00	9274.00
chr13	100201418	100201476	58	58	367.00	433.00	386.88	382.00	22439.00
chr15	41865505	41865665	160	160	481.00	1030.00	712.41	743.00	113985.00
chr19	19641688	19642196	508	508	5.00	30.00	19.22	21.00	9762.00
chr11	134147593	134148159	566	566	19.00	64.00	34.87	32.00	19738.00
chr2	71656420	71657290	870	870	3.00	34.00	18.01	18.00	15672.00
chr7	97834775	97835016	241	241	175.00	262.00	217.12	217.00	52327.00
chr19	13363804	13363915	111	111	111.00	167.00	145.05	148.00	16101.00
chr18	31328383	31329011	628	628	7.00	28.00	15.25	14.00	9579.00
chr16	66431884	66432009	125	125	46.00	64.00	54.89	54.00	6861.00
chr19	47935155	47935702	547	547	31.00	1693.00	617.34	668.00	337683.00
chr12	50291769	50291873	104	104	1675.00	2371.00	1954.49	1977.50	203267.00
chr11	1780198	1780317	119	119	1069.00	1919.00	1371.03	1322.00	163152.00
chr15	65392626	65393167	541	541	5.00	24.00	14.19	14.00	7678.00
chr2	86397871	86397967	96	96	129.00	235.00	191.12	193.50	18348.00
chr7	97866087	97866233	146	146	146.00	219.00	175.58	179.00	25634.00
chr11	60687157	60687402	245	245	134.00	214.00	177.95	181.00	43598.00
chr21	43307700	43309453	1753	1753	12.00	89.00	49.35	50.00	86516.00
chr14	24619269	24619657	388	388	43.00	76.00	53.54	52.00	20773.00
chr11	65320634	65320727	93	93	88.00	124.00	100.78	98.00	9373.00
chr16	29891184	29891385	201	201	604.00	867.00	736.43	730.00	148022.00
chr1	32207224	32207326	102	102	939.00	1328.00	1137.88	1158.00	116064.00
chr11	72300218	72300394	176	176	3.00	772.00	244.33	7.00	43002.00
chr17	7608878	7609038	160	160	27.00	203.00	132.59	146.00	21214.00
chr19	7607646	7607814	168	168	121.00	175.00	151.07	161.00	25379.00
chr19	54966129	54966271	142	142	218.00	382.00	322.82	334.50	45840.00
chr12	57995027	57995131	104	104	280.00	330.00	306.59	306.00	31885.00
chr1	27428875	27429049	174	174	68.00	118.00	94.97	96.50	16524.00
chr2	27688277	27688385	108	108	54.00	82.00	69.12	69.00	7465.00
chr16	2691449	2692254	805	805	0.00	26.00	1.85	1.00	1491.00
chr9	131503813	131503933	120	120	418.00	503.00	458.74	456.50	55049.00
chr16	2347766	2347922	156	156	218.00	312.00	262.76	260.00	40990.00
chr17	80039884	80040036	152	152	349.00	422.00	382.27	382.00	58105.00
chr1	32204432	32204538	106	106	648.00	1185.00	911.50	910.50	96619.00
chr12	9242951	9243078	127	127	311.00	400.00	354.27	357.00	44992.00
chr3	49702661	49702751	90	90	287.00	358.00	334.19	336.50	30077.00
chr19	35820359	35820837	478	478	1.00	12.00	4.33	3.00	2068.00
chr1	201456762	201457615	853	853	2.00	16.00	6.63	6.00	5654.00
chr16	2334279	2334438	159	159	199.00	334.00	270.81	278.00	43058.00
chr10	73578373	73578481	108	108	4585.00	5715.00	5087.22	5093.00	549420.00
chr16	18530550	18530756	206	206	12.00	926.00	408.77	563.00	84207.00
chr16	16369094	16369300	206	206	12.00	988.00	427.17	581.00	87997.00
chr13	113975636	113975785	149	149	12.00	546.00	237.52	21.00	35391.00
chr11	119293822	119294227	405	405	22.00	10558.00	1034.02	154.00	418779.00
chr5	150505962	150506041	79	79	1943.00	2604.00	2252.01	2240.00	177909.00
chr22	44224939	44225078	139	139	1614.00	2434.00	1909.27	1873.00	265388.00
chr15	41865199	41865309	110	110	417.00	593.00	495.42	468.00	54496.00
chr17	25633807	25636298	2491	2491	37.00	778.00	269.22	250.00	670620.00
chr15	72495155	72495529	374	374	6.00	5153.00	2008.56	12.00	751202.00
chr9	42540272	42542124	1852	1852	5.00	54.00	23.63	23.00	43758.00
chr11	119290760	119291704	944	944	7.00	12986.00	3424.02	36.00	3232272.00
chr19	5219949	5220165	216	216	179.00	310.00	235.81	225.00	50935.00
chr15	63910769	63911153	384	384	0.00	49.00	26.68	26.00	10244.00
chr17	74393879	74393969	90	90	127.00	183.00	154.16	153.00	13874.00
chr10	104129467	104129532	65	65	102.00	122.00	110.48	111.00	7181.00
chr3	142454224	142454620	396	396	8.00	28.00	15.96	14.00	6322.00
chr12	121205196	121205396	200	200	214.00	283.00	247.50	248.00	49500.00
chr3	31705570	31705724	154	154	41.00	77.00	53.98	47.00	8313.00
chr6	118635190	118636593	1403	1403	24.00	232.00	142.65	138.00	200137.00
chr8	10339867	10340829	962	962	8.00	61.00	34.15	34.00	32856.00
chr19	16952578	16952779	201	201	151.00	304.00	235.36	241.00	47308.00
chr8	110984486	110985016	530	530	125.00	267.00	201.39	197.00	106739.00
chr9	128001219	128001610	391	391	466.00	1068.00	802.22	876.00	313669.00
chr11	73070878	73070997	119	119	186.00	239.00	220.21	224.00	26205.00
chr10	104130140	104130235	95	95	122.00	162.00	140.88	140.00	13384.00
chr5	95733039	95733173	134	134	180.00	264.00	218.03	213.50	29216.00
chr19	59059400	59059547	147	147	286.00	457.00	357.84	363.00	52602.00
chr5	139943169	139943255	86	86	31.00	269.00	201.92	227.00	17365.00
chr17	73487771	73487981	210	210	86.00	140.00	110.06	109.00	23113.00
chr1	154315588	154315777	189	189	34.00	52.00	41.06	41.00	7761.00
chr14	95652726	95653070	344	344	3.00	10.00	6.53	7.00	2246.00
chr12	123639801	123640772	971	971	7.00	45.00	24.00	22.00	23301.00
chr22	47064870	47065171	301	301	5.00	23.00	10.98	11.00	3306.00
chr5	24535220	24535388	168	168	97.00	169.00	126.27	122.00	21214.00
chr12	6806452	6806958	506	506	247.00	704.00	436.63	422.00	220935.00
chr22	29881711	29881836	125	125	344.00	453.00	397.26	391.00	49658.00
chr7	75894681	75894786	105	105	105.00	150.00	128.03	133.00	13443.00
chr12	121089007	121095893	6886	6886	11.00	261.00	87.75	76.00	604219.00
chr1	207940357	207942365	2008	2008	5.00	241.00	50.69	37.00	101791.00
chr7	154681166	154681240	74	74	494.00	673.00	593.86	594.50	43946.00
chr5	131696513	131697529	1016	1016	6.00	28.00	16.59	17.00	16857.00
chr11	1776135	1776258	123	123	642.00	1517.00	949.67	851.00	116809.00
chr8	11706554	11706673	119	119	1639.00	2131.00	1899.63	1911.00	226056.00
chr11	18759426	18759511	85	85	448.00	544.00	492.61	489.00	41872.00
chr16	61689373	61689625	252	252	118.00	178.00	147.10	145.00	37069.00
chr15	51750702	51750824	122	122	239.00	291.00	263.82	259.00	32186.00
chr9	35555056	35555698	642	642	214.00	507.00	337.12	335.00	216428.00
chr2	198356200	198356621	421	421	2.00	15.00	9.78	10.00	4119.00
chr9	131001723	131001794	71	71	4128.00	5266.00	4858.42	4930.00	344948.00
chr19	5214371	5214491	120	120	310.00	451.00	390.85	389.50	46902.00
chr22	35719488	35719623	135	135	184.00	264.00	229.84	236.00	31029.00
chr12	121678738	121679829	1091	1091	20.00	68.00	39.44	39.00	43026.00
chr14	23820960	23821064	104	104	1941.00	2286.00	2100.82	2110.00	218485.00
chr1	32205710	32205779	69	69	704.00	926.00	830.87	845.00	57330.00
chr3	33420176	33420326	150	150	11.00	518.00	177.03	20.00	26555.00
chr9	114820707	114820966	259	259	57.00	95.00	76.94	77.00	19928.00
chr15	41865876	41866023	147	147	23.00	1139.00	916.56	982.00	134734.00
chr19	55554308	55554637	329	329	10.00	19.00	13.70	14.00	4508.00
chr1	116933403	116933513	110	110	2626.00	3665.00	3193.54	3158.50	351289.00
chr19	15374230	15374359	129	129	101.00	192.00	160.03	168.00	20644.00
chr12	56090682	56090852	170	170	47.00	68.00	60.04	61.00	10206.00
chr14	69445668	69445876	208	208	122.00	341.00	242.38	258.50	50414.00
chr12	57603474	57603651	177	177	228.00	403.00	327.00	342.00	57879.00
chr22	32897492	32898946	1454	1454	11.00	238.00	91.67	84.00	133294.00
chr16	16367702	16367764	62	62	20.00	732.00	344.74	351.00	21374.00
chr19	5245786	5246056	270	270	111.00	319.00	191.83	163.50	51795.00
chr16	74345440	74345829	389	389	5.00	39.00	21.29	21.00	8282.00
chr6	107096899	107097076	177	177	34.00	49.00	40.03	40.00	7085.00
chr1	29641883	29642019	136	136	52.00	83.00	65.49	64.00	8907.00
chr8	97342440	97342509	69	69	294.00	350.00	320.43	321.00	22110.00
chr8	68116914	68117054	140	140	70.00	131.00	101.53	105.00	14214.00
chr22	22037470	22037546	76	76	72.00	126.00	104.95	109.00	7976.00
chr22	50682147	50683420	1273	1273	13.00	220.00	116.29	119.00	148042.00
chr20	44048971	44049069	98	98	181.00	226.00	204.01	205.00	19993.00
chr1	36904356	36904511	155	155	77.00	116.00	95.04	91.00	14731.00
chr12	71054719	71054877	158	158	131.00	273.00	173.06	161.00	27344.00
chr15	50654364	50655515	1151	1151	4.00	23.00	13.02	13.00	14990.00
chr2	234198499	234198620	121	121	126.00	170.00	150.55	152.00	18217.00
chr9	128001699	128001812	113	113	497.00	660.00	563.91	557.00	63722.00
chr8	38272296	38272419	123	123	66.00	93.00	81.42	82.00	10015.00
chr11	73068069	73068179	110	110	129.00	240.00	172.38	168.50	18962.00
chr16	28123137	28123327	190	190	128.00	283.00	221.69	232.00	42121.00
chr12	49424062	49424222	160	160	29.00	53.00	39.95	39.50	6392.00
chr19	50302885	50303023	138	138	438.00	771.00	580.88	552.00	80161.00
chr19	42480567	42480718	151	151	4306.00	5649.00	5043.53	5048.00	761573.00
chr3	197904395	197905301	906	906	1.00	33.00	17.55	21.00	15900.00
chr13	100189992	100190117	125	125	276.00	345.00	312.38	316.00	39047.00
chr19	14268062	14268272	210	210	299.00	484.00	394.71	401.50	82890.00
chr10	93786886	93787057	171	171	79.00	118.00	92.14	91.00	15756.00
chr1	109808726	109808828	102	102	217.00	309.00	258.53	263.00	26370.00
chr4	134075461	134075520	59	59	245.00	341.00	278.07	272.00	16406.00
chr1	22052268	22053864	1596	1596	9.00	34.00	20.71	21.00	33057.00
chr9	140056855	140056968	113	113	1823.00	2242.00	1959.79	1912.00	221456.00
chr19	42482087	42482224	137	137	3820.00	5165.00	4608.22	4703.00	631326.00
chr19	4556962	4557025	63	63	739.00	899.00	832.51	831.00	52448.00
chr19	14266921	14267013	92	92	319.00	471.00	402.77	405.50	37055.00
chr22	42273851	42274127	276	276	3.00	958.00	529.95	681.50	146267.00
chr1	205549788	205550049	261	261	368.00	513.00	428.62	426.00	111870.00
chr1	110765585	110766522	937	937	71.00	229.00	153.99	156.00	144287.00
chr19	55553595	55554158	563	563	12.00	40.00	28.52	29.00	16055.00
chr7	150929881	150931360	1479	1479	35.00	162.00	74.99	75.00	110911.00
chr3	124215157	124215260	103	103	640.00	917.00	776.88	781.00	80019.00
chr16	58220658	58220760	102	102	135.00	208.00	167.24	173.50	17058.00
chr3	10381925	10382033	108	108	749.00	1020.00	934.46	944.50	100922.00
chr10	11356101	11356221	120	120	166.00	201.00	186.62	189.00	22395.00
chr22	42294652	42294785	133	133	510.00	819.00	694.36	709.00	92350.00
chr1	2005531	2005714	183	183	57.00	165.00	114.49	116.00	20952.00
chr12	113722522	113722576	54	54	62.00	73.00	67.24	67.00	3631.00
chr9	131502198	131502398	200	200	11.00	597.00	449.12	453.00	89825.00
chr19	40873602	40873786	184	184	1916.00	2888.00	2449.28	2510.00	450667.00
chr2	220162606	220162825	219	219	578.00	1090.00	823.42	805.00	180330.00
chr16	28270027	28270355	328	328	11.00	59.00	35.80	34.00	11744.00
chr4	3225718	3225858	140	140	200.00	243.00	223.20	225.00	31248.00
chr17	44127898	44128070	172	172	56.00	89.00	67.08	64.00	11538.00
chr3	47462043	47462262	219	219	116.00	244.00	159.59	149.00	34951.00
chr6	99873090	99873182	92	92	15.00	575.00	266.90	247.00	24555.00
chr7	142561723	142562504	781	781	438.00	1042.00	724.43	710.00	565776.00
chr1	159169540	159169666	126	126	1398.00	2258.00	1884.81	2001.00	237486.00
chr19	7606869	7606953	84	84	107.00	129.00	115.67	115.00	9716.00
chr16	2811561	2818298	6737	6737	13.00	631.00	379.58	388.00	2557226.00
chr3	47450652	47450807	155	155	56.00	80.00	69.12	69.00	10714.00
chr11	118403631	118403922	291	291	179.00	286.00	208.64	204.00	60715.00
chr1	205555161	205555335	174	174	316.00	497.00	403.91	408.50	70280.00
chr12	125603186	125603311	125	125	165.00	264.00	219.39	218.00	27424.00
chr11	86658288	86659498	1210	1210	21.00	54.00	36.31	36.00	43931.00
chr22	37764946	37768745	3799	3799	12.00	694.00	238.60	211.00	906441.00
chr10	46345664	46346215	551	551	6.00	32.00	19.77	20.00	10894.00
chr22	33673045	33673241	196	196	328.00	643.00	433.80	386.00	85024.00
chr9	140042599	140042666	67	67	10.00	464.00	393.28	414.00	26350.00
chr3	48717233	48717320	87	87	177.00	214.00	191.39	191.00	16651.00
chr11	60681600	60681740	140	140	14.00	166.00	77.56	71.50	10859.00
chr10	93784512	93784724	212	212	40.00	91.00	66.76	69.00	14153.00
chr12	7289424	7290372	948	948	8.00	896.00	239.26	26.50	226823.00
chr3	132387062	132387526	464	464	5.00	19.00	11.91	12.00	5527.00
chr16	2335442	2335647	205	205	218.00	365.00	286.58	290.00	58748.00
chr16	1794782	1797276	2494	2494	8.00	779.00	107.21	52.00	267378.00
chr16	3786036	3786204	168	168	123.00	174.00	148.67	150.00	24977.00
chr9	141131209	141131766	557	557	2.00	23.00	10.05	9.00	5599.00
chr14	92965028	92966015	987	987	7.00	51.00	24.62	24.00	24304.00
chr19	54692070	54692200	130	130	296.00	765.00	485.55	382.00	63122.00
chr15	43866006	43866230	224	224	136.00	191.00	157.50	157.00	35279.00
chr3	40231316	40231954	638	638	68.00	175.00	114.54	106.00	73074.00
chr3	50148937	50149455	518	518	10.00	32.00	21.82	23.00	11302.00
chr4	81117505	81117755	250	250	83.00	148.00	113.66	116.00	28416.00
chr10	46740404	46740638	234	234	2.00	29.00	12.38	10.00	2896.00
chr3	124210169	124210271	102	102	607.00	1025.00	777.35	746.50	79290.00
chr11	107488830	107488932	102	102	536.00	698.00	628.73	626.00	64130.00
chr9	130591965	130592106	141	141	79.00	114.00	98.56	99.00	13897.00
chr1	20981932	20982027	95	95	350.00	427.00	389.64	393.00	37016.00
chr12	75875613	75875859	246	246	82.00	118.00	100.80	101.00	24797.00
chr22	32046684	32046764	80	80	83.00	157.00	131.86	144.00	10549.00
chr11	70331418	70331658	240	240	33.00	180.00	108.20	123.00	25968.00
chr14	51079976	51080069	93	93	402.00	537.00	467.31	460.00	43460.00
chr17	80041077	80041301	224	224	314.00	688.00	488.48	460.00	109419.00
chr7	158540884	158540971	87	87	175.00	317.00	229.68	220.00	19982.00
chr1	21553651	21553719	68	68	64.00	74.00	68.34	69.00	4647.00
chr2	219206256	219206349	93	93	192.00	253.00	221.95	227.00	20641.00
chr17	18444211	18445242	1031	1031	2.00	36.00	16.41	16.00	16921.00
chr12	57599340	57599460	120	120	238.00	310.00	275.98	278.00	33117.00
chr11	64417919	64418110	191	191	247.00	459.00	366.77	392.00	70054.00
chr19	3274926	3275650	724	724	16.00	54.00	33.59	32.00	24316.00
chr16	18532086	18532305	219	219	806.00	1476.00	1072.80	1077.00	234943.00
chr17	3776702	3776756	54	54	859.00	1325.00	1174.74	1205.50	63436.00
chr1	116932670	116933033	363	363	12.00	4498.00	2073.67	3222.00	752744.00
chr16	1505731	1505796	65	65	212.00	303.00	272.85	283.00	17735.00
chr1	9794029	9794200	171	171	2655.00	3815.00	3326.46	3394.00	568825.00
chr10	73579221	73579379	158	158	3398.00	5776.00	4337.08	4513.50	685259.00
chr11	6411684	6412146	462	462	22.00	124.00	80.88	84.00	37366.00
chr1	159163212	159163350	138	138	1369.00	1882.00	1499.07	1477.00	206872.00
chr16	1816723	1816804	81	81	531.00	737.00	642.43	639.00	52037.00
chr7	91722399	91722630	231	231	11.00	79.00	63.83	66.00	14745.00
chr7	44281816	44281939	123	123	1099.00	1333.00	1184.49	1174.00	145692.00
chr2	220467189	220467297	108	108	52.00	75.00	62.68	66.00	6769.00
chr16	4494664	4494729	65	65	188.00	261.00	230.57	228.00	14987.00
chr15	34681844	34681986	142	142	11.00	713.00	501.55	536.00	71220.00
chr9	139995935	139996124	189	189	113.00	212.00	164.83	171.00	31153.00
chr3	180324040	180324160	120	120	126.00	180.00	148.15	150.50	17778.00
chr3	42678359	42681242	2883	2883	50.00	215.00	107.82	96.00	310847.00
chr7	131812776	131815333	2557	2557	28.00	166.00	79.65	74.00	203669.00
chr20	1585387	1585522	135	135	41.00	607.00	315.47	303.00	42589.00
chr3	126751229	126751442	213	213	192.00	265.00	232.08	236.00	49434.00
chr15	63920875	63921014	139	139	158.00	305.00	212.01	203.00	29470.00
chr16	2040128	2040202	74	74	91.00	248.00	158.53	154.50	11731.00
chr9	74324174	74324390	216	216	33.00	61.00	47.60	48.00	10282.00
chr20	44521858	44521950	92	92	297.00	357.00	332.05	330.50	30549.00
chr9	139911647	139911798	151	151	198.00	288.00	247.91	251.00	37435.00
chr9	140055507	140055649	142	142	2493.00	4117.00	3286.26	2990.50	466649.00
chr12	120148055	120148191	136	136	176.00	248.00	211.22	209.50	28726.00
chr12	50474280	50474372	92	92	100.00	162.00	136.46	142.00	12554.00
chr15	63125702	63125828	126	126	213.00	391.00	275.09	273.00	34661.00
chr9	20907148	20907241	93	93	100.00	154.00	133.34	137.00	12401.00
chr16	87874655	87874761	106	106	216.00	270.00	246.48	248.50	26127.00
chr2	162833269	162833460	191	191	9.00	1164.00	611.35	926.00	116767.00
chr8	11704560	11704677	117	117	1310.00	1616.00	1466.68	1477.00	171602.00
chr15	63926931	63927087	156	156	193.00	353.00	293.64	315.00	45808.00
chr6	31668718	31668805	87	87	165.00	218.00	189.37	192.00	16475.00
chr7	148910792	148910906	114	114	24.00	60.00	48.68	51.00	5549.00
chr14	42355808	42357213	1405	1405	58.00	193.00	104.56	104.00	146912.00
chr10	88678928	88679226	298	298	17.00	42.00	29.39	30.00	8759.00
chr3	140998219	140998346	127	127	41.00	62.00	51.50	50.00	6540.00
chr1	144859758	144859998	240	240	97.00	228.00	139.70	140.00	33527.00
chr9	96054772	96055455	683	683	115.00	316.00	202.36	204.00	138215.00
chr19	7604803	7604944	141	141	131.00	190.00	158.58	158.00	22360.00
chr12	30906277	30907432	1155	1155	13.00	190.00	86.51	76.00	99914.00
chr9	131112762	131112854	92	92	167.00	344.00	264.88	267.50	24369.00
chr20	61981328	61982379	1051	1051	60.00	162.00	97.99	97.00	102984.00
chr7	38431348	38431618	270	270	477.00	943.00	650.67	620.50	175681.00
chr20	44521036	44521123	87	87	197.00	275.00	237.91	245.00	20698.00
chr11	64418726	64419108	382	382	182.00	386.00	273.63	266.00	104528.00
chr12	120148344	120150270	1926	1926	8.00	374.00	66.98	41.00	128997.00
chr12	6930971	6931066	95	95	27.00	683.00	371.62	387.00	35304.00
chr16	2339434	2339621	187	187	164.00	271.00	200.45	190.00	37484.00
chr2	27700083	27700187	104	104	74.00	91.00	82.77	82.50	8608.00
chr14	69805367	69805494	127	127	122.00	274.00	188.06	160.00	23884.00
chr12	9242497	9242619	122	122	244.00	365.00	325.39	337.50	39697.00
chr3	58256658	58256791	133	133	91.00	187.00	130.17	111.00	17313.00
chr10	79744927	79745098	171	171	85.00	184.00	127.69	124.00	21835.00
chr1	159161725	159161866	141	141	910.00	1320.00	1180.78	1249.00	166490.00
chr16	31085202	31085519	317	317	12.00	50.00	30.77	32.00	9754.00
chr1	171755018	171755218	200	200	56.00	103.00	78.14	72.00	15627.00
chr9	130988124	130989280	1156	1156	2.00	2954.00	365.93	41.00	423014.00
chr15	63127935	63127998	63	63	204.00	261.00	226.67	218.00	14280.00
chr19	1917676	1917821	145	145	5.00	188.00	130.30	142.00	18893.00
chr22	25315792	25315960	168	168	101.00	152.00	125.01	123.00	21001.00
chr2	207943790	207945085	1295	1295	20.00	98.00	49.43	47.00	64009.00
chr11	47330706	47330952	246	246	14.00	1029.00	431.78	25.00	106218.00
chr3	142743978	142746095	2117	2117	1.00	193.00	18.38	10.00	38906.00
chr7	44839492	44839694	202	202	21.00	37.00	28.58	29.00	5774.00
chr22	31688260	31688471	211	211	9.00	124.00	84.54	96.00	17837.00
chr11	66333492	66333638	146	146	629.00	869.00	766.79	775.00	111951.00
chr9	131114916	131115026	110	110	307.00	372.00	335.83	334.00	36941.00
chr1	20206	21013	807	807	10.00	138.00	78.84	82.00	63627.00
chr11	108216469	108216635	166	166	21.00	66.00	46.75	48.50	7761.00
chr1	209778880	209779019	139	139	251.00	503.00	395.79	411.00	55015.00
chr1	202935876	202936026	150	150	238.00	388.00	290.99	279.00	43648.00
chr12	57600255	57600524	269	269	249.00	307.00	277.84	277.00	74740.00
chr19	15233503	15233615	112	112	67.00	105.00	85.25	88.00	9548.00
chr8	68115317	68115486	169	169	101.00	161.00	138.60	144.00	23424.00
chr19	13419229	13419342	113	113	101.00	136.00	122.10	125.00	13797.00
chr6	33266815	33267130	315	315	4.00	37.00	19.31	19.00	6083.00
chr16	89780611	89781646	1035	1035	28.00	137.00	75.01	76.00	77638.00
chr12	109964162	109964221	59	59	76.00	99.00	91.41	96.00	5393.00
chr22	24491893	24492045	152	152	31.00	85.00	62.95	69.00	9568.00
chr2	242592926	242593025	99	99	241.00	357.00	283.18	273.00	28035.00
chr1	21937944	21938074	130	130	881.00	2064.00	1591.54	1702.00	206900.00
chr2	223789173	223789313	140	140	296.00	391.00	350.06	352.00	49009.00
chr20	3772318	3772535	217	217	13.00	25.00	18.57	18.00	4029.00
chr16	18531918	18532001	83	83	1051.00	1572.00	1338.90	1404.00	111129.00
chr1	43396296	43396537	241	241	264.00	359.00	309.54	311.00	74600.00
chr2	100037960	100038115	155	155	55.00	78.00	65.23	65.00	10111.00
chr16	1500497	1500770	273	273	10.00	215.00	124.36	182.00	33951.00
chr19	40876016	40876144	128	128	1907.00	2619.00	2205.18	2217.50	282263.00
chr5	168112691	168112932	241	241	40.00	86.00	58.73	53.00	14153.00
chr2	127825738	127825831	93	93	595.00	722.00	670.60	670.00	62366.00
chr1	19232015	19234990	2975	2975	9.00	204.00	49.61	42.00	147589.00
chr16	1391129	1391196	67	67	277.00	358.00	313.25	316.00	20988.00
chr6	33410665	33411689	1024	1024	18.00	391.00	242.31	238.50	248127.00
chr9	95872033	95872266	233	233	4.00	10.00	6.57	6.00	1531.00
chr1	53378627	53378839	212	212	8.00	16.00	12.17	12.00	2581.00
chr2	80531276	80531693	417	417	16.00	84.00	60.51	67.00	25232.00
chr7	44286718	44286791	73	73	1066.00	1276.00	1211.47	1232.00	88437.00
chr7	157369304	157369471	167	167	770.00	1012.00	890.23	898.00	148668.00
chr11	18755079	18755191	112	112	15.00	555.00	360.12	465.50	40333.00
chr6	86237979	86238080	101	101	170.00	231.00	206.37	206.00	20843.00
chr8	145000951	145001050	99	99	113.00	171.00	149.19	153.00	14770.00
chr19	45167680	45167966	286	286	7.00	25.00	15.92	17.00	4554.00
chr10	48930165	48930400	235	235	0.00	29.00	11.76	10.00	2764.00
chr16	87871450	87871547	97	97	218.00	357.00	294.71	320.00	28587.00
chr1	109815454	109815649	195	195	367.00	626.00	467.92	456.00	91245.00
chr1	208215442	208215711	269	269	78.00	174.00	124.37	123.00	33455.00
chr2	260866	261451	585	585	11.00	32.00	20.85	21.00	12199.00
chr5	180481266	180481724	458	458	13.00	101.00	58.57	60.00	26825.00
chr7	73119479	73119631	152	152	8.00	3757.00	1532.59	14.00	232953.00
chr15	34677248	34677358	110	110	740.00	1081.00	883.27	821.50	97160.00
chr16	57687114	57687247	133	133	69.00	125.00	96.13	96.00	12785.00
chr15	50649406	50649592	186	186	7.00	24.00	15.22	15.00	2830.00
chr22	21071995	21072066	71	71	2303.00	2724.00	2524.58	2533.00	179245.00
chr5	179200882	179201561	679	679	9.00	50.00	29.05	28.00	19724.00
chr10	98763824	98763979	155	155	232.00	334.00	273.43	272.00	42381.00
chr14	102963315	102963457	142	142	86.00	140.00	107.51	104.00	15267.00
chr1	21932558	21933138	580	580	14.00	1335.00	284.81	34.00	165187.00
chr16	28118842	28118998	156	156	196.00	285.00	238.34	241.00	37181.00
chr1	241767561	241767881	320	320	71.00	133.00	106.48	110.00	34073.00
chr11	66812063	66812184	121	121	180.00	267.00	211.89	199.00	25639.00
chr11	12248571	12248678	107	107	666.00	946.00	817.06	829.00	87425.00
chr9	130588788	130588951	163	163	44.00	96.00	69.99	67.00	11409.00
chr22	21068915	21068988	73	73	1923.00	2622.00	2302.05	2340.00	168050.00
chr1	43424304	43424531	227	227	22.00	518.00	355.30	372.00	80652.00
chr14	105852021	105853670	1649	1649	10.00	158.00	29.71	27.00	48992.00
chr15	34823469	34823579	110	110	748.00	1084.00	912.55	851.50	100381.00
chr11	171365	172282	917	917	1.00	33.00	17.76	21.00	16282.00
chr22	24493976	24494155	179	179	75.00	107.00	91.40	91.00	16361.00
chr15	79291060	79291167	107	107	639.00	817.00	735.23	744.00	78670.00
chr16	2145904	2146194	290	290	27.00	59.00	41.60	40.00	12065.00
chr9	131503050	131503166	116	116	425.00	516.00	470.26	473.50	54550.00
chr11	61301983	61302579	596	596	21.00	69.00	43.55	44.00	25957.00
chr22	25308609	25308719	110	110	66.00	89.00	80.67	82.00	8874.00
chr12	63977826	63979986	2160	2160	2.00	82.00	26.68	23.00	57623.00
chr19	46928844	46930933	2089	2089	8.00	633.00	272.24	274.00	568700.00
chr16	56969146	56969224	78	78	199.00	280.00	239.71	246.00	18697.00
chr17	40665787	40665996	209	209	4.00	2135.00	831.10	1130.00	173699.00
chr9	131669435	131671600	2165	2165	65.00	222.00	130.83	122.00	283255.00
chr2	220164026	220164271	245	245	9.00	1416.00	430.61	12.00	105499.00
chr19	7589846	7590052	206	206	108.00	203.00	151.92	154.50	31295.00
chr6	91260186	91260268	82	82	82.00	121.00	98.10	91.50	8044.00
chr9	124543742	124543830	88	88	237.00	304.00	274.19	281.00	24129.00
chr12	54071005	54071170	165	165	4.00	47.00	28.52	27.00	4706.00
chr2	40443	41212	769	769	17.00	49.00	30.91	28.00	23769.00
chr11	67852159	67852747	588	588	10.00	41.00	23.68	21.00	13924.00
chr8	8233762	8234810	1048	1048	15.00	73.00	38.12	38.50	39945.00
chr2	175671113	175672148	1035	1035	6.00	29.00	17.68	18.00	18296.00
chr7	138984922	138985438	516	516	3.00	15.00	8.07	8.00	4165.00
chr22	40816850	40817104	254	254	104.00	227.00	162.97	163.00	41394.00
chr19	14263120	14263249	129	129	291.00	508.00	359.69	339.00	46400.00
chr19	16962222	16962345	123	123	175.00	312.00	253.41	259.00	31169.00
chr1	109813838	109813918	80	80	283.00	381.00	319.41	313.50	25553.00
chr3	49898148	49898562	414	414	23.00	1808.00	877.08	1303.00	363113.00
chr17	17131202	17131510	308	308	3.00	144.00	100.78	106.00	31040.00
chr1	21936067	21936139	72	72	587.00	913.00	735.68	696.50	52969.00
chr3	130424404	130424615	211	211	30.00	69.00	48.41	51.00	10215.00
chr12	56532710	56532797	87	87	104.00	130.00	112.31	111.00	9771.00
chr16	29888591	29888788	197	197	589.00	902.00	744.95	713.00	146756.00
chr2	114394588	114396196	1608	1608	1.00	41.00	18.94	17.00	30462.00
chr3	124180736	124180803	67	67	538.00	618.00	576.12	574.00	38600.00
chr9	111798485	111798660	175	175	104.00	173.00	135.73	136.00	23753.00
chr10	73847897	73848372	475	475	19.00	1959.00	800.37	751.00	380174.00
chr22	21075585	21075706	121	121	1302.00	2408.00	2044.63	2152.00	247400.00
chr22	20920753	20921104	351	351	41.00	163.00	100.15	106.00	35152.00
chr9	140953020	140953185	165	165	76.00	219.00	156.15	162.00	25765.00
chr22	41620970	41621075	105	105	107.00	146.00	130.79	132.00	13733.00
chr11	6243671	6243839	168	168	55.00	97.00	81.85	85.00	13751.00
chr15	74704225	74704353	128	128	148.00	212.00	185.27	190.50	23715.00
chr3	48719780	48719985	205	205	166.00	212.00	187.35	189.00	38406.00
chr1	222833247	222833348	101	101	56.00	142.00	97.71	91.00	9869.00
chr1	6583675	6584824	1149	1149	15.00	78.00	45.33	44.00	52088.00
chr11	126135857	126135976	119	119	282.00	390.00	330.46	322.00	39325.00
chr8	75156763	75157410	647	647	40.00	94.00	65.08	65.00	42108.00
chr15	83345212	83345389	177	177	321.00	397.00	367.76	369.00	65093.00
chr14	68031638	68032561	923	923	0.00	13.00	5.81	5.00	5363.00
chr19	42479780	42479949	169	169	3019.00	5043.00	4203.05	4192.00	710316.00
chr16	31503329	31503407	78	78	334.00	492.00	415.46	431.50	32406.00
chr17	1564564	1564700	136	136	196.00	331.00	246.57	224.00	33533.00
chr16	58717858	58718082	224	224	39.00	79.00	58.52	60.50	13109.00
chr14	71575320	71575763	443	443	50.00	116.00	75.72	72.00	33546.00
chr1	202934498	202934628	130	130	215.00	315.00	249.52	236.00	32438.00
chr7	73118477	73118586	109	109	1698.00	2245.00	1980.77	1973.00	215904.00
chr19	13365908	13366073	165	165	126.00	173.00	148.65	152.00	24528.00
chr10	102265117	102265958	841	841	23.00	102.00	54.62	51.00	45934.00
chr9	139983320	139983457	137	137	163.00	247.00	198.69	187.00	27221.00
chr18	29206245	29206347	102	102	251.00	358.00	290.01	280.50	29581.00
chr12	120578662	120578827	165	165	70.00	104.00	86.08	86.00	14204.00
chr5	757516	758226	710	710	19.00	46.00	34.15	34.00	24243.00
chr8	21632483	21632567	84	84	83.00	139.00	109.02	115.00	9158.00
chr4	54011499	54011749	250	250	46.00	103.00	64.54	60.50	16135.00
chr8	141680613	141681365	752	752	0.00	8.00	4.71	5.00	3545.00
chr11	57367351	57367850	499	499	26.00	99.00	53.98	38.00	26934.00
chr12	63980009	63980784	775	775	7.00	37.00	18.30	18.00	14182.00
chr9	140057042	140057203	161	161	25.00	2627.00	2162.53	2301.00	348168.00
chr2	7055953	7056098	145	145	70.00	86.00	78.74	79.00	11417.00
chr12	52387768	52389043	1275	1275	28.00	764.00	282.47	236.00	360150.00
chr19	50104931	50105175	244	244	37.00	107.00	58.14	46.00	14185.00
chr19	5218430	5218543	113	113	383.00	733.00	596.66	600.00	67423.00
chr16	29898969	29899138	169	169	455.00	656.00	522.43	499.00	88290.00
chr7	99030900	99031041	141	141	20.00	44.00	32.33	34.00	4559.00
chr17	36692926	36693212	286	286	0.00	14.00	7.90	9.00	2258.00
chr15	73857770	73859335	1565	1565	21.00	178.00	78.47	77.00	122804.00
chr6	44104085	44104176	91	91	206.00	339.00	267.34	262.00	24328.00
chr1	21938518	21938602	84	84	1083.00	1448.00	1286.06	1311.50	108029.00
chr19	13423482	13423595	113	113	79.00	122.00	101.37	104.00	11455.00
chr16	70292882	70293089	207	207	642.00	1007.00	829.99	831.00	171807.00
chr18	61060641	61060782	141	141	81.00	102.00	91.82	92.00	12946.00
chr16	22269814	22270016	202	202	17.00	36.00	24.95	23.00	5040.00
chr1	21554423	21554534	111	111	53.00	73.00	60.82	60.00	6751.00
chr9	140057255	140057455	200	200	43.00	3005.00	2074.36	2558.50	414871.00
chr7	1488255	1488397	142	142	45.00	72.00	58.06	58.00	8245.00
chr14	100166351	100166438	87	87	747.00	892.00	813.86	809.00	70806.00
chr9	101065522	101065705	183	183	573.00	874.00	737.01	761.00	134873.00
chr5	68411752	68412041	289	289	40.00	96.00	72.78	78.00	21034.00
chr1	2452539	2452754	215	215	57.00	185.00	111.51	94.00	23974.00
chr1	21564626	21564737	111	111	63.00	107.00	88.49	91.00	9822.00
chr13	42037713	42039066	1353	1353	2.00	28.00	8.33	7.00	11275.00
chr2	114350236	114350443	207	207	1.00	70.00	38.17	39.00	7902.00
chr1	21939668	21939722	54	54	1076.00	1277.00	1180.26	1200.50	63734.00
chr9	139353895	139354007	112	112	49.00	81.00	65.62	69.00	7350.00
chr7	102176367	102176618	251	251	10.00	27.00	18.83	18.00	4726.00
chr3	51411753	51412018	265	265	5.00	381.00	141.33	17.00	37452.00
chr17	73888091	73888266	175	175	9.00	18.00	13.89	14.00	2431.00
chr13	103297258	103297435	177	177	8.00	103.00	62.91	87.00	11135.00
chr15	63922664	63922834	170	170	217.00	347.00	289.92	292.50	49287.00
chr3	33400774	33400849	75	75	308.00	378.00	344.24	344.00	25818.00
chr22	50671744	50671955	211	211	85.00	119.00	101.61	102.00	21439.00
chr1	21190968	21191205	237	237	297.00	427.00	369.43	368.00	87555.00
chr5	14481649	14481727	78	78	204.00	241.00	226.24	227.00	17647.00
chr15	101605556	101606410	854	854	12.00	56.00	38.87	41.00	33194.00
chr17	80040402	80040554	152	152	316.00	527.00	412.01	376.00	62625.00
chr2	132269293	132270897	1604	1604	7.00	79.00	39.56	38.00	63456.00
chr11	1778553	1778786	233	233	1381.00	2103.00	1753.92	1776.00	408663.00
chr11	1469616	1469808	192	192	24.00	36.00	28.04	28.00	5384.00
chr12	120138549	120138630	81	81	250.00	314.00	281.67	275.00	22815.00
chr7	901016	901101	85	85	164.00	239.00	193.75	191.00	16469.00
chr19	13372263	13372424	161	161	143.00	222.00	188.36	187.00	30326.00
chr17	40843154	40843311	157	157	397.00	628.00	512.66	517.00	80488.00
chr17	80039476	80039719	243	243	276.00	524.00	392.80	395.00	95450.00
chr17	16681109	16687365	6256	6256	1.00	192.00	57.63	58.00	360515.00
chr1	116935475	116935610	135	135	2753.00	4060.00	3394.99	3291.00	458324.00
chr6	128294808	128294972	164	164	199.00	385.00	307.29	309.00	50395.00
chr5	109189927	109190617	690	690	3.00	28.00	11.89	10.00	8206.00
chr15	40757533	40757634	101	101	30.00	107.00	86.01	88.00	8687.00
chr2	220164706	220164981	275	275	962.00	2256.00	1551.09	1474.00	426549.00
chr3	164905164	164908639	3475	3475	12.00	116.00	49.17	47.00	170883.00
chr11	60699157	60699356	199	199	130.00	701.00	463.63	411.00	92263.00
chr2	96680301	96680717	416	416	6.00	19.00	11.52	12.00	4794.00
chr17	40845314	40845554	240	240	374.00	709.00	495.93	452.00	119022.00
chr12	125264513	125265391	878	878	10.00	53.00	24.70	22.00	21686.00
chr1	156623704	156624158	454	454	10.00	33.00	19.98	21.00	9070.00
chr6	108370456	108370622	166	166	120.00	191.00	145.47	139.50	24148.00
chr11	19180486	19180587	101	101	30.00	48.00	37.03	36.00	3740.00
chr19	42489069	42489338	269	269	1072.00	2048.00	1615.43	1727.00	434552.00
chr2	198274493	198274731	238	238	170.00	313.00	249.73	257.50	59435.00
chr6	47220991	47221257	266	266	190.00	338.00	270.70	265.50	72006.00
chr19	40872679	40872822	143	143	2479.00	4335.00	3591.44	3649.00	513576.00
chr19	54693278	54693627	349	349	12.00	223.00	114.28	119.00	39883.00
chr12	81929	82174	245	245	3.00	48.00	25.84	27.00	6332.00
chr21	45513943	45514114	171	171	70.00	108.00	85.35	85.00	14594.00
chr3	124201630	124201747	117	117	24.00	1005.00	728.63	917.00	85250.00
chr17	79805118	79805223	105	105	393.00	537.00	470.75	467.00	49429.00
chr20	46307419	46307548	129	129	92.00	191.00	120.47	116.00	15540.00
chr17	38187790	38187873	83	83	171.00	269.00	221.61	212.00	18394.00
chr2	207452814	207452878	64	64	582.00	688.00	630.92	630.50	40379.00
chr17	45695715	45695823	108	108	573.00	655.00	609.39	609.00	65814.00
chr7	44283023	44283126	103	103	836.00	1165.00	961.68	916.00	99053.00
chr20	62274975	62275284	309	309	7.00	4144.00	2017.45	3085.00	623392.00
chr11	108202605	108202764	159	159	21.00	39.00	32.04	33.00	5094.00
chr9	140051314	140051489	175	175	1298.00	1895.00	1528.47	1499.00	267483.00
chr22	45574118	45574781	663	663	65.00	233.00	127.39	123.00	84461.00
chr15	79312382	79312446	64	64	419.00	473.00	447.78	447.00	28658.00
chr1	21940120	21940199	79	79	1024.00	1185.00	1107.20	1104.00	87469.00
chr17	3775847	3775921	74	74	839.00	1353.00	1142.82	1187.00	84569.00
chr7	73133931	73134019	88	88	40.00	3455.00	1175.74	845.50	103465.00
chr11	72292920	72292991	71	71	788.00	938.00	848.82	852.00	60266.00
chr7	43547616	43547730	114	114	157.00	208.00	179.48	178.00	20461.00
chr16	58713760	58714145	385	385	31.00	84.00	49.82	48.00	19180.00
chr22	21083600	21083794	194	194	1338.00	2230.00	1823.66	1875.50	353790.00
chr11	66457275	66457414	139	139	560.00	909.00	686.47	668.00	95419.00
chr15	91561034	91561115	81	81	76.00	103.00	90.11	89.00	7299.00
chr11	2968525	2969001	476	476	0.00	17.00	9.07	10.00	4315.00
chr19	34869838	34869910	72	72	2393.00	3073.00	2680.46	2649.00	192993.00
chr9	121970996	121971219	223	223	342.00	471.00	393.74	382.00	87803.00
chr3	47449772	47449980	208	208	9.00	125.00	78.89	98.00	16410.00
chr12	57601820	57601999	179	179	265.00	586.00	428.64	424.00	76726.00
chr16	2345590	2345741	151	151	262.00	334.00	290.28	286.00	43833.00
chr12	50471782	50471910	128	128	81.00	141.00	119.77	127.00	15330.00
chr1	109814221	109814344	123	123	399.00	659.00	572.28	582.00	70391.00
chr19	16942304	16942458	154	154	107.00	185.00	152.84	165.00	23537.00
chr11	66333301	66333398	97	97	503.00	648.00	565.47	565.00	54851.00
chr5	74026084	74026223	139	139	153.00	210.00	186.24	191.00	25887.00
chr5	68417520	68417722	202	202	51.00	106.00	86.78	89.00	17530.00
chr19	15272262	15272525	263	263	10.00	26.00	19.01	20.00	5000.00
chr3	45872404	45872482	78	78	286.00	375.00	335.26	343.50	26150.00
chr7	73123374	73123452	78	78	3460.00	4373.00	4058.06	4169.50	316529.00
chr5	14498197	14498360	163	163	192.00	265.00	238.48	239.00	38873.00
chr14	93180167	93180230	63	63	257.00	370.00	303.40	280.00	19114.00
chr9	130984739	130984875	136	136	3492.00	6127.00	4801.08	4448.00	652947.00
chr13	31216764	31216894	130	130	33.00	49.00	42.59	43.00	5537.00
chr12	112614399	112614506	107	107	110.00	320.00	287.96	289.00	30812.00
chr12	57602865	57602982	117	117	361.00	596.00	465.75	463.00	54493.00
chr14	72976861	72976987	126	126	171.00	241.00	205.63	205.00	25910.00
chr1	155209406	155209553	147	147	135.00	250.00	178.67	161.00	26264.00
chr10	49633930	49634113	183	183	208.00	325.00	270.68	285.00	49535.00
chr16	84100093	84100218	125	125	201.00	305.00	247.98	247.00	30997.00
chr1	155207924	155208097	173	173	184.00	290.00	214.12	213.00	37042.00
chr12	2786898	2787033	135	135	34.00	82.00	52.29	45.00	7059.00
chr2	233755457	233756197	740	740	9.00	1756.00	258.25	23.00	191106.00
chr14	60631894	60632099	205	205	127.00	275.00	219.04	235.00	44904.00
chr1	11151549	11151654	105	105	85.00	131.00	112.36	112.00	11798.00
chr4	134076071	134076178	107	107	234.00	379.00	327.95	330.00	35091.00
chr15	91420364	91420441	77	77	212.00	248.00	228.16	224.00	17568.00
chr5	114961533	114961755	222	222	6.00	65.00	44.82	52.00	9951.00
chr16	1814047	1814211	164	164	11.00	755.00	345.60	515.50	56678.00
chr18	44250463	44252581	2118	2118	26.00	198.00	122.32	121.00	259076.00
chr6	158049380	158049518	138	138	73.00	104.00	88.83	89.00	12259.00
chr19	7675585	7675679	94	94	53.00	65.00	60.20	61.00	5659.00
chr13	99461604	99461719	115	115	7.00	416.00	267.57	248.00	30771.00
chr11	130010829	130011467	638	638	16.00	3245.00	349.49	22.00	222975.00
chr11	107526658	107526792	134	134	707.00	930.00	808.16	787.00	108294.00
chr16	1391294	1391490	196	196	201.00	323.00	240.46	225.00	47130.00
chr1	38182716	38184158	1442	1442	18.00	134.00	90.39	92.00	130340.00
chr5	179231023	179231323	300	300	18.00	31.00	25.70	26.00	7710.00
chr14	69814593	69814719	126	126	178.00	249.00	219.56	227.00	27664.00
chr14	69349174	69349309	135	135	325.00	443.00	380.44	376.00	51359.00
chr19	7614792	7614998	206	206	180.00	261.00	227.13	231.00	46789.00
chr1	228270375	228270466	91	91	14.00	2965.00	923.20	400.00	84011.00
chr1	38186022	38186315	293	293	13.00	73.00	44.43	51.00	13017.00
chr13	77641715	77641999	284	284	331.00	609.00	462.13	449.00	131244.00
chr14	100157417	100157498	81	81	313.00	622.00	422.88	371.00	34253.00
chr13	32978280	32979333	1053	1053	10.00	156.00	42.52	32.00	44777.00
chr12	7301567	7301794	227	227	692.00	1278.00	997.28	967.00	226382.00
chr9	123583116	123583257	141	141	37.00	72.00	58.90	61.00	8305.00
chr17	26883183	26883284	101	101	116.00	199.00	150.41	147.00	15191.00
chr12	6972993	6973137	144	144	323.00	489.00	413.15	444.00	59494.00
chr20	34322310	34322637	327	327	7.00	20.00	11.72	10.00	3832.00
chr19	7606407	7606570	163	163	143.00	207.00	181.19	183.00	29534.00
chr16	2333186	2333373	187	187	4.00	403.00	298.84	338.00	55883.00
chr12	113825548	113825711	163	163	97.00	262.00	176.01	168.00	28689.00
chr7	4802013	4807749	5736	5736	8.00	185.00	56.29	51.00	322866.00
chr1	43394880	43394985	105	105	344.00	450.00	407.08	426.00	42743.00
chr19	4554399	4554488	89	89	590.00	899.00	765.09	799.00	68093.00
chr16	31719139	31719372	233	233	13.00	36.00	24.82	24.00	5782.00
chr5	134060669	134061744	1075	1075	14.00	39.00	27.22	28.00	29265.00
chr1	202936318	202936371	53	53	20.00	250.00	145.70	203.00	7722.00
chr2	220087366	220087615	249	249	251.00	389.00	318.14	318.00	79216.00
chr2	36764494	36764689	195	195	134.00	217.00	168.34	163.00	32826.00
chr7	43519208	43519343	135	135	147.00	313.00	246.96	266.00	33339.00
chr10	51249585	51249993	408	408	1.00	17.00	9.85	11.00	4020.00
chr6	32123647	32123755	108	108	142.00	211.00	170.69	170.00	18434.00
chr3	118624442	118624692	250	250	16.00	75.00	45.23	30.00	11307.00
chr1	190129797	190130020	223	223	41.00	84.00	63.40	62.00	14138.00
chr9	131004491	131004624	133	133	11.00	6002.00	4715.20	5419.00	627121.00
chr22	33679187	33679334	147	147	324.00	404.00	367.22	368.00	53981.00
chr15	74709931	74710016	85	85	177.00	309.00	221.44	198.00	18822.00
chr7	6470110	6470238	128	128	51.00	67.00	60.93	63.00	7799.00
chr1	6640600	6641359	759	759	20.00	53.00	32.77	31.00	24869.00
chr16	31510622	31510728	106	106	284.00	377.00	335.81	336.50	35596.00
chr4	103710287	103711803	1516	1516	15.00	52.00	30.94	31.00	46903.00
chr19	2862339	2862746	407	407	2.00	18.00	10.73	10.00	4366.00
chr2	15467873	15467994	121	121	57.00	94.00	71.97	70.00	8708.00
chr2	36780721	36781492	771	771	5.00	25.00	13.51	14.00	10418.00
chr10	81070680	81070941	261	261	38.00	121.00	70.16	57.00	18312.00
chr2	217234866	217235986	1120	1120	30.00	127.00	74.92	73.00	83907.00
chr10	93786348	93786508	160	160	41.00	127.00	81.64	81.00	13062.00
chr17	20268785	20269076	291	291	2.00	11.00	7.08	8.00	2059.00
chr9	131002006	131002062	56	56	7.00	5607.00	4923.39	5305.00	275710.00
chr1	155208307	155208441	134	134	263.00	357.00	298.26	301.50	39967.00
chr2	162833877	162834373	496	496	4.00	1014.00	85.67	10.00	42493.00
chr9	35799614	35799728	114	114	50.00	69.00	59.75	60.00	6812.00
chr20	62517856	62519234	1378	1378	2.00	324.00	29.20	22.00	40241.00
chr22	35942847	35943127	280	280	58.00	212.00	152.08	156.50	42583.00
chr13	26436438	26436546	108	108	77.00	106.00	89.22	91.00	9636.00
chr14	69371371	69371453	82	82	301.00	460.00	386.01	387.00	31653.00
chr7	44031274	44031581	307	307	1.00	23.00	12.34	14.00	3787.00
chr11	12274988	12275291	303	303	9.00	40.00	24.23	24.00	7342.00
chr5	1334403	1334498	95	95	217.00	265.00	240.39	238.00	22837.00
chr19	34868639	34868786	147	147	3133.00	4338.00	3625.97	3611.00	533018.00
chr16	1815960	1816143	183	183	371.00	678.00	466.13	440.00	85302.00
chr10	73578787	73578868	81	81	3845.00	5321.00	4458.02	4411.00	361100.00
chr17	37420427	37420640	213	213	26.00	42.00	34.68	34.00	7387.00
chr5	60835422	60835586	164	164	19.00	34.00	24.83	24.00	4072.00
chr15	79296143	79296517	374	374	534.00	856.00	676.17	667.50	252888.00
chr19	13039568	13039661	93	93	676.00	1128.00	941.71	1019.00	87579.00
chr12	49421585	49421713	128	128	98.00	163.00	133.40	132.00	17075.00
chr1	1661057	1662583	1526	1526	8.00	264.00	90.97	62.00	138815.00
chr2	207457340	207457460	120	120	600.00	765.00	686.29	695.50	82355.00
chr11	64542462	64543441	979	979	10.00	29.00	18.98	19.00	18583.00
chr20	61910250	61910347	97	97	192.00	229.00	210.06	210.00	20376.00
chr11	62394042	62394156	114	114	265.00	359.00	302.95	293.50	34536.00
chr5	37301538	37301652	114	114	15.00	27.00	20.17	20.00	2299.00
chr16	4733843	4733933	90	90	210.00	275.00	246.43	246.50	22179.00
chr15	43693913	43694048	135	135	92.00	122.00	108.96	110.00	14710.00
chr11	18764538	18764622	84	84	320.00	474.00	415.10	428.00	34868.00
chr17	57842331	57842499	168	168	187.00	270.00	226.93	233.00	38124.00
chr9	96076729	96078064	1335	1335	9.00	71.00	30.52	29.00	40748.00
chr11	12246219	12246367	148	148	540.00	701.00	622.44	618.50	92121.00
chr12	7030743	7031565	822	822	34.00	8752.00	2905.33	56.00	2388185.00
chr3	14523178	14523349	171	171	36.00	56.00	48.02	48.00	8211.00
chr5	758508	759483	975	975	20.00	67.00	36.34	35.00	35434.00
chr12	22635490	22635677	187	187	102.00	143.00	118.19	117.00	22102.00
chr5	14479369	14479459	90	90	200.00	287.00	217.60	215.00	19584.00
chr6	143655214	143656079	865	865	2.00	30.00	14.13	13.00	12225.00
chr7	75508360	75508578	218	218	352.00	1742.00	1329.70	1400.00	289875.00
chr11	60697981	60698131	150	150	216.00	349.00	282.44	276.50	42366.00
chr1	151400598	151400889	291	291	83.00	215.00	141.95	149.00	41308.00
chr5	172196431	172197309	878	878	47.00	757.00	250.25	148.00	219720.00
chr3	49152660	49152794	134	134	77.00	102.00	89.15	89.00	11946.00
chr7	5518281	5519950	1669	1669	23.00	152.00	80.70	79.00	134695.00
chr17	16691106	16691449	343	343	2.00	64.00	29.87	38.00	10246.00
chr2	220086993	220087172	179	179	236.00	333.00	284.53	284.00	50930.00
chr10	51746916	51748006	1090	1090	0.00	161.00	56.50	47.00	61587.00
chr12	7302118	7302289	171	171	949.00	1156.00	1049.66	1052.00	179492.00
chr11	59562844	59562955	111	111	56.00	130.00	98.83	113.00	10970.00
chr12	6100984	6101184	200	200	33.00	72.00	48.13	42.00	9626.00
chr19	5683274	5683627	353	353	10.00	34.00	21.52	19.00	7595.00
chr12	2786259	2786387	128	128	38.00	53.00	45.53	45.00	5828.00
chr15	26812727	26812880	153	153	435.00	792.00	585.93	577.00	89647.00
chr1	149007980	149008798	818	818	2.00	37.00	14.88	11.00	12172.00
chr19	54965608	54965861	253	253	147.00	279.00	207.51	211.00	52499.00
chr8	27293259	27293310	51	51	454.00	687.00	585.12	591.00	29841.00
chr15	23014437	23014528	91	91	214.00	327.00	279.67	281.00	25450.00
chr1	111717500	111717585	85	85	90.00	156.00	123.51	123.00	10498.00
chr6	150157220	150157433	213	213	298.00	425.00	353.35	343.00	75264.00
chr13	114566547	114566670	123	123	32.00	156.00	86.39	69.00	10626.00
chr16	58539291	58539605	314	314	13.00	63.00	41.04	44.00	12888.00
chr1	21936612	21936768	156	156	804.00	2043.00	1243.92	1226.00	194052.00
chr1	17322880	17322991	111	111	414.00	772.00	583.16	666.00	64731.00
chr11	60699455	60699599	144	144	394.00	685.00	524.36	516.50	75508.00
chr5	6749669	6749770	101	101	73.00	101.00	89.43	90.00	9032.00
chr16	2156805	2156949	144	144	238.00	364.00	296.19	290.00	42652.00
chr15	34690834	34690930	96	96	239.00	360.00	334.12	345.00	32076.00
chr3	11074933	11075425	492	492	4.00	337.00	60.71	8.00	29868.00
chr5	74655222	74655381	159	159	190.00	325.00	246.64	240.00	39216.00
chr20	20022968	20023160	192	192	42.00	84.00	58.95	52.00	11319.00
chr2	39055481	39055578	97	97	22.00	39.00	32.70	34.00	3172.00
chr19	16793231	16793528	297	297	4.00	486.00	130.58	13.00	38781.00
chr2	219205450	219205509	59	59	181.00	227.00	211.56	214.00	12482.00
chr17	74087429	74087729	300	300	19.00	64.00	45.43	45.00	13629.00
chr3	184058150	184060036	1886	1886	9.00	1351.00	199.15	48.00	375605.00
chr6	90333128	90333263	135	135	106.00	155.00	132.18	134.00	17844.00
chr12	125267019	125267429	410	410	9.00	60.00	26.16	18.00	10727.00
chr1	207942580	207943104	524	524	8.00	78.00	51.50	57.00	26987.00
chr4	89356876	89357043	167	167	67.00	104.00	90.92	91.00	15183.00
chr7	101995498	101995736	238	238	4.00	27.00	14.76	12.00	3512.00
chr3	11067458	11067562	104	104	150.00	294.00	233.12	228.50	24244.00
chr5	95734582	95734740	158	158	187.00	243.00	219.03	219.00	34606.00
chr6	152529106	152529341	235	235	157.00	257.00	212.49	210.00	49936.00
chr5	102295578	102295763	185	185	203.00	313.00	248.27	238.00	45930.00
chr22	21072980	21073110	130	130	1588.00	2720.00	2061.45	2137.00	267988.00
chr12	121855306	121855714	408	408	104.00	277.00	153.61	140.00	62671.00
chr1	160326389	160326544	155	155	134.00	184.00	161.75	161.00	25071.00
chr11	60670930	60671007	77	77	537.00	629.00	584.53	583.00	45009.00
chr17	79804822	79804948	126	126	515.00	722.00	620.14	622.50	78138.00
chr16	18527204	18527332	128	128	916.00	1220.00	1066.65	1076.50	136531.00
chr16	16372518	16372646	128	128	968.00	1298.00	1121.83	1132.50	143594.00
chr2	32750530	32750695	165	165	21.00	53.00	34.75	36.00	5733.00
chr14	69369193	69369279	86	86	391.00	544.00	464.15	469.50	39917.00
chr7	66418212	66418356	144	144	219.00	295.00	256.38	256.50	36918.00
chr6	44107988	44108097	109	109	205.00	238.00	219.12	218.00	23884.00
chr7	70885893	70886091	198	198	521.00	1365.00	838.49	651.50	166022.00
chr8	27295281	27295397	116	116	471.00	654.00	557.50	560.50	64670.00
chr7	73122918	73123018	100	100	3295.00	3921.00	3568.29	3583.00	356829.00
chr15	34698874	34699071	197	197	433.00	697.00	568.99	566.00	112092.00
chr8	22009343	22009513	170	170	410.00	799.00	546.78	539.00	92952.00
chr7	1526557	1526737	180	180	98.00	203.00	163.86	178.00	29495.00
chr5	178053946	178054065	119	119	18.00	246.00	114.87	103.00	13669.00
chr12	6103027	6103369	342	342	44.00	76.00	55.99	55.00	19147.00
chr2	3479491	3480482	991	991	3.00	33.00	15.29	14.00	15149.00
chr3	33883388	33883566	178	178	126.00	215.00	169.42	169.00	30156.00
chr19	11019778	11019883	105	105	193.00	309.00	254.06	270.00	26676.00
chr7	98446205	98446318	113	113	2117.00	4825.00	3535.92	3176.00	399559.00
chr8	106813274	106813932	658	658	14.00	55.00	30.48	31.00	20059.00
chr2	223795338	223795530	192	192	483.00	846.00	618.85	595.00	118819.00
chr7	75511146	75511554	408	408	968.00	2098.00	1462.71	1426.00	596787.00
chr21	40184926	40185038	112	112	207.00	384.00	320.13	356.00	35855.00
chr19	53383575	53385236	1661	1661	10.00	47.00	27.34	26.00	45407.00
chr19	14208130	14208295	165	165	8.00	806.00	550.28	721.00	90797.00
chr15	91461013	91461618	605	605	4.00	348.00	109.93	17.00	66509.00
chr8	145278010	145278133	123	123	53.00	90.00	67.89	70.00	8350.00
chr16	28132990	28133083	93	93	146.00	257.00	199.19	198.00	18525.00
chr11	125280091	125280221	130	130	143.00	171.00	158.75	160.50	20638.00
chr15	63128089	63128317	228	228	69.00	368.00	256.68	289.00	58523.00
chr9	131181435	131181557	122	122	2.00	131.00	95.30	100.00	11627.00
chr19	3281196	3281343	147	147	371.00	545.00	464.33	468.00	68257.00
chr11	6240200	6240280	80	80	69.00	91.00	80.89	81.00	6471.00
chr20	31019123	31019287	164	164	53.00	71.00	61.62	61.00	10106.00
chr6	46825865	46827260	1395	1395	43.00	159.00	104.90	105.00	146331.00
chr12	1672006	1672666	660	660	20.00	81.00	43.10	40.00	28448.00
chr12	9098824	9099001	177	177	281.00	431.00	360.05	361.00	63729.00
chr7	121738503	121738630	127	127	15.00	20.00	17.20	17.00	2184.00
chr19	40875814	40875935	121	121	1724.00	2256.00	1967.46	1952.00	238063.00
chr20	3581592	3581671	79	79	115.00	177.00	154.63	160.00	12216.00
chr17	7226965	7227042	77	77	98.00	129.00	108.25	107.00	8335.00
chr2	74331800	74332809	1009	1009	9.00	64.00	29.58	29.00	29847.00
chr1	209785136	209785610	474	474	6.00	336.00	252.16	282.00	119524.00
chr9	35546426	35548532	2106	2106	140.00	335.00	228.82	229.00	481904.00
chr17	80040198	80040290	92	92	338.00	418.00	373.77	372.00	34387.00
chr11	73074791	73075284	493	493	16.00	288.00	99.76	30.00	49181.00
chr20	44674976	44675075	99	99	532.00	774.00	701.38	713.00	69437.00
chr20	5892091	5892328	237	237	119.00	874.00	506.33	583.00	120000.00
chr17	20316581	20317594	1013	1013	3.00	29.00	13.25	14.00	13421.00
chr12	99478702	99478801	99	99	314.00	370.00	338.91	337.00	33552.00
chr17	40842756	40842960	204	204	504.00	740.00	623.14	627.00	127120.00
chr11	107501142	107501288	146	146	523.00	733.00	645.33	651.00	94218.00
chr11	85429236	85429532	296	296	9.00	108.00	30.25	23.50	8953.00
chr20	9449217	9449319	102	102	65.00	97.00	82.12	85.00	8376.00
chr14	23371395	23371591	196	196	132.00	216.00	187.37	191.00	36725.00
chr7	716865	716957	92	92	3525.00	4792.00	4330.64	4331.50	398419.00
chr10	48862360	48862682	322	322	23.00	520.00	310.45	377.00	99964.00
chr10	68686678	68688210	1532	1532	51.00	184.00	93.49	87.00	143230.00
chr5	179674854	179674926	72	72	543.00	686.00	613.72	611.50	44188.00
chr1	209773327	209773456	129	129	342.00	455.00	409.61	412.00	52840.00
chr17	45691034	45691091	57	57	561.00	653.00	600.07	596.00	34204.00
chr1	19669871	19670118	247	247	14.00	31.00	20.73	19.00	5120.00
chr17	45664025	45664710	685	685	2.00	595.00	97.13	33.00	66534.00
chr19	2337634	2338840	1206	1206	12.00	100.00	46.47	46.00	56037.00
chr8	22011480	22011552	72	72	519.00	686.00	611.36	617.50	44018.00
