#chrom	start	end	size	num_data	min	max	mean	median	sum
chr12	1940100	1940691	591	591	5.00	24.00	13.20	13.00	7804.00
chr1	27480473	27481381	908	908	2.00	26.00	8.52	8.00	7739.00
chr15	63112684	63112809	125	125	108.00	154.00	135.55	140.00	16944.00
chr5	149231737	149232254	517	517	2.00	23.00	10.47	8.00	5411.00
chr5	140865429	140867182	1753	1753	2.00	27.00	10.83	10.00	18979.00
chr1	32209793	32209958	165	165	36.00	59.00	46.11	46.00	7608.00
chr16	87873307	87873431	124	124	32.00	81.00	53.99	49.50	6695.00
chr17	34157438	34158175	737	737	7.00	24.00	15.17	14.00	11182.00
chr2	127815619	127816088	469	469	17.00	57.00	37.89	39.00	17769.00
chr1	208212965	208213112	147	147	13.00	22.00	17.46	17.00	2567.00
chr22	19703883	19704666	783	783	2.00	26.00	11.47	9.00	8978.00
chr16	87872319	87872423	104	104	38.00	68.00	50.44	46.00	5246.00
chr9	140055740	140055868	128	128	400.00	510.00	452.59	452.00	57932.00
chr22	21096515	21096643	128	128	142.00	171.00	157.87	158.00	20207.00
chr9	140056321	140056540	219	219	1.00	623.00	385.59	446.00	84445.00
chr11	78379981	78380253	272	272	3.00	13.00	6.74	6.00	1834.00
chr3	11070420	11070533	113	113	144.00	189.00	166.38	162.00	18801.00
chr1	109812554	109813222	668	668	6.00	220.00	91.65	105.00	61220.00
chr2	220161954	220162155	201	201	165.00	322.00	260.88	269.00	52437.00
chr15	74706887	74707086	199	199	88.00	142.00	119.13	123.00	23706.00
chr17	7318829	7319426	597	597	56.00	187.00	116.94	120.00	69813.00
chr1	21560050	21560154	104	104	27.00	48.00	35.46	35.00	3688.00
chr1	25573799	25573952	153	153	20.00	545.00	352.20	392.00	53887.00
chr14	93198993	93199160	167	167	48.00	92.00	76.92	79.00	12845.00
chr1	205554003	205554119	116	116	53.00	67.00	58.46	58.00	6781.00
chr1	9795005	9795232	227	227	536.00	1007.00	779.89	783.00	177034.00
chr17	42426525	42426670	145	145	55.00	83.00	70.76	69.00	10260.00
chr18	70205887	70206179	292	292	6.00	126.00	50.76	15.00	14822.00
chr1	205553082	205553251	169	169	53.00	83.00	67.78	70.00	11455.00
chr9	140056623	140056766	143	143	3.00	525.00	311.45	363.00	44538.00
chr6	33412147	33412394	247	247	6.00	236.00	130.15	166.00	32147.00
chr12	89992366	89992547	181	181	3.00	344.00	195.12	189.00	35316.00
chr2	220088827	220089576	749	749	46.00	157.00	86.31	82.00	64649.00
chr14	100763073	100765222	2149	2149	11.00	78.00	41.84	41.00	89909.00
chr1	110740697	110742543	1846	1846	7.00	365.00	127.40	115.00	235184.00
chr1	149878201	149879758	1557	1557	8.00	476.00	117.88	25.00	183546.00
chr3	197264139	197265259	1120	1120	3.00	28.00	8.89	8.00	9960.00
chr8	56449623	56450530	907	907	1.00	14.00	5.26	5.00	4771.00
chr9	139354208	139354326	118	118	23.00	39.00	30.69	31.00	3622.00
chr1	32204908	32205236	328	328	125.00	159.00	137.44	136.00	45080.00
chr7	75608768	75608897	129	129	65.00	107.00	91.60	97.00	11816.00
chr19	45161029	45161178	149	149	13.00	21.00	16.95	17.00	2525.00
chr19	5243911	5244493	582	582	21.00	46.00	33.14	34.00	19290.00
chr6	32119585	32119717	132	132	3.00	261.00	135.07	122.00	17829.00
chr3	42670878	42672067	1189	1189	1.00	13.00	6.36	6.00	7564.00
chr11	45892392	45892485	93	93	49.00	75.00	58.53	57.00	5443.00
chr17	80040789	80040991	202	202	224.00	338.00	280.20	282.50	56600.00
chr2	74902875	74903036	161	161	23.00	47.00	32.91	30.00	5298.00
chr17	38335969	38337946	1977	1977	3.00	97.00	14.61	11.00	28891.00
chr16	87870103	87870253	150	150	32.00	84.00	54.19	51.00	8128.00
chr1	32205947	32206142	195	195	86.00	174.00	123.31	109.00	24045.00
chr6	44117553	44117702	149	149	12.00	183.00	113.30	132.00	16881.00
chr1	159163659	159163830	171	171	322.00	407.00	369.42	370.00	63171.00
chr3	445565	446023	458	458	0.00	7.00	3.20	3.00	1466.00
chr2	25048913	25048995	82	82	79.00	99.00	88.85	87.00	7286.00
chr10	99504485	99504672	187	187	27.00	81.00	54.04	56.00	10106.00
chr4	54364807	54365010	203	203	26.00	51.00	35.27	35.00	7159.00
chr17	1634367	1634552	185	185	12.00	21.00	15.69	15.00	2902.00
chr7	72416124	72416247	123	123	62.00	99.00	77.35	73.00	9514.00
chr1	208212169	208212329	160	160	17.00	28.00	23.34	24.00	3734.00
chr9	140952500	140952702	202	202	10.00	20.00	15.39	16.00	3109.00
chr6	44197325	44197528	203	203	40.00	55.00	47.39	48.00	9621.00
chr6	44197643	44198218	575	575	21.00	60.00	39.98	42.00	22986.00
chr11	118981972	118982084	112	112	66.00	98.00	81.26	80.00	9101.00
chr5	150503846	150503952	106	106	3.00	723.00	510.21	649.50	54082.00
chr11	118981761	118981878	117	117	72.00	95.00	82.60	83.00	9664.00
chr11	126314873	126315000	127	127	35.00	49.00	42.77	43.00	5432.00
chr1	159165808	159166244	436	436	3.00	421.00	87.27	8.00	38049.00
chr7	134893542	134893750	208	208	18.00	47.00	30.16	28.00	6274.00
chr9	121976196	121976433	237	237	47.00	105.00	72.79	70.00	17251.00
chr19	54691042	54691169	127	127	92.00	182.00	127.17	117.00	16151.00
chr22	38621430	38621600	170	170	165.00	232.00	192.68	194.00	32755.00
chr13	42035681	42036205	524	524	5.00	21.00	11.88	11.00	6225.00
chr20	1915360	1915413	53	53	4.00	729.00	502.09	623.00	26611.00
chr5	14496987	14497126	139	139	78.00	102.00	87.19	86.00	12120.00
chr12	56528125	56528212	87	87	55.00	77.00	67.44	68.00	5867.00
chr3	47466974	47467101	127	127	43.00	73.00	55.43	51.00	7039.00
chr17	7415476	7415663	187	187	100.00	166.00	128.03	126.00	23941.00
chr3	33588037	33589252	1215	1215	8.00	42.00	20.16	19.00	24494.00
chr7	887833	888615	782	782	7.00	40.00	18.17	14.00	14207.00
chr10	24813251	24813693	442	442	1.00	26.00	14.07	16.00	6217.00
chr1	109812045	109812213	168	168	103.00	163.00	133.60	136.00	22445.00
chr19	15276597	15276902	305	305	31.00	65.00	47.80	47.00	14578.00
chr16	2334779	2334999	220	220	64.00	145.00	100.12	93.00	22027.00
chr16	68404761	68405261	500	500	0.00	21.00	8.08	7.00	4042.00
chr4	110969111	110969871	760	760	14.00	51.00	28.31	27.00	21513.00
chr1	145693161	145693996	835	835	8.00	95.00	42.46	39.00	35450.00
chr7	44282848	44282932	84	84	126.00	176.00	153.69	156.00	12910.00
chr2	220164315	220164508	193	193	3.00	160.00	71.28	20.00	13757.00
chr12	50472203	50472360	157	157	37.00	55.00	45.40	46.00	7128.00
chr2	220163768	220163833	65	65	191.00	258.00	226.31	226.00	14710.00
chr2	222289928	222290862	934	934	33.00	103.00	59.40	60.00	55484.00
chr12	57599133	57599268	135	135	94.00	154.00	116.57	113.00	15737.00
chr7	157475416	157475629	213	213	65.00	90.00	76.72	77.00	16342.00
chr1	32203800	32203927	127	127	110.00	237.00	179.58	189.00	22807.00
chr1	109811731	109811912	181	181	105.00	167.00	133.38	133.00	24141.00
chr9	140052830	140052975	145	145	215.00	660.00	471.26	502.00	68333.00
chr2	220161706	220161854	148	148	256.00	441.00	341.65	342.00	50564.00
chr16	29896906	29897070	164	164	155.00	299.00	254.30	269.50	41706.00
chr16	47143393	47143622	229	229	15.00	31.00	24.46	24.00	5602.00
chr11	993753	993985	232	232	75.00	200.00	143.26	154.00	33236.00
chr9	124059698	124061137	1439	1439	21.00	146.00	60.02	47.00	86369.00
chr9	140350140	140350634	494	494	6.00	50.00	27.47	29.00	13571.00
chr11	14504577	14504697	120	120	47.00	98.00	69.34	70.00	8321.00
chr3	49898612	49898733	121	121	223.00	338.00	286.73	292.00	34694.00
chr9	131811659	131811777	118	118	39.00	50.00	44.50	44.00	5251.00
chr9	131810705	131810818	113	113	24.00	44.00	36.77	38.00	4155.00
chr1	223400935	223401080	145	145	47.00	70.00	60.57	60.00	8782.00
chr12	125612185	125612820	635	635	3.00	87.00	23.73	12.00	15066.00
chr2	220088590	220088744	154	154	67.00	107.00	90.40	93.00	13921.00
chr9	70888487	70888750	263	263	5.00	49.00	31.41	33.00	8261.00
chr14	69813756	69813898	142	142	62.00	114.00	78.83	76.00	11194.00
chr2	47399145	47399890	745	745	9.00	391.00	45.50	44.00	33894.00
chr11	62688689	62689041	352	352	2.00	49.00	15.67	5.00	5516.00
chr6	43745205	43745407	202	202	0.00	22.00	17.84	18.00	3604.00
chr3	11072492	11072997	505	505	8.00	427.00	96.59	33.00	48780.00
chr7	2696031	2696168	137	137	27.00	59.00	47.35	51.00	6487.00
chr16	14969196	14969279	83	83	349.00	515.00	436.81	449.00	36255.00
chr17	7377847	7378026	179	179	0.00	2.00	1.15	1.00	205.00
chr12	65639640	65639719	79	79	33.00	74.00	53.92	53.00	4260.00
chr12	50294912	50295108	196	196	518.00	1124.00	682.58	642.50	133785.00
chr19	42485653	42485788	135	135	470.00	935.00	715.87	710.00	96642.00
chr10	99509230	99509343	113	113	61.00	138.00	92.76	89.00	10482.00
chr22	38883877	38888120	4243	4243	28.00	1275.00	318.28	222.00	1350464.00
chr12	49416372	49416658	286	286	75.00	115.00	91.26	91.00	26100.00
chr6	24843089	24843782	693	693	3.00	26.00	11.49	10.00	7963.00
chr5	176295561	176295665	104	104	51.00	76.00	62.29	63.00	6478.00
chr10	99510087	99510227	140	140	111.00	163.00	130.71	127.00	18299.00
chr1	159173658	159174770	1112	1112	2.00	58.00	16.65	11.00	18516.00
chr11	1780745	1780869	124	124	800.00	1383.00	1171.05	1260.50	145210.00
chr19	42486059	42486258	199	199	345.00	655.00	504.85	518.00	100465.00
chr3	47465422	47465535	113	113	48.00	66.00	53.73	53.00	6072.00
chr1	21573713	21573856	143	143	14.00	39.00	25.43	27.00	3637.00
chr11	65320330	65320453	123	123	78.00	154.00	126.74	133.00	15589.00
chr3	47462420	47462519	99	99	80.00	131.00	108.66	114.00	10757.00
chr2	219204751	219204864	113	113	44.00	63.00	51.72	52.00	5844.00
chr1	43906123	43906257	134	134	15.00	24.00	19.33	19.00	2590.00
chr7	38785158	38785840	682	682	14.00	222.00	54.87	43.00	37424.00
chr2	153499932	153500058	126	126	47.00	71.00	56.87	57.00	7166.00
chr1	32203011	32203132	121	121	6.00	202.00	154.02	175.00	18636.00
chr22	42290823	42290941	118	118	229.00	417.00	341.64	341.50	40314.00
chr19	47940718	47940818	100	100	109.00	214.00	158.24	152.50	15824.00
chr4	119539150	119539274	124	124	10.00	30.00	21.33	23.00	2645.00
chr17	44117067	44117250	183	183	38.00	63.00	52.77	55.00	9656.00
chr19	42485873	42485983	110	110	417.00	533.00	484.25	487.50	53267.00
chr6	44114583	44114664	81	81	43.00	60.00	51.69	52.00	4187.00
chr19	47941105	47941292	187	187	13.00	224.00	126.58	165.00	23671.00
chr11	73074250	73074500	250	250	56.00	89.00	73.01	73.00	18253.00
chr3	33418764	33418825	61	61	94.00	142.00	114.87	119.00	7007.00
chr1	700258	700505	247	247	12.00	30.00	23.53	25.00	5811.00
chr9	74319510	74319719	209	209	3.00	19.00	11.55	12.00	2413.00
chr16	2336694	2336968	274	274	48.00	130.00	84.69	85.00	23205.00
chr20	3575125	3575219	94	94	42.00	75.00	51.69	51.00	4859.00
chr9	139231377	139231529	152	152	25.00	34.00	29.51	29.00	4485.00
chr5	140515951	140516498	547	547	9.00	32.00	18.97	18.00	10375.00
chr1	21938208	21938309	101	101	202.00	255.00	229.84	229.00	23214.00
chr3	155659188	155659936	748	748	8.00	99.00	62.20	69.00	46524.00
chr16	27483068	27483241	173	173	67.00	92.00	79.53	80.00	13758.00
chr11	994071	994245	174	174	63.00	151.00	112.24	109.50	19530.00
chr7	71175745	71175913	168	168	120.00	179.00	148.77	148.00	24993.00
chr12	121204065	121204175	110	110	189.00	270.00	234.39	229.00	25783.00
chr7	73118679	73118753	74	74	335.00	450.00	379.85	372.50	28109.00
chr9	140972565	140972710	145	145	7.00	16.00	11.46	11.00	1661.00
chr12	121683329	121684024	695	695	1.00	13.00	7.71	8.00	5356.00
chr16	74493579	74493687	108	108	164.00	193.00	178.26	177.50	19252.00
chr2	36771518	36771641	123	123	38.00	49.00	43.72	44.00	5377.00
chr7	94187181	94187996	815	815	3.00	26.00	15.32	15.00	12488.00
chr14	94156951	94157239	288	288	3.00	12.00	7.46	7.00	2148.00
chr7	121739000	121739524	524	524	13.00	45.00	28.39	28.00	14877.00
chr1	19549117	19549328	211	211	57.00	77.00	67.47	69.00	14237.00
chr19	5214571	5214747	176	176	140.00	207.00	158.35	153.00	27870.00
chr19	42557753	42557861	108	108	40.00	83.00	65.77	68.50	7103.00
chr15	102510686	102510925	239	239	1.00	45.00	22.51	22.00	5381.00
chr5	167673761	167675376	1615	1615	3.00	40.00	14.77	13.00	23855.00
chr7	44282158	44282253	95	95	130.00	197.00	152.88	145.00	14524.00
chr2	160621061	160621717	656	656	3.00	109.00	17.93	13.00	11762.00
chr5	10426501	10426634	133	133	134.00	189.00	161.35	164.00	21460.00
chr16	1814301	1814460	159	159	198.00	250.00	224.87	226.00	35754.00
chr11	21581734	21581928	194	194	36.00	101.00	60.63	55.00	11762.00
chr3	126749085	126749255	170	170	27.00	43.00	34.34	34.00	5837.00
chr11	12237765	12237866	101	101	82.00	108.00	96.55	98.00	9752.00
chr6	31750872	31750963	91	91	77.00	93.00	86.47	88.00	7869.00
chr3	53124201	53124398	197	197	14.00	25.00	20.09	20.00	3958.00
chr2	220161470	220161544	74	74	402.00	484.00	453.57	461.00	33564.00
chr2	128951046	128951785	739	739	14.00	127.00	53.89	52.00	39826.00
chr5	24535811	24535931	120	120	24.00	41.00	32.36	33.00	3883.00
chr1	44083406	44083582	176	176	92.00	173.00	127.54	127.00	22447.00
chr1	32207653	32207818	165	165	54.00	78.00	62.64	63.00	10336.00
chr12	7293754	7294000	246	246	1.00	245.00	145.48	205.00	35787.00
chr3	131442289	131442469	180	180	27.00	44.00	34.96	35.00	6292.00
chr3	49898871	49899298	427	427	18.00	338.00	134.66	178.00	57500.00
chr16	66432358	66432464	106	106	11.00	26.00	17.42	15.00	1846.00
chr1	20982593	20982680	87	87	190.00	263.00	223.03	216.00	19404.00
chr16	68398653	68398809	156	156	7.00	20.00	11.85	10.50	1848.00
chr17	16676818	16678279	1461	1461	0.00	14.00	4.65	5.00	6792.00
chr1	109814899	109815027	128	128	193.00	268.00	229.48	234.00	29373.00
chr1	21940478	21940582	104	104	201.00	281.00	248.23	261.50	25816.00
chr20	57468284	57468793	509	509	2.00	18.00	8.41	7.00	4281.00
chr3	127358087	127358366	279	279	97.00	279.00	165.78	149.00	46253.00
chr3	126735359	126735527	168	168	8.00	13.00	10.77	11.00	1810.00
chr10	103869140	103869264	124	124	212.00	303.00	248.61	239.50	30828.00
chr20	44520554	44520666	112	112	66.00	107.00	85.14	81.50	9536.00
chr1	32203252	32203356	104	104	106.00	195.00	154.23	169.00	16040.00
chr21	40186196	40186316	120	120	62.00	93.00	73.96	70.00	8875.00
chr5	111067153	111068349	1196	1196	3.00	20.00	9.77	9.00	11681.00
chr9	128002954	128003186	232	232	146.00	199.00	173.05	172.00	40148.00
chr1	43408896	43408992	96	96	93.00	159.00	126.05	120.00	12101.00
chr3	47463931	47464026	95	95	78.00	102.00	92.82	94.00	8818.00
chr2	220161160	220161238	78	78	434.00	511.00	462.62	458.00	36084.00
chr11	62472772	62473089	317	317	357.00	870.00	623.74	621.00	197727.00
chr9	130986341	130986906	565	565	0.00	228.00	54.73	8.00	30924.00
chr14	69358769	69359000	231	231	37.00	64.00	50.78	51.00	11730.00
chr11	64416205	64416379	174	174	81.00	122.00	97.00	94.00	16878.00
chr17	8398454	8398559	105	105	53.00	69.00	61.78	62.00	6487.00
chr12	53572943	53574193	1250	1250	14.00	88.00	56.19	60.00	70243.00
chr17	17696544	17701827	5283	5283	1.00	131.00	24.43	17.00	129075.00
chr8	11705187	11705331	144	144	492.00	625.00	561.90	563.50	80913.00
chr19	54963829	54963931	102	102	156.00	209.00	181.58	174.50	18521.00
chr2	70451682	70456295	4613	4613	3.00	191.00	31.13	27.00	143596.00
chr11	118873959	118874169	210	210	5.00	18.00	11.35	11.00	2383.00
chr10	75548427	75548581	154	154	15.00	24.00	19.58	19.50	3016.00
chr6	33414351	33414563	212	212	130.00	251.00	212.93	216.50	45141.00
chr17	80042910	80043032	122	122	82.00	103.00	91.98	92.00	11221.00
chr11	11470290	11470483	193	193	24.00	39.00	30.40	31.00	5868.00
chr8	23294446	23294771	325	325	38.00	86.00	53.15	51.00	17275.00
chr1	116932060	116932663	603	603	4.00	774.00	234.15	20.00	141194.00
chr15	83222627	83222741	114	114	89.00	117.00	105.10	107.50	11981.00
chr3	9841562	9841751	189	189	5.00	19.00	9.07	8.00	1714.00
chr1	116937731	116937907	176	176	675.00	1250.00	826.00	753.00	145376.00
chr16	87868019	87868197	178	178	35.00	56.00	46.33	47.00	8246.00
chr3	124209540	124209731	191	191	152.00	242.00	199.69	201.00	38141.00
chr7	71142195	71142291	96	96	132.00	177.00	154.65	156.00	14846.00
chr5	130497324	130497584	260	260	27.00	43.00	36.43	36.00	9472.00
chr13	100199238	100199358	120	120	191.00	371.00	270.34	252.50	32441.00
chr5	139943336	139943506	170	170	32.00	133.00	115.80	120.00	19686.00
chr17	74395529	74396002	473	473	20.00	41.00	29.45	29.00	13928.00
chr14	93179149	93179216	67	67	93.00	112.00	103.57	103.00	6939.00
chr4	160277004	160277310	306	306	15.00	238.00	103.28	84.00	31605.00
chr17	40666306	40666478	172	172	350.00	639.00	488.27	489.50	83983.00
chr15	34828065	34828207	142	142	1.00	114.00	63.14	53.00	8966.00
chr14	100165802	100165876	74	74	155.00	187.00	166.45	164.00	12317.00
chr22	20128089	20128231	142	142	18.00	79.00	53.00	65.00	7526.00
chr12	3392210	3394421	2211	2211	1.00	55.00	19.20	17.00	42456.00
chr17	16687866	16690667	2801	2801	0.00	92.00	13.82	8.00	38699.00
chr6	31664724	31664810	86	86	90.00	127.00	112.36	114.00	9663.00
chr6	30627512	30627611	99	99	38.00	57.00	48.57	49.00	4808.00
chr11	18752834	18755060	2226	2226	1.00	304.00	34.76	13.00	77367.00
chr12	109332602	109332731	129	129	82.00	120.00	102.71	105.00	13250.00
chr6	90072884	90073110	226	226	4.00	10.00	6.81	7.00	1538.00
chr16	2689371	2689711	340	340	0.00	0.00	0.00	0.00	0.00
chr1	20987373	20987484	111	111	160.00	227.00	196.47	203.00	21808.00
chr14	85985300	85986667	1367	1367	2.00	13.00	5.92	5.00	8088.00
chr13	32863769	32863880	111	111	66.00	90.00	79.36	80.00	8809.00
chr16	1510418	1510528	110	110	38.00	71.00	49.96	49.00	5496.00
chr19	54963269	54963444	175	175	170.00	210.00	189.82	191.00	33218.00
chr6	44224078	44224233	155	155	108.00	173.00	143.58	148.00	22255.00
chr20	3151172	3152285	1113	1113	3.00	18.00	8.67	8.00	9649.00
chr1	892273	892405	132	132	60.00	125.00	86.56	78.00	11426.00
chr16	90192167	90192724	557	557	5.00	57.00	32.80	32.00	18268.00
chr9	111663704	111663810	106	106	46.00	70.00	55.68	56.00	5902.00
chr6	44108764	44108835	71	71	54.00	75.00	62.68	64.00	4450.00
chr1	36028802	36029027	225	225	580.00	1285.00	866.09	774.00	194870.00
chr11	66807259	66807674	415	415	3.00	28.00	18.78	19.00	7794.00
chr1	178426817	178427679	862	862	5.00	20.00	12.34	13.00	10635.00
chr19	42482302	42482478	176	176	542.00	989.00	668.64	626.50	117680.00
chr1	44084718	44084873	155	155	81.00	209.00	130.66	114.00	20252.00
chr1	109812315	109812442	127	127	122.00	163.00	140.02	138.00	17783.00
chr3	180324268	180324391	123	123	111.00	150.00	131.76	132.00	16207.00
chr15	63933668	63933842	174	174	34.00	92.00	63.66	59.00	11076.00
chr20	44521363	44521519	156	156	159.00	216.00	190.62	187.00	29736.00
chr3	33416779	33416910	131	131	44.00	93.00	63.95	63.00	8377.00
chr1	21934624	21934843	219	219	2.00	349.00	172.02	239.00	37673.00
chr14	69799801	69799886	85	85	26.00	59.00	43.49	43.00	3697.00
chr1	116936134	116936345	211	211	3.00	837.00	642.56	720.00	135581.00
chr14	23634493	23634645	152	152	5.00	12.00	9.78	9.00	1487.00
chr16	1402538	1402947	409	409	25.00	66.00	45.32	44.00	18534.00
chr9	20331	25000	4669	4669	0.00	146.00	30.70	22.00	143354.00
chr17	43545574	43545959	385	385	8.00	25.00	15.14	14.00	5829.00
chr13	100201418	100201476	58	58	249.00	336.00	281.33	282.50	16317.00
chr15	41865505	41865665	160	160	261.00	507.00	363.54	389.00	58166.00
chr19	19641688	19642196	508	508	4.00	24.00	14.57	15.00	7404.00
chr11	134147593	134148159	566	566	4.00	13.00	7.76	8.00	4391.00
chr2	71656420	71657290	870	870	18.00	98.00	55.07	47.00	47911.00
chr7	97834775	97835016	241	241	19.00	45.00	31.61	28.00	7617.00
chr19	13363804	13363915	111	111	13.00	31.00	21.54	22.00	2391.00
chr18	31328383	31329011	628	628	1.00	12.00	7.71	8.00	4840.00
chr16	66431884	66432009	125	125	16.00	31.00	21.72	22.00	2715.00
chr19	47935155	47935702	547	547	4.00	225.00	92.45	115.00	50570.00
chr12	50291769	50291873	104	104	561.00	714.00	644.37	649.00	67014.00
chr11	1780198	1780317	119	119	693.00	1213.00	884.61	850.00	105269.00
chr15	65392626	65393167	541	541	8.00	29.00	20.82	21.00	11265.00
chr2	86397871	86397967	96	96	80.00	111.00	93.22	92.00	8949.00
chr7	97866087	97866233	146	146	18.00	37.00	28.16	31.00	4112.00
chr11	60687157	60687402	245	245	86.00	123.00	107.92	109.00	26440.00
chr21	43307700	43309453	1753	1753	5.00	35.00	17.52	18.00	30712.00
chr14	24619269	24619657	388	388	13.00	38.00	26.10	27.00	10125.00
chr11	65320634	65320727	93	93	58.00	80.00	68.20	69.00	6343.00
chr16	29891184	29891385	201	201	228.00	352.00	291.54	291.00	58600.00
chr1	32207224	32207326	102	102	103.00	139.00	123.36	122.00	12583.00
chr11	72300218	72300394	176	176	2.00	87.00	30.11	3.50	5299.00
chr17	7608878	7609038	160	160	6.00	39.00	23.27	26.00	3724.00
chr19	7607646	7607814	168	168	54.00	86.00	74.63	77.50	12538.00
chr19	54966129	54966271	142	142	150.00	258.00	216.13	217.00	30691.00
chr12	57995027	57995131	104	104	102.00	123.00	112.33	112.50	11682.00
chr1	27428875	27429049	174	174	39.00	60.00	47.43	47.00	8253.00
chr2	27688277	27688385	108	108	23.00	35.00	29.09	29.00	3142.00
chr16	2691449	2692254	805	805	0.00	8.00	2.13	1.00	1715.00
chr9	131503813	131503933	120	120	184.00	292.00	226.80	221.00	27216.00
chr16	2347766	2347922	156	156	34.00	62.00	46.45	45.00	7246.00
chr17	80039884	80040036	152	152	270.00	392.00	334.84	337.00	50896.00
chr1	32204432	32204538	106	106	130.00	208.00	160.55	164.50	17018.00
chr12	9242951	9243078	127	127	95.00	126.00	109.18	108.00	13866.00
chr3	49702661	49702751	90	90	37.00	54.00	50.21	51.00	4519.00
chr19	35820359	35820837	478	478	31.00	136.00	73.83	68.50	35290.00
chr1	201456762	201457615	853	853	14.00	47.00	32.47	33.00	27694.00
chr16	2334279	2334438	159	159	94.00	146.00	115.01	113.00	18286.00
chr10	73578373	73578481	108	108	3254.00	4255.00	3772.53	3754.00	407433.00
chr16	18530550	18530756	206	206	11.00	358.00	152.37	190.00	31388.00
chr16	16369094	16369300	206	206	11.00	368.00	158.49	204.50	32648.00
chr13	113975636	113975785	149	149	8.00	1100.00	472.99	24.00	70475.00
chr11	119293822	119294227	405	405	2.00	1277.00	119.28	9.00	48307.00
chr5	150505962	150506041	79	79	407.00	595.00	465.23	455.00	36753.00
chr22	44224939	44225078	139	139	300.00	425.00	362.64	362.00	50407.00
chr15	41865199	41865309	110	110	208.00	297.00	242.95	232.00	26724.00
chr17	25633807	25636298	2491	2491	40.00	1500.00	493.89	493.00	1230283.00
chr15	72495155	72495529	374	374	10.00	1839.00	682.76	22.00	255352.00
chr9	42540272	42542124	1852	1852	0.00	18.00	4.84	4.00	8959.00
chr11	119290760	119291704	944	944	2.00	1728.00	559.49	15.00	528160.00
chr19	5219949	5220165	216	216	60.00	112.00	82.30	79.00	17776.00
chr15	63910769	63911153	384	384	1.00	11.00	7.28	8.00	2795.00
chr17	74393879	74393969	90	90	39.00	60.00	47.72	44.00	4295.00
chr10	104129467	104129532	65	65	55.00	66.00	60.78	60.00	3951.00
chr3	142454224	142454620	396	396	4.00	20.00	10.60	9.00	4199.00
chr12	121205196	121205396	200	200	175.00	270.00	217.32	217.00	43464.00
chr3	31705570	31705724	154	154	8.00	20.00	13.05	13.00	2009.00
chr6	118635190	118636593	1403	1403	17.00	77.00	42.40	40.00	59486.00
chr8	10339867	10340829	962	962	2.00	22.00	11.45	11.00	11013.00
chr19	16952578	16952779	201	201	49.00	91.00	72.73	71.00	14618.00
chr8	110984486	110985016	530	530	11.00	42.00	26.15	26.00	13862.00
chr9	128001219	128001610	391	391	280.00	628.00	467.83	494.00	182922.00
chr11	73070878	73070997	119	119	29.00	48.00	39.10	39.00	4653.00
chr10	104130140	104130235	95	95	43.00	54.00	49.91	50.00	4741.00
chr5	95733039	95733173	134	134	26.00	36.00	29.83	30.00	3997.00
chr19	59059400	59059547	147	147	270.00	409.00	317.16	313.00	46623.00
chr5	139943169	139943255	86	86	40.00	121.00	104.90	114.50	9021.00
chr17	73487771	73487981	210	210	58.00	92.00	76.10	77.00	15981.00
chr1	154315588	154315777	189	189	11.00	19.00	15.74	16.00	2975.00
chr14	95652726	95653070	344	344	41.00	75.00	57.54	56.50	19793.00
chr12	123639801	123640772	971	971	7.00	49.00	24.31	24.00	23605.00
chr22	47064870	47065171	301	301	0.00	4.00	1.49	1.00	449.00
chr5	24535220	24535388	168	168	10.00	27.00	16.26	15.00	2731.00
chr12	6806452	6806958	506	506	66.00	201.00	122.40	126.00	61932.00
chr22	29881711	29881836	125	125	50.00	69.00	57.43	57.00	7179.00
chr7	75894681	75894786	105	105	19.00	33.00	24.98	25.00	2623.00
chr12	121089007	121095893	6886	6886	1.00	112.00	23.26	19.00	160177.00
chr1	207940357	207942365	2008	2008	28.00	174.00	89.48	80.00	179672.00
chr7	154681166	154681240	74	74	177.00	222.00	196.50	197.00	14541.00
chr5	131696513	131697529	1016	1016	2.00	13.00	5.92	5.00	6018.00
chr11	1776135	1776258	123	123	520.00	1126.00	740.90	676.00	91131.00
chr8	11706554	11706673	119	119	323.00	446.00	379.39	377.00	45148.00
chr11	18759426	18759511	85	85	110.00	138.00	123.16	125.00	10469.00
chr16	61689373	61689625	252	252	29.00	47.00	39.31	40.00	9907.00
chr15	51750702	51750824	122	122	85.00	111.00	99.92	100.00	12190.00
chr9	35555056	35555698	642	642	89.00	180.00	137.12	139.00	88033.00
chr2	198356200	198356621	421	421	9.00	39.00	23.34	22.00	9828.00
chr9	131001723	131001794	71	71	1057.00	1376.00	1284.97	1322.00	91233.00
chr19	5214371	5214491	120	120	155.00	222.00	194.74	200.00	23369.00
chr22	35719488	35719623	135	135	67.00	110.00	95.39	101.00	12877.00
chr12	121678738	121679829	1091	1091	2.00	30.00	10.19	9.00	11120.00
chr14	23820960	23821064	104	104	846.00	1068.00	992.77	1018.50	103248.00
chr1	32205710	32205779	69	69	125.00	154.00	140.57	140.00	9699.00
chr3	33420176	33420326	150	150	5.00	139.00	49.78	8.00	7467.00
chr9	114820707	114820966	259	259	10.00	25.00	17.55	17.00	4545.00
chr15	41865876	41866023	147	147	19.00	540.00	423.92	447.00	62316.00
chr19	55554308	55554637	329	329	8.00	27.00	17.54	18.00	5771.00
chr1	116933403	116933513	110	110	649.00	873.00	770.55	761.00	84760.00
chr19	15374230	15374359	129	129	31.00	40.00	35.76	35.00	4613.00
chr12	56090682	56090852	170	170	26.00	57.00	39.54	39.00	6721.00
chr14	69445668	69445876	208	208	3.00	32.00	19.84	21.00	4126.00
chr12	57603474	57603651	177	177	116.00	208.00	162.05	160.00	28683.00
chr22	32897492	32898946	1454	1454	8.00	79.00	34.73	34.00	50502.00
chr16	16367702	16367764	62	62	5.00	251.00	119.73	122.00	7423.00
chr19	5245786	5246056	270	270	13.00	52.00	32.09	34.00	8663.00
chr16	74345440	74345829	389	389	8.00	25.00	15.25	14.00	5933.00
chr6	107096899	107097076	177	177	28.00	44.00	36.27	36.00	6420.00
chr1	29641883	29642019	136	136	39.00	67.00	51.36	50.00	6985.00
chr8	97342440	97342509	69	69	121.00	146.00	131.54	130.00	9076.00
chr8	68116914	68117054	140	140	67.00	99.00	84.82	85.00	11875.00
chr22	22037470	22037546	76	76	25.00	39.00	31.75	32.00	2413.00
chr22	50682147	50683420	1273	1273	4.00	63.00	24.72	24.00	31463.00
chr20	44048971	44049069	98	98	314.00	404.00	363.56	367.50	35629.00
chr1	36904356	36904511	155	155	16.00	32.00	22.06	21.00	3420.00
chr12	71054719	71054877	158	158	35.00	60.00	43.77	43.00	6915.00
chr15	50654364	50655515	1151	1151	25.00	81.00	54.54	54.00	62778.00
chr2	234198499	234198620	121	121	34.00	91.00	59.62	60.00	7214.00
chr9	128001699	128001812	113	113	294.00	366.00	319.65	315.00	36120.00
chr8	38272296	38272419	123	123	54.00	77.00	66.43	66.00	8171.00
chr11	73068069	73068179	110	110	18.00	31.00	22.70	22.00	2497.00
chr16	28123137	28123327	190	190	163.00	309.00	248.01	250.00	47121.00
chr12	49424062	49424222	160	160	9.00	27.00	17.14	17.00	2743.00
chr19	50302885	50303023	138	138	142.00	264.00	188.86	168.00	26062.00
chr19	42480567	42480718	151	151	1418.00	1676.00	1552.83	1556.00	234477.00
chr3	197904395	197905301	906	906	0.00	31.00	15.76	17.00	14276.00
chr13	100189992	100190117	125	125	130.00	184.00	155.34	156.00	19418.00
chr19	14268062	14268272	210	210	68.00	107.00	86.44	86.50	18152.00
chr10	93786886	93787057	171	171	189.00	277.00	230.85	230.00	39475.00
chr1	109808726	109808828	102	102	42.00	65.00	53.76	56.00	5484.00
chr4	134075461	134075520	59	59	116.00	164.00	136.08	139.00	8029.00
chr1	22052268	22053864	1596	1596	5.00	38.00	18.41	19.00	29385.00
chr9	140056855	140056968	113	113	357.00	486.00	432.58	427.00	48881.00
chr19	42482087	42482224	137	137	995.00	1440.00	1273.53	1306.00	174473.00
chr19	4556962	4557025	63	63	87.00	115.00	96.41	94.00	6074.00
chr19	14266921	14267013	92	92	84.00	123.00	106.66	107.00	9813.00
chr22	42273851	42274127	276	276	5.00	285.00	153.83	186.50	42458.00
chr1	205549788	205550049	261	261	23.00	86.00	62.38	65.00	16281.00
chr1	110765585	110766522	937	937	18.00	108.00	46.68	41.00	43740.00
chr19	55553595	55554158	563	563	9.00	31.00	19.68	20.00	11078.00
chr7	150929881	150931360	1479	1479	6.00	62.00	20.17	16.00	29827.00
chr3	124215157	124215260	103	103	195.00	259.00	226.94	224.00	23375.00
chr16	58220658	58220760	102	102	50.00	75.00	61.11	63.00	6233.00
chr3	10381925	10382033	108	108	61.00	99.00	82.89	86.00	8952.00
chr10	11356101	11356221	120	120	15.00	28.00	20.48	20.00	2457.00
chr22	42294652	42294785	133	133	237.00	434.00	350.64	351.00	46635.00
chr1	2005531	2005714	183	183	13.00	23.00	16.13	16.00	2951.00
chr12	113722522	113722576	54	54	45.00	55.00	50.00	50.00	2700.00
chr9	131502198	131502398	200	200	9.00	340.00	247.56	248.00	49511.00
chr19	40873602	40873786	184	184	603.00	833.00	747.55	760.00	137549.00
chr2	220162606	220162825	219	219	98.00	191.00	135.41	122.00	29655.00
chr16	28270027	28270355	328	328	0.00	8.00	4.18	4.00	1372.00
chr4	3225718	3225858	140	140	36.00	47.00	41.99	43.00	5878.00
chr17	44127898	44128070	172	172	34.00	52.00	42.55	42.00	7318.00
chr3	47462043	47462262	219	219	47.00	123.00	71.62	64.00	15684.00
chr6	99873090	99873182	92	92	4.00	183.00	83.87	68.00	7716.00
chr7	142561723	142562504	781	781	51.00	130.00	88.90	89.00	69427.00
chr1	159169540	159169666	126	126	380.00	650.00	530.25	536.00	66811.00
chr19	7606869	7606953	84	84	34.00	47.00	39.46	40.00	3315.00
chr16	2811561	2818298	6737	6737	18.00	780.00	235.19	184.00	1584499.00
chr3	47450652	47450807	155	155	41.00	71.00	57.63	59.00	8932.00
chr11	118403631	118403922	291	291	51.00	115.00	75.80	74.00	22058.00
chr1	205555161	205555335	174	174	46.00	85.00	62.41	64.00	10859.00
chr12	125603186	125603311	125	125	28.00	42.00	34.35	33.00	4294.00
chr11	86658288	86659498	1210	1210	5.00	30.00	12.11	12.00	14657.00
chr22	37764946	37768745	3799	3799	6.00	355.00	76.28	58.00	289794.00
chr10	46345664	46346215	551	551	3.00	27.00	12.31	11.00	6785.00
chr22	33673045	33673241	196	196	55.00	138.00	83.53	68.00	16371.00
chr9	140042599	140042666	67	67	5.00	70.00	61.15	64.00	4097.00
chr3	48717233	48717320	87	87	100.00	125.00	114.80	116.00	9988.00
chr11	60681600	60681740	140	140	15.00	113.00	58.76	60.00	8226.00
chr10	93784512	93784724	212	212	81.00	173.00	135.23	135.00	28668.00
chr12	7289424	7290372	948	948	2.00	152.00	42.11	8.00	39921.00
chr3	132387062	132387526	464	464	11.00	22.00	16.85	17.00	7818.00
chr16	2335442	2335647	205	205	57.00	100.00	79.19	79.00	16233.00
chr16	1794782	1797276	2494	2494	1.00	165.00	25.74	15.00	64206.00
chr16	3786036	3786204	168	168	34.00	81.00	56.24	56.00	9449.00
chr9	141131209	141131766	557	557	0.00	19.00	8.28	7.00	4612.00
chr14	92965028	92966015	987	987	7.00	37.00	18.95	18.00	18708.00
chr19	54692070	54692200	130	130	63.00	174.00	118.01	98.00	15341.00
chr15	43866006	43866230	224	224	25.00	64.00	45.12	40.00	10107.00
chr3	40231316	40231954	638	638	14.00	43.00	25.49	23.00	16262.00
chr3	50148937	50149455	518	518	17.00	68.00	45.76	48.00	23706.00
chr4	81117505	81117755	250	250	10.00	25.00	16.55	16.00	4138.00
chr10	46740404	46740638	234	234	2.00	19.00	10.96	12.00	2565.00
chr3	124210169	124210271	102	102	122.00	225.00	166.00	162.00	16932.00
chr11	107488830	107488932	102	102	31.00	40.00	36.55	37.00	3728.00
chr9	130591965	130592106	141	141	19.00	39.00	31.04	33.00	4376.00
chr1	20981932	20982027	95	95	195.00	247.00	223.80	227.00	21261.00
chr12	75875613	75875859	246	246	9.00	22.00	14.60	15.00	3592.00
chr22	32046684	32046764	80	80	29.00	43.00	36.06	37.00	2885.00
chr11	70331418	70331658	240	240	3.00	19.00	12.33	14.00	2959.00
chr14	51079976	51080069	93	93	224.00	306.00	261.86	260.00	24353.00
chr17	80041077	80041301	224	224	191.00	383.00	281.98	271.50	63164.00
chr7	158540884	158540971	87	87	36.00	63.00	47.23	46.00	4109.00
chr1	21553651	21553719	68	68	60.00	77.00	67.06	66.00	4560.00
chr2	219206256	219206349	93	93	29.00	45.00	38.99	41.00	3626.00
chr17	18444211	18445242	1031	1031	0.00	12.00	5.03	5.00	5188.00
chr12	57599340	57599460	120	120	90.00	116.00	104.32	105.00	12518.00
chr11	64417919	64418110	191	191	90.00	161.00	129.96	136.00	24822.00
chr19	3274926	3275650	724	724	2.00	12.00	5.36	5.00	3878.00
chr16	18532086	18532305	219	219	201.00	430.00	297.01	283.00	65046.00
chr17	3776702	3776756	54	54	150.00	215.00	194.26	197.50	10490.00
chr1	116932670	116933033	363	363	5.00	873.00	445.93	743.00	161872.00
chr16	1505731	1505796	65	65	112.00	144.00	134.09	138.00	8716.00
chr1	9794029	9794200	171	171	681.00	935.00	824.58	827.00	141003.00
chr10	73579221	73579379	158	158	2462.00	3572.00	2897.83	2872.00	457857.00
chr11	6411684	6412146	462	462	17.00	141.00	86.33	88.00	39884.00
chr1	159163212	159163350	138	138	269.00	376.00	302.67	288.50	41768.00
chr16	1816723	1816804	81	81	249.00	322.00	288.22	288.00	23346.00
chr7	91722399	91722630	231	231	11.00	73.00	54.55	56.00	12600.00
chr7	44281816	44281939	123	123	183.00	208.00	197.11	197.00	24244.00
chr2	220467189	220467297	108	108	13.00	19.00	15.84	16.00	1711.00
chr16	4494664	4494729	65	65	134.00	169.00	157.60	160.00	10244.00
chr15	34681844	34681986	142	142	1.00	125.00	81.99	83.50	11642.00
chr9	139995935	139996124	189	189	74.00	121.00	98.72	100.00	18659.00
chr3	180324040	180324160	120	120	80.00	112.00	93.23	94.00	11188.00
chr3	42678359	42681242	2883	2883	17.00	167.00	72.32	61.00	208493.00
chr7	131812776	131815333	2557	2557	0.00	20.00	6.41	6.00	16389.00
chr20	1585387	1585522	135	135	6.00	150.00	88.56	93.00	11956.00
chr3	126751229	126751442	213	213	30.00	55.00	41.84	40.00	8912.00
chr15	63920875	63921014	139	139	90.00	189.00	127.17	130.00	17677.00
chr16	2040128	2040202	74	74	12.00	29.00	18.24	18.00	1350.00
chr9	74324174	74324390	216	216	10.00	21.00	14.20	13.50	3068.00
chr20	44521858	44521950	92	92	193.00	229.00	212.78	213.50	19576.00
chr9	139911647	139911798	151	151	349.00	485.00	408.38	399.00	61665.00
chr9	140055507	140055649	142	142	390.00	583.00	477.37	455.50	67787.00
chr12	120148055	120148191	136	136	37.00	62.00	52.45	53.00	7133.00
chr12	50474280	50474372	92	92	70.00	92.00	84.32	85.00	7757.00
chr15	63125702	63125828	126	126	75.00	128.00	105.14	108.00	13248.00
chr9	20907148	20907241	93	93	25.00	35.00	31.47	32.00	2927.00
chr16	87874655	87874761	106	106	35.00	62.00	46.48	43.50	4927.00
chr2	162833269	162833460	191	191	1.00	252.00	137.77	215.00	26315.00
chr8	11704560	11704677	117	117	495.00	649.00	566.32	566.00	66259.00
chr15	63926931	63927087	156	156	119.00	169.00	142.46	145.00	22223.00
chr6	31668718	31668805	87	87	75.00	123.00	92.86	84.00	8079.00
chr7	148910792	148910906	114	114	16.00	55.00	42.07	48.50	4796.00
chr14	42355808	42357213	1405	1405	7.00	77.00	30.68	31.00	43102.00
chr10	88678928	88679226	298	298	5.00	24.00	12.68	14.00	3778.00
chr3	140998219	140998346	127	127	16.00	45.00	29.25	32.00	3715.00
chr1	144859758	144859998	240	240	49.00	93.00	68.99	71.00	16558.00
chr9	96054772	96055455	683	683	25.00	80.00	48.15	47.00	32889.00
chr19	7604803	7604944	141	141	36.00	60.00	46.61	47.00	6572.00
chr12	30906277	30907432	1155	1155	1.00	32.00	13.32	13.00	15382.00
chr9	131112762	131112854	92	92	56.00	143.00	105.10	105.00	9669.00
chr20	61981328	61982379	1051	1051	6.00	37.00	19.87	19.00	20881.00
chr7	38431348	38431618	270	270	161.00	270.00	212.50	220.00	57375.00
chr20	44521036	44521123	87	87	131.00	174.00	149.61	148.00	13016.00
chr11	64418726	64419108	382	382	50.00	131.00	86.36	84.50	32991.00
chr12	120148344	120150270	1926	1926	1.00	69.00	16.20	10.00	31197.00
chr12	6930971	6931066	95	95	6.00	198.00	100.93	102.00	9588.00
chr16	2339434	2339621	187	187	34.00	64.00	45.51	43.00	8510.00
chr2	27700083	27700187	104	104	12.00	19.00	16.09	16.00	1673.00
chr14	69805367	69805494	127	127	31.00	83.00	55.13	47.00	7002.00
chr12	9242497	9242619	122	122	95.00	136.00	121.78	126.50	14857.00
chr3	58256658	58256791	133	133	122.00	265.00	178.20	168.00	23700.00
chr10	79744927	79745098	171	171	21.00	53.00	34.94	30.00	5975.00
chr1	159161725	159161866	141	141	132.00	224.00	190.55	199.00	26867.00
chr16	31085202	31085519	317	317	5.00	18.00	12.40	13.00	3930.00
chr1	171755018	171755218	200	200	37.00	63.00	50.74	52.00	10149.00
chr9	130988124	130989280	1156	1156	1.00	658.00	81.21	12.00	93881.00
chr15	63127935	63127998	63	63	66.00	75.00	70.29	70.00	4428.00
chr19	1917676	1917821	145	145	15.00	282.00	181.05	188.00	26252.00
chr22	25315792	25315960	168	168	46.00	61.00	53.01	52.00	8905.00
chr2	207943790	207945085	1295	1295	16.00	73.00	36.88	34.00	47765.00
chr11	47330706	47330952	246	246	10.00	300.00	137.28	14.00	33772.00
chr3	142743978	142746095	2117	2117	3.00	140.00	23.63	20.00	50031.00
chr7	44839492	44839694	202	202	27.00	59.00	45.17	45.00	9125.00
chr22	31688260	31688471	211	211	7.00	192.00	115.87	143.00	24448.00
chr11	66333492	66333638	146	146	488.00	737.00	635.29	625.00	92752.00
chr9	131114916	131115026	110	110	117.00	158.00	142.16	145.00	15638.00
chr1	20206	21013	807	807	7.00	111.00	65.94	71.00	53216.00
chr11	108216469	108216635	166	166	81.00	132.00	109.61	110.00	18195.00
chr1	209778880	209779019	139	139	76.00	126.00	102.93	103.00	14307.00
chr1	202935876	202936026	150	150	93.00	143.00	113.34	111.00	17001.00
chr12	57600255	57600524	269	269	101.00	149.00	123.02	124.00	33092.00
chr19	15233503	15233615	112	112	99.00	124.00	109.49	108.50	12263.00
chr8	68115317	68115486	169	169	77.00	134.00	109.96	114.00	18584.00
chr19	13419229	13419342	113	113	2.00	8.00	5.12	5.00	579.00
chr6	33266815	33267130	315	315	3.00	35.00	17.12	16.00	5394.00
chr16	89780611	89781646	1035	1035	4.00	49.00	21.41	20.00	22162.00
chr12	109964162	109964221	59	59	52.00	62.00	57.39	58.00	3386.00
chr22	24491893	24492045	152	152	17.00	32.00	25.78	26.00	3918.00
chr2	242592926	242593025	99	99	151.00	207.00	172.96	167.00	17123.00
chr1	21937944	21938074	130	130	207.00	398.00	321.23	334.00	41760.00
chr2	223789173	223789313	140	140	107.00	166.00	142.71	146.00	19980.00
chr20	3772318	3772535	217	217	7.00	13.00	10.02	10.00	2175.00
chr16	18531918	18532001	83	83	350.00	512.00	443.59	462.00	36818.00
chr1	43396296	43396537	241	241	98.00	164.00	120.49	114.00	29038.00
chr2	100037960	100038115	155	155	36.00	51.00	42.71	43.00	6620.00
chr16	1500497	1500770	273	273	6.00	125.00	70.68	100.00	19296.00
chr19	40876016	40876144	128	128	657.00	1036.00	830.70	805.50	106330.00
chr5	168112691	168112932	241	241	11.00	19.00	15.05	15.00	3628.00
chr2	127825738	127825831	93	93	193.00	245.00	216.27	213.00	20113.00
chr1	19232015	19234990	2975	2975	7.00	199.00	37.36	28.00	111157.00
chr16	1391129	1391196	67	67	63.00	82.00	72.73	73.00	4873.00
chr6	33410665	33411689	1024	1024	6.00	167.00	64.26	56.00	65798.00
chr9	95872033	95872266	233	233	5.00	16.00	10.70	10.00	2493.00
chr1	53378627	53378839	212	212	5.00	12.00	8.29	8.00	1758.00
chr2	80531276	80531693	417	417	3.00	27.00	16.30	17.00	6797.00
chr7	44286718	44286791	73	73	105.00	142.00	127.86	128.00	9334.00
chr7	157369304	157369471	167	167	145.00	212.00	178.14	177.00	29749.00
chr11	18755079	18755191	112	112	0.00	141.00	91.50	124.00	10248.00
chr6	86237979	86238080	101	101	153.00	188.00	172.18	171.00	17390.00
chr8	145000951	145001050	99	99	16.00	26.00	20.55	20.00	2034.00
chr19	45167680	45167966	286	286	5.00	19.00	10.66	11.00	3050.00
chr10	48930165	48930400	235	235	2.00	18.00	11.38	12.00	2674.00
chr16	87871450	87871547	97	97	56.00	90.00	74.33	75.00	7210.00
chr1	109815454	109815649	195	195	204.00	294.00	250.89	255.00	48923.00
chr1	208215442	208215711	269	269	7.00	32.00	17.03	15.00	4582.00
chr2	260866	261451	585	585	9.00	32.00	15.70	15.00	9186.00
chr5	180481266	180481724	458	458	2.00	42.00	16.33	11.00	7479.00
chr7	73119479	73119631	152	152	4.00	571.00	233.34	12.50	35467.00
chr15	34677248	34677358	110	110	151.00	252.00	188.68	186.00	20755.00
chr16	57687114	57687247	133	133	51.00	67.00	59.53	59.00	7918.00
chr15	50649406	50649592	186	186	32.00	71.00	53.82	57.00	10010.00
chr22	21071995	21072066	71	71	615.00	747.00	679.15	671.00	48220.00
chr5	179200882	179201561	679	679	13.00	41.00	27.69	28.00	18799.00
chr10	98763824	98763979	155	155	27.00	45.00	37.83	39.00	5864.00
chr14	102963315	102963457	142	142	74.00	102.00	86.42	85.00	12272.00
chr1	21932558	21933138	580	580	1.00	395.00	85.72	12.00	49720.00
chr16	28118842	28118998	156	156	230.00	343.00	274.76	263.00	42862.00
chr1	241767561	241767881	320	320	16.00	43.00	28.42	28.00	9093.00
chr11	66812063	66812184	121	121	21.00	36.00	27.50	26.00	3327.00
chr11	12248571	12248678	107	107	172.00	251.00	216.36	228.00	23150.00
chr9	130588788	130588951	163	163	14.00	33.00	19.47	18.00	3173.00
chr22	21068915	21068988	73	73	616.00	733.00	671.27	671.00	49003.00
chr1	43424304	43424531	227	227	8.00	126.00	90.18	98.00	20471.00
chr14	105852021	105853670	1649	1649	10.00	60.00	26.91	26.00	44372.00
chr15	34823469	34823579	110	110	158.00	238.00	191.60	187.00	21076.00
chr11	171365	172282	917	917	1.00	31.00	17.63	18.00	16169.00
chr22	24493976	24494155	179	179	23.00	40.00	32.08	32.00	5743.00
chr15	79291060	79291167	107	107	124.00	184.00	155.26	158.00	16613.00
chr16	2145904	2146194	290	290	10.00	23.00	16.16	16.00	4687.00
chr9	131503050	131503166	116	116	237.00	291.00	265.97	264.00	30853.00
chr11	61301983	61302579	596	596	1.00	6.00	3.49	3.00	2081.00
chr22	25308609	25308719	110	110	21.00	30.00	25.92	26.00	2851.00
chr12	63977826	63979986	2160	2160	0.00	18.00	6.37	5.00	13749.00
chr19	46928844	46930933	2089	2089	0.00	214.00	88.74	82.00	185371.00
chr16	56969146	56969224	78	78	102.00	145.00	118.22	116.50	9221.00
chr17	40665787	40665996	209	209	8.00	759.00	328.59	448.00	68676.00
chr9	131669435	131671600	2165	2165	18.00	135.00	63.09	62.00	136596.00
chr2	220164026	220164271	245	245	8.00	258.00	84.61	13.00	20730.00
chr19	7589846	7590052	206	206	27.00	89.00	52.07	53.00	10727.00
chr6	91260186	91260268	82	82	66.00	95.00	80.66	79.00	6614.00
chr9	124543742	124543830	88	88	77.00	97.00	90.38	92.00	7953.00
chr12	54071005	54071170	165	165	26.00	212.00	138.92	129.00	22921.00
chr2	40443	41212	769	769	2.00	17.00	7.59	7.00	5840.00
chr11	67852159	67852747	588	588	8.00	31.00	20.30	20.00	11935.00
chr8	8233762	8234810	1048	1048	3.00	27.00	9.13	8.00	9567.00
chr2	175671113	175672148	1035	1035	2.00	20.00	6.97	6.00	7219.00
chr7	138984922	138985438	516	516	1.00	9.00	4.64	4.00	2392.00
chr22	40816850	40817104	254	254	25.00	57.00	42.93	44.00	10904.00
chr19	14263120	14263249	129	129	112.00	206.00	153.88	154.00	19850.00
chr19	16962222	16962345	123	123	38.00	63.00	53.98	57.00	6640.00
chr1	109813838	109813918	80	80	111.00	173.00	138.82	137.00	11106.00
chr3	49898148	49898562	414	414	4.00	321.00	166.44	244.00	68906.00
chr17	17131202	17131510	308	308	6.00	85.00	57.78	59.00	17795.00
chr1	21936067	21936139	72	72	124.00	179.00	151.81	155.00	10930.00
chr3	130424404	130424615	211	211	46.00	63.00	53.90	54.00	11373.00
chr12	56532710	56532797	87	87	56.00	75.00	66.90	70.00	5820.00
chr16	29888591	29888788	197	197	255.00	353.00	298.20	292.00	58746.00
chr2	114394588	114396196	1608	1608	3.00	94.00	40.25	34.00	64721.00
chr3	124180736	124180803	67	67	68.00	82.00	74.34	74.00	4981.00
chr9	111798485	111798660	175	175	34.00	66.00	49.05	45.00	8583.00
chr10	73847897	73848372	475	475	17.00	415.00	154.95	133.00	73601.00
chr22	21075585	21075706	121	121	336.00	528.00	449.48	455.00	54387.00
chr22	20920753	20921104	351	351	20.00	114.00	58.31	60.00	20468.00
chr9	140953020	140953185	165	165	6.00	15.00	11.35	12.00	1873.00
chr22	41620970	41621075	105	105	89.00	115.00	103.41	104.00	10858.00
chr11	6243671	6243839	168	168	24.00	46.00	33.26	33.00	5588.00
chr15	74704225	74704353	128	128	121.00	143.00	130.04	128.00	16645.00
chr3	48719780	48719985	205	205	46.00	93.00	64.71	58.00	13265.00
chr1	222833247	222833348	101	101	64.00	139.00	103.41	103.00	10444.00
chr1	6583675	6584824	1149	1149	21.00	133.00	52.17	45.00	59947.00
chr11	126135857	126135976	119	119	123.00	176.00	142.34	138.00	16939.00
chr8	75156763	75157410	647	647	6.00	39.00	16.96	16.00	10975.00
chr15	83345212	83345389	177	177	81.00	110.00	94.31	95.00	16692.00
chr14	68031638	68032561	923	923	42.00	136.00	92.57	96.00	85441.00
chr19	42479780	42479949	169	169	999.00	1751.00	1367.27	1385.00	231068.00
chr16	31503329	31503407	78	78	202.00	309.00	248.10	253.00	19352.00
chr17	1564564	1564700	136	136	113.00	183.00	144.37	137.50	19634.00
chr16	58717858	58718082	224	224	8.00	25.00	15.78	13.50	3535.00
chr14	71575320	71575763	443	443	30.00	105.00	66.34	69.00	29389.00
chr1	202934498	202934628	130	130	123.00	227.00	168.53	160.50	21909.00
chr7	73118477	73118586	109	109	312.00	351.00	328.39	327.00	35794.00
chr19	13365908	13366073	165	165	11.00	19.00	15.25	15.00	2516.00
chr10	102265117	102265958	841	841	9.00	34.00	22.55	22.00	18961.00
chr9	139983320	139983457	137	137	54.00	82.00	66.99	65.00	9178.00
chr18	29206245	29206347	102	102	27.00	44.00	35.16	37.00	3586.00
chr12	120578662	120578827	165	165	69.00	100.00	82.79	83.00	13661.00
chr5	757516	758226	710	710	0.00	12.00	5.56	5.00	3945.00
chr8	21632483	21632567	84	84	17.00	25.00	21.19	21.00	1780.00
chr4	54011499	54011749	250	250	28.00	55.00	39.60	39.00	9900.00
chr8	141680613	141681365	752	752	32.00	113.00	70.92	71.00	53329.00
chr11	57367351	57367850	499	499	23.00	56.00	36.46	37.00	18194.00
chr12	63980009	63980784	775	775	1.00	8.00	3.52	3.00	2725.00
chr9	140057042	140057203	161	161	5.00	584.00	489.63	531.00	78830.00
chr2	7055953	7056098	145	145	22.00	32.00	27.14	27.00	3935.00
chr12	52387768	52389043	1275	1275	8.00	206.00	67.87	51.00	86531.00
chr19	50104931	50105175	244	244	18.00	91.00	41.09	30.00	10026.00
chr19	5218430	5218543	113	113	181.00	278.00	239.63	241.00	27078.00
chr16	29898969	29899138	169	169	110.00	194.00	141.60	128.00	23931.00
chr7	99030900	99031041	141	141	15.00	24.00	19.10	19.00	2693.00
chr17	36692926	36693212	286	286	10.00	23.00	18.33	19.00	5242.00
chr15	73857770	73859335	1565	1565	6.00	76.00	29.84	29.00	46699.00
chr6	44104085	44104176	91	91	63.00	104.00	88.21	89.00	8027.00
chr1	21938518	21938602	84	84	247.00	308.00	279.24	280.00	23456.00
chr19	13423482	13423595	113	113	3.00	9.00	6.29	6.00	711.00
chr16	70292882	70293089	207	207	554.00	732.00	649.32	643.00	134410.00
chr18	61060641	61060782	141	141	91.00	125.00	108.96	109.00	15364.00
chr16	22269814	22270016	202	202	7.00	18.00	13.36	14.00	2699.00
chr1	21554423	21554534	111	111	41.00	69.00	53.10	49.00	5894.00
chr9	140057255	140057455	200	200	4.00	840.00	541.41	654.00	108282.00
chr7	1488255	1488397	142	142	10.00	22.00	14.63	14.00	2078.00
chr14	100166351	100166438	87	87	151.00	189.00	170.06	172.00	14795.00
chr9	101065522	101065705	183	183	80.00	126.00	106.84	110.00	19552.00
chr5	68411752	68412041	289	289	31.00	54.00	42.73	43.00	12349.00
chr1	2452539	2452754	215	215	19.00	67.00	43.40	41.00	9330.00
chr1	21564626	21564737	111	111	28.00	69.00	45.80	43.00	5084.00
chr13	42037713	42039066	1353	1353	14.00	86.00	41.23	38.00	55790.00
chr2	114350236	114350443	207	207	7.00	53.00	31.47	32.00	6515.00
chr1	21939668	21939722	54	54	226.00	263.00	248.70	252.50	13430.00
chr9	139353895	139354007	112	112	28.00	44.00	34.28	35.00	3839.00
chr7	102176367	102176618	251	251	22.00	57.00	39.96	38.00	10031.00
chr3	51411753	51412018	265	265	3.00	99.00	37.13	9.00	9840.00
chr17	73888091	73888266	175	175	17.00	42.00	32.06	34.00	5611.00
chr13	103297258	103297435	177	177	7.00	71.00	37.31	43.00	6604.00
chr15	63922664	63922834	170	170	98.00	214.00	155.23	150.00	26389.00
chr3	33400774	33400849	75	75	39.00	58.00	49.05	48.00	3679.00
chr22	50671744	50671955	211	211	11.00	31.00	20.95	21.00	4420.00
chr1	21190968	21191205	237	237	97.00	139.00	124.07	126.00	29404.00
chr5	14481649	14481727	78	78	65.00	79.00	69.46	69.00	5418.00
chr15	101605556	101606410	854	854	4.00	19.00	9.81	10.00	8380.00
chr17	80040402	80040554	152	152	238.00	316.00	282.68	284.50	42967.00
chr2	132269293	132270897	1604	1604	3.00	58.00	31.01	31.00	49746.00
chr11	1778553	1778786	233	233	903.00	1567.00	1243.29	1268.00	289686.00
chr11	1469616	1469808	192	192	0.00	12.00	8.12	8.00	1559.00
chr12	120138549	120138630	81	81	74.00	90.00	83.16	84.00	6736.00
chr7	901016	901101	85	85	140.00	212.00	181.45	192.00	15423.00
chr19	13372263	13372424	161	161	16.00	32.00	23.66	24.00	3809.00
chr17	40843154	40843311	157	157	65.00	108.00	81.30	79.00	12764.00
chr17	80039476	80039719	243	243	268.00	376.00	318.13	316.00	77305.00
chr17	16681109	16687365	6256	6256	0.00	43.00	8.97	7.00	56121.00
chr1	116935475	116935610	135	135	742.00	1001.00	843.80	819.00	113913.00
chr6	128294808	128294972	164	164	173.00	293.00	243.16	244.00	39879.00
chr5	109189927	109190617	690	690	7.00	60.00	32.82	36.00	22643.00
chr15	40757533	40757634	101	101	11.00	56.00	40.24	41.00	4064.00
chr2	220164706	220164981	275	275	144.00	324.00	224.19	232.00	61652.00
chr3	164905164	164908639	3475	3475	0.00	85.00	26.17	19.00	90934.00
chr11	60699157	60699356	199	199	33.00	211.00	141.85	145.00	28229.00
chr2	96680301	96680717	416	416	14.00	44.00	30.38	30.00	12638.00
chr17	40845314	40845554	240	240	106.00	165.00	132.89	129.00	31893.00
chr12	125264513	125265391	878	878	29.00	110.00	57.13	53.00	50162.00
chr1	156623704	156624158	454	454	5.00	26.00	15.50	18.00	7035.00
chr6	108370456	108370622	166	166	54.00	96.00	67.67	64.00	11233.00
chr11	19180486	19180587	101	101	17.00	29.00	22.60	23.00	2283.00
chr19	42489069	42489338	269	269	162.00	347.00	275.97	296.00	74237.00
chr2	198274493	198274731	238	238	73.00	131.00	106.65	109.00	25382.00
chr6	47220991	47221257	266	266	105.00	211.00	171.04	176.00	45497.00
chr19	40872679	40872822	143	143	745.00	1255.00	1065.99	1133.00	152436.00
chr19	54693278	54693627	349	349	7.00	63.00	35.81	41.00	12498.00
chr12	81929	82174	245	245	4.00	33.00	19.27	21.00	4722.00
chr21	45513943	45514114	171	171	75.00	103.00	89.78	91.00	15353.00
chr3	124201630	124201747	117	117	4.00	201.00	146.64	184.00	17157.00
chr17	79805118	79805223	105	105	214.00	296.00	255.25	252.00	26801.00
chr20	46307419	46307548	129	129	36.00	57.00	46.51	46.00	6000.00
chr17	38187790	38187873	83	83	85.00	109.00	97.80	99.00	8117.00
chr2	207452814	207452878	64	64	100.00	146.00	127.55	127.00	8163.00
chr17	45695715	45695823	108	108	278.00	332.00	304.14	305.00	32847.00
chr7	44283023	44283126	103	103	110.00	146.00	127.04	126.00	13085.00
chr20	62274975	62275284	309	309	5.00	943.00	464.23	711.00	143448.00
chr11	108202605	108202764	159	159	54.00	89.00	73.97	76.00	11761.00
chr9	140051314	140051489	175	175	143.00	220.00	175.42	170.00	30698.00
chr22	45574118	45574781	663	663	9.00	36.00	23.18	22.00	15368.00
chr15	79312382	79312446	64	64	39.00	49.00	44.17	44.50	2827.00
chr1	21940120	21940199	79	79	215.00	247.00	230.97	233.00	18247.00
chr17	3775847	3775921	74	74	186.00	251.00	211.38	210.00	15642.00
chr7	73133931	73134019	88	88	5.00	444.00	149.59	91.50	13164.00
chr11	72292920	72292991	71	71	140.00	186.00	156.21	153.00	11091.00
chr7	43547616	43547730	114	114	35.00	56.00	47.96	49.00	5467.00
chr16	58713760	58714145	385	385	10.00	25.00	17.10	16.00	6582.00
chr22	21083600	21083794	194	194	236.00	460.00	346.69	358.00	67257.00
chr11	66457275	66457414	139	139	131.00	268.00	188.50	182.00	26201.00
chr15	91561034	91561115	81	81	26.00	42.00	32.37	32.00	2622.00
chr11	2968525	2969001	476	476	4.00	44.00	21.72	20.00	10338.00
chr19	34869838	34869910	72	72	826.00	997.00	916.32	917.00	65975.00
chr9	121970996	121971219	223	223	59.00	95.00	77.91	76.00	17374.00
chr3	47449772	47449980	208	208	25.00	84.00	60.19	72.00	12520.00
chr12	57601820	57601999	179	179	128.00	258.00	185.09	178.00	33131.00
chr16	2345590	2345741	151	151	57.00	95.00	76.37	78.00	11532.00
chr12	50471782	50471910	128	128	30.00	56.00	45.96	49.00	5883.00
chr1	109814221	109814344	123	123	221.00	310.00	271.98	277.00	33453.00
chr19	16942304	16942458	154	154	17.00	62.00	39.43	40.00	6072.00
chr11	66333301	66333398	97	97	488.00	647.00	547.91	541.00	53147.00
chr5	74026084	74026223	139	139	69.00	114.00	90.56	92.00	12588.00
chr5	68417520	68417722	202	202	42.00	84.00	68.77	71.00	13891.00
chr19	15272262	15272525	263	263	32.00	75.00	49.95	50.00	13138.00
chr3	45872404	45872482	78	78	55.00	73.00	64.60	65.00	5039.00
chr7	73123374	73123452	78	78	451.00	596.00	547.95	568.50	42740.00
chr5	14498197	14498360	163	163	69.00	116.00	93.41	96.00	15226.00
chr14	93180167	93180230	63	63	89.00	118.00	101.63	97.00	6403.00
chr9	130984739	130984875	136	136	693.00	1052.00	913.33	911.00	124213.00
chr13	31216764	31216894	130	130	29.00	43.00	35.52	35.50	4617.00
chr12	112614399	112614506	107	107	36.00	87.00	71.25	70.00	7624.00
chr12	57602865	57602982	117	117	187.00	294.00	237.68	236.00	27808.00
chr14	72976861	72976987	126	126	23.00	44.00	31.33	29.00	3948.00
chr1	155209406	155209553	147	147	57.00	111.00	77.87	71.00	11447.00
chr10	49633930	49634113	183	183	48.00	80.00	67.33	69.00	12321.00
chr16	84100093	84100218	125	125	103.00	156.00	135.11	139.00	16889.00
chr1	155207924	155208097	173	173	115.00	162.00	133.99	134.00	23181.00
chr12	2786898	2787033	135	135	6.00	11.00	8.67	9.00	1171.00
chr2	233755457	233756197	740	740	1.00	398.00	56.28	7.00	41646.00
chr14	60631894	60632099	205	205	47.00	254.00	169.31	188.00	34708.00
chr1	11151549	11151654	105	105	64.00	130.00	101.22	101.00	10628.00
chr4	134076071	134076178	107	107	157.00	202.00	188.81	192.00	20203.00
chr15	91420364	91420441	77	77	43.00	55.00	49.97	51.00	3848.00
chr5	114961533	114961755	222	222	3.00	51.00	31.84	31.50	7069.00
chr16	1814047	1814211	164	164	9.00	226.00	100.68	139.50	16511.00
chr18	44250463	44252581	2118	2118	4.00	58.00	24.36	22.00	51587.00
chr6	158049380	158049518	138	138	43.00	75.00	60.77	62.00	8386.00
chr19	7675585	7675679	94	94	8.00	12.00	9.91	10.00	932.00
chr13	99461604	99461719	115	115	5.00	340.00	206.47	184.00	23744.00
chr11	130010829	130011467	638	638	5.00	1087.00	124.04	20.00	79140.00
chr11	107526658	107526792	134	134	117.00	176.00	147.99	146.50	19831.00
chr16	1391294	1391490	196	196	38.00	83.00	58.73	58.00	11511.00
chr1	38182716	38184158	1442	1442	9.00	79.00	42.48	43.50	61249.00
chr5	179231023	179231323	300	300	4.00	10.00	6.67	7.00	2000.00
chr14	69814593	69814719	126	126	74.00	115.00	97.41	97.00	12274.00
chr14	69349174	69349309	135	135	116.00	151.00	132.21	131.00	17849.00
chr19	7614792	7614998	206	206	97.00	134.00	113.13	112.00	23304.00
chr1	228270375	228270466	91	91	2.00	995.00	310.95	133.00	28296.00
chr1	38186022	38186315	293	293	4.00	20.00	10.69	8.00	3131.00
chr13	77641715	77641999	284	284	101.00	182.00	144.60	146.00	41067.00
chr14	100157417	100157498	81	81	53.00	93.00	66.35	60.00	5374.00
chr13	32978280	32979333	1053	1053	16.00	115.00	43.94	38.00	46274.00
chr12	7301567	7301794	227	227	179.00	376.00	283.97	286.00	64461.00
chr9	123583116	123583257	141	141	49.00	63.00	56.33	57.00	7942.00
chr17	26883183	26883284	101	101	92.00	164.00	118.20	111.00	11938.00
chr12	6972993	6973137	144	144	207.00	324.00	277.06	301.00	39897.00
chr20	34322310	34322637	327	327	6.00	26.00	16.19	16.00	5294.00
chr19	7606407	7606570	163	163	40.00	71.00	60.06	64.00	9790.00
chr16	2333186	2333373	187	187	6.00	206.00	154.94	167.00	28973.00
chr12	113825548	113825711	163	163	86.00	202.00	148.77	157.00	24250.00
chr7	4802013	4807749	5736	5736	2.00	178.00	32.45	22.00	186160.00
chr1	43394880	43394985	105	105	137.00	208.00	172.21	176.00	18082.00
chr19	4554399	4554488	89	89	80.00	114.00	100.47	102.00	8942.00
chr16	31719139	31719372	233	233	4.00	11.00	6.95	6.00	1620.00
chr5	134060669	134061744	1075	1075	4.00	43.00	21.96	22.00	23610.00
chr1	202936318	202936371	53	53	17.00	101.00	64.83	85.00	3436.00
chr2	220087366	220087615	249	249	116.00	198.00	157.63	161.00	39249.00
chr2	36764494	36764689	195	195	24.00	42.00	32.76	34.00	6388.00
chr7	43519208	43519343	135	135	22.00	40.00	33.50	35.00	4523.00
chr10	51249585	51249993	408	408	0.00	15.00	4.70	3.00	1919.00
chr6	32123647	32123755	108	108	84.00	108.00	95.69	95.00	10335.00
chr3	118624442	118624692	250	250	12.00	93.00	48.09	17.50	12022.00
chr1	190129797	190130020	223	223	18.00	35.00	28.44	30.00	6342.00
chr9	131004491	131004624	133	133	8.00	1775.00	1359.46	1528.00	180808.00
chr22	33679187	33679334	147	147	60.00	81.00	68.44	68.00	10060.00
chr15	74709931	74710016	85	85	77.00	139.00	102.58	95.00	8719.00
chr7	6470110	6470238	128	128	15.00	31.00	25.30	27.00	3239.00
chr1	6640600	6641359	759	759	11.00	30.00	20.31	21.00	15412.00
chr16	31510622	31510728	106	106	119.00	152.00	134.56	135.00	14263.00
chr4	103710287	103711803	1516	1516	3.00	29.00	14.88	14.00	22553.00
chr19	2862339	2862746	407	407	18.00	43.00	27.23	26.00	11082.00
chr2	15467873	15467994	121	121	29.00	41.00	34.19	34.00	4137.00
chr2	36780721	36781492	771	771	11.00	49.00	28.66	30.00	22100.00
chr10	81070680	81070941	261	261	14.00	38.00	25.40	25.00	6630.00
chr2	217234866	217235986	1120	1120	1.00	24.00	8.68	8.00	9721.00
chr10	93786348	93786508	160	160	105.00	284.00	187.67	200.00	30027.00
chr17	20268785	20269076	291	291	2.00	10.00	4.92	3.00	1431.00
chr9	131002006	131002062	56	56	1.00	1606.00	1389.34	1498.00	77803.00
chr1	155208307	155208441	134	134	119.00	186.00	155.48	156.50	20834.00
chr2	162833877	162834373	496	496	0.00	244.00	23.35	6.00	11582.00
chr9	35799614	35799728	114	114	5.00	11.00	8.54	9.00	973.00
chr20	62517856	62519234	1378	1378	7.00	155.00	65.71	60.00	90552.00
chr22	35942847	35943127	280	280	14.00	56.00	36.30	35.00	10165.00
chr13	26436438	26436546	108	108	11.00	18.00	14.54	15.00	1570.00
chr14	69371371	69371453	82	82	37.00	65.00	49.85	47.50	4088.00
chr7	44031274	44031581	307	307	1.00	37.00	13.59	4.00	4173.00
chr11	12274988	12275291	303	303	2.00	12.00	7.01	7.00	2124.00
chr5	1334403	1334498	95	95	94.00	143.00	117.35	115.00	11148.00
chr19	34868639	34868786	147	147	756.00	1278.00	1058.95	1054.00	155665.00
chr16	1815960	1816143	183	183	162.00	248.00	196.23	196.00	35911.00
chr10	73578787	73578868	81	81	2668.00	3748.00	3148.86	3129.00	255058.00
chr17	37420427	37420640	213	213	13.00	23.00	17.62	18.00	3753.00
chr5	60835422	60835586	164	164	32.00	49.00	39.60	38.50	6495.00
chr15	79296143	79296517	374	374	73.00	149.00	103.33	101.00	38647.00
chr19	13039568	13039661	93	93	275.00	463.00	372.57	384.00	34649.00
chr12	49421585	49421713	128	128	38.00	66.00	53.27	49.00	6818.00
chr1	1661057	1662583	1526	1526	6.00	208.00	53.75	35.50	82018.00
chr2	207457340	207457460	120	120	123.00	166.00	140.18	139.00	16822.00
chr11	64542462	64543441	979	979	14.00	48.00	26.22	25.00	25667.00
chr20	61910250	61910347	97	97	60.00	77.00	68.38	69.00	6633.00
chr11	62394042	62394156	114	114	255.00	358.00	301.82	294.50	34407.00
chr5	37301538	37301652	114	114	31.00	51.00	38.17	36.00	4351.00
chr16	4733843	4733933	90	90	119.00	158.00	138.57	137.00	12471.00
chr15	43693913	43694048	135	135	13.00	30.00	25.76	27.00	3477.00
chr11	18764538	18764622	84	84	59.00	86.00	77.02	80.50	6470.00
chr17	57842331	57842499	168	168	134.00	196.00	165.35	166.00	27778.00
chr9	96076729	96078064	1335	1335	3.00	23.00	10.57	10.00	14105.00
chr11	12246219	12246367	148	148	119.00	147.00	131.92	131.00	19524.00
chr12	7030743	7031565	822	822	21.00	2759.00	1019.45	50.00	837990.00
chr3	14523178	14523349	171	171	11.00	20.00	15.00	15.00	2565.00
chr5	758508	759483	975	975	1.00	13.00	4.32	3.00	4214.00
chr12	22635490	22635677	187	187	19.00	37.00	27.99	28.00	5234.00
chr5	14479369	14479459	90	90	57.00	82.00	69.32	70.00	6239.00
chr6	143655214	143656079	865	865	0.00	11.00	4.65	4.00	4023.00
chr7	75508360	75508578	218	218	33.00	408.00	307.13	365.00	66955.00
chr11	60697981	60698131	150	150	53.00	73.00	62.20	61.50	9330.00
chr1	151400598	151400889	291	291	60.00	148.00	101.63	96.00	29573.00
chr5	172196431	172197309	878	878	14.00	228.00	75.98	52.00	66711.00
chr3	49152660	49152794	134	134	39.00	58.00	47.27	47.00	6334.00
chr7	5518281	5519950	1669	1669	10.00	57.00	28.71	27.00	47925.00
chr17	16691106	16691449	343	343	0.00	58.00	23.10	28.00	7923.00
chr2	220086993	220087172	179	179	143.00	210.00	178.20	177.00	31898.00
chr10	51746916	51748006	1090	1090	4.00	65.00	26.47	23.00	28852.00
chr12	7302118	7302289	171	171	328.00	409.00	363.38	362.00	62138.00
chr11	59562844	59562955	111	111	28.00	53.00	44.47	45.00	4936.00
chr12	6100984	6101184	200	200	25.00	42.00	32.23	32.00	6447.00
chr19	5683274	5683627	353	353	7.00	30.00	18.94	19.00	6686.00
chr12	2786259	2786387	128	128	4.00	10.00	6.86	7.00	878.00
chr15	26812727	26812880	153	153	32.00	54.00	42.86	43.00	6557.00
chr1	149007980	149008798	818	818	0.00	26.00	4.77	2.00	3901.00
chr19	54965608	54965861	253	253	93.00	176.00	128.22	131.00	32439.00
chr8	27293259	27293310	51	51	85.00	132.00	111.18	113.00	5670.00
chr15	23014437	23014528	91	91	71.00	134.00	94.62	86.00	8610.00
chr1	111717500	111717585	85	85	81.00	131.00	106.22	106.00	9029.00
chr6	150157220	150157433	213	213	116.00	212.00	172.00	178.00	36635.00
chr13	114566547	114566670	123	123	10.00	58.00	31.30	30.00	3850.00
chr16	58539291	58539605	314	314	6.00	29.00	19.36	20.00	6080.00
chr1	21936612	21936768	156	156	147.00	418.00	272.51	283.50	42511.00
chr1	17322880	17322991	111	111	113.00	161.00	137.50	143.00	15263.00
chr11	60699455	60699599	144	144	138.00	220.00	167.67	156.50	24145.00
chr5	6749669	6749770	101	101	30.00	49.00	38.19	37.00	3857.00
chr16	2156805	2156949	144	144	18.00	39.00	27.71	28.00	3990.00
chr15	34690834	34690930	96	96	36.00	88.00	68.86	72.00	6611.00
chr3	11074933	11075425	492	492	18.00	393.00	94.71	34.00	46596.00
chr5	74655222	74655381	159	159	75.00	114.00	94.77	92.00	15068.00
chr20	20022968	20023160	192	192	29.00	50.00	39.23	40.00	7532.00
chr2	39055481	39055578	97	97	19.00	29.00	23.38	22.00	2268.00
chr19	16793231	16793528	297	297	4.00	86.00	25.91	8.00	7696.00
chr2	219205450	219205509	59	59	27.00	48.00	36.00	32.00	2124.00
chr17	74087429	74087729	300	300	6.00	46.00	30.31	29.00	9093.00
chr3	184058150	184060036	1886	1886	6.00	308.00	56.21	28.00	106004.00
chr6	90333128	90333263	135	135	22.00	32.00	25.44	25.00	3434.00
chr12	125267019	125267429	410	410	18.00	72.00	41.64	38.00	17073.00
chr1	207942580	207943104	524	524	26.00	226.00	157.39	170.00	82472.00
chr4	89356876	89357043	167	167	45.00	94.00	72.16	72.00	12051.00
chr7	101995498	101995736	238	238	35.00	93.00	57.99	53.00	13801.00
chr3	11067458	11067562	104	104	172.00	229.00	201.00	203.00	20904.00
chr5	95734582	95734740	158	158	23.00	33.00	28.49	28.00	4501.00
chr6	152529106	152529341	235	235	21.00	48.00	31.83	30.00	7481.00
chr5	102295578	102295763	185	185	36.00	77.00	56.81	60.00	10510.00
chr22	21072980	21073110	130	130	414.00	742.00	574.28	642.00	74656.00
chr12	121855306	121855714	408	408	65.00	198.00	114.64	106.00	46775.00
chr1	160326389	160326544	155	155	254.00	345.00	312.61	320.00	48455.00
chr11	60670930	60671007	77	77	190.00	209.00	198.21	198.00	15262.00
chr17	79804822	79804948	126	126	279.00	451.00	390.42	392.50	49193.00
chr16	18527204	18527332	128	128	392.00	621.00	498.41	487.50	63797.00
chr16	16372518	16372646	128	128	435.00	658.00	538.48	530.50	68926.00
chr2	32750530	32750695	165	165	30.00	52.00	41.79	43.00	6896.00
chr14	69369193	69369279	86	86	50.00	71.00	58.34	57.00	5017.00
chr7	66418212	66418356	144	144	128.00	174.00	151.31	155.00	21789.00
chr6	44107988	44108097	109	109	57.00	81.00	71.61	73.00	7805.00
chr7	70885893	70886091	198	198	63.00	158.00	103.78	95.00	20548.00
chr8	27295281	27295397	116	116	126.00	163.00	146.94	150.50	17045.00
chr7	73122918	73123018	100	100	446.00	571.00	526.38	526.00	52638.00
chr15	34698874	34699071	197	197	59.00	84.00	72.53	74.00	14289.00
chr8	22009343	22009513	170	170	410.00	678.00	521.36	495.50	88631.00
chr7	1526557	1526737	180	180	15.00	45.00	29.63	34.00	5333.00
chr5	178053946	178054065	119	119	6.00	96.00	44.29	39.00	5271.00
chr12	6103027	6103369	342	342	25.00	50.00	39.65	40.00	13560.00
chr2	3479491	3480482	991	991	17.00	76.00	39.03	36.00	38676.00
chr3	33883388	33883566	178	178	99.00	201.00	161.46	167.00	28740.00
chr19	11019778	11019883	105	105	64.00	92.00	78.12	81.00	8203.00
chr7	98446205	98446318	113	113	531.00	1161.00	858.83	795.00	97048.00
chr8	106813274	106813932	658	658	0.00	14.00	7.03	7.00	4624.00
chr2	223795338	223795530	192	192	244.00	459.00	322.99	307.50	62015.00
chr7	75511146	75511554	408	408	354.00	765.00	518.19	512.00	211420.00
chr21	40184926	40185038	112	112	27.00	99.00	69.11	83.00	7740.00
chr19	53383575	53385236	1661	1661	25.00	78.00	46.80	46.00	77734.00
chr19	14208130	14208295	165	165	6.00	387.00	249.60	315.00	41184.00
chr15	91461013	91461618	605	605	44.00	601.00	233.29	95.00	141138.00
chr8	145278010	145278133	123	123	11.00	15.00	12.57	12.00	1546.00
chr16	28132990	28133083	93	93	159.00	218.00	188.33	188.00	17515.00
chr11	125280091	125280221	130	130	22.00	38.00	28.98	28.50	3767.00
chr15	63128089	63128317	228	228	15.00	126.00	73.25	79.00	16702.00
chr9	131181435	131181557	122	122	21.00	764.00	615.20	649.50	75055.00
chr19	3281196	3281343	147	147	38.00	68.00	53.89	57.00	7922.00
chr11	6240200	6240280	80	80	30.00	42.00	36.26	36.00	2901.00
chr20	31019123	31019287	164	164	16.00	30.00	22.61	22.00	3708.00
chr6	46825865	46827260	1395	1395	16.00	53.00	30.98	29.00	43220.00
chr12	1672006	1672666	660	660	7.00	55.00	23.03	18.00	15199.00
chr12	9098824	9099001	177	177	101.00	180.00	146.54	154.00	25938.00
chr7	121738503	121738630	127	127	38.00	57.00	46.64	46.00	5923.00
chr19	40875814	40875935	121	121	615.00	753.00	670.07	664.00	81079.00
chr20	3581592	3581671	79	79	77.00	116.00	97.59	100.00	7710.00
chr17	7226965	7227042	77	77	40.00	57.00	49.10	49.00	3781.00
chr2	74331800	74332809	1009	1009	9.00	49.00	28.56	27.00	28820.00
chr1	209785136	209785610	474	474	3.00	133.00	98.25	112.00	46571.00
chr9	35546426	35548532	2106	2106	21.00	130.00	61.00	60.50	128475.00
chr17	80040198	80040290	92	92	252.00	323.00	290.16	299.00	26695.00
chr11	73074791	73075284	493	493	6.00	95.00	30.41	13.00	14993.00
chr20	44674976	44675075	99	99	56.00	75.00	66.77	66.00	6610.00
chr20	5892091	5892328	237	237	18.00	60.00	38.54	35.00	9135.00
chr17	20316581	20317594	1013	1013	1.00	21.00	8.48	8.00	8589.00
chr12	99478702	99478801	99	99	49.00	68.00	56.68	56.00	5611.00
chr17	40842756	40842960	204	204	61.00	117.00	89.99	89.00	18357.00
chr11	107501142	107501288	146	146	37.00	79.00	57.30	57.00	8366.00
chr11	85429236	85429532	296	296	0.00	12.00	3.23	1.00	955.00
chr20	9449217	9449319	102	102	17.00	29.00	22.14	22.00	2258.00
chr14	23371395	23371591	196	196	106.00	167.00	140.91	145.00	27618.00
chr7	716865	716957	92	92	551.00	924.00	754.99	767.50	69459.00
chr10	48862360	48862682	322	322	0.00	45.00	17.07	15.00	5497.00
chr10	68686678	68688210	1532	1532	2.00	61.00	21.52	19.00	32963.00
chr5	179674854	179674926	72	72	76.00	109.00	93.85	95.00	6757.00
chr1	209773327	209773456	129	129	73.00	93.00	83.34	83.00	10751.00
chr17	45691034	45691091	57	57	250.00	307.00	275.44	276.00	15700.00
chr1	19669871	19670118	247	247	17.00	41.00	29.93	31.00	7392.00
chr17	45664025	45664710	685	685	12.00	162.00	67.53	66.00	46259.00
chr19	2337634	2338840	1206	1206	3.00	64.00	16.22	14.00	19567.00
chr8	22011480	22011552	72	72	526.00	632.00	587.29	590.00	42285.00
