#chrom	start	end	size	num_data	min	max	mean	median	sum
chr12	1940100	1940691	591	591	66.00	125.00	97.87	99.00	57839.00
chr1	27480473	27481381	908	908	17.00	149.00	67.41	64.00	61208.00
chr15	63112684	63112809	125	125	287.00	477.00	379.95	356.00	47494.00
chr5	149231737	149232254	517	517	1.00	44.00	14.09	11.00	7282.00
chr5	140865429	140867182	1753	1753	5.00	72.00	26.61	26.00	46650.00
chr1	32209793	32209958	165	165	390.00	999.00	683.85	655.00	112835.00
chr16	87873307	87873431	124	124	137.00	362.00	223.73	224.00	27743.00
chr17	34157438	34158175	737	737	1.00	15.00	7.04	7.00	5190.00
chr2	127815619	127816088	469	469	1.00	63.00	22.29	18.00	10455.00
chr1	208212965	208213112	147	147	42.00	79.00	64.89	68.00	9539.00
chr22	19703883	19704666	783	783	3.00	32.00	18.44	18.00	14437.00
chr16	87872319	87872423	104	104	174.00	275.00	229.73	220.00	23892.00
chr9	140055740	140055868	128	128	1887.00	3378.00	2744.30	2820.50	351271.00
chr22	21096515	21096643	128	128	420.00	1080.00	580.23	502.00	74269.00
chr9	140056321	140056540	219	219	7.00	3439.00	1949.57	2274.00	426956.00
chr11	78379981	78380253	272	272	17.00	42.00	30.02	31.00	8165.00
chr3	11070420	11070533	113	113	204.00	377.00	324.45	326.00	36663.00
chr1	109812554	109813222	668	668	6.00	932.00	267.37	161.00	178601.00
chr2	220161954	220162155	201	201	923.00	1900.00	1450.80	1447.00	291611.00
chr15	74706887	74707086	199	199	104.00	174.00	144.94	148.00	28843.00
chr17	7318829	7319426	597	597	153.00	898.00	445.45	434.00	265936.00
chr1	21560050	21560154	104	104	14.00	47.00	20.80	17.00	2163.00
chr1	25573799	25573952	153	153	7.00	618.00	408.10	487.00	62440.00
chr14	93198993	93199160	167	167	133.00	212.00	177.63	182.00	29664.00
chr1	205554003	205554119	116	116	186.00	389.00	277.88	266.50	32234.00
chr1	9795005	9795232	227	227	1936.00	3480.00	2727.53	2706.00	619150.00
chr17	42426525	42426670	145	145	60.00	144.00	112.26	110.00	16277.00
chr18	70205887	70206179	292	292	0.00	423.00	134.78	15.00	39355.00
chr1	205553082	205553251	169	169	332.00	668.00	582.82	604.00	98496.00
chr9	140056623	140056766	143	143	8.00	2323.00	1433.69	1507.00	205018.00
chr6	33412147	33412394	247	247	4.00	596.00	235.48	250.00	58163.00
chr12	89992366	89992547	181	181	0.00	1055.00	568.55	490.00	102907.00
chr2	220088827	220089576	749	749	48.00	356.00	164.29	161.00	123056.00
chr14	100763073	100765222	2149	2149	8.00	185.00	41.59	35.00	89374.00
chr1	110740697	110742543	1846	1846	1.00	1368.00	663.79	635.50	1225364.00
chr1	149878201	149879758	1557	1557	0.00	2795.00	441.61	20.00	687593.00
chr3	197264139	197265259	1120	1120	1.00	66.00	18.70	9.00	20945.00
chr8	56449623	56450530	907	907	0.00	35.00	12.28	11.00	11137.00
chr9	139354208	139354326	118	118	76.00	136.00	99.36	96.00	11725.00
chr1	32204908	32205236	328	328	574.00	1760.00	1051.80	931.50	344990.00
chr7	75608768	75608897	129	129	111.00	168.00	138.91	141.00	17920.00
chr19	45161029	45161178	149	149	25.00	74.00	47.70	50.00	7108.00
chr19	5243911	5244493	582	582	100.00	468.00	267.88	249.00	155908.00
chr6	32119585	32119717	132	132	9.00	1208.00	564.30	481.50	74487.00
chr3	42670878	42672067	1189	1189	0.00	32.00	4.91	3.00	5837.00
chr11	45892392	45892485	93	93	50.00	149.00	92.14	86.00	8569.00
chr17	80040789	80040991	202	202	538.00	953.00	696.77	677.50	140748.00
chr2	74902875	74903036	161	161	30.00	80.00	44.36	43.00	7142.00
chr17	38335969	38337946	1977	1977	1.00	278.00	32.78	18.00	64806.00
chr16	87870103	87870253	150	150	69.00	263.00	128.66	87.50	19299.00
chr1	32205947	32206142	195	195	526.00	957.00	695.11	670.00	135546.00
chr6	44117553	44117702	149	149	14.00	371.00	211.07	239.00	31449.00
chr1	159163659	159163830	171	171	1059.00	1545.00	1305.73	1329.00	223280.00
chr3	445565	446023	458	458	3.00	20.00	8.97	9.00	4109.00
chr2	25048913	25048995	82	82	75.00	123.00	104.18	112.00	8543.00
chr10	99504485	99504672	187	187	42.00	126.00	63.99	54.00	11967.00
chr4	54364807	54365010	203	203	31.00	158.00	80.41	75.00	16324.00
chr17	1634367	1634552	185	185	35.00	63.00	46.32	44.00	8570.00
chr7	72416124	72416247	123	123	90.00	205.00	137.33	124.00	16892.00
chr1	208212169	208212329	160	160	59.00	93.00	70.89	67.00	11343.00
chr9	140952500	140952702	202	202	62.00	154.00	102.17	92.00	20639.00
chr6	44197325	44197528	203	203	100.00	233.00	138.68	124.00	28152.00
chr6	44197643	44198218	575	575	9.00	108.00	44.64	39.00	25666.00
chr11	118981972	118982084	112	112	238.00	477.00	360.87	360.50	40417.00
chr5	150503846	150503952	106	106	4.00	3001.00	1989.30	2486.00	210866.00
chr11	118981761	118981878	117	117	448.00	646.00	536.40	545.00	62759.00
chr11	126314873	126315000	127	127	91.00	186.00	127.54	109.00	16197.00
chr1	159165808	159166244	436	436	2.00	1586.00	221.18	7.00	96435.00
chr7	134893542	134893750	208	208	17.00	56.00	25.64	23.00	5334.00
chr9	121976196	121976433	237	237	93.00	579.00	320.73	358.00	76013.00
chr19	54691042	54691169	127	127	184.00	753.00	434.95	387.00	55239.00
chr22	38621430	38621600	170	170	188.00	471.00	357.10	384.00	60707.00
chr13	42035681	42036205	524	524	5.00	26.00	14.61	14.00	7656.00
chr20	1915360	1915413	53	53	8.00	3484.00	2061.38	2544.00	109253.00
chr5	14496987	14497126	139	139	129.00	238.00	192.91	200.00	26814.00
chr12	56528125	56528212	87	87	98.00	130.00	115.21	116.00	10023.00
chr3	47466974	47467101	127	127	46.00	67.00	57.39	56.00	7288.00
chr17	7415476	7415663	187	187	131.00	195.00	161.18	160.00	30141.00
chr3	33588037	33589252	1215	1215	0.00	34.00	10.91	11.00	13251.00
chr7	887833	888615	782	782	0.00	66.00	17.69	8.00	13831.00
chr10	24813251	24813693	442	442	15.00	165.00	81.40	77.00	35981.00
chr1	109812045	109812213	168	168	300.00	831.00	468.95	435.00	78784.00
chr19	15276597	15276902	305	305	82.00	151.00	107.79	106.00	32875.00
chr16	2334779	2334999	220	220	185.00	338.00	252.46	239.50	55542.00
chr16	68404761	68405261	500	500	21.00	102.00	58.82	61.00	29408.00
chr4	110969111	110969871	760	760	3.00	75.00	33.80	33.00	25686.00
chr1	145693161	145693996	835	835	2.00	199.00	43.29	26.00	36151.00
chr7	44282848	44282932	84	84	626.00	749.00	686.48	689.00	57664.00
chr2	220164315	220164508	193	193	30.00	768.00	347.82	70.00	67129.00
chr12	50472203	50472360	157	157	49.00	159.00	117.07	141.00	18380.00
chr2	220163768	220163833	65	65	540.00	757.00	644.85	621.00	41915.00
chr2	222289928	222290862	934	934	58.00	354.00	178.70	170.00	166909.00
chr12	57599133	57599268	135	135	348.00	679.00	493.90	512.00	66676.00
chr7	157475416	157475629	213	213	385.00	680.00	537.94	509.00	114582.00
chr1	32203800	32203927	127	127	388.00	1303.00	862.99	919.00	109600.00
chr1	109811731	109811912	181	181	498.00	1084.00	822.06	869.00	148793.00
chr9	140052830	140052975	145	145	1667.00	4789.00	3382.23	3548.00	490423.00
chr2	220161706	220161854	148	148	1059.00	2213.00	1557.57	1469.50	230520.00
chr16	29896906	29897070	164	164	588.00	1178.00	908.35	939.50	148969.00
chr16	47143393	47143622	229	229	24.00	59.00	44.52	45.00	10195.00
chr11	993753	993985	232	232	148.00	579.00	284.66	211.00	66041.00
chr9	124059698	124061137	1439	1439	0.00	67.00	18.24	9.00	26248.00
chr9	140350140	140350634	494	494	2.00	36.00	15.94	11.00	7875.00
chr11	14504577	14504697	120	120	17.00	29.00	24.54	24.00	2945.00
chr3	49898612	49898733	121	121	406.00	1095.00	721.23	680.00	87269.00
chr9	131811659	131811777	118	118	58.00	139.00	88.20	76.00	10408.00
chr9	131810705	131810818	113	113	129.00	155.00	142.00	142.00	16046.00
chr1	223400935	223401080	145	145	133.00	269.00	202.11	208.00	29306.00
chr12	125612185	125612820	635	635	0.00	192.00	29.73	11.00	18876.00
chr2	220088590	220088744	154	154	140.00	224.00	189.67	190.00	29209.00
chr9	70888487	70888750	263	263	0.00	12.00	6.84	8.00	1799.00
chr14	69813756	69813898	142	142	78.00	227.00	146.48	141.00	20800.00
chr2	47399145	47399890	745	745	0.00	383.00	22.57	19.00	16812.00
chr11	62688689	62689041	352	352	3.00	187.00	56.49	18.00	19884.00
chr6	43745205	43745407	202	202	1.00	79.00	41.70	39.00	8424.00
chr3	11072492	11072997	505	505	3.00	491.00	97.37	22.00	49173.00
chr7	2696031	2696168	137	137	251.00	456.00	368.65	361.00	50505.00
chr16	14969196	14969279	83	83	841.00	1663.00	1289.47	1367.00	107026.00
chr17	7377847	7378026	179	179	5.00	16.00	11.51	11.00	2061.00
chr12	65639640	65639719	79	79	50.00	147.00	96.95	95.00	7659.00
chr12	50294912	50295108	196	196	1752.00	3894.00	2679.72	2576.50	525226.00
chr19	42485653	42485788	135	135	2319.00	6294.00	4518.18	4391.00	609954.00
chr10	99509230	99509343	113	113	84.00	168.00	123.49	132.00	13954.00
chr22	38883877	38888120	4243	4243	13.00	514.00	149.80	121.00	635616.00
chr12	49416372	49416658	286	286	43.00	191.00	92.80	86.00	26540.00
chr6	24843089	24843782	693	693	10.00	87.00	40.91	34.00	28351.00
chr5	176295561	176295665	104	104	289.00	440.00	359.01	363.00	37337.00
chr10	99510087	99510227	140	140	105.00	201.00	140.49	132.00	19668.00
chr1	159173658	159174770	1112	1112	9.00	286.00	68.01	42.00	75632.00
chr11	1780745	1780869	124	124	1474.00	2438.00	1976.37	2038.50	245070.00
chr19	42486059	42486258	199	199	1275.00	5115.00	3151.27	3317.00	627103.00
chr3	47465422	47465535	113	113	59.00	172.00	104.96	99.00	11860.00
chr1	21573713	21573856	143	143	53.00	85.00	72.56	75.00	10376.00
chr11	65320330	65320453	123	123	118.00	167.00	146.93	144.00	18073.00
chr3	47462420	47462519	99	99	163.00	260.00	223.58	230.00	22134.00
chr2	219204751	219204864	113	113	48.00	93.00	71.16	74.00	8041.00
chr1	43906123	43906257	134	134	18.00	65.00	34.28	25.00	4594.00
chr7	38785158	38785840	682	682	2.00	124.00	18.75	10.00	12787.00
chr2	153499932	153500058	126	126	70.00	151.00	110.29	106.00	13896.00
chr1	32203011	32203132	121	121	2.00	572.00	340.50	364.00	41200.00
chr22	42290823	42290941	118	118	235.00	486.00	359.57	376.00	42429.00
chr19	47940718	47940818	100	100	731.00	1216.00	933.44	947.00	93344.00
chr4	119539150	119539274	124	124	0.00	22.00	5.62	7.00	697.00
chr17	44117067	44117250	183	183	34.00	102.00	72.60	79.00	13286.00
chr19	42485873	42485983	110	110	1449.00	2376.00	1969.24	1953.50	216616.00
chr6	44114583	44114664	81	81	56.00	105.00	85.06	88.00	6890.00
chr19	47941105	47941292	187	187	10.00	1330.00	703.14	924.00	131487.00
chr11	73074250	73074500	250	250	143.00	248.00	206.40	212.00	51601.00
chr3	33418764	33418825	61	61	370.00	493.00	427.13	433.00	26055.00
chr1	700258	700505	247	247	7.00	52.00	24.98	20.00	6169.00
chr9	74319510	74319719	209	209	20.00	106.00	45.95	44.00	9603.00
chr16	2336694	2336968	274	274	220.00	986.00	605.61	692.50	165938.00
chr20	3575125	3575219	94	94	62.00	286.00	106.79	82.00	10038.00
chr9	139231377	139231529	152	152	89.00	165.00	122.18	123.50	18572.00
chr5	140515951	140516498	547	547	2.00	43.00	21.99	19.00	12026.00
chr1	21938208	21938309	101	101	333.00	511.00	410.04	400.00	41414.00
chr3	155659188	155659936	748	748	1.00	91.00	34.94	31.00	26138.00
chr16	27483068	27483241	173	173	70.00	221.00	150.32	152.00	26005.00
chr11	994071	994245	174	174	175.00	333.00	266.70	263.00	46406.00
chr7	71175745	71175913	168	168	351.00	826.00	636.01	670.50	106849.00
chr12	121204065	121204175	110	110	79.00	203.00	155.38	159.00	17092.00
chr7	73118679	73118753	74	74	1262.00	1929.00	1469.97	1454.50	108778.00
chr9	140972565	140972710	145	145	54.00	114.00	83.27	79.00	12074.00
chr12	121683329	121684024	695	695	1.00	16.00	4.62	3.00	3210.00
chr16	74493579	74493687	108	108	19.00	96.00	54.04	56.50	5836.00
chr2	36771518	36771641	123	123	91.00	175.00	125.70	120.00	15461.00
chr7	94187181	94187996	815	815	0.00	19.00	5.63	4.00	4587.00
chr14	94156951	94157239	288	288	3.00	13.00	8.25	8.00	2376.00
chr7	121739000	121739524	524	524	0.00	3.00	1.44	2.00	755.00
chr1	19549117	19549328	211	211	98.00	257.00	148.75	147.00	31387.00
chr19	5214571	5214747	176	176	192.00	802.00	343.88	279.00	60522.00
chr19	42557753	42557861	108	108	184.00	271.00	237.94	242.00	25697.00
chr15	102510686	102510925	239	239	0.00	41.00	20.00	18.00	4781.00
chr5	167673761	167675376	1615	1615	16.00	171.00	74.82	65.00	120837.00
chr7	44282158	44282253	95	95	749.00	1093.00	895.20	868.00	85044.00
chr2	160621061	160621717	656	656	0.00	45.00	6.01	4.00	3944.00
chr5	10426501	10426634	133	133	124.00	252.00	187.86	198.00	24986.00
chr16	1814301	1814460	159	159	723.00	1312.00	1050.35	1082.00	167005.00
chr11	21581734	21581928	194	194	44.00	133.00	85.43	81.50	16573.00
chr3	126749085	126749255	170	170	102.00	233.00	156.54	177.00	26612.00
chr11	12237765	12237866	101	101	449.00	643.00	557.13	557.00	56270.00
chr6	31750872	31750963	91	91	139.00	182.00	157.82	157.00	14362.00
chr3	53124201	53124398	197	197	4.00	25.00	15.78	16.00	3108.00
chr2	220161470	220161544	74	74	1936.00	2385.00	2159.15	2167.50	159777.00
chr2	128951046	128951785	739	739	5.00	104.00	31.19	21.00	23047.00
chr5	24535811	24535931	120	120	92.00	166.00	124.27	130.00	14912.00
chr1	44083406	44083582	176	176	272.00	750.00	458.35	446.50	80669.00
chr1	32207653	32207818	165	165	377.00	1034.00	614.88	564.00	101456.00
chr12	7293754	7294000	246	246	8.00	974.00	496.59	588.50	122162.00
chr3	131442289	131442469	180	180	53.00	123.00	87.64	91.00	15775.00
chr3	49898871	49899298	427	427	21.00	1737.00	595.11	627.00	254114.00
chr16	66432358	66432464	106	106	32.00	110.00	65.81	43.50	6976.00
chr1	20982593	20982680	87	87	235.00	478.00	343.61	308.00	29894.00
chr16	68398653	68398809	156	156	36.00	55.00	45.81	45.00	7146.00
chr17	16676818	16678279	1461	1461	0.00	8.00	2.11	1.00	3079.00
chr1	109814899	109815027	128	128	271.00	545.00	384.73	385.50	49246.00
chr1	21940478	21940582	104	104	740.00	1304.00	1044.20	1071.00	108597.00
chr20	57468284	57468793	509	509	0.00	27.00	6.88	5.00	3503.00
chr3	127358087	127358366	279	279	157.00	506.00	384.22	376.00	107198.00
chr3	126735359	126735527	168	168	91.00	164.00	128.91	118.00	21657.00
chr10	103869140	103869264	124	124	322.00	548.00	403.35	384.50	50016.00
chr20	44520554	44520666	112	112	86.00	168.00	132.46	132.00	14835.00
chr1	32203252	32203356	104	104	364.00	579.00	490.38	505.50	50999.00
chr21	40186196	40186316	120	120	82.00	238.00	133.26	99.00	15991.00
chr5	111067153	111068349	1196	1196	2.00	68.00	18.16	14.00	21724.00
chr9	128002954	128003186	232	232	188.00	804.00	470.26	518.00	109101.00
chr1	43408896	43408992	96	96	202.00	340.00	277.68	274.00	26657.00
chr3	47463931	47464026	95	95	164.00	217.00	190.66	192.00	18113.00
chr2	220161160	220161238	78	78	1381.00	1939.00	1623.73	1623.50	126651.00
chr11	62472772	62473089	317	317	1026.00	3563.00	1934.90	1530.00	613363.00
chr9	130986341	130986906	565	565	6.00	446.00	93.45	15.00	52802.00
chr14	69358769	69359000	231	231	169.00	472.00	323.42	340.00	74710.00
chr11	64416205	64416379	174	174	113.00	328.00	239.26	252.50	41632.00
chr17	8398454	8398559	105	105	463.00	999.00	750.02	743.00	78752.00
chr12	53572943	53574193	1250	1250	1.00	92.00	28.40	19.00	35496.00
chr17	17696544	17701827	5283	5283	23.00	292.00	97.37	88.00	514427.00
chr8	11705187	11705331	144	144	964.00	1932.00	1530.85	1556.50	220442.00
chr19	54963829	54963931	102	102	244.00	421.00	320.88	292.00	32730.00
chr2	70451682	70456295	4613	4613	0.00	81.00	11.95	8.00	55119.00
chr11	118873959	118874169	210	210	1.00	17.00	9.82	10.00	2062.00
chr10	75548427	75548581	154	154	69.00	108.00	88.87	86.00	13686.00
chr6	33414351	33414563	212	212	430.00	954.00	760.47	752.50	161220.00
chr17	80042910	80043032	122	122	191.00	329.00	262.13	264.00	31980.00
chr11	11470290	11470483	193	193	40.00	143.00	67.36	57.00	13000.00
chr8	23294446	23294771	325	325	46.00	163.00	88.55	73.00	28779.00
chr1	116932060	116932663	603	603	2.00	2632.00	735.18	19.00	443315.00
chr15	83222627	83222741	114	114	23.00	52.00	35.25	35.00	4019.00
chr3	9841562	9841751	189	189	16.00	39.00	26.66	27.00	5039.00
chr1	116937731	116937907	176	176	704.00	4919.00	1814.48	1122.50	319348.00
chr16	87868019	87868197	178	178	78.00	258.00	149.87	120.50	26677.00
chr3	124209540	124209731	191	191	814.00	1538.00	1130.40	1109.00	215906.00
chr7	71142195	71142291	96	96	549.00	837.00	663.05	658.50	63653.00
chr5	130497324	130497584	260	260	1.00	9.00	5.63	5.00	1464.00
chr13	100199238	100199358	120	120	189.00	315.00	240.38	232.00	28845.00
chr5	139943336	139943506	170	170	27.00	441.00	359.85	372.50	61174.00
chr17	74395529	74396002	473	473	72.00	292.00	200.61	210.00	94890.00
chr14	93179149	93179216	67	67	101.00	180.00	142.87	152.00	9572.00
chr4	160277004	160277310	306	306	24.00	336.00	188.23	197.00	57597.00
chr17	40666306	40666478	172	172	542.00	1800.00	1203.56	1418.00	207013.00
chr15	34828065	34828207	142	142	5.00	169.00	110.08	122.50	15632.00
chr14	100165802	100165876	74	74	264.00	482.00	360.27	371.50	26660.00
chr22	20128089	20128231	142	142	3.00	256.00	117.80	146.50	16728.00
chr12	3392210	3394421	2211	2211	3.00	139.00	51.17	47.00	113134.00
chr17	16687866	16690667	2801	2801	0.00	74.00	6.59	3.00	18458.00
chr6	31664724	31664810	86	86	72.00	128.00	104.19	108.00	8960.00
chr6	30627512	30627611	99	99	27.00	46.00	34.09	34.00	3375.00
chr11	18752834	18755060	2226	2226	3.00	1162.00	99.85	28.00	222262.00
chr12	109332602	109332731	129	129	388.00	757.00	587.29	612.00	75761.00
chr6	90072884	90073110	226	226	3.00	18.00	9.55	10.00	2159.00
chr16	2689371	2689711	340	340	0.00	7.00	2.06	1.00	702.00
chr1	20987373	20987484	111	111	216.00	328.00	265.37	264.00	29456.00
chr14	85985300	85986667	1367	1367	0.00	21.00	4.91	4.00	6712.00
chr13	32863769	32863880	111	111	65.00	134.00	89.11	80.00	9891.00
chr16	1510418	1510528	110	110	46.00	80.00	57.42	56.00	6316.00
chr19	54963269	54963444	175	175	367.00	526.00	434.43	436.00	76026.00
chr6	44224078	44224233	155	155	21.00	46.00	32.38	30.00	5019.00
chr20	3151172	3152285	1113	1113	1.00	45.00	20.79	20.00	23140.00
chr1	892273	892405	132	132	85.00	311.00	187.66	161.50	24771.00
chr16	90192167	90192724	557	557	6.00	30.00	12.83	10.00	7148.00
chr9	111663704	111663810	106	106	15.00	26.00	18.90	18.00	2003.00
chr6	44108764	44108835	71	71	103.00	160.00	124.94	128.00	8871.00
chr1	36028802	36029027	225	225	1613.00	3268.00	2277.15	2133.00	512359.00
chr11	66807259	66807674	415	415	5.00	269.00	179.29	181.00	74406.00
chr1	178426817	178427679	862	862	21.00	130.00	53.83	47.00	46405.00
chr19	42482302	42482478	176	176	2549.00	6040.00	3596.66	3282.50	633013.00
chr1	44084718	44084873	155	155	123.00	728.00	373.28	401.00	57858.00
chr1	109812315	109812442	127	127	368.00	622.00	456.44	435.00	57968.00
chr3	180324268	180324391	123	123	17.00	43.00	35.10	38.00	4317.00
chr15	63933668	63933842	174	174	114.00	203.00	155.99	148.00	27143.00
chr20	44521363	44521519	156	156	153.00	308.00	240.79	236.00	37563.00
chr3	33416779	33416910	131	131	93.00	401.00	231.60	232.00	30339.00
chr1	21934624	21934843	219	219	3.00	1447.00	433.74	335.00	94990.00
chr14	69799801	69799886	85	85	60.00	107.00	83.40	80.00	7089.00
chr1	116936134	116936345	211	211	0.00	2358.00	1562.35	1666.00	329656.00
chr14	23634493	23634645	152	152	53.00	98.00	76.28	80.50	11594.00
chr16	1402538	1402947	409	409	3.00	21.00	14.99	16.00	6131.00
chr9	20331	25000	4669	4669	0.00	162.00	37.38	29.00	174542.00
chr17	43545574	43545959	385	385	13.00	61.00	24.92	22.00	9596.00
chr13	100201418	100201476	58	58	240.00	351.00	302.98	311.00	17573.00
chr15	41865505	41865665	160	160	287.00	1016.00	628.17	750.00	100508.00
chr19	19641688	19642196	508	508	1.00	18.00	8.99	6.00	4565.00
chr11	134147593	134148159	566	566	6.00	42.00	18.27	16.00	10343.00
chr2	71656420	71657290	870	870	1.00	17.00	7.44	7.00	6474.00
chr7	97834775	97835016	241	241	139.00	258.00	190.64	186.00	45945.00
chr19	13363804	13363915	111	111	52.00	97.00	74.67	76.00	8288.00
chr18	31328383	31329011	628	628	1.00	36.00	14.28	11.00	8966.00
chr16	66431884	66432009	125	125	49.00	118.00	76.61	66.00	9576.00
chr19	47935155	47935702	547	547	5.00	2403.00	706.72	515.00	386576.00
chr12	50291769	50291873	104	104	645.00	1691.00	1032.80	1134.00	107411.00
chr11	1780198	1780317	119	119	597.00	1728.00	912.05	845.00	108534.00
chr15	65392626	65393167	541	541	1.00	40.00	14.33	10.00	7753.00
chr2	86397871	86397967	96	96	36.00	127.00	76.83	71.00	7376.00
chr7	97866087	97866233	146	146	145.00	276.00	225.73	249.50	32957.00
chr11	60687157	60687402	245	245	53.00	157.00	101.65	95.00	24905.00
chr21	43307700	43309453	1753	1753	2.00	66.00	25.40	23.00	44518.00
chr14	24619269	24619657	388	388	12.00	83.00	33.24	27.00	12896.00
chr11	65320634	65320727	93	93	52.00	127.00	88.54	86.00	8234.00
chr16	29891184	29891385	201	201	642.00	1000.00	826.52	836.00	166130.00
chr1	32207224	32207326	102	102	1186.00	1828.00	1495.77	1445.50	152569.00
chr11	72300218	72300394	176	176	0.00	841.00	242.03	9.00	42598.00
chr17	7608878	7609038	160	160	42.00	272.00	144.34	143.00	23095.00
chr19	7607646	7607814	168	168	145.00	204.00	182.40	186.00	30644.00
chr19	54966129	54966271	142	142	97.00	301.00	226.54	231.00	32169.00
chr12	57995027	57995131	104	104	111.00	229.00	176.12	173.50	18317.00
chr1	27428875	27429049	174	174	49.00	131.00	97.04	106.50	16885.00
chr2	27688277	27688385	108	108	40.00	133.00	90.95	102.00	9823.00
chr16	2691449	2692254	805	805	0.00	19.00	2.95	1.00	2377.00
chr9	131503813	131503933	120	120	184.00	403.00	295.91	328.00	35509.00
chr16	2347766	2347922	156	156	204.00	508.00	333.15	314.00	51972.00
chr17	80039884	80040036	152	152	319.00	438.00	372.28	377.50	56586.00
chr1	32204432	32204538	106	106	568.00	1564.00	1043.84	1155.50	110647.00
chr12	9242951	9243078	127	127	72.00	164.00	97.43	99.00	12374.00
chr3	49702661	49702751	90	90	210.00	281.00	233.49	223.00	21014.00
chr19	35820359	35820837	478	478	6.00	26.00	14.79	13.00	7072.00
chr1	201456762	201457615	853	853	1.00	11.00	4.69	4.00	4001.00
chr16	2334279	2334438	159	159	162.00	266.00	227.21	234.00	36126.00
chr10	73578373	73578481	108	108	2441.00	3319.00	2932.00	3076.00	316656.00
chr16	18530550	18530756	206	206	2.00	858.00	309.52	412.00	63762.00
chr16	16369094	16369300	206	206	2.00	876.00	311.99	413.50	64269.00
chr13	113975636	113975785	149	149	2.00	562.00	211.58	5.00	31526.00
chr11	119293822	119294227	405	405	11.00	13352.00	1256.72	131.00	508973.00
chr5	150505962	150506041	79	79	1684.00	2972.00	2130.46	2129.00	168306.00
chr22	44224939	44225078	139	139	892.00	1141.00	1048.50	1051.00	145742.00
chr15	41865199	41865309	110	110	184.00	277.00	228.85	234.00	25173.00
chr17	25633807	25636298	2491	2491	0.00	520.00	98.15	60.00	244490.00
chr15	72495155	72495529	374	374	7.00	4964.00	1580.16	19.00	590979.00
chr9	42540272	42542124	1852	1852	1.00	34.00	11.39	9.00	21103.00
chr11	119290760	119291704	944	944	6.00	16063.00	3007.59	37.00	2839163.00
chr19	5219949	5220165	216	216	203.00	447.00	314.37	289.50	67903.00
chr15	63910769	63911153	384	384	0.00	38.00	14.41	9.00	5535.00
chr17	74393879	74393969	90	90	167.00	272.00	219.17	204.00	19725.00
chr10	104129467	104129532	65	65	45.00	70.00	59.06	58.00	3839.00
chr3	142454224	142454620	396	396	0.00	17.00	7.29	8.00	2885.00
chr12	121205196	121205396	200	200	118.00	202.00	157.47	157.00	31495.00
chr3	31705570	31705724	154	154	33.00	87.00	64.42	65.00	9921.00
chr6	118635190	118636593	1403	1403	17.00	302.00	97.61	83.00	136952.00
chr8	10339867	10340829	962	962	1.00	27.00	12.90	13.00	12409.00
chr19	16952578	16952779	201	201	115.00	420.00	285.74	288.00	57433.00
chr8	110984486	110985016	530	530	61.00	240.00	144.67	142.00	76677.00
chr9	128001219	128001610	391	391	149.00	1841.00	992.27	1098.00	387977.00
chr11	73070878	73070997	119	119	110.00	207.00	159.22	158.00	18947.00
chr10	104130140	104130235	95	95	20.00	56.00	34.93	27.00	3318.00
chr5	95733039	95733173	134	134	98.00	382.00	191.47	138.00	25657.00
chr19	59059400	59059547	147	147	275.00	447.00	370.52	374.00	54466.00
chr5	139943169	139943255	86	86	24.00	297.00	174.42	178.00	15000.00
chr17	73487771	73487981	210	210	64.00	220.00	128.92	128.00	27073.00
chr1	154315588	154315777	189	189	22.00	59.00	41.93	42.00	7924.00
chr14	95652726	95653070	344	344	6.00	25.00	14.96	13.00	5146.00
chr12	123639801	123640772	971	971	1.00	44.00	15.04	11.00	14604.00
chr22	47064870	47065171	301	301	2.00	10.00	5.82	6.00	1751.00
chr5	24535220	24535388	168	168	73.00	155.00	116.06	122.00	19498.00
chr12	6806452	6806958	506	506	199.00	743.00	427.02	433.50	216072.00
chr22	29881711	29881836	125	125	449.00	667.00	526.14	535.00	65768.00
chr7	75894681	75894786	105	105	138.00	216.00	173.29	178.00	18195.00
chr12	121089007	121095893	6886	6886	1.00	261.00	56.42	50.00	388527.00
chr1	207940357	207942365	2008	2008	1.00	111.00	21.70	15.00	43572.00
chr7	154681166	154681240	74	74	120.00	206.00	160.86	168.00	11904.00
chr5	131696513	131697529	1016	1016	1.00	25.00	8.64	9.00	8783.00
chr11	1776135	1776258	123	123	323.00	1003.00	549.24	516.00	67556.00
chr8	11706554	11706673	119	119	946.00	1472.00	1211.34	1234.00	144150.00
chr11	18759426	18759511	85	85	285.00	420.00	369.33	378.00	31393.00
chr16	61689373	61689625	252	252	18.00	80.00	39.44	34.00	9940.00
chr15	51750702	51750824	122	122	63.00	154.00	90.68	82.00	11063.00
chr9	35555056	35555698	642	642	162.00	844.00	487.04	513.50	312679.00
chr2	198356200	198356621	421	421	0.00	13.00	5.81	6.00	2444.00
chr9	131001723	131001794	71	71	2925.00	4181.00	3671.54	3818.00	260679.00
chr19	5214371	5214491	120	120	548.00	924.00	784.98	781.50	94197.00
chr22	35719488	35719623	135	135	142.00	340.00	267.66	289.00	36134.00
chr12	121678738	121679829	1091	1091	8.00	67.00	24.53	19.00	26759.00
chr14	23820960	23821064	104	104	1138.00	1442.00	1323.68	1332.00	137663.00
chr1	32205710	32205779	69	69	504.00	852.00	671.48	695.00	46332.00
chr3	33420176	33420326	150	150	4.00	404.00	99.58	8.00	14937.00
chr9	114820707	114820966	259	259	9.00	37.00	20.11	17.00	5209.00
chr15	41865876	41866023	147	147	39.00	1238.00	950.48	1020.00	139720.00
chr19	55554308	55554637	329	329	2.00	27.00	10.67	9.00	3511.00
chr1	116933403	116933513	110	110	884.00	2328.00	1684.18	1705.50	185260.00
chr19	15374230	15374359	129	129	55.00	249.00	174.02	204.00	22448.00
chr12	56090682	56090852	170	170	24.00	61.00	47.21	48.00	8026.00
chr14	69445668	69445876	208	208	98.00	445.00	315.73	363.50	65672.00
chr12	57603474	57603651	177	177	126.00	368.00	222.97	202.00	39465.00
chr22	32897492	32898946	1454	1454	2.00	275.00	56.40	31.00	81999.00
chr16	16367702	16367764	62	62	9.00	710.00	335.79	377.00	20819.00
chr19	5245786	5246056	270	270	145.00	534.00	325.60	355.50	87913.00
chr16	74345440	74345829	389	389	6.00	38.00	17.61	17.00	6852.00
chr6	107096899	107097076	177	177	10.00	52.00	31.67	32.00	5605.00
chr1	29641883	29642019	136	136	46.00	107.00	74.79	74.00	10171.00
chr8	97342440	97342509	69	69	64.00	82.00	72.51	71.00	5003.00
chr8	68116914	68117054	140	140	41.00	88.00	71.32	77.00	9985.00
chr22	22037470	22037546	76	76	50.00	69.00	60.75	60.50	4617.00
chr22	50682147	50683420	1273	1273	15.00	164.00	82.40	81.00	104889.00
chr20	44048971	44049069	98	98	226.00	330.00	283.07	280.00	27741.00
chr1	36904356	36904511	155	155	21.00	67.00	34.30	32.00	5317.00
chr12	71054719	71054877	158	158	31.00	236.00	102.96	93.00	16267.00
chr15	50654364	50655515	1151	1151	2.00	42.00	10.86	8.00	12496.00
chr2	234198499	234198620	121	121	33.00	57.00	47.25	49.00	5717.00
chr9	128001699	128001812	113	113	164.00	295.00	220.58	223.00	24925.00
chr8	38272296	38272419	123	123	83.00	149.00	121.47	124.00	14941.00
chr11	73068069	73068179	110	110	92.00	199.00	146.81	157.00	16149.00
chr16	28123137	28123327	190	190	140.00	313.00	248.27	246.00	47172.00
chr12	49424062	49424222	160	160	37.00	104.00	57.89	50.00	9263.00
chr19	50302885	50303023	138	138	280.00	626.00	470.70	476.50	64957.00
chr19	42480567	42480718	151	151	4376.00	7791.00	6028.10	6198.00	910243.00
chr3	197904395	197905301	906	906	0.00	45.00	14.57	9.00	13196.00
chr13	100189992	100190117	125	125	82.00	117.00	100.79	100.00	12599.00
chr19	14268062	14268272	210	210	314.00	639.00	476.77	464.50	100122.00
chr10	93786886	93787057	171	171	20.00	136.00	59.60	62.00	10191.00
chr1	109808726	109808828	102	102	155.00	259.00	195.52	190.50	19943.00
chr4	134075461	134075520	59	59	265.00	353.00	306.88	321.00	18106.00
chr1	22052268	22053864	1596	1596	0.00	19.00	6.20	6.00	9893.00
chr9	140056855	140056968	113	113	1977.00	3235.00	2708.57	2861.00	306068.00
chr19	42482087	42482224	137	137	6118.00	7778.00	6869.09	6822.00	941066.00
chr19	4556962	4557025	63	63	753.00	1136.00	859.44	844.00	54145.00
chr19	14266921	14267013	92	92	223.00	341.00	277.52	282.50	25532.00
chr22	42273851	42274127	276	276	2.00	1278.00	512.81	434.50	141535.00
chr1	205549788	205550049	261	261	204.00	610.00	330.38	286.00	86228.00
chr1	110765585	110766522	937	937	46.00	329.00	166.51	147.00	156019.00
chr19	55553595	55554158	563	563	3.00	58.00	24.63	20.00	13869.00
chr7	150929881	150931360	1479	1479	21.00	155.00	59.57	52.00	88111.00
chr3	124215157	124215260	103	103	353.00	1132.00	809.40	889.00	83368.00
chr16	58220658	58220760	102	102	136.00	258.00	196.26	205.00	20019.00
chr3	10381925	10382033	108	108	742.00	855.00	800.27	798.00	86429.00
chr10	11356101	11356221	120	120	81.00	167.00	111.62	106.50	13394.00
chr22	42294652	42294785	133	133	280.00	665.00	514.94	524.00	68487.00
chr1	2005531	2005714	183	183	5.00	125.00	72.09	77.00	13192.00
chr12	113722522	113722576	54	54	53.00	74.00	66.06	69.50	3567.00
chr9	131502198	131502398	200	200	16.00	648.00	441.47	462.00	88294.00
chr19	40873602	40873786	184	184	1395.00	2274.00	1878.80	1909.50	345699.00
chr2	220162606	220162825	219	219	385.00	1078.00	659.00	605.00	144320.00
chr16	28270027	28270355	328	328	38.00	220.00	113.10	101.00	37096.00
chr4	3225718	3225858	140	140	176.00	255.00	219.19	217.00	30687.00
chr17	44127898	44128070	172	172	28.00	74.00	46.01	39.50	7913.00
chr3	47462043	47462262	219	219	96.00	230.00	128.90	118.00	28230.00
chr6	99873090	99873182	92	92	8.00	576.00	182.01	43.50	16745.00
chr7	142561723	142562504	781	781	187.00	1815.00	847.68	809.00	662039.00
chr1	159169540	159169666	126	126	852.00	1483.00	1143.11	1052.50	144032.00
chr19	7606869	7606953	84	84	101.00	168.00	141.01	140.50	11845.00
chr16	2811561	2818298	6737	6737	2.00	1160.00	280.37	254.00	1888830.00
chr3	47450652	47450807	155	155	36.00	92.00	71.88	76.00	11142.00
chr11	118403631	118403922	291	291	108.00	228.00	150.04	144.00	43661.00
chr1	205555161	205555335	174	174	216.00	591.00	381.74	364.50	66422.00
chr12	125603186	125603311	125	125	129.00	272.00	190.03	182.00	23754.00
chr11	86658288	86659498	1210	1210	1.00	47.00	15.61	12.00	18889.00
chr22	37764946	37768745	3799	3799	3.00	579.00	176.61	163.00	670956.00
chr10	46345664	46346215	551	551	5.00	32.00	14.59	13.00	8037.00
chr22	33673045	33673241	196	196	185.00	1019.00	504.35	402.00	98853.00
chr9	140042599	140042666	67	67	10.00	414.00	342.16	366.00	22925.00
chr3	48717233	48717320	87	87	84.00	152.00	118.61	122.00	10319.00
chr11	60681600	60681740	140	140	14.00	124.00	59.00	39.00	8260.00
chr10	93784512	93784724	212	212	5.00	52.00	27.52	29.00	5835.00
chr12	7289424	7290372	948	948	1.00	1525.00	362.87	16.00	343998.00
chr3	132387062	132387526	464	464	0.00	16.00	5.20	3.00	2412.00
chr16	2335442	2335647	205	205	193.00	490.00	349.49	352.00	71645.00
chr16	1794782	1797276	2494	2494	3.00	827.00	106.63	44.00	265934.00
chr16	3786036	3786204	168	168	74.00	153.00	120.79	128.00	20292.00
chr9	141131209	141131766	557	557	0.00	10.00	4.46	4.00	2484.00
chr14	92965028	92966015	987	987	2.00	26.00	9.52	7.00	9392.00
chr19	54692070	54692200	130	130	209.00	714.00	481.05	493.00	62536.00
chr15	43866006	43866230	224	224	56.00	168.00	85.99	80.00	19262.00
chr3	40231316	40231954	638	638	55.00	148.00	100.07	99.00	63847.00
chr3	50148937	50149455	518	518	1.00	35.00	18.94	18.00	9812.00
chr4	81117505	81117755	250	250	50.00	133.00	88.68	92.00	22169.00
chr10	46740404	46740638	234	234	0.00	20.00	10.73	11.00	2510.00
chr3	124210169	124210271	102	102	483.00	757.00	659.76	684.00	67296.00
chr11	107488830	107488932	102	102	263.00	429.00	314.69	290.50	32098.00
chr9	130591965	130592106	141	141	78.00	118.00	104.54	106.00	14740.00
chr1	20981932	20982027	95	95	315.00	516.00	387.62	380.00	36824.00
chr12	75875613	75875859	246	246	21.00	41.00	30.07	31.50	7397.00
chr22	32046684	32046764	80	80	105.00	170.00	144.94	157.50	11595.00
chr11	70331418	70331658	240	240	76.00	380.00	218.69	206.00	52486.00
chr14	51079976	51080069	93	93	83.00	251.00	145.16	141.00	13500.00
chr17	80041077	80041301	224	224	293.00	1431.00	826.92	734.00	185229.00
chr7	158540884	158540971	87	87	111.00	281.00	182.33	194.00	15863.00
chr1	21553651	21553719	68	68	46.00	75.00	59.72	60.00	4061.00
chr2	219206256	219206349	93	93	60.00	134.00	101.53	112.00	9442.00
chr17	18444211	18445242	1031	1031	0.00	8.00	2.82	2.00	2904.00
chr12	57599340	57599460	120	120	345.00	488.00	427.75	435.50	51330.00
chr11	64417919	64418110	191	191	263.00	607.00	480.70	502.00	91813.00
chr19	3274926	3275650	724	724	12.00	55.00	26.28	25.00	19030.00
chr16	18532086	18532305	219	219	383.00	2019.00	1155.47	1060.00	253049.00
chr17	3776702	3776756	54	54	726.00	1115.00	969.61	1051.50	52359.00
chr1	116932670	116933033	363	363	0.00	3608.00	1384.69	1706.00	502644.00
chr16	1505731	1505796	65	65	315.00	404.00	370.54	374.00	24085.00
chr1	9794029	9794200	171	171	3418.00	5221.00	4288.42	4296.00	733319.00
chr10	73579221	73579379	158	158	1750.00	5889.00	3112.66	3299.50	491801.00
chr11	6411684	6412146	462	462	36.00	148.00	88.15	83.00	40726.00
chr1	159163212	159163350	138	138	663.00	1267.00	852.00	818.50	117576.00
chr16	1816723	1816804	81	81	564.00	1090.00	843.80	875.00	68348.00
chr7	91722399	91722630	231	231	0.00	35.00	16.14	15.00	3728.00
chr7	44281816	44281939	123	123	811.00	1119.00	928.51	920.00	114207.00
chr2	220467189	220467297	108	108	13.00	37.00	24.34	25.00	2629.00
chr16	4494664	4494729	65	65	208.00	318.00	281.52	291.00	18299.00
chr15	34681844	34681986	142	142	4.00	275.00	162.94	168.00	23138.00
chr9	139995935	139996124	189	189	63.00	210.00	116.50	103.00	22018.00
chr3	180324040	180324160	120	120	17.00	34.00	28.23	30.00	3387.00
chr3	42678359	42681242	2883	2883	8.00	152.00	45.34	35.00	130701.00
chr7	131812776	131815333	2557	2557	7.00	174.00	59.31	53.00	151667.00
chr20	1585387	1585522	135	135	8.00	852.00	341.10	336.00	46048.00
chr3	126751229	126751442	213	213	152.00	240.00	177.23	174.00	37749.00
chr15	63920875	63921014	139	139	102.00	280.00	198.40	220.00	27577.00
chr16	2040128	2040202	74	74	621.00	796.00	727.85	736.50	53861.00
chr9	74324174	74324390	216	216	26.00	68.00	52.57	56.00	11356.00
chr20	44521858	44521950	92	92	215.00	298.00	244.95	237.00	22535.00
chr9	139911647	139911798	151	151	158.00	524.00	321.43	299.00	48536.00
chr9	140055507	140055649	142	142	3338.00	5747.00	4351.47	4079.00	617909.00
chr12	120148055	120148191	136	136	116.00	264.00	184.76	159.00	25127.00
chr12	50474280	50474372	92	92	51.00	100.00	73.33	76.50	6746.00
chr15	63125702	63125828	126	126	58.00	296.00	135.61	121.00	17087.00
chr9	20907148	20907241	93	93	41.00	57.00	48.92	49.00	4550.00
chr16	87874655	87874761	106	106	259.00	456.00	336.98	318.00	35720.00
chr2	162833269	162833460	191	191	4.00	940.00	475.28	548.00	90778.00
chr8	11704560	11704677	117	117	530.00	988.00	675.89	628.00	79079.00
chr15	63926931	63927087	156	156	137.00	234.00	185.97	188.00	29011.00
chr6	31668718	31668805	87	87	58.00	118.00	85.52	82.00	7440.00
chr7	148910792	148910906	114	114	54.00	97.00	66.68	63.00	7602.00
chr14	42355808	42357213	1405	1405	8.00	129.00	31.76	23.00	44629.00
chr10	88678928	88679226	298	298	8.00	31.00	16.51	14.00	4920.00
chr3	140998219	140998346	127	127	32.00	65.00	49.79	53.00	6323.00
chr1	144859758	144859998	240	240	16.00	125.00	72.29	84.00	17350.00
chr9	96054772	96055455	683	683	47.00	418.00	198.24	184.00	135396.00
chr19	7604803	7604944	141	141	69.00	310.00	152.27	137.00	21470.00
chr12	30906277	30907432	1155	1155	3.00	139.00	50.71	40.00	58566.00
chr9	131112762	131112854	92	92	124.00	410.00	301.72	327.50	27758.00
chr20	61981328	61982379	1051	1051	50.00	183.00	109.92	109.00	115525.00
chr7	38431348	38431618	270	270	201.00	1026.00	499.34	517.50	134823.00
chr20	44521036	44521123	87	87	139.00	195.00	165.31	156.00	14382.00
chr11	64418726	64419108	382	382	140.00	641.00	404.35	399.00	154463.00
chr12	120148344	120150270	1926	1926	1.00	684.00	62.07	10.00	119543.00
chr12	6930971	6931066	95	95	56.00	805.00	478.54	538.00	45461.00
chr16	2339434	2339621	187	187	103.00	297.00	164.45	128.00	30753.00
chr2	27700083	27700187	104	104	48.00	96.00	71.83	72.00	7470.00
chr14	69805367	69805494	127	127	98.00	271.00	190.43	174.00	24185.00
chr12	9242497	9242619	122	122	75.00	222.00	155.49	174.00	18970.00
chr3	58256658	58256791	133	133	25.00	184.00	83.17	49.00	11062.00
chr10	79744927	79745098	171	171	82.00	188.00	138.84	140.00	23742.00
chr1	159161725	159161866	141	141	651.00	909.00	801.34	816.00	112989.00
chr16	31085202	31085519	317	317	5.00	37.00	24.14	27.00	7653.00
chr1	171755018	171755218	200	200	56.00	120.00	92.41	93.00	18482.00
chr9	130988124	130989280	1156	1156	0.00	1622.00	196.57	42.00	227240.00
chr15	63127935	63127998	63	63	72.00	141.00	96.57	95.00	6084.00
chr19	1917676	1917821	145	145	2.00	143.00	94.03	102.00	13635.00
chr22	25315792	25315960	168	168	79.00	154.00	110.18	100.00	18511.00
chr2	207943790	207945085	1295	1295	2.00	83.00	32.62	26.00	42245.00
chr11	47330706	47330952	246	246	21.00	780.00	331.84	50.00	81633.00
chr3	142743978	142746095	2117	2117	0.00	72.00	9.75	8.00	20638.00
chr7	44839492	44839694	202	202	2.00	12.00	8.50	9.50	1716.00
chr22	31688260	31688471	211	211	1.00	198.00	108.45	139.00	22884.00
chr11	66333492	66333638	146	146	329.00	543.00	443.82	461.00	64797.00
chr9	131114916	131115026	110	110	287.00	417.00	365.20	371.00	40172.00
chr1	20206	21013	807	807	10.00	169.00	72.00	62.00	58105.00
chr11	108216469	108216635	166	166	12.00	39.00	29.81	32.00	4948.00
chr1	209778880	209779019	139	139	155.00	453.00	333.52	362.00	46359.00
chr1	202935876	202936026	150	150	258.00	451.00	361.25	367.50	54188.00
chr12	57600255	57600524	269	269	163.00	495.00	328.74	332.00	88430.00
chr19	15233503	15233615	112	112	61.00	112.00	83.38	79.00	9338.00
chr8	68115317	68115486	169	169	32.00	115.00	84.26	88.00	14240.00
chr19	13419229	13419342	113	113	61.00	99.00	77.52	77.00	8760.00
chr6	33266815	33267130	315	315	1.00	47.00	21.71	24.00	6839.00
chr16	89780611	89781646	1035	1035	2.00	127.00	27.93	16.00	28906.00
chr12	109964162	109964221	59	59	85.00	117.00	107.27	108.00	6329.00
chr22	24491893	24492045	152	152	48.00	145.00	81.82	70.00	12437.00
chr2	242592926	242593025	99	99	150.00	273.00	210.79	199.00	20868.00
chr1	21937944	21938074	130	130	379.00	1789.00	1238.99	1422.50	161069.00
chr2	223789173	223789313	140	140	78.00	153.00	122.92	133.00	17209.00
chr20	3772318	3772535	217	217	0.00	15.00	5.66	3.00	1229.00
chr16	18531918	18532001	83	83	1268.00	2047.00	1669.13	1769.00	138538.00
chr1	43396296	43396537	241	241	76.00	249.00	128.99	115.00	31087.00
chr2	100037960	100038115	155	155	16.00	49.00	34.08	35.00	5283.00
chr16	1500497	1500770	273	273	6.00	213.00	91.16	94.00	24888.00
chr19	40876016	40876144	128	128	1270.00	1886.00	1579.10	1551.50	202125.00
chr5	168112691	168112932	241	241	40.00	102.00	67.48	70.00	16262.00
chr2	127825738	127825831	93	93	399.00	572.00	506.40	524.00	47095.00
chr1	19232015	19234990	2975	2975	3.00	112.00	36.21	31.00	107731.00
chr16	1391129	1391196	67	67	346.00	451.00	384.61	389.00	25769.00
chr6	33410665	33411689	1024	1024	14.00	369.00	201.81	219.00	206651.00
chr9	95872033	95872266	233	233	0.00	3.00	1.82	2.00	425.00
chr1	53378627	53378839	212	212	1.00	7.00	4.11	4.00	872.00
chr2	80531276	80531693	417	417	28.00	175.00	99.89	110.00	41653.00
chr7	44286718	44286791	73	73	823.00	1045.00	949.00	973.00	69277.00
chr7	157369304	157369471	167	167	503.00	873.00	666.91	688.00	111374.00
chr11	18755079	18755191	112	112	3.00	404.00	211.19	264.00	23653.00
chr6	86237979	86238080	101	101	52.00	73.00	61.11	59.00	6172.00
chr8	145000951	145001050	99	99	91.00	167.00	137.87	142.00	13649.00
chr19	45167680	45167966	286	286	8.00	26.00	16.48	17.00	4713.00
chr10	48930165	48930400	235	235	0.00	18.00	9.20	10.00	2162.00
chr16	87871450	87871547	97	97	199.00	317.00	257.91	261.00	25017.00
chr1	109815454	109815649	195	195	226.00	472.00	316.22	292.00	61663.00
chr1	208215442	208215711	269	269	76.00	238.00	162.94	162.00	43830.00
chr2	260866	261451	585	585	0.00	12.00	3.29	2.00	1926.00
chr5	180481266	180481724	458	458	3.00	30.00	17.40	18.00	7970.00
chr7	73119479	73119631	152	152	7.00	2587.00	968.83	20.00	147262.00
chr15	34677248	34677358	110	110	291.00	392.00	336.35	329.50	36998.00
chr16	57687114	57687247	133	133	20.00	70.00	43.84	46.00	5831.00
chr15	50649406	50649592	186	186	1.00	15.00	9.13	10.00	1698.00
chr22	21071995	21072066	71	71	1637.00	2084.00	1813.31	1764.00	128745.00
chr5	179200882	179201561	679	679	4.00	58.00	25.92	23.00	17601.00
chr10	98763824	98763979	155	155	144.00	354.00	229.26	199.00	35536.00
chr14	102963315	102963457	142	142	172.00	280.00	213.70	210.50	30345.00
chr1	21932558	21933138	580	580	15.00	1787.00	303.29	36.00	175908.00
chr16	28118842	28118998	156	156	110.00	261.00	175.19	178.00	27329.00
chr1	241767561	241767881	320	320	48.00	220.00	123.10	110.50	39393.00
chr11	66812063	66812184	121	121	156.00	479.00	264.98	209.00	32062.00
chr11	12248571	12248678	107	107	314.00	469.00	381.97	361.00	40871.00
chr9	130588788	130588951	163	163	29.00	101.00	49.47	37.00	8063.00
chr22	21068915	21068988	73	73	1264.00	1892.00	1658.03	1728.00	121036.00
chr1	43424304	43424531	227	227	15.00	380.00	227.26	276.00	51588.00
chr14	105852021	105853670	1649	1649	6.00	132.00	33.80	32.00	55735.00
chr15	34823469	34823579	110	110	219.00	381.00	309.46	311.00	34041.00
chr11	171365	172282	917	917	0.00	45.00	14.57	9.00	13361.00
chr22	24493976	24494155	179	179	77.00	207.00	147.97	154.00	26486.00
chr15	79291060	79291167	107	107	397.00	581.00	486.91	476.00	52099.00
chr16	2145904	2146194	290	290	16.00	41.00	26.73	26.00	7752.00
chr9	131503050	131503166	116	116	147.00	498.00	299.88	331.50	34786.00
chr11	61301983	61302579	596	596	11.00	73.00	35.36	38.00	21076.00
chr22	25308609	25308719	110	110	63.00	97.00	82.52	83.00	9077.00
chr12	63977826	63979986	2160	2160	0.00	96.00	13.70	9.00	29585.00
chr19	46928844	46930933	2089	2089	0.00	638.00	151.25	129.00	315953.00
chr16	56969146	56969224	78	78	110.00	154.00	135.29	139.00	10553.00
chr17	40665787	40665996	209	209	2.00	2862.00	924.65	678.00	193251.00
chr9	131669435	131671600	2165	2165	52.00	318.00	145.71	143.00	315466.00
chr2	220164026	220164271	245	245	28.00	897.00	290.87	52.00	71263.00
chr19	7589846	7590052	206	206	70.00	137.00	105.83	108.00	21801.00
chr6	91260186	91260268	82	82	47.00	61.00	56.52	57.00	4635.00
chr9	124543742	124543830	88	88	355.00	625.00	498.58	514.50	43875.00
chr12	54071005	54071170	165	165	1.00	32.00	20.40	24.00	3366.00
chr2	40443	41212	769	769	0.00	19.00	7.29	7.00	5606.00
chr11	67852159	67852747	588	588	7.00	34.00	19.29	21.00	11345.00
chr8	8233762	8234810	1048	1048	15.00	112.00	57.37	54.00	60120.00
chr2	175671113	175672148	1035	1035	3.00	30.00	13.58	11.00	14060.00
chr7	138984922	138985438	516	516	0.00	6.00	1.26	1.00	649.00
chr22	40816850	40817104	254	254	92.00	285.00	205.93	218.00	52306.00
chr19	14263120	14263249	129	129	256.00	562.00	363.22	346.00	46856.00
chr19	16962222	16962345	123	123	146.00	610.00	409.86	451.00	50413.00
chr1	109813838	109813918	80	80	231.00	410.00	289.99	277.50	23199.00
chr3	49898148	49898562	414	414	0.00	984.00	403.30	533.50	166966.00
chr17	17131202	17131510	308	308	15.00	157.00	102.81	105.50	31664.00
chr1	21936067	21936139	72	72	269.00	520.00	397.01	415.00	28585.00
chr3	130424404	130424615	211	211	8.00	36.00	22.84	22.00	4820.00
chr12	56532710	56532797	87	87	30.00	88.00	58.86	59.00	5121.00
chr16	29888591	29888788	197	197	602.00	1232.00	918.21	972.00	180888.00
chr2	114394588	114396196	1608	1608	0.00	27.00	10.41	9.00	16736.00
chr3	124180736	124180803	67	67	293.00	382.00	341.79	347.00	22900.00
chr9	111798485	111798660	175	175	44.00	112.00	78.39	78.00	13718.00
chr10	73847897	73848372	475	475	27.00	3512.00	903.28	725.00	429058.00
chr22	21075585	21075706	121	121	705.00	2658.00	1958.98	2105.00	237036.00
chr22	20920753	20921104	351	351	18.00	243.00	123.55	127.00	43367.00
chr9	140953020	140953185	165	165	40.00	182.00	119.78	121.00	19764.00
chr22	41620970	41621075	105	105	76.00	114.00	92.54	88.00	9717.00
chr11	6243671	6243839	168	168	50.00	92.00	71.30	72.00	11979.00
chr15	74704225	74704353	128	128	121.00	444.00	286.65	308.00	36691.00
chr3	48719780	48719985	205	205	188.00	409.00	298.89	292.00	61272.00
chr1	222833247	222833348	101	101	54.00	112.00	87.48	87.00	8835.00
chr1	6583675	6584824	1149	1149	2.00	176.00	43.16	37.00	49591.00
chr11	126135857	126135976	119	119	144.00	237.00	190.76	193.00	22700.00
chr8	75156763	75157410	647	647	6.00	91.00	51.69	53.00	33441.00
chr15	83345212	83345389	177	177	103.00	253.00	203.49	215.00	36017.00
chr14	68031638	68032561	923	923	0.00	26.00	7.53	7.00	6953.00
chr19	42479780	42479949	169	169	3629.00	7380.00	5159.08	4828.00	871885.00
chr16	31503329	31503407	78	78	182.00	259.00	228.73	233.00	17841.00
chr17	1564564	1564700	136	136	121.00	416.00	231.20	191.00	31443.00
chr16	58717858	58718082	224	224	7.00	31.00	18.97	20.00	4250.00
chr14	71575320	71575763	443	443	36.00	163.00	78.09	68.00	34593.00
chr1	202934498	202934628	130	130	91.00	332.00	176.60	156.00	22958.00
chr7	73118477	73118586	109	109	675.00	1293.00	986.95	878.00	107578.00
chr19	13365908	13366073	165	165	45.00	147.00	81.07	79.00	13377.00
chr10	102265117	102265958	841	841	11.00	107.00	39.97	35.00	33611.00
chr9	139983320	139983457	137	137	85.00	167.00	123.05	117.00	16858.00
chr18	29206245	29206347	102	102	190.00	284.00	238.05	243.50	24281.00
chr12	120578662	120578827	165	165	70.00	126.00	94.75	89.00	15634.00
chr5	757516	758226	710	710	2.00	35.00	14.48	14.00	10278.00
chr8	21632483	21632567	84	84	87.00	152.00	113.65	107.50	9547.00
chr4	54011499	54011749	250	250	35.00	61.00	46.54	46.00	11635.00
chr8	141680613	141681365	752	752	1.00	26.00	11.87	10.50	8923.00
chr11	57367351	57367850	499	499	4.00	111.00	49.22	32.00	24562.00
chr12	63980009	63980784	775	775	0.00	21.00	5.70	5.00	4415.00
chr9	140057042	140057203	161	161	10.00	3416.00	2703.66	2936.00	435289.00
chr2	7055953	7056098	145	145	11.00	24.00	17.92	19.00	2599.00
chr12	52387768	52389043	1275	1275	2.00	486.00	164.67	150.00	209955.00
chr19	50104931	50105175	244	244	30.00	295.00	115.45	73.50	28171.00
chr19	5218430	5218543	113	113	465.00	797.00	656.42	680.00	74176.00
chr16	29898969	29899138	169	169	459.00	765.00	599.69	594.00	101348.00
chr7	99030900	99031041	141	141	25.00	52.00	38.35	40.00	5407.00
chr17	36692926	36693212	286	286	0.00	15.00	7.29	6.00	2085.00
chr15	73857770	73859335	1565	1565	4.00	75.00	24.25	22.00	37956.00
chr6	44104085	44104176	91	91	238.00	388.00	302.54	301.00	27531.00
chr1	21938518	21938602	84	84	486.00	792.00	650.96	644.00	54681.00
chr19	13423482	13423595	113	113	47.00	78.00	58.72	58.00	6635.00
chr16	70292882	70293089	207	207	546.00	1296.00	985.33	1062.00	203964.00
chr18	61060641	61060782	141	141	39.00	79.00	65.23	69.00	9197.00
chr16	22269814	22270016	202	202	10.00	30.00	20.61	20.00	4164.00
chr1	21554423	21554534	111	111	46.00	72.00	59.18	60.00	6569.00
chr9	140057255	140057455	200	200	14.00	3508.00	1744.59	1980.00	348917.00
chr7	1488255	1488397	142	142	12.00	32.00	24.77	26.00	3517.00
chr14	100166351	100166438	87	87	249.00	288.00	270.16	272.00	23504.00
chr9	101065522	101065705	183	183	322.00	895.00	652.67	717.00	119438.00
chr5	68411752	68412041	289	289	10.00	32.00	23.70	25.00	6849.00
chr1	2452539	2452754	215	215	56.00	337.00	151.07	139.00	32481.00
chr1	21564626	21564737	111	111	35.00	65.00	45.77	43.00	5081.00
chr13	42037713	42039066	1353	1353	0.00	53.00	15.28	9.00	20673.00
chr2	114350236	114350443	207	207	2.00	79.00	41.55	42.00	8601.00
chr1	21939668	21939722	54	54	649.00	941.00	812.56	870.50	43878.00
chr9	139353895	139354007	112	112	42.00	85.00	63.83	65.00	7149.00
chr7	102176367	102176618	251	251	10.00	28.00	20.44	21.00	5131.00
chr3	51411753	51412018	265	265	2.00	576.00	175.52	10.00	46512.00
chr17	73888091	73888266	175	175	8.00	17.00	13.29	13.00	2325.00
chr13	103297258	103297435	177	177	1.00	39.00	16.53	23.00	2926.00
chr15	63922664	63922834	170	170	107.00	286.00	191.76	193.00	32600.00
chr3	33400774	33400849	75	75	165.00	279.00	221.15	205.00	16586.00
chr22	50671744	50671955	211	211	34.00	108.00	60.20	50.00	12702.00
chr1	21190968	21191205	237	237	96.00	398.00	251.76	258.00	59666.00
chr5	14481649	14481727	78	78	86.00	207.00	119.32	104.50	9307.00
chr15	101605556	101606410	854	854	14.00	143.00	71.63	79.00	61173.00
chr17	80040402	80040554	152	152	480.00	873.00	677.57	641.00	102991.00
chr2	132269293	132270897	1604	1604	4.00	82.00	33.16	32.00	53184.00
chr11	1778553	1778786	233	233	933.00	2096.00	1577.44	1583.00	367543.00
chr11	1469616	1469808	192	192	8.00	25.00	14.22	12.00	2731.00
chr12	120138549	120138630	81	81	182.00	281.00	261.72	270.00	21199.00
chr7	901016	901101	85	85	196.00	390.00	280.05	264.00	23804.00
chr19	13372263	13372424	161	161	49.00	137.00	94.38	98.00	15195.00
chr17	40843154	40843311	157	157	285.00	625.00	449.50	432.00	70572.00
chr17	80039476	80039719	243	243	287.00	597.00	435.08	439.00	105724.00
chr17	16681109	16687365	6256	6256	0.00	107.00	16.94	11.00	105987.00
chr1	116935475	116935610	135	135	1838.00	3569.00	2658.84	2520.00	358943.00
chr6	128294808	128294972	164	164	62.00	151.00	117.93	134.50	19341.00
chr5	109189927	109190617	690	690	0.00	6.00	2.23	2.00	1541.00
chr15	40757533	40757634	101	101	29.00	112.00	73.72	74.00	7446.00
chr2	220164706	220164981	275	275	680.00	3119.00	1716.59	1800.00	472062.00
chr3	164905164	164908639	3475	3475	1.00	106.00	32.97	32.00	114564.00
chr11	60699157	60699356	199	199	66.00	676.00	428.71	395.00	85314.00
chr2	96680301	96680717	416	416	0.00	27.00	10.35	8.00	4305.00
chr17	40845314	40845554	240	240	291.00	845.00	507.15	482.00	121715.00
chr12	125264513	125265391	878	878	5.00	57.00	27.79	26.00	24398.00
chr1	156623704	156624158	454	454	2.00	20.00	10.11	9.00	4590.00
chr6	108370456	108370622	166	166	5.00	21.00	13.98	15.00	2321.00
chr11	19180486	19180587	101	101	2.00	8.00	4.44	5.00	448.00
chr19	42489069	42489338	269	269	920.00	2469.00	1615.12	1416.00	434467.00
chr2	198274493	198274731	238	238	46.00	168.00	108.39	98.00	25798.00
chr6	47220991	47221257	266	266	175.00	464.00	310.76	272.50	82662.00
chr19	40872679	40872822	143	143	1769.00	4171.00	3212.94	3191.00	459450.00
chr19	54693278	54693627	349	349	6.00	197.00	92.22	89.00	32185.00
chr12	81929	82174	245	245	8.00	46.00	24.44	24.00	5989.00
chr21	45513943	45514114	171	171	22.00	104.00	65.58	62.00	11214.00
chr3	124201630	124201747	117	117	3.00	534.00	383.15	476.00	44829.00
chr17	79805118	79805223	105	105	267.00	404.00	310.76	292.00	32630.00
chr20	46307419	46307548	129	129	86.00	178.00	111.03	106.00	14323.00
chr17	38187790	38187873	83	83	58.00	117.00	78.61	68.00	6525.00
chr2	207452814	207452878	64	64	419.00	642.00	466.31	454.00	29844.00
chr17	45695715	45695823	108	108	233.00	541.00	397.14	421.50	42891.00
chr7	44283023	44283126	103	103	718.00	975.00	828.76	827.00	85362.00
chr20	62274975	62275284	309	309	1.00	3587.00	1529.05	1751.00	472476.00
chr11	108202605	108202764	159	159	17.00	26.00	21.48	22.00	3416.00
chr9	140051314	140051489	175	175	1199.00	2366.00	1622.82	1466.00	283994.00
chr22	45574118	45574781	663	663	19.00	144.00	80.05	78.00	53072.00
chr15	79312382	79312446	64	64	120.00	233.00	145.16	140.00	9290.00
chr1	21940120	21940199	79	79	767.00	985.00	896.78	916.00	70846.00
chr17	3775847	3775921	74	74	389.00	867.00	744.45	834.00	55089.00
chr7	73133931	73134019	88	88	39.00	1664.00	587.02	253.00	51658.00
chr11	72292920	72292991	71	71	606.00	704.00	648.82	647.00	46066.00
chr7	43547616	43547730	114	114	131.00	258.00	208.88	216.50	23812.00
chr16	58713760	58714145	385	385	19.00	68.00	42.36	47.00	16308.00
chr22	21083600	21083794	194	194	893.00	1881.00	1384.26	1455.50	268546.00
chr11	66457275	66457414	139	139	528.00	1145.00	755.04	698.00	104951.00
chr15	91561034	91561115	81	81	50.00	80.00	66.01	65.00	5347.00
chr11	2968525	2969001	476	476	2.00	16.00	6.19	5.00	2946.00
chr19	34869838	34869910	72	72	1818.00	2911.00	2273.54	2311.00	163695.00
chr9	121970996	121971219	223	223	166.00	395.00	282.59	295.00	63018.00
chr3	47449772	47449980	208	208	13.00	96.00	61.50	71.00	12791.00
chr12	57601820	57601999	179	179	223.00	957.00	580.93	585.00	103987.00
chr16	2345590	2345741	151	151	222.00	391.00	325.08	338.00	49087.00
chr12	50471782	50471910	128	128	97.00	212.00	164.68	179.00	21079.00
chr1	109814221	109814344	123	123	522.00	857.00	727.25	741.00	89452.00
chr19	16942304	16942458	154	154	64.00	155.00	117.40	128.50	18079.00
chr11	66333301	66333398	97	97	326.00	463.00	388.61	389.00	37695.00
chr5	74026084	74026223	139	139	47.00	117.00	93.63	105.00	13015.00
chr5	68417520	68417722	202	202	30.00	110.00	69.90	74.00	14120.00
chr19	15272262	15272525	263	263	17.00	84.00	45.98	40.00	12092.00
chr3	45872404	45872482	78	78	35.00	47.00	40.19	40.00	3135.00
chr7	73123374	73123452	78	78	1728.00	2210.00	2009.59	2044.50	156748.00
chr5	14498197	14498360	163	163	97.00	193.00	156.40	159.00	25493.00
chr14	93180167	93180230	63	63	87.00	163.00	117.54	103.00	7405.00
chr9	130984739	130984875	136	136	2601.00	5577.00	3844.70	3570.00	522879.00
chr13	31216764	31216894	130	130	7.00	21.00	15.98	18.00	2077.00
chr12	112614399	112614506	107	107	119.00	280.00	190.59	191.00	20393.00
chr12	57602865	57602982	117	117	369.00	761.00	557.73	546.00	65254.00
chr14	72976861	72976987	126	126	41.00	266.00	133.37	84.00	16805.00
chr1	155209406	155209553	147	147	87.00	281.00	160.88	133.00	23649.00
chr10	49633930	49634113	183	183	110.00	214.00	153.45	153.00	28081.00
chr16	84100093	84100218	125	125	153.00	250.00	218.71	225.00	27339.00
chr1	155207924	155208097	173	173	89.00	247.00	127.84	113.00	22117.00
chr12	2786898	2787033	135	135	27.00	176.00	99.44	105.00	13425.00
chr2	233755457	233756197	740	740	6.00	999.00	194.85	58.00	144190.00
chr14	60631894	60632099	205	205	69.00	214.00	145.67	160.00	29863.00
chr1	11151549	11151654	105	105	54.00	110.00	76.07	69.00	7987.00
chr4	134076071	134076178	107	107	159.00	404.00	321.14	327.00	34362.00
chr15	91420364	91420441	77	77	321.00	388.00	351.95	345.00	27100.00
chr5	114961533	114961755	222	222	3.00	58.00	26.86	26.00	5964.00
chr16	1814047	1814211	164	164	14.00	1071.00	454.71	624.00	74572.00
chr18	44250463	44252581	2118	2118	6.00	406.00	88.36	65.00	187152.00
chr6	158049380	158049518	138	138	17.00	72.00	50.75	50.00	7003.00
chr19	7675585	7675679	94	94	64.00	97.00	83.33	84.00	7833.00
chr13	99461604	99461719	115	115	6.00	531.00	278.18	244.00	31991.00
chr11	130010829	130011467	638	638	2.00	1983.00	195.44	8.00	124689.00
chr11	107526658	107526792	134	134	246.00	648.00	480.84	507.00	64433.00
chr16	1391294	1391490	196	196	131.00	416.00	265.02	270.50	51944.00
chr1	38182716	38184158	1442	1442	7.00	124.00	62.79	55.00	90537.00
chr5	179231023	179231323	300	300	5.00	16.00	10.23	11.00	3069.00
chr14	69814593	69814719	126	126	99.00	285.00	207.78	221.00	26180.00
chr14	69349174	69349309	135	135	229.00	349.00	285.04	285.00	38480.00
chr19	7614792	7614998	206	206	164.00	366.00	315.93	332.00	65082.00
chr1	228270375	228270466	91	91	4.00	816.00	189.80	40.00	17272.00
chr1	38186022	38186315	293	293	14.00	116.00	63.67	75.00	18656.00
chr13	77641715	77641999	284	284	152.00	475.00	285.64	281.00	81122.00
chr14	100157417	100157498	81	81	104.00	367.00	178.28	121.00	14441.00
chr13	32978280	32979333	1053	1053	1.00	47.00	16.05	12.00	16901.00
chr12	7301567	7301794	227	227	802.00	1217.00	964.50	935.00	218941.00
chr9	123583116	123583257	141	141	5.00	16.00	12.10	13.00	1706.00
chr17	26883183	26883284	101	101	63.00	158.00	96.04	75.00	9700.00
chr12	6972993	6973137	144	144	243.00	461.00	326.12	287.50	46962.00
chr20	34322310	34322637	327	327	1.00	15.00	8.05	9.00	2632.00
chr19	7606407	7606570	163	163	151.00	306.00	191.29	173.00	31181.00
chr16	2333186	2333373	187	187	5.00	728.00	464.12	538.00	86790.00
chr12	113825548	113825711	163	163	124.00	610.00	320.80	322.00	52290.00
chr7	4802013	4807749	5736	5736	7.00	183.00	76.88	70.00	440977.00
chr1	43394880	43394985	105	105	211.00	454.00	353.05	398.00	37070.00
chr19	4554399	4554488	89	89	386.00	1015.00	740.98	834.00	65947.00
chr16	31719139	31719372	233	233	8.00	23.00	16.99	17.00	3959.00
chr5	134060669	134061744	1075	1075	0.00	20.00	5.72	4.00	6154.00
chr1	202936318	202936371	53	53	12.00	259.00	171.30	234.00	9079.00
chr2	220087366	220087615	249	249	174.00	337.00	237.26	232.00	59077.00
chr2	36764494	36764689	195	195	48.00	148.00	91.96	84.00	17932.00
chr7	43519208	43519343	135	135	166.00	532.00	381.04	378.00	51441.00
chr10	51249585	51249993	408	408	0.00	17.00	6.32	5.00	2579.00
chr6	32123647	32123755	108	108	95.00	162.00	132.86	133.00	14349.00
chr3	118624442	118624692	250	250	1.00	31.00	13.97	8.50	3493.00
chr1	190129797	190130020	223	223	18.00	35.00	26.26	27.00	5856.00
chr9	131004491	131004624	133	133	5.00	3503.00	2602.47	2867.00	346128.00
chr22	33679187	33679334	147	147	208.00	295.00	256.92	262.00	37767.00
chr15	74709931	74710016	85	85	351.00	1034.00	617.75	447.00	52509.00
chr7	6470110	6470238	128	128	19.00	41.00	34.12	37.00	4367.00
chr1	6640600	6641359	759	759	10.00	79.00	34.94	36.00	26521.00
chr16	31510622	31510728	106	106	160.00	234.00	200.12	207.50	21213.00
chr4	103710287	103711803	1516	1516	0.00	37.00	10.76	9.00	16313.00
chr19	2862339	2862746	407	407	0.00	31.00	10.41	11.00	4238.00
chr2	15467873	15467994	121	121	21.00	37.00	27.20	27.00	3291.00
chr2	36780721	36781492	771	771	1.00	37.00	10.96	9.00	8452.00
chr10	81070680	81070941	261	261	55.00	147.00	79.58	72.00	20770.00
chr2	217234866	217235986	1120	1120	14.00	188.00	70.95	58.00	79460.00
chr10	93786348	93786508	160	160	14.00	153.00	72.29	82.00	11567.00
chr17	20268785	20269076	291	291	0.00	3.00	1.16	1.00	337.00
chr9	131002006	131002062	56	56	2.00	4095.00	3425.80	3656.50	191845.00
chr1	155208307	155208441	134	134	248.00	386.00	299.47	290.00	40129.00
chr2	162833877	162834373	496	496	0.00	516.00	40.66	4.00	20169.00
chr9	35799614	35799728	114	114	25.00	63.00	48.76	50.50	5559.00
chr20	62517856	62519234	1378	1378	6.00	148.00	34.70	30.00	47817.00
chr22	35942847	35943127	280	280	65.00	369.00	207.24	223.00	58028.00
chr13	26436438	26436546	108	108	22.00	59.00	40.52	45.00	4376.00
chr14	69371371	69371453	82	82	131.00	317.00	231.52	256.00	18985.00
chr7	44031274	44031581	307	307	0.00	20.00	8.93	8.00	2742.00
chr11	12274988	12275291	303	303	2.00	34.00	21.83	24.00	6613.00
chr5	1334403	1334498	95	95	163.00	226.00	200.05	205.00	19005.00
chr19	34868639	34868786	147	147	2948.00	5012.00	4040.71	4119.00	593985.00
chr16	1815960	1816143	183	183	541.00	1017.00	723.23	673.00	132352.00
chr10	73578787	73578868	81	81	1866.00	3013.00	2369.00	2244.00	191889.00
chr17	37420427	37420640	213	213	8.00	29.00	18.84	19.00	4013.00
chr5	60835422	60835586	164	164	13.00	22.00	17.37	17.00	2849.00
chr15	79296143	79296517	374	374	227.00	965.00	600.93	630.50	224746.00
chr19	13039568	13039661	93	93	878.00	1551.00	1222.60	1212.00	113702.00
chr12	49421585	49421713	128	128	205.00	333.00	265.69	253.50	34008.00
chr1	1661057	1662583	1526	1526	3.00	446.00	86.97	44.00	132721.00
chr2	207457340	207457460	120	120	544.00	1000.00	702.01	722.50	84241.00
chr11	64542462	64543441	979	979	2.00	34.00	14.81	13.00	14503.00
chr20	61910250	61910347	97	97	116.00	197.00	156.74	155.00	15204.00
chr11	62394042	62394156	114	114	202.00	297.00	243.05	238.50	27708.00
chr5	37301538	37301652	114	114	1.00	15.00	6.32	4.00	721.00
chr16	4733843	4733933	90	90	171.00	313.00	258.10	262.00	23229.00
chr15	43693913	43694048	135	135	26.00	87.00	53.96	40.00	7285.00
chr11	18764538	18764622	84	84	116.00	290.00	219.33	243.50	18424.00
chr17	57842331	57842499	168	168	40.00	135.00	81.10	66.00	13624.00
chr9	96076729	96078064	1335	1335	0.00	57.00	14.25	12.00	19027.00
chr11	12246219	12246367	148	148	246.00	596.00	417.12	477.00	61734.00
chr12	7030743	7031565	822	822	6.00	8769.00	2558.29	29.00	2102918.00
chr3	14523178	14523349	171	171	21.00	76.00	48.67	42.00	8322.00
chr5	758508	759483	975	975	1.00	47.00	16.71	13.00	16296.00
chr12	22635490	22635677	187	187	11.00	46.00	26.21	22.00	4902.00
chr5	14479369	14479459	90	90	76.00	118.00	86.92	88.00	7823.00
chr6	143655214	143656079	865	865	0.00	8.00	3.02	4.00	2615.00
chr7	75508360	75508578	218	218	62.00	1418.00	988.47	1087.00	215487.00
chr11	60697981	60698131	150	150	166.00	457.00	273.78	253.50	41067.00
chr1	151400598	151400889	291	291	129.00	414.00	252.35	276.00	73433.00
chr5	172196431	172197309	878	878	1.00	286.00	61.50	14.00	53994.00
chr3	49152660	49152794	134	134	33.00	69.00	46.78	43.00	6269.00
chr7	5518281	5519950	1669	1669	14.00	170.00	73.73	76.00	123058.00
chr17	16691106	16691449	343	343	0.00	68.00	21.57	22.00	7397.00
chr2	220086993	220087172	179	179	176.00	321.00	263.11	284.00	47097.00
chr10	51746916	51748006	1090	1090	0.00	162.00	36.19	21.00	39448.00
chr12	7302118	7302289	171	171	856.00	1899.00	1289.70	1266.00	220538.00
chr11	59562844	59562955	111	111	28.00	94.00	56.51	67.00	6273.00
chr12	6100984	6101184	200	200	29.00	59.00	43.50	42.00	8700.00
chr19	5683274	5683627	353	353	2.00	42.00	17.41	18.00	6144.00
chr12	2786259	2786387	128	128	42.00	119.00	86.95	92.50	11130.00
chr15	26812727	26812880	153	153	327.00	1183.00	594.95	542.00	91027.00
chr1	149007980	149008798	818	818	0.00	48.00	14.76	9.00	12073.00
chr19	54965608	54965861	253	253	68.00	326.00	179.77	132.00	45483.00
chr8	27293259	27293310	51	51	373.00	538.00	441.73	444.00	22528.00
chr15	23014437	23014528	91	91	120.00	239.00	184.73	185.00	16810.00
chr1	111717500	111717585	85	85	28.00	75.00	51.26	42.00	4357.00
chr6	150157220	150157433	213	213	186.00	415.00	294.23	285.00	62670.00
chr13	114566547	114566670	123	123	41.00	213.00	108.63	106.00	13362.00
chr16	58539291	58539605	314	314	1.00	22.00	10.21	12.00	3207.00
chr1	21936612	21936768	156	156	458.00	1735.00	993.85	1001.50	155041.00
chr1	17322880	17322991	111	111	484.00	972.00	743.42	853.00	82520.00
chr11	60699455	60699599	144	144	351.00	647.00	529.98	576.00	76317.00
chr5	6749669	6749770	101	101	62.00	143.00	82.37	72.00	8319.00
chr16	2156805	2156949	144	144	183.00	330.00	232.80	217.00	33523.00
chr15	34690834	34690930	96	96	16.00	57.00	37.47	36.00	3597.00
chr3	11074933	11075425	492	492	3.00	331.00	62.59	11.00	30795.00
chr5	74655222	74655381	159	159	88.00	197.00	134.92	131.00	21453.00
chr20	20022968	20023160	192	192	42.00	207.00	111.78	104.00	21461.00
chr2	39055481	39055578	97	97	5.00	19.00	13.39	15.00	1299.00
chr19	16793231	16793528	297	297	6.00	576.00	159.02	11.00	47228.00
chr2	219205450	219205509	59	59	42.00	58.00	49.29	48.00	2908.00
chr17	74087429	74087729	300	300	1.00	26.00	11.95	11.00	3585.00
chr3	184058150	184060036	1886	1886	3.00	1178.00	158.44	38.00	298816.00
chr6	90333128	90333263	135	135	89.00	134.00	112.68	116.00	15212.00
chr12	125267019	125267429	410	410	2.00	65.00	25.11	15.00	10294.00
chr1	207942580	207943104	524	524	4.00	99.00	49.84	50.50	26118.00
chr4	89356876	89357043	167	167	22.00	60.00	39.98	42.00	6676.00
chr7	101995498	101995736	238	238	8.00	36.00	17.13	14.00	4076.00
chr3	11067458	11067562	104	104	406.00	810.00	644.97	627.00	67077.00
chr5	95734582	95734740	158	158	115.00	225.00	182.88	193.00	28895.00
chr6	152529106	152529341	235	235	122.00	265.00	187.25	181.00	44004.00
chr5	102295578	102295763	185	185	88.00	189.00	130.83	126.00	24203.00
chr22	21072980	21073110	130	130	1219.00	2051.00	1638.33	1774.00	212983.00
chr12	121855306	121855714	408	408	31.00	185.00	74.00	68.00	30190.00
chr1	160326389	160326544	155	155	64.00	126.00	91.83	87.00	14234.00
chr11	60670930	60671007	77	77	406.00	506.00	449.47	440.00	34609.00
chr17	79804822	79804948	126	126	351.00	639.00	481.18	444.50	60629.00
chr16	18527204	18527332	128	128	541.00	824.00	627.19	595.00	80280.00
chr16	16372518	16372646	128	128	554.00	844.00	638.77	606.50	81762.00
chr2	32750530	32750695	165	165	13.00	43.00	26.46	26.00	4366.00
chr14	69369193	69369279	86	86	259.00	497.00	394.92	424.50	33963.00
chr7	66418212	66418356	144	144	123.00	215.00	175.62	173.00	25289.00
chr6	44107988	44108097	109	109	135.00	282.00	210.37	209.00	22930.00
chr7	70885893	70886091	198	198	474.00	1663.00	907.06	663.50	179597.00
chr8	27295281	27295397	116	116	215.00	317.00	282.05	287.00	32718.00
chr7	73122918	73123018	100	100	2079.00	2909.00	2657.09	2646.00	265709.00
chr15	34698874	34699071	197	197	83.00	193.00	122.19	113.00	24072.00
chr8	22009343	22009513	170	170	349.00	1261.00	604.37	505.00	102743.00
chr7	1526557	1526737	180	180	39.00	283.00	185.20	224.00	33336.00
chr5	178053946	178054065	119	119	18.00	219.00	114.10	108.00	13578.00
chr12	6103027	6103369	342	342	19.00	70.00	45.54	44.00	15574.00
chr2	3479491	3480482	991	991	5.00	29.00	14.64	14.00	14506.00
chr3	33883388	33883566	178	178	22.00	69.00	42.54	43.50	7572.00
chr19	11019778	11019883	105	105	184.00	456.00	337.38	402.00	35425.00
chr7	98446205	98446318	113	113	2174.00	6073.00	4193.71	3612.00	473889.00
chr8	106813274	106813932	658	658	6.00	43.00	20.61	20.00	13559.00
chr2	223795338	223795530	192	192	274.00	723.00	417.84	345.00	80225.00
chr7	75511146	75511554	408	408	506.00	1238.00	897.05	947.00	365997.00
chr21	40184926	40185038	112	112	153.00	281.00	213.62	223.00	23926.00
chr19	53383575	53385236	1661	1661	2.00	35.00	9.95	8.00	16520.00
chr19	14208130	14208295	165	165	13.00	738.00	446.36	566.00	73649.00
chr15	91461013	91461618	605	605	16.00	527.00	153.84	30.00	93076.00
chr8	145278010	145278133	123	123	19.00	66.00	32.83	28.00	4038.00
chr16	28132990	28133083	93	93	105.00	322.00	213.31	204.00	19838.00
chr11	125280091	125280221	130	130	98.00	212.00	144.52	142.00	18788.00
chr15	63128089	63128317	228	228	76.00	276.00	190.83	206.00	43509.00
chr9	131181435	131181557	122	122	7.00	453.00	328.07	336.50	40024.00
chr19	3281196	3281343	147	147	515.00	1126.00	877.27	924.00	128958.00
chr11	6240200	6240280	80	80	42.00	60.00	49.98	50.00	3998.00
chr20	31019123	31019287	164	164	32.00	87.00	56.32	56.50	9237.00
chr6	46825865	46827260	1395	1395	10.00	111.00	51.82	50.00	72291.00
chr12	1672006	1672666	660	660	8.00	149.00	48.42	33.00	31955.00
chr12	9098824	9099001	177	177	104.00	246.00	186.62	204.00	33032.00
chr7	121738503	121738630	127	127	2.00	7.00	4.86	6.00	617.00
chr19	40875814	40875935	121	121	1089.00	1494.00	1304.50	1342.00	157845.00
chr20	3581592	3581671	79	79	121.00	233.00	176.81	172.00	13968.00
chr17	7226965	7227042	77	77	83.00	116.00	97.64	97.00	7518.00
chr2	74331800	74332809	1009	1009	3.00	88.00	34.38	31.00	34691.00
chr1	209785136	209785610	474	474	3.00	337.00	216.69	238.00	102713.00
chr9	35546426	35548532	2106	2106	158.00	614.00	273.43	253.00	575841.00
chr17	80040198	80040290	92	92	378.00	680.00	538.66	498.50	49557.00
chr11	73074791	73075284	493	493	0.00	229.00	52.88	13.00	26068.00
chr20	44674976	44675075	99	99	426.00	699.00	578.77	578.00	57298.00
chr20	5892091	5892328	237	237	52.00	551.00	189.96	119.00	45021.00
chr17	20316581	20317594	1013	1013	0.00	39.00	11.25	8.00	11397.00
chr12	99478702	99478801	99	99	179.00	240.00	203.79	202.00	20175.00
chr17	40842756	40842960	204	204	462.00	1052.00	802.36	793.50	163682.00
chr11	107501142	107501288	146	146	322.00	644.00	531.90	568.50	77657.00
chr11	85429236	85429532	296	296	0.00	26.00	7.44	2.00	2202.00
chr20	9449217	9449319	102	102	23.00	62.00	45.00	47.00	4590.00
chr14	23371395	23371591	196	196	109.00	156.00	133.77	133.00	26218.00
chr7	716865	716957	92	92	2665.00	3961.00	3211.03	3212.50	295415.00
chr10	48862360	48862682	322	322	0.00	269.00	127.87	154.00	41174.00
chr10	68686678	68688210	1532	1532	11.00	333.00	69.85	35.00	107014.00
chr5	179674854	179674926	72	72	233.00	463.00	356.11	371.50	25640.00
chr1	209773327	209773456	129	129	112.00	200.00	164.10	177.00	21169.00
chr17	45691034	45691091	57	57	386.00	524.00	456.93	476.00	26045.00
chr1	19669871	19670118	247	247	12.00	26.00	18.85	18.00	4655.00
chr17	45664025	45664710	685	685	6.00	459.00	91.60	37.00	62745.00
chr19	2337634	2338840	1206	1206	2.00	103.00	33.28	32.00	40137.00
chr8	22011480	22011552	72	72	428.00	678.00	521.92	482.50	37578.00
