#chrom	start	end	size	num_data	min	max	mean	median	sum
chr12	1940100	1940691	591	591	61.00	123.00	89.99	89.00	53186.00
chr1	27480473	27481381	908	908	30.00	77.00	59.82	64.00	54321.00
chr15	63112684	63112809	125	125	306.00	409.00	361.42	360.00	45177.00
chr5	149231737	149232254	517	517	7.00	28.00	18.00	17.00	9308.00
chr5	140865429	140867182	1753	1753	5.00	51.00	25.30	25.00	44350.00
chr1	32209793	32209958	165	165	313.00	465.00	376.50	363.00	62122.00
chr16	87873307	87873431	124	124	140.00	219.00	169.98	166.00	21078.00
chr17	34157438	34158175	737	737	2.00	15.00	8.06	8.00	5937.00
chr2	127815619	127816088	469	469	10.00	43.00	22.97	22.00	10774.00
chr1	208212965	208213112	147	147	83.00	139.00	111.12	108.00	16335.00
chr22	19703883	19704666	783	783	8.00	38.00	24.66	24.00	19308.00
chr16	87872319	87872423	104	104	155.00	217.00	190.61	187.50	19823.00
chr9	140055740	140055868	128	128	1804.00	2192.00	2048.41	2079.50	262196.00
chr22	21096515	21096643	128	128	684.00	891.00	737.95	729.00	94457.00
chr9	140056321	140056540	219	219	1.00	2615.00	1672.09	2014.00	366187.00
chr11	78379981	78380253	272	272	12.00	33.00	22.28	21.50	6061.00
chr3	11070420	11070533	113	113	203.00	254.00	225.57	222.00	25489.00
chr1	109812554	109813222	668	668	4.00	611.00	248.10	321.00	165728.00
chr2	220161954	220162155	201	201	911.00	1357.00	1183.95	1187.00	237973.00
chr15	74706887	74707086	199	199	154.00	244.00	183.51	180.00	36518.00
chr17	7318829	7319426	597	597	209.00	517.00	329.73	331.00	196851.00
chr1	21560050	21560154	104	104	51.00	68.00	60.77	61.00	6320.00
chr1	25573799	25573952	153	153	16.00	503.00	328.21	393.00	50216.00
chr14	93198993	93199160	167	167	144.00	226.00	188.66	190.00	31507.00
chr1	205554003	205554119	116	116	327.00	459.00	394.25	383.50	45733.00
chr1	9795005	9795232	227	227	2240.00	3463.00	2834.96	2852.00	643537.00
chr17	42426525	42426670	145	145	72.00	138.00	110.14	112.00	15970.00
chr18	70205887	70206179	292	292	1.00	403.00	148.70	4.00	43421.00
chr1	205553082	205553251	169	169	445.00	551.00	485.18	478.00	81995.00
chr9	140056623	140056766	143	143	5.00	2152.00	1446.13	1686.00	206797.00
chr6	33412147	33412394	247	247	6.00	731.00	405.34	531.00	100118.00
chr12	89992366	89992547	181	181	2.00	1058.00	780.02	881.00	141184.00
chr2	220088827	220089576	749	749	144.00	274.00	204.87	205.00	153445.00
chr14	100763073	100765222	2149	2149	7.00	70.00	33.73	33.00	72478.00
chr1	110740697	110742543	1846	1846	12.00	1121.00	667.32	626.00	1231874.00
chr1	149878201	149879758	1557	1557	4.00	1537.00	341.54	18.00	531785.00
chr3	197264139	197265259	1120	1120	4.00	36.00	14.72	14.00	16490.00
chr8	56449623	56450530	907	907	7.00	36.00	19.83	21.00	17988.00
chr9	139354208	139354326	118	118	61.00	109.00	76.65	74.00	9045.00
chr1	32204908	32205236	328	328	719.00	952.00	822.20	811.50	269681.00
chr7	75608768	75608897	129	129	89.00	140.00	113.77	114.00	14676.00
chr19	45161029	45161178	149	149	56.00	85.00	69.22	67.00	10314.00
chr19	5243911	5244493	582	582	83.00	299.00	164.66	150.00	95833.00
chr6	32119585	32119717	132	132	11.00	722.00	405.98	478.00	53589.00
chr3	42670878	42672067	1189	1189	5.00	27.00	15.02	15.00	17858.00
chr11	45892392	45892485	93	93	176.00	245.00	200.49	192.00	18646.00
chr17	80040789	80040991	202	202	462.00	650.00	557.30	559.50	112574.00
chr2	74902875	74903036	161	161	67.00	100.00	75.86	74.00	12214.00
chr17	38335969	38337946	1977	1977	7.00	277.00	31.43	19.00	62131.00
chr16	87870103	87870253	150	150	119.00	242.00	169.06	159.00	25359.00
chr1	32205947	32206142	195	195	628.00	813.00	703.29	683.00	137142.00
chr6	44117553	44117702	149	149	2.00	394.00	235.08	300.00	35027.00
chr1	159163659	159163830	171	171	1257.00	1588.00	1410.05	1430.00	241118.00
chr3	445565	446023	458	458	7.00	19.00	12.57	12.00	5759.00
chr2	25048913	25048995	82	82	142.00	177.00	166.46	169.50	13650.00
chr10	99504485	99504672	187	187	109.00	167.00	141.88	144.00	26531.00
chr4	54364807	54365010	203	203	92.00	215.00	149.40	153.00	30328.00
chr17	1634367	1634552	185	185	13.00	25.00	19.35	20.00	3579.00
chr7	72416124	72416247	123	123	104.00	138.00	120.46	120.00	14817.00
chr1	208212169	208212329	160	160	102.00	127.00	114.26	114.00	18282.00
chr9	140952500	140952702	202	202	74.00	131.00	94.30	90.00	19048.00
chr6	44197325	44197528	203	203	125.00	191.00	151.03	142.00	30659.00
chr6	44197643	44198218	575	575	31.00	125.00	69.18	45.00	39781.00
chr11	118981972	118982084	112	112	256.00	385.00	314.96	310.00	35275.00
chr5	150503846	150503952	106	106	3.00	2549.00	1809.74	2282.00	191832.00
chr11	118981761	118981878	117	117	385.00	466.00	425.13	428.00	49740.00
chr11	126314873	126315000	127	127	113.00	138.00	121.34	120.00	15410.00
chr1	159165808	159166244	436	436	4.00	1572.00	299.92	10.00	130764.00
chr7	134893542	134893750	208	208	21.00	42.00	30.09	30.00	6259.00
chr9	121976196	121976433	237	237	182.00	360.00	269.20	284.00	63800.00
chr19	54691042	54691169	127	127	371.00	534.00	435.27	416.00	55279.00
chr22	38621430	38621600	170	170	213.00	346.00	281.58	286.50	47869.00
chr13	42035681	42036205	524	524	1.00	9.00	4.50	4.00	2358.00
chr20	1915360	1915413	53	53	2.00	1956.00	1250.11	1491.00	66256.00
chr5	14496987	14497126	139	139	170.00	275.00	218.27	201.00	30340.00
chr12	56528125	56528212	87	87	109.00	144.00	126.91	128.00	11041.00
chr3	47466974	47467101	127	127	72.00	121.00	91.57	91.00	11629.00
chr17	7415476	7415663	187	187	128.00	183.00	150.32	146.00	28109.00
chr3	33588037	33589252	1215	1215	5.00	22.00	12.71	12.00	15448.00
chr7	887833	888615	782	782	6.00	55.00	19.13	13.00	14963.00
chr10	24813251	24813693	442	442	26.00	80.00	51.20	54.00	22632.00
chr1	109812045	109812213	168	168	262.00	528.00	377.46	352.50	63414.00
chr19	15276597	15276902	305	305	55.00	87.00	70.37	70.00	21464.00
chr16	2334779	2334999	220	220	262.00	352.00	304.78	301.00	67052.00
chr16	68404761	68405261	500	500	42.00	74.00	56.29	55.00	28147.00
chr4	110969111	110969871	760	760	20.00	66.00	37.18	34.50	28254.00
chr1	145693161	145693996	835	835	7.00	64.00	37.71	37.00	31490.00
chr7	44282848	44282932	84	84	723.00	853.00	783.13	782.00	65783.00
chr2	220164315	220164508	193	193	22.00	844.00	370.94	34.00	71592.00
chr12	50472203	50472360	157	157	85.00	123.00	106.17	109.00	16668.00
chr2	220163768	220163833	65	65	852.00	1103.00	982.18	983.00	63842.00
chr2	222289928	222290862	934	934	209.00	388.00	292.35	296.00	273053.00
chr12	57599133	57599268	135	135	242.00	358.00	290.64	287.00	39236.00
chr7	157475416	157475629	213	213	413.00	579.00	495.16	505.00	105470.00
chr1	32203800	32203927	127	127	560.00	1033.00	795.02	848.00	100967.00
chr1	109811731	109811912	181	181	355.00	571.00	444.29	456.00	80416.00
chr9	140052830	140052975	145	145	1320.00	3207.00	2373.03	2696.00	344089.00
chr2	220161706	220161854	148	148	1021.00	1850.00	1413.24	1441.50	209159.00
chr16	29896906	29897070	164	164	630.00	965.00	836.45	870.00	137178.00
chr16	47143393	47143622	229	229	68.00	110.00	87.36	84.00	20005.00
chr11	993753	993985	232	232	255.00	464.00	372.48	374.50	86416.00
chr9	124059698	124061137	1439	1439	3.00	25.00	9.85	9.00	14181.00
chr9	140350140	140350634	494	494	7.00	46.00	26.44	26.00	13063.00
chr11	14504577	14504697	120	120	61.00	84.00	73.85	75.00	8862.00
chr3	49898612	49898733	121	121	930.00	1352.00	1153.73	1167.00	139601.00
chr9	131811659	131811777	118	118	99.00	131.00	112.61	110.00	13288.00
chr9	131810705	131810818	113	113	87.00	132.00	107.82	108.00	12184.00
chr1	223400935	223401080	145	145	112.00	172.00	157.70	164.00	22867.00
chr12	125612185	125612820	635	635	5.00	240.00	40.82	12.00	25919.00
chr2	220088590	220088744	154	154	194.00	262.00	227.60	228.00	35051.00
chr9	70888487	70888750	263	263	2.00	25.00	15.26	17.00	4013.00
chr14	69813756	69813898	142	142	146.00	204.00	167.08	161.50	23726.00
chr2	47399145	47399890	745	745	2.00	330.00	28.20	22.00	21011.00
chr11	62688689	62689041	352	352	16.00	235.00	79.58	31.00	28011.00
chr6	43745205	43745407	202	202	4.00	86.00	69.94	71.00	14128.00
chr3	11072492	11072997	505	505	3.00	319.00	68.25	15.00	34466.00
chr7	2696031	2696168	137	137	259.00	359.00	321.10	330.00	43991.00
chr16	14969196	14969279	83	83	618.00	1046.00	851.87	880.00	70705.00
chr17	7377847	7378026	179	179	5.00	14.00	9.74	10.00	1744.00
chr12	65639640	65639719	79	79	70.00	143.00	102.57	97.00	8103.00
chr12	50294912	50295108	196	196	1716.00	3527.00	2197.74	2088.50	430758.00
chr19	42485653	42485788	135	135	2653.00	3803.00	3262.28	3253.00	440408.00
chr10	99509230	99509343	113	113	157.00	296.00	214.01	202.00	24183.00
chr22	38883877	38888120	4243	4243	47.00	764.00	200.56	170.00	850995.00
chr12	49416372	49416658	286	286	78.00	153.00	103.16	94.00	29504.00
chr6	24843089	24843782	693	693	46.00	79.00	61.24	61.00	42437.00
chr5	176295561	176295665	104	104	281.00	351.00	303.77	297.00	31592.00
chr10	99510087	99510227	140	140	181.00	303.00	245.92	237.50	34429.00
chr1	159173658	159174770	1112	1112	21.00	154.00	58.61	49.00	65171.00
chr11	1780745	1780869	124	124	1217.00	1686.00	1494.09	1572.00	185267.00
chr19	42486059	42486258	199	199	1919.00	2986.00	2418.75	2438.00	481332.00
chr3	47465422	47465535	113	113	118.00	161.00	136.87	139.00	15466.00
chr1	21573713	21573856	143	143	47.00	67.00	55.74	56.00	7971.00
chr11	65320330	65320453	123	123	107.00	164.00	140.99	142.00	17342.00
chr3	47462420	47462519	99	99	152.00	251.00	208.28	221.00	20620.00
chr2	219204751	219204864	113	113	155.00	195.00	182.47	183.00	20619.00
chr1	43906123	43906257	134	134	14.00	24.00	17.72	18.00	2375.00
chr7	38785158	38785840	682	682	15.00	390.00	49.55	22.00	33791.00
chr2	153499932	153500058	126	126	104.00	164.00	132.46	137.00	16690.00
chr1	32203011	32203132	121	121	10.00	780.00	575.95	672.00	69690.00
chr22	42290823	42290941	118	118	410.00	792.00	655.55	662.50	77355.00
chr19	47940718	47940818	100	100	512.00	775.00	651.30	637.50	65130.00
chr4	119539150	119539274	124	124	2.00	7.00	4.62	5.00	573.00
chr17	44117067	44117250	183	183	33.00	66.00	48.33	47.00	8845.00
chr19	42485873	42485983	110	110	1920.00	2673.00	2325.58	2335.00	255814.00
chr6	44114583	44114664	81	81	101.00	143.00	125.53	126.00	10168.00
chr19	47941105	47941292	187	187	7.00	854.00	484.88	681.00	90672.00
chr11	73074250	73074500	250	250	189.00	239.00	218.25	220.50	54563.00
chr3	33418764	33418825	61	61	321.00	415.00	350.72	351.00	21394.00
chr1	700258	700505	247	247	13.00	28.00	19.59	19.00	4838.00
chr9	74319510	74319719	209	209	20.00	41.00	31.81	31.00	6648.00
chr16	2336694	2336968	274	274	190.00	457.00	318.78	330.50	87345.00
chr20	3575125	3575219	94	94	102.00	140.00	122.12	121.00	11479.00
chr9	139231377	139231529	152	152	95.00	125.00	108.03	109.00	16420.00
chr5	140515951	140516498	547	547	2.00	13.00	7.37	7.00	4029.00
chr1	21938208	21938309	101	101	623.00	818.00	699.40	682.00	70639.00
chr3	155659188	155659936	748	748	22.00	121.00	80.97	89.00	60565.00
chr16	27483068	27483241	173	173	110.00	150.00	127.50	125.00	22057.00
chr11	994071	994245	174	174	105.00	309.00	241.24	275.50	41975.00
chr7	71175745	71175913	168	168	491.00	788.00	640.79	650.00	107652.00
chr12	121204065	121204175	110	110	163.00	238.00	205.05	210.00	22555.00
chr7	73118679	73118753	74	74	1385.00	1700.00	1554.11	1552.50	115004.00
chr9	140972565	140972710	145	145	61.00	104.00	83.65	83.00	12129.00
chr12	121683329	121684024	695	695	6.00	22.00	14.74	15.00	10245.00
chr16	74493579	74493687	108	108	126.00	186.00	156.60	158.00	16913.00
chr2	36771518	36771641	123	123	131.00	171.00	150.15	150.00	18468.00
chr7	94187181	94187996	815	815	2.00	23.00	13.96	14.00	11376.00
chr14	94156951	94157239	288	288	1.00	8.00	4.88	5.00	1405.00
chr7	121739000	121739524	524	524	0.00	8.00	3.76	4.00	1968.00
chr1	19549117	19549328	211	211	111.00	163.00	131.09	127.00	27661.00
chr19	5214571	5214747	176	176	246.00	555.00	328.36	309.50	57791.00
chr19	42557753	42557861	108	108	193.00	237.00	220.67	221.50	23832.00
chr15	102510686	102510925	239	239	0.00	18.00	11.29	12.00	2699.00
chr5	167673761	167675376	1615	1615	36.00	131.00	77.56	73.00	125253.00
chr7	44282158	44282253	95	95	859.00	1303.00	1086.76	1058.00	103242.00
chr2	160621061	160621717	656	656	4.00	107.00	15.76	10.00	10338.00
chr5	10426501	10426634	133	133	183.00	308.00	253.59	263.00	33728.00
chr16	1814301	1814460	159	159	698.00	826.00	773.40	783.00	122971.00
chr11	21581734	21581928	194	194	154.00	240.00	193.80	185.00	37597.00
chr3	126749085	126749255	170	170	149.00	227.00	184.09	175.50	31296.00
chr11	12237765	12237866	101	101	411.00	525.00	465.46	465.00	47011.00
chr6	31750872	31750963	91	91	148.00	203.00	178.54	178.00	16247.00
chr3	53124201	53124398	197	197	7.00	19.00	12.20	12.00	2403.00
chr2	220161470	220161544	74	74	1342.00	1691.00	1576.30	1601.50	116646.00
chr2	128951046	128951785	739	739	17.00	67.00	39.89	35.00	29479.00
chr5	24535811	24535931	120	120	109.00	159.00	131.23	128.00	15748.00
chr1	44083406	44083582	176	176	272.00	380.00	321.74	320.00	56626.00
chr1	32207653	32207818	165	165	440.00	733.00	543.74	523.00	89717.00
chr12	7293754	7294000	246	246	6.00	1213.00	712.46	1000.00	175265.00
chr3	131442289	131442469	180	180	145.00	198.00	175.91	177.50	31664.00
chr3	49898871	49899298	427	427	49.00	1525.00	622.02	838.00	265601.00
chr16	66432358	66432464	106	106	30.00	44.00	36.65	36.00	3885.00
chr1	20982593	20982680	87	87	288.00	443.00	354.62	329.00	30852.00
chr16	68398653	68398809	156	156	55.00	78.00	65.47	65.00	10214.00
chr17	16676818	16678279	1461	1461	15.00	50.00	25.89	24.00	37820.00
chr1	109814899	109815027	128	128	358.00	517.00	438.82	438.00	56169.00
chr1	21940478	21940582	104	104	730.00	884.00	803.49	791.50	83563.00
chr20	57468284	57468793	509	509	0.00	9.00	5.06	5.00	2574.00
chr3	127358087	127358366	279	279	218.00	518.00	375.43	369.00	104745.00
chr3	126735359	126735527	168	168	100.00	132.00	119.17	120.00	20021.00
chr10	103869140	103869264	124	124	284.00	382.00	323.48	318.00	40111.00
chr20	44520554	44520666	112	112	143.00	210.00	171.96	165.50	19260.00
chr1	32203252	32203356	104	104	495.00	686.00	595.08	578.50	61888.00
chr21	40186196	40186316	120	120	295.00	395.00	361.26	369.00	43351.00
chr5	111067153	111068349	1196	1196	6.00	47.00	20.16	18.00	24111.00
chr9	128002954	128003186	232	232	364.00	643.00	494.95	500.00	114828.00
chr1	43408896	43408992	96	96	195.00	255.00	222.40	216.50	21350.00
chr3	47463931	47464026	95	95	162.00	186.00	174.24	174.00	16553.00
chr2	220161160	220161238	78	78	1287.00	1481.00	1387.79	1388.50	108248.00
chr11	62472772	62473089	317	317	1417.00	2716.00	1984.22	1996.00	628998.00
chr9	130986341	130986906	565	565	2.00	715.00	159.26	13.00	89982.00
chr14	69358769	69359000	231	231	255.00	393.00	320.69	322.00	74080.00
chr11	64416205	64416379	174	174	160.00	279.00	218.60	230.50	38037.00
chr17	8398454	8398559	105	105	399.00	520.00	465.37	462.00	48864.00
chr12	53572943	53574193	1250	1250	11.00	69.00	28.00	23.00	34998.00
chr17	17696544	17701827	5283	5283	29.00	213.00	83.28	78.00	439988.00
chr8	11705187	11705331	144	144	1310.00	1780.00	1630.05	1649.00	234727.00
chr19	54963829	54963931	102	102	209.00	298.00	239.90	237.50	24470.00
chr2	70451682	70456295	4613	4613	1.00	146.00	32.50	30.00	149919.00
chr11	118873959	118874169	210	210	5.00	28.00	16.78	17.00	3523.00
chr10	75548427	75548581	154	154	44.00	97.00	74.29	75.00	11440.00
chr6	33414351	33414563	212	212	451.00	776.00	650.10	672.00	137821.00
chr17	80042910	80043032	122	122	208.00	284.00	247.50	254.50	30195.00
chr11	11470290	11470483	193	193	90.00	125.00	109.59	111.00	21151.00
chr8	23294446	23294771	325	325	106.00	204.00	140.13	134.00	45543.00
chr1	116932060	116932663	603	603	5.00	3384.00	1091.63	10.00	658254.00
chr15	83222627	83222741	114	114	71.00	106.00	86.44	86.00	9854.00
chr3	9841562	9841751	189	189	12.00	25.00	18.58	18.00	3512.00
chr1	116937731	116937907	176	176	2106.00	3998.00	2568.99	2382.50	452142.00
chr16	87868019	87868197	178	178	130.00	199.00	161.37	164.00	28724.00
chr3	124209540	124209731	191	191	597.00	947.00	764.16	745.00	145955.00
chr7	71142195	71142291	96	96	583.00	772.00	685.54	698.00	65812.00
chr5	130497324	130497584	260	260	6.00	13.00	9.57	9.00	2488.00
chr13	100199238	100199358	120	120	284.00	402.00	340.54	332.00	40865.00
chr5	139943336	139943506	170	170	15.00	249.00	212.84	221.00	36183.00
chr17	74395529	74396002	473	473	67.00	211.00	150.73	147.00	71293.00
chr14	93179149	93179216	67	67	196.00	225.00	210.64	211.00	14113.00
chr4	160277004	160277310	306	306	51.00	341.00	186.48	180.50	57063.00
chr17	40666306	40666478	172	172	1008.00	1632.00	1310.51	1265.50	225408.00
chr15	34828065	34828207	142	142	2.00	184.00	131.25	142.00	18638.00
chr14	100165802	100165876	74	74	552.00	702.00	628.32	643.50	46496.00
chr22	20128089	20128231	142	142	13.00	165.00	101.91	141.00	14471.00
chr12	3392210	3394421	2211	2211	3.00	96.00	39.38	38.00	87069.00
chr17	16687866	16690667	2801	2801	2.00	132.00	22.87	18.00	64051.00
chr6	31664724	31664810	86	86	150.00	232.00	180.06	177.00	15485.00
chr6	30627512	30627611	99	99	51.00	69.00	63.26	63.00	6263.00
chr11	18752834	18755060	2226	2226	9.00	979.00	103.70	33.00	230840.00
chr12	109332602	109332731	129	129	468.00	634.00	516.05	501.00	66570.00
chr6	90072884	90073110	226	226	12.00	20.00	16.71	16.00	3777.00
chr16	2689371	2689711	340	340	0.00	1.00	0.17	0.00	59.00
chr1	20987373	20987484	111	111	252.00	340.00	302.84	308.00	33615.00
chr14	85985300	85986667	1367	1367	8.00	37.00	17.85	16.00	24405.00
chr13	32863769	32863880	111	111	169.00	212.00	192.70	195.00	21390.00
chr16	1510418	1510528	110	110	86.00	126.00	101.69	102.00	11186.00
chr19	54963269	54963444	175	175	287.00	400.00	328.59	314.00	57503.00
chr6	44224078	44224233	155	155	32.00	50.00	40.74	40.00	6315.00
chr20	3151172	3152285	1113	1113	9.00	42.00	22.85	24.00	25432.00
chr1	892273	892405	132	132	162.00	283.00	208.33	202.50	27499.00
chr16	90192167	90192724	557	557	8.00	59.00	30.24	28.00	16846.00
chr9	111663704	111663810	106	106	90.00	116.00	102.14	102.00	10827.00
chr6	44108764	44108835	71	71	134.00	186.00	157.65	160.00	11193.00
chr1	36028802	36029027	225	225	2331.00	3755.00	3001.98	2878.00	675446.00
chr11	66807259	66807674	415	415	11.00	237.00	190.26	197.00	78957.00
chr1	178426817	178427679	862	862	27.00	96.00	53.23	52.00	45880.00
chr19	42482302	42482478	176	176	2509.00	4059.00	2934.97	2849.00	516554.00
chr1	44084718	44084873	155	155	217.00	437.00	306.22	291.00	47464.00
chr1	109812315	109812442	127	127	311.00	431.00	358.62	355.00	45545.00
chr3	180324268	180324391	123	123	79.00	117.00	105.20	109.00	12939.00
chr15	63933668	63933842	174	174	130.00	234.00	177.28	178.00	30846.00
chr20	44521363	44521519	156	156	199.00	285.00	236.12	231.50	36834.00
chr3	33416779	33416910	131	131	178.00	334.00	245.50	254.00	32160.00
chr1	21934624	21934843	219	219	6.00	946.00	449.83	611.00	98513.00
chr14	69799801	69799886	85	85	118.00	159.00	144.88	148.00	12315.00
chr1	116936134	116936345	211	211	2.00	2914.00	2335.55	2568.00	492801.00
chr14	23634493	23634645	152	152	44.00	70.00	55.37	56.00	8416.00
chr16	1402538	1402947	409	409	5.00	20.00	13.64	15.00	5577.00
chr9	20331	25000	4669	4669	0.00	108.00	26.43	24.00	123416.00
chr17	43545574	43545959	385	385	16.00	45.00	25.18	24.00	9696.00
chr13	100201418	100201476	58	58	338.00	367.00	350.50	349.50	20329.00
chr15	41865505	41865665	160	160	422.00	765.00	564.86	567.00	90378.00
chr19	19641688	19642196	508	508	4.00	20.00	12.58	14.00	6392.00
chr11	134147593	134148159	566	566	8.00	37.00	16.42	12.00	9296.00
chr2	71656420	71657290	870	870	4.00	30.00	16.28	15.00	14160.00
chr7	97834775	97835016	241	241	188.00	293.00	241.80	243.00	58274.00
chr19	13363804	13363915	111	111	113.00	153.00	135.87	136.00	15082.00
chr18	31328383	31329011	628	628	3.00	24.00	12.68	13.00	7966.00
chr16	66431884	66432009	125	125	28.00	36.00	31.75	32.00	3969.00
chr19	47935155	47935702	547	547	0.00	1227.00	439.93	523.00	240641.00
chr12	50291769	50291873	104	104	1449.00	2148.00	1700.14	1686.00	176815.00
chr11	1780198	1780317	119	119	799.00	1438.00	1033.66	1024.00	123005.00
chr15	65392626	65393167	541	541	4.00	24.00	13.54	13.00	7325.00
chr2	86397871	86397967	96	96	128.00	192.00	176.31	180.50	16926.00
chr7	97866087	97866233	146	146	149.00	263.00	208.89	228.50	30498.00
chr11	60687157	60687402	245	245	123.00	210.00	176.73	184.00	43300.00
chr21	43307700	43309453	1753	1753	21.00	68.00	38.54	38.00	67552.00
chr14	24619269	24619657	388	388	26.00	77.00	40.07	38.00	15546.00
chr11	65320634	65320727	93	93	78.00	114.00	96.60	96.00	8984.00
chr16	29891184	29891385	201	201	725.00	1039.00	877.51	858.00	176379.00
chr1	32207224	32207326	102	102	817.00	1039.00	911.47	901.00	92970.00
chr11	72300218	72300394	176	176	5.00	687.00	231.62	9.00	40765.00
chr17	7608878	7609038	160	160	47.00	209.00	128.40	130.00	20544.00
chr19	7607646	7607814	168	168	147.00	212.00	183.25	183.00	30786.00
chr19	54966129	54966271	142	142	169.00	256.00	222.50	228.00	31595.00
chr12	57995027	57995131	104	104	201.00	249.00	225.29	223.00	23430.00
chr1	27428875	27429049	174	174	89.00	122.00	103.57	103.00	18022.00
chr2	27688277	27688385	108	108	36.00	93.00	63.64	68.00	6873.00
chr16	2691449	2692254	805	805	0.00	22.00	2.70	2.00	2170.00
chr9	131503813	131503933	120	120	412.00	482.00	443.84	443.00	53261.00
chr16	2347766	2347922	156	156	166.00	275.00	219.79	216.50	34288.00
chr17	80039884	80040036	152	152	353.00	443.00	401.12	404.00	60970.00
chr1	32204432	32204538	106	106	763.00	1081.00	911.62	906.50	96632.00
chr12	9242951	9243078	127	127	162.00	215.00	192.03	192.00	24388.00
chr3	49702661	49702751	90	90	216.00	292.00	260.46	254.50	23441.00
chr19	35820359	35820837	478	478	5.00	17.00	9.24	8.00	4418.00
chr1	201456762	201457615	853	853	1.00	10.00	4.90	4.00	4183.00
chr16	2334279	2334438	159	159	230.00	306.00	269.44	272.00	42841.00
chr10	73578373	73578481	108	108	3979.00	4929.00	4397.18	4348.00	474895.00
chr16	18530550	18530756	206	206	1.00	800.00	402.89	599.00	82996.00
chr16	16369094	16369300	206	206	1.00	831.00	411.77	606.50	84825.00
chr13	113975636	113975785	149	149	4.00	489.00	208.87	8.00	31122.00
chr11	119293822	119294227	405	405	14.00	9185.00	844.08	74.00	341854.00
chr5	150505962	150506041	79	79	1439.00	2217.00	1851.57	1830.00	146274.00
chr22	44224939	44225078	139	139	1160.00	1462.00	1261.78	1243.00	175387.00
chr15	41865199	41865309	110	110	381.00	497.00	438.67	431.00	48254.00
chr17	25633807	25636298	2491	2491	21.00	464.00	203.18	248.00	506132.00
chr15	72495155	72495529	374	374	5.00	4566.00	1818.95	16.00	680288.00
chr9	42540272	42542124	1852	1852	2.00	31.00	14.50	15.00	26845.00
chr11	119290760	119291704	944	944	2.00	11129.00	2789.43	11.00	2633226.00
chr19	5219949	5220165	216	216	195.00	300.00	236.48	225.50	51079.00
chr15	63910769	63911153	384	384	0.00	47.00	18.83	18.00	7232.00
chr17	74393879	74393969	90	90	158.00	229.00	188.33	184.00	16950.00
chr10	104129467	104129532	65	65	82.00	108.00	95.20	95.00	6188.00
chr3	142454224	142454620	396	396	6.00	24.00	12.68	11.00	5021.00
chr12	121205196	121205396	200	200	206.00	267.00	234.44	235.00	46887.00
chr3	31705570	31705724	154	154	27.00	57.00	37.12	35.00	5717.00
chr6	118635190	118636593	1403	1403	16.00	182.00	118.33	119.00	166014.00
chr8	10339867	10340829	962	962	4.00	32.00	18.19	18.00	17500.00
chr19	16952578	16952779	201	201	118.00	189.00	156.03	159.00	31363.00
chr8	110984486	110985016	530	530	140.00	237.00	182.74	180.00	96850.00
chr9	128001219	128001610	391	391	509.00	1223.00	893.93	952.00	349527.00
chr11	73070878	73070997	119	119	183.00	232.00	206.96	205.00	24628.00
chr10	104130140	104130235	95	95	90.00	117.00	99.86	100.00	9487.00
chr5	95733039	95733173	134	134	196.00	304.00	251.93	250.50	33758.00
chr19	59059400	59059547	147	147	252.00	360.00	311.41	318.00	45777.00
chr5	139943169	139943255	86	86	21.00	170.00	123.83	132.00	10649.00
chr17	73487771	73487981	210	210	73.00	152.00	104.12	105.50	21865.00
chr1	154315588	154315777	189	189	26.00	45.00	34.62	34.00	6543.00
chr14	95652726	95653070	344	344	0.00	5.00	2.67	3.00	919.00
chr12	123639801	123640772	971	971	7.00	35.00	20.25	21.00	19658.00
chr22	47064870	47065171	301	301	5.00	18.00	10.93	11.00	3290.00
chr5	24535220	24535388	168	168	87.00	132.00	110.11	112.00	18499.00
chr12	6806452	6806958	506	506	215.00	587.00	378.25	377.00	191393.00
chr22	29881711	29881836	125	125	357.00	419.00	388.18	389.00	48523.00
chr7	75894681	75894786	105	105	73.00	98.00	83.45	82.00	8762.00
chr12	121089007	121095893	6886	6886	9.00	244.00	55.36	47.00	381201.00
chr1	207940357	207942365	2008	2008	7.00	233.00	45.12	32.00	90596.00
chr7	154681166	154681240	74	74	494.00	652.00	577.53	571.50	42737.00
chr5	131696513	131697529	1016	1016	5.00	22.00	11.88	11.00	12065.00
chr11	1776135	1776258	123	123	459.00	1236.00	775.19	717.00	95348.00
chr8	11706554	11706673	119	119	1057.00	1556.00	1296.64	1269.00	154300.00
chr11	18759426	18759511	85	85	428.00	566.00	480.93	468.00	40879.00
chr16	61689373	61689625	252	252	73.00	113.00	97.91	100.00	24674.00
chr15	51750702	51750824	122	122	224.00	278.00	247.64	250.00	30212.00
chr9	35555056	35555698	642	642	248.00	644.00	418.03	420.50	268378.00
chr2	198356200	198356621	421	421	1.00	9.00	5.06	5.00	2131.00
chr9	131001723	131001794	71	71	3555.00	4460.00	4039.65	4065.00	286815.00
chr19	5214371	5214491	120	120	403.00	627.00	508.24	472.00	60989.00
chr22	35719488	35719623	135	135	171.00	232.00	205.61	211.00	27758.00
chr12	121678738	121679829	1091	1091	10.00	34.00	18.16	17.00	19816.00
chr14	23820960	23821064	104	104	1914.00	2426.00	2248.84	2292.00	233879.00
chr1	32205710	32205779	69	69	590.00	874.00	721.81	701.00	49805.00
chr3	33420176	33420326	150	150	10.00	422.00	146.67	14.00	22000.00
chr9	114820707	114820966	259	259	35.00	68.00	50.71	50.00	13134.00
chr15	41865876	41866023	147	147	17.00	895.00	708.67	738.00	104174.00
chr19	55554308	55554637	329	329	3.00	17.00	8.80	8.00	2896.00
chr1	116933403	116933513	110	110	2448.00	3083.00	2770.19	2765.00	304721.00
chr19	15374230	15374359	129	129	68.00	154.00	110.21	115.00	14217.00
chr12	56090682	56090852	170	170	27.00	56.00	43.62	46.00	7416.00
chr14	69445668	69445876	208	208	81.00	296.00	195.49	209.50	40662.00
chr12	57603474	57603651	177	177	246.00	414.00	322.31	328.00	57048.00
chr22	32897492	32898946	1454	1454	14.00	150.00	69.73	60.00	101394.00
chr16	16367702	16367764	62	62	21.00	531.00	271.85	292.00	16855.00
chr19	5245786	5246056	270	270	119.00	313.00	195.21	185.50	52707.00
chr16	74345440	74345829	389	389	9.00	19.00	13.51	14.00	5255.00
chr6	107096899	107097076	177	177	18.00	43.00	32.99	33.00	5840.00
chr1	29641883	29642019	136	136	59.00	79.00	65.74	65.00	8941.00
chr8	97342440	97342509	69	69	234.00	284.00	255.42	255.00	17624.00
chr8	68116914	68117054	140	140	73.00	115.00	97.20	100.00	13608.00
chr22	22037470	22037546	76	76	46.00	60.00	53.76	54.00	4086.00
chr22	50682147	50683420	1273	1273	11.00	157.00	95.43	94.00	121480.00
chr20	44048971	44049069	98	98	197.00	231.00	219.98	224.00	21558.00
chr1	36904356	36904511	155	155	36.00	72.00	51.45	51.00	7974.00
chr12	71054719	71054877	158	158	88.00	132.00	103.53	101.00	16357.00
chr15	50654364	50655515	1151	1151	1.00	18.00	8.44	8.00	9712.00
chr2	234198499	234198620	121	121	96.00	129.00	116.21	117.00	14062.00
chr9	128001699	128001812	113	113	519.00	665.00	579.99	570.00	65539.00
chr8	38272296	38272419	123	123	60.00	93.00	82.49	87.00	10146.00
chr11	73068069	73068179	110	110	146.00	221.00	183.43	189.50	20177.00
chr16	28123137	28123327	190	190	119.00	218.00	177.23	178.50	33673.00
chr12	49424062	49424222	160	160	25.00	51.00	38.46	37.00	6154.00
chr19	50302885	50303023	138	138	440.00	661.00	547.54	506.50	75561.00
chr19	42480567	42480718	151	151	4037.00	6548.00	5234.46	5267.00	790403.00
chr3	197904395	197905301	906	906	2.00	46.00	22.85	24.00	20704.00
chr13	100189992	100190117	125	125	218.00	284.00	250.03	251.00	31254.00
chr19	14268062	14268272	210	210	299.00	459.00	372.75	370.50	78278.00
chr10	93786886	93787057	171	171	51.00	78.00	59.54	59.00	10182.00
chr1	109808726	109808828	102	102	224.00	301.00	258.14	253.50	26330.00
chr4	134075461	134075520	59	59	211.00	277.00	231.85	230.00	13679.00
chr1	22052268	22053864	1596	1596	3.00	32.00	15.75	15.00	25130.00
chr9	140056855	140056968	113	113	1783.00	2413.00	2109.30	2131.00	238351.00
chr19	42482087	42482224	137	137	4174.00	5935.00	4919.74	4984.00	674004.00
chr19	4556962	4557025	63	63	643.00	720.00	686.29	687.00	43236.00
chr19	14266921	14267013	92	92	316.00	461.00	405.48	407.50	37304.00
chr22	42273851	42274127	276	276	5.00	1108.00	522.24	569.00	144139.00
chr1	205549788	205550049	261	261	304.00	449.00	363.13	354.00	94777.00
chr1	110765585	110766522	937	937	82.00	245.00	156.03	148.00	146199.00
chr19	55553595	55554158	563	563	10.00	28.00	20.33	21.00	11443.00
chr7	150929881	150931360	1479	1479	34.00	161.00	67.37	62.00	99638.00
chr3	124215157	124215260	103	103	503.00	833.00	704.20	757.00	72533.00
chr16	58220658	58220760	102	102	92.00	117.00	102.59	99.00	10464.00
chr3	10381925	10382033	108	108	632.00	904.00	811.55	826.00	87647.00
chr10	11356101	11356221	120	120	101.00	133.00	118.68	121.50	14242.00
chr22	42294652	42294785	133	133	614.00	876.00	777.65	811.00	103427.00
chr1	2005531	2005714	183	183	19.00	72.00	55.43	60.00	10144.00
chr12	113722522	113722576	54	54	29.00	39.00	34.57	35.00	1867.00
chr9	131502198	131502398	200	200	10.00	592.00	496.03	529.00	99206.00
chr19	40873602	40873786	184	184	2040.00	2855.00	2453.38	2464.00	451422.00
chr2	220162606	220162825	219	219	507.00	973.00	732.67	738.00	160454.00
chr16	28270027	28270355	328	328	16.00	103.00	61.57	59.00	20196.00
chr4	3225718	3225858	140	140	148.00	188.00	167.89	166.00	23505.00
chr17	44127898	44128070	172	172	43.00	74.00	60.84	62.00	10464.00
chr3	47462043	47462262	219	219	122.00	260.00	163.74	151.00	35859.00
chr6	99873090	99873182	92	92	8.00	395.00	163.84	147.50	15073.00
chr7	142561723	142562504	781	781	365.00	1053.00	630.97	569.00	492789.00
chr1	159169540	159169666	126	126	1278.00	1873.00	1620.39	1686.00	204169.00
chr19	7606869	7606953	84	84	100.00	145.00	116.95	111.00	9824.00
chr16	2811561	2818298	6737	6737	3.00	463.00	253.07	248.00	1704928.00
chr3	47450652	47450807	155	155	52.00	74.00	61.32	62.00	9505.00
chr11	118403631	118403922	291	291	184.00	240.00	215.78	217.00	62792.00
chr1	205555161	205555335	174	174	303.00	443.00	374.64	378.00	65187.00
chr12	125603186	125603311	125	125	181.00	227.00	206.22	209.00	25777.00
chr11	86658288	86659498	1210	1210	7.00	27.00	15.48	15.00	18726.00
chr22	37764946	37768745	3799	3799	11.00	525.00	202.80	183.00	770425.00
chr10	46345664	46346215	551	551	1.00	32.00	16.51	16.00	9098.00
chr22	33673045	33673241	196	196	237.00	571.00	367.86	343.50	72101.00
chr9	140042599	140042666	67	67	7.00	350.00	287.61	299.00	19270.00
chr3	48717233	48717320	87	87	252.00	295.00	269.53	271.00	23449.00
chr11	60681600	60681740	140	140	22.00	187.00	88.19	72.00	12346.00
chr10	93784512	93784724	212	212	33.00	66.00	53.25	55.00	11288.00
chr12	7289424	7290372	948	948	4.00	1146.00	294.63	11.00	279308.00
chr3	132387062	132387526	464	464	4.00	20.00	12.91	13.00	5989.00
chr16	2335442	2335647	205	205	230.00	319.00	284.57	289.00	58336.00
chr16	1794782	1797276	2494	2494	11.00	700.00	81.92	34.00	204305.00
chr16	3786036	3786204	168	168	90.00	126.00	108.05	108.00	18152.00
chr9	141131209	141131766	557	557	5.00	27.00	14.34	13.00	7986.00
chr14	92965028	92966015	987	987	12.00	55.00	29.82	31.00	29433.00
chr19	54692070	54692200	130	130	229.00	589.00	390.05	340.00	50706.00
chr15	43866006	43866230	224	224	113.00	182.00	143.15	141.50	32065.00
chr3	40231316	40231954	638	638	68.00	113.00	86.17	83.00	54979.00
chr3	50148937	50149455	518	518	1.00	22.00	10.46	10.00	5419.00
chr4	81117505	81117755	250	250	66.00	120.00	93.97	97.00	23492.00
chr10	46740404	46740638	234	234	0.00	30.00	8.41	3.00	1968.00
chr3	124210169	124210271	102	102	515.00	725.00	653.58	676.50	66665.00
chr11	107488830	107488932	102	102	288.00	385.00	339.89	335.00	34669.00
chr9	130591965	130592106	141	141	57.00	77.00	68.82	69.00	9704.00
chr1	20981932	20982027	95	95	306.00	401.00	347.89	344.00	33050.00
chr12	75875613	75875859	246	246	40.00	67.00	57.08	58.00	14041.00
chr22	32046684	32046764	80	80	65.00	117.00	97.50	104.50	7800.00
chr11	70331418	70331658	240	240	27.00	165.00	91.04	98.00	21849.00
chr14	51079976	51080069	93	93	432.00	579.00	500.72	495.00	46567.00
chr17	80041077	80041301	224	224	272.00	764.00	510.63	498.00	114382.00
chr7	158540884	158540971	87	87	138.00	216.00	169.66	167.00	14760.00
chr1	21553651	21553719	68	68	48.00	77.00	61.66	59.50	4193.00
chr2	219206256	219206349	93	93	129.00	180.00	154.03	154.00	14325.00
chr17	18444211	18445242	1031	1031	4.00	45.00	20.96	20.00	21607.00
chr12	57599340	57599460	120	120	228.00	312.00	269.93	266.50	32391.00
chr11	64417919	64418110	191	191	225.00	405.00	329.21	350.00	62880.00
chr19	3274926	3275650	724	724	10.00	44.00	23.78	20.00	17220.00
chr16	18532086	18532305	219	219	580.00	1031.00	799.07	780.00	174996.00
chr17	3776702	3776756	54	54	726.00	949.00	864.28	863.50	46671.00
chr1	116932670	116933033	363	363	8.00	3645.00	1707.15	2598.00	619694.00
chr16	1505731	1505796	65	65	166.00	244.00	218.82	224.00	14223.00
chr1	9794029	9794200	171	171	2995.00	3639.00	3324.70	3326.00	568523.00
chr10	73579221	73579379	158	158	3093.00	4933.00	4005.06	4226.00	632799.00
chr11	6411684	6412146	462	462	17.00	168.00	102.35	109.00	47285.00
chr1	159163212	159163350	138	138	1092.00	1465.00	1206.64	1186.00	166517.00
chr16	1816723	1816804	81	81	634.00	808.00	712.26	715.00	57693.00
chr7	91722399	91722630	231	231	3.00	106.00	86.68	90.00	20022.00
chr7	44281816	44281939	123	123	1097.00	1374.00	1193.15	1181.00	146757.00
chr2	220467189	220467297	108	108	20.00	39.00	29.57	31.00	3194.00
chr16	4494664	4494729	65	65	197.00	243.00	224.65	228.00	14602.00
chr15	34681844	34681986	142	142	1.00	263.00	183.88	200.00	26111.00
chr9	139995935	139996124	189	189	78.00	148.00	113.09	116.00	21374.00
chr3	180324040	180324160	120	120	75.00	91.00	83.17	83.00	9981.00
chr3	42678359	42681242	2883	2883	28.00	129.00	64.80	59.00	186812.00
chr7	131812776	131815333	2557	2557	4.00	102.00	60.12	55.00	153732.00
chr20	1585387	1585522	135	135	31.00	551.00	313.43	335.00	42313.00
chr3	126751229	126751442	213	213	202.00	268.00	234.17	232.00	49879.00
chr15	63920875	63921014	139	139	146.00	257.00	184.15	171.00	25597.00
chr16	2040128	2040202	74	74	70.00	182.00	127.93	129.50	9467.00
chr9	74324174	74324390	216	216	26.00	53.00	40.06	38.00	8654.00
chr20	44521858	44521950	92	92	198.00	242.00	215.08	214.00	19787.00
chr9	139911647	139911798	151	151	242.00	370.00	314.71	315.00	47521.00
chr9	140055507	140055649	142	142	1868.00	3516.00	2670.92	2384.50	379270.00
chr12	120148055	120148191	136	136	224.00	322.00	257.19	247.00	34978.00
chr12	50474280	50474372	92	92	113.00	154.00	124.60	120.50	11463.00
chr15	63125702	63125828	126	126	194.00	330.00	260.22	269.00	32788.00
chr9	20907148	20907241	93	93	103.00	152.00	132.41	130.00	12314.00
chr16	87874655	87874761	106	106	132.00	210.00	167.00	153.00	17702.00
chr2	162833269	162833460	191	191	11.00	884.00	486.60	724.00	92941.00
chr8	11704560	11704677	117	117	929.00	1291.00	1120.09	1120.00	131051.00
chr15	63926931	63927087	156	156	169.00	286.00	225.65	224.50	35202.00
chr6	31668718	31668805	87	87	165.00	233.00	189.43	183.00	16480.00
chr7	148910792	148910906	114	114	27.00	54.00	41.25	43.00	4702.00
chr14	42355808	42357213	1405	1405	28.00	163.00	81.40	80.00	114368.00
chr10	88678928	88679226	298	298	17.00	30.00	23.10	23.00	6884.00
chr3	140998219	140998346	127	127	45.00	92.00	65.47	63.00	8315.00
chr1	144859758	144859998	240	240	87.00	162.00	104.59	104.00	25102.00
chr9	96054772	96055455	683	683	76.00	304.00	195.64	211.00	133624.00
chr19	7604803	7604944	141	141	113.00	216.00	146.94	152.00	20718.00
chr12	30906277	30907432	1155	1155	9.00	95.00	43.76	39.00	50538.00
chr9	131112762	131112854	92	92	125.00	257.00	202.90	206.50	18667.00
chr20	61981328	61982379	1051	1051	38.00	120.00	72.99	72.00	76712.00
chr7	38431348	38431618	270	270	390.00	873.00	597.82	605.00	161412.00
chr20	44521036	44521123	87	87	175.00	241.00	205.02	202.00	17837.00
chr11	64418726	64419108	382	382	199.00	375.00	291.17	293.00	111226.00
chr12	120148344	120150270	1926	1926	5.00	376.00	53.12	20.00	102302.00
chr12	6930971	6931066	95	95	15.00	734.00	401.37	399.00	38130.00
chr16	2339434	2339621	187	187	137.00	251.00	181.95	166.00	34024.00
chr2	27700083	27700187	104	104	52.00	68.00	58.43	57.00	6077.00
chr14	69805367	69805494	127	127	102.00	203.00	148.87	143.00	18907.00
chr12	9242497	9242619	122	122	154.00	246.00	206.75	216.00	25223.00
chr3	58256658	58256791	133	133	76.00	156.00	108.56	93.00	14439.00
chr10	79744927	79745098	171	171	68.00	146.00	106.52	110.00	18215.00
chr1	159161725	159161866	141	141	703.00	1191.00	1007.54	1090.00	142063.00
chr16	31085202	31085519	317	317	6.00	49.00	33.65	36.00	10668.00
chr1	171755018	171755218	200	200	56.00	80.00	70.17	71.00	14033.00
chr9	130988124	130989280	1156	1156	0.00	2595.00	296.25	27.00	342463.00
chr15	63127935	63127998	63	63	201.00	246.00	218.21	213.00	13747.00
chr19	1917676	1917821	145	145	7.00	183.00	139.17	151.00	20180.00
chr22	25315792	25315960	168	168	98.00	174.00	134.81	133.50	22648.00
chr2	207943790	207945085	1295	1295	18.00	58.00	35.42	34.00	45864.00
chr11	47330706	47330952	246	246	7.00	837.00	366.40	14.00	90134.00
chr3	142743978	142746095	2117	2117	3.00	177.00	19.08	12.00	40394.00
chr7	44839492	44839694	202	202	2.00	9.00	5.34	5.50	1079.00
chr22	31688260	31688471	211	211	6.00	123.00	78.81	97.00	16629.00
chr11	66333492	66333638	146	146	464.00	651.00	559.28	557.00	81655.00
chr9	131114916	131115026	110	110	237.00	311.00	269.20	268.50	29612.00
chr1	20206	21013	807	807	11.00	75.00	38.36	37.00	30960.00
chr11	108216469	108216635	166	166	22.00	53.00	40.65	41.50	6748.00
chr1	209778880	209779019	139	139	281.00	423.00	356.81	375.00	49597.00
chr1	202935876	202936026	150	150	104.00	189.00	149.13	142.00	22370.00
chr12	57600255	57600524	269	269	237.00	323.00	277.10	274.00	74540.00
chr19	15233503	15233615	112	112	52.00	98.00	68.03	68.00	7619.00
chr8	68115317	68115486	169	169	93.00	134.00	118.67	118.00	20055.00
chr19	13419229	13419342	113	113	58.00	108.00	92.50	97.00	10452.00
chr6	33266815	33267130	315	315	14.00	45.00	29.03	28.00	9146.00
chr16	89780611	89781646	1035	1035	13.00	54.00	26.67	25.00	27608.00
chr12	109964162	109964221	59	59	60.00	81.00	69.59	69.00	4106.00
chr22	24491893	24492045	152	152	77.00	119.00	96.28	95.00	14635.00
chr2	242592926	242593025	99	99	213.00	307.00	246.57	233.00	24410.00
chr1	21937944	21938074	130	130	641.00	1086.00	904.81	984.50	117625.00
chr2	223789173	223789313	140	140	215.00	283.00	255.86	259.00	35821.00
chr20	3772318	3772535	217	217	5.00	17.00	9.95	10.00	2160.00
chr16	18531918	18532001	83	83	842.00	1124.00	1003.45	1011.00	83286.00
chr1	43396296	43396537	241	241	146.00	250.00	204.10	207.00	49188.00
chr2	100037960	100038115	155	155	54.00	79.00	67.98	68.00	10537.00
chr16	1500497	1500770	273	273	6.00	175.00	101.49	149.00	27707.00
chr19	40876016	40876144	128	128	1842.00	2693.00	2238.85	2180.00	286573.00
chr5	168112691	168112932	241	241	38.00	66.00	50.81	49.00	12245.00
chr2	127825738	127825831	93	93	495.00	585.00	536.47	531.00	49892.00
chr1	19232015	19234990	2975	2975	6.00	114.00	37.90	35.00	112757.00
chr16	1391129	1391196	67	67	430.00	521.00	474.04	468.00	31761.00
chr6	33410665	33411689	1024	1024	11.00	498.00	230.55	238.00	236086.00
chr9	95872033	95872266	233	233	1.00	5.00	3.09	3.00	719.00
chr1	53378627	53378839	212	212	8.00	16.00	12.75	12.00	2702.00
chr2	80531276	80531693	417	417	22.00	93.00	70.27	74.00	29301.00
chr7	44286718	44286791	73	73	1028.00	1232.00	1116.04	1113.00	81471.00
chr7	157369304	157369471	167	167	659.00	841.00	744.04	743.00	124254.00
chr11	18755079	18755191	112	112	14.00	551.00	364.71	484.50	40848.00
chr6	86237979	86238080	101	101	142.00	172.00	157.82	157.00	15940.00
chr8	145000951	145001050	99	99	83.00	125.00	104.01	102.00	10297.00
chr19	45167680	45167966	286	286	10.00	36.00	21.27	23.00	6082.00
chr10	48930165	48930400	235	235	0.00	29.00	9.15	4.00	2151.00
chr16	87871450	87871547	97	97	165.00	247.00	210.57	218.00	20425.00
chr1	109815454	109815649	195	195	316.00	509.00	409.47	407.00	79846.00
chr1	208215442	208215711	269	269	92.00	161.00	132.71	134.00	35700.00
chr2	260866	261451	585	585	8.00	26.00	14.58	13.00	8532.00
chr5	180481266	180481724	458	458	6.00	27.00	18.43	19.00	8440.00
chr7	73119479	73119631	152	152	3.00	2284.00	926.42	6.00	140816.00
chr15	34677248	34677358	110	110	252.00	443.00	341.15	323.50	37527.00
chr16	57687114	57687247	133	133	54.00	83.00	69.09	70.00	9189.00
chr15	50649406	50649592	186	186	1.00	6.00	3.72	4.00	692.00
chr22	21071995	21072066	71	71	1919.00	2198.00	2060.41	2065.00	146289.00
chr5	179200882	179201561	679	679	6.00	34.00	20.91	20.00	14198.00
chr10	98763824	98763979	155	155	181.00	235.00	203.83	202.00	31594.00
chr14	102963315	102963457	142	142	140.00	219.00	163.98	159.00	23285.00
chr1	21932558	21933138	580	580	7.00	1074.00	216.81	21.50	125750.00
chr16	28118842	28118998	156	156	180.00	222.00	200.05	201.00	31208.00
chr1	241767561	241767881	320	320	86.00	162.00	125.21	127.00	40067.00
chr11	66812063	66812184	121	121	205.00	302.00	237.58	228.00	28747.00
chr11	12248571	12248678	107	107	482.00	667.00	590.23	604.00	63155.00
chr9	130588788	130588951	163	163	42.00	68.00	56.26	55.00	9170.00
chr22	21068915	21068988	73	73	1709.00	2327.00	2089.52	2143.00	152535.00
chr1	43424304	43424531	227	227	20.00	312.00	216.97	233.00	49253.00
chr14	105852021	105853670	1649	1649	11.00	188.00	30.36	27.00	50070.00
chr15	34823469	34823579	110	110	281.00	429.00	354.96	351.00	39046.00
chr11	171365	172282	917	917	5.00	47.00	23.52	24.00	21572.00
chr22	24493976	24494155	179	179	71.00	121.00	97.99	95.00	17541.00
chr15	79291060	79291167	107	107	472.00	666.00	579.29	590.00	61984.00
chr16	2145904	2146194	290	290	14.00	26.00	20.27	21.00	5878.00
chr9	131503050	131503166	116	116	388.00	563.00	476.72	475.00	55299.00
chr11	61301983	61302579	596	596	11.00	52.00	34.41	33.00	20510.00
chr22	25308609	25308719	110	110	63.00	84.00	72.70	72.00	7997.00
chr12	63977826	63979986	2160	2160	1.00	46.00	17.63	16.00	38081.00
chr19	46928844	46930933	2089	2089	20.00	486.00	237.00	243.00	495088.00
chr16	56969146	56969224	78	78	151.00	196.00	172.01	175.00	13417.00
chr17	40665787	40665996	209	209	2.00	1899.00	793.64	1233.00	165871.00
chr9	131669435	131671600	2165	2165	72.00	205.00	135.72	133.00	293835.00
chr2	220164026	220164271	245	245	12.00	1054.00	345.27	26.00	84592.00
chr19	7589846	7590052	206	206	73.00	164.00	108.13	107.00	22275.00
chr6	91260186	91260268	82	82	67.00	94.00	79.28	78.00	6501.00
chr9	124543742	124543830	88	88	244.00	346.00	296.76	295.50	26115.00
chr12	54071005	54071170	165	165	0.00	7.00	4.56	4.00	752.00
chr2	40443	41212	769	769	12.00	43.00	22.05	20.00	16957.00
chr11	67852159	67852747	588	588	11.00	35.00	20.78	20.00	12221.00
chr8	8233762	8234810	1048	1048	21.00	92.00	54.95	57.50	57588.00
chr2	175671113	175672148	1035	1035	1.00	22.00	8.46	9.00	8752.00
chr7	138984922	138985438	516	516	3.00	14.00	8.82	9.00	4552.00
chr22	40816850	40817104	254	254	89.00	207.00	162.54	164.00	41285.00
chr19	14263120	14263249	129	129	344.00	442.00	386.55	385.00	49865.00
chr19	16962222	16962345	123	123	140.00	338.00	253.62	264.00	31195.00
chr1	109813838	109813918	80	80	319.00	403.00	350.01	343.00	28001.00
chr3	49898148	49898562	414	414	6.00	1207.00	566.21	903.00	234412.00
chr17	17131202	17131510	308	308	14.00	127.00	98.27	107.00	30267.00
chr1	21936067	21936139	72	72	490.00	701.00	587.69	547.50	42314.00
chr3	130424404	130424615	211	211	42.00	72.00	56.96	55.00	12018.00
chr12	56532710	56532797	87	87	110.00	134.00	120.46	120.00	10480.00
chr16	29888591	29888788	197	197	656.00	1024.00	826.67	828.00	162854.00
chr2	114394588	114396196	1608	1608	1.00	44.00	15.99	13.00	25704.00
chr3	124180736	124180803	67	67	445.00	507.00	481.99	484.00	32293.00
chr9	111798485	111798660	175	175	82.00	126.00	101.82	102.00	17818.00
chr10	73847897	73848372	475	475	27.00	1496.00	594.00	607.00	282149.00
chr22	21075585	21075706	121	121	1070.00	2219.00	1867.72	2008.00	225994.00
chr22	20920753	20921104	351	351	47.00	156.00	96.96	97.00	34033.00
chr9	140953020	140953185	165	165	66.00	159.00	111.78	111.00	18444.00
chr22	41620970	41621075	105	105	103.00	130.00	117.20	119.00	12306.00
chr11	6243671	6243839	168	168	44.00	112.00	77.42	79.50	13006.00
chr15	74704225	74704353	128	128	184.00	284.00	244.51	254.50	31297.00
chr3	48719780	48719985	205	205	210.00	319.00	260.94	252.00	53493.00
chr1	222833247	222833348	101	101	106.00	149.00	120.95	117.00	12216.00
chr1	6583675	6584824	1149	1149	5.00	45.00	28.00	29.00	32175.00
chr11	126135857	126135976	119	119	272.00	347.00	313.06	312.00	37254.00
chr8	75156763	75157410	647	647	47.00	101.00	70.31	69.00	45492.00
chr15	83345212	83345389	177	177	255.00	352.00	315.65	316.00	55870.00
chr14	68031638	68032561	923	923	0.00	10.00	4.05	4.00	3736.00
chr19	42479780	42479949	169	169	3769.00	5626.00	4715.28	4577.00	796883.00
chr16	31503329	31503407	78	78	266.00	354.00	299.13	295.00	23332.00
chr17	1564564	1564700	136	136	241.00	313.00	271.44	265.00	36916.00
chr16	58717858	58718082	224	224	24.00	44.00	35.32	36.00	7912.00
chr14	71575320	71575763	443	443	45.00	67.00	56.39	57.00	24981.00
chr1	202934498	202934628	130	130	115.00	175.00	138.08	128.00	17950.00
chr7	73118477	73118586	109	109	1196.00	1517.00	1352.99	1351.00	147476.00
chr19	13365908	13366073	165	165	96.00	143.00	116.53	114.00	19227.00
chr10	102265117	102265958	841	841	13.00	49.00	27.32	26.00	22978.00
chr9	139983320	139983457	137	137	112.00	176.00	142.12	141.00	19471.00
chr18	29206245	29206347	102	102	189.00	255.00	219.14	214.00	22352.00
chr12	120578662	120578827	165	165	71.00	101.00	86.32	87.00	14243.00
chr5	757516	758226	710	710	19.00	50.00	34.41	34.00	24429.00
chr8	21632483	21632567	84	84	76.00	103.00	91.35	94.00	7673.00
chr4	54011499	54011749	250	250	45.00	74.00	62.60	63.00	15649.00
chr8	141680613	141681365	752	752	1.00	21.00	8.28	7.00	6223.00
chr11	57367351	57367850	499	499	26.00	89.00	53.14	51.00	26515.00
chr12	63980009	63980784	775	775	2.00	15.00	8.44	9.00	6542.00
chr9	140057042	140057203	161	161	10.00	2488.00	2113.70	2260.00	340306.00
chr2	7055953	7056098	145	145	46.00	62.00	53.39	53.00	7741.00
chr12	52387768	52389043	1275	1275	12.00	404.00	216.86	204.00	276498.00
chr19	50104931	50105175	244	244	32.00	116.00	59.32	52.00	14473.00
chr19	5218430	5218543	113	113	265.00	465.00	394.19	409.00	44544.00
chr16	29898969	29899138	169	169	475.00	673.00	582.66	602.00	98470.00
chr7	99030900	99031041	141	141	21.00	42.00	30.96	31.00	4365.00
chr17	36692926	36693212	286	286	2.00	14.00	7.40	7.00	2116.00
chr15	73857770	73859335	1565	1565	11.00	101.00	49.33	49.00	77209.00
chr6	44104085	44104176	91	91	135.00	196.00	161.87	154.00	14730.00
chr1	21938518	21938602	84	84	740.00	1003.00	886.29	886.00	74448.00
chr19	13423482	13423595	113	113	52.00	69.00	61.69	62.00	6971.00
chr16	70292882	70293089	207	207	784.00	1077.00	942.01	950.00	194996.00
chr18	61060641	61060782	141	141	78.00	105.00	89.96	87.00	12685.00
chr16	22269814	22270016	202	202	9.00	19.00	15.02	16.00	3035.00
chr1	21554423	21554534	111	111	45.00	58.00	52.29	53.00	5804.00
chr9	140057255	140057455	200	200	11.00	2770.00	1811.84	2219.50	362368.00
chr7	1488255	1488397	142	142	19.00	31.00	24.89	24.00	3534.00
chr14	100166351	100166438	87	87	582.00	736.00	657.06	650.00	57164.00
chr9	101065522	101065705	183	183	486.00	722.00	627.95	648.00	114914.00
chr5	68411752	68412041	289	289	24.00	72.00	49.90	52.00	14422.00
chr1	2452539	2452754	215	215	75.00	221.00	111.99	95.00	24077.00
chr1	21564626	21564737	111	111	40.00	72.00	54.81	51.00	6084.00
chr13	42037713	42039066	1353	1353	2.00	22.00	10.01	10.00	13548.00
chr2	114350236	114350443	207	207	1.00	28.00	14.61	13.00	3025.00
chr1	21939668	21939722	54	54	780.00	898.00	840.52	849.00	45388.00
chr9	139353895	139354007	112	112	48.00	67.00	56.37	57.00	6313.00
chr7	102176367	102176618	251	251	4.00	18.00	12.69	13.00	3186.00
chr3	51411753	51412018	265	265	0.00	361.00	129.68	6.00	34364.00
chr17	73888091	73888266	175	175	18.00	33.00	23.89	24.00	4180.00
chr13	103297258	103297435	177	177	6.00	74.00	36.58	54.00	6474.00
chr15	63922664	63922834	170	170	173.00	280.00	223.45	215.50	37986.00
chr3	33400774	33400849	75	75	259.00	294.00	277.24	277.00	20793.00
chr22	50671744	50671955	211	211	67.00	96.00	78.70	78.00	16606.00
chr1	21190968	21191205	237	237	280.00	393.00	343.19	339.00	81336.00
chr5	14481649	14481727	78	78	195.00	257.00	226.17	223.50	17641.00
chr15	101605556	101606410	854	854	20.00	61.00	41.37	41.00	35326.00
chr17	80040402	80040554	152	152	364.00	587.00	464.20	435.50	70559.00
chr2	132269293	132270897	1604	1604	10.00	77.00	38.33	39.00	61477.00
chr11	1778553	1778786	233	233	1090.00	1617.00	1390.45	1419.00	323976.00
chr11	1469616	1469808	192	192	9.00	28.00	17.49	16.00	3359.00
chr12	120138549	120138630	81	81	311.00	357.00	333.51	334.00	27014.00
chr7	901016	901101	85	85	119.00	213.00	161.33	163.00	13713.00
chr19	13372263	13372424	161	161	125.00	164.00	146.26	147.00	23548.00
chr17	40843154	40843311	157	157	412.00	606.00	511.57	518.00	80316.00
chr17	80039476	80039719	243	243	344.00	520.00	420.74	408.00	102241.00
chr17	16681109	16687365	6256	6256	2.00	215.00	65.23	61.00	408078.00
chr1	116935475	116935610	135	135	2473.00	3335.00	2916.31	2944.00	393702.00
chr6	128294808	128294972	164	164	109.00	280.00	212.30	221.50	34817.00
chr5	109189927	109190617	690	690	1.00	14.00	6.66	7.00	4593.00
chr15	40757533	40757634	101	101	30.00	117.00	89.83	90.00	9073.00
chr2	220164706	220164981	275	275	777.00	1641.00	1218.69	1223.00	335141.00
chr3	164905164	164908639	3475	3475	5.00	115.00	55.83	52.00	193995.00
chr11	60699157	60699356	199	199	130.00	514.00	414.32	428.00	82450.00
chr2	96680301	96680717	416	416	1.00	8.00	4.52	4.00	1879.00
chr17	40845314	40845554	240	240	417.00	683.00	516.41	476.50	123939.00
chr12	125264513	125265391	878	878	8.00	34.00	21.50	22.00	18877.00
chr1	156623704	156624158	454	454	6.00	17.00	11.76	12.00	5339.00
chr6	108370456	108370622	166	166	73.00	130.00	93.93	91.50	15593.00
chr11	19180486	19180587	101	101	26.00	40.00	31.50	31.00	3181.00
chr19	42489069	42489338	269	269	977.00	2274.00	1800.88	1948.00	484438.00
chr2	198274493	198274731	238	238	142.00	227.00	183.16	185.00	43591.00
chr6	47220991	47221257	266	266	172.00	343.00	263.59	262.00	70114.00
chr19	40872679	40872822	143	143	2579.00	4011.00	3349.01	3463.00	478909.00
chr19	54693278	54693627	349	349	9.00	164.00	80.92	91.00	28242.00
chr12	81929	82174	245	245	5.00	23.00	14.96	16.00	3666.00
chr21	45513943	45514114	171	171	71.00	124.00	96.14	94.00	16440.00
chr3	124201630	124201747	117	117	7.00	696.00	489.64	602.00	57288.00
chr17	79805118	79805223	105	105	346.00	427.00	395.65	403.00	41543.00
chr20	46307419	46307548	129	129	60.00	99.00	73.19	72.00	9442.00
chr17	38187790	38187873	83	83	134.00	175.00	155.25	156.00	12886.00
chr2	207452814	207452878	64	64	444.00	528.00	480.30	482.00	30739.00
chr17	45695715	45695823	108	108	414.00	479.00	437.88	434.00	47291.00
chr7	44283023	44283126	103	103	791.00	1183.00	1022.91	1025.00	105360.00
chr20	62274975	62275284	309	309	3.00	3299.00	1541.30	2096.00	476263.00
chr11	108202605	108202764	159	159	19.00	40.00	31.51	33.00	5010.00
chr9	140051314	140051489	175	175	976.00	1520.00	1220.46	1172.00	213580.00
chr22	45574118	45574781	663	663	40.00	106.00	70.54	71.00	46767.00
chr15	79312382	79312446	64	64	276.00	321.00	298.41	299.50	19098.00
chr1	21940120	21940199	79	79	693.00	829.00	759.65	755.00	60012.00
chr17	3775847	3775921	74	74	608.00	931.00	801.32	839.00	59298.00
chr7	73133931	73134019	88	88	17.00	1827.00	611.08	454.50	53775.00
chr11	72292920	72292991	71	71	700.00	796.00	747.37	747.00	53063.00
chr7	43547616	43547730	114	114	152.00	221.00	192.73	198.00	21971.00
chr16	58713760	58714145	385	385	23.00	49.00	34.62	33.00	13328.00
chr22	21083600	21083794	194	194	1125.00	1703.00	1437.12	1461.00	278801.00
chr11	66457275	66457414	139	139	578.00	905.00	715.88	712.00	99507.00
chr15	91561034	91561115	81	81	55.00	75.00	64.62	66.00	5234.00
chr11	2968525	2969001	476	476	1.00	12.00	7.29	8.00	3472.00
chr19	34869838	34869910	72	72	2078.00	2604.00	2325.81	2310.50	167458.00
chr9	121970996	121971219	223	223	246.00	370.00	316.60	320.00	70601.00
chr3	47449772	47449980	208	208	10.00	119.00	69.55	81.50	14467.00
chr12	57601820	57601999	179	179	263.00	555.00	422.59	424.00	75644.00
chr16	2345590	2345741	151	151	229.00	307.00	272.33	275.00	41122.00
chr12	50471782	50471910	128	128	89.00	126.00	106.53	105.50	13636.00
chr1	109814221	109814344	123	123	389.00	558.00	506.04	516.00	62243.00
chr19	16942304	16942458	154	154	120.00	174.00	146.84	150.00	22613.00
chr11	66333301	66333398	97	97	506.00	615.00	559.85	565.00	54305.00
chr5	74026084	74026223	139	139	115.00	158.00	134.55	133.00	18703.00
chr5	68417520	68417722	202	202	60.00	82.00	70.31	70.00	14202.00
chr19	15272262	15272525	263	263	24.00	51.00	36.06	34.00	9484.00
chr3	45872404	45872482	78	78	190.00	233.00	210.59	210.00	16426.00
chr7	73123374	73123452	78	78	1845.00	2248.00	2103.55	2146.50	164077.00
chr5	14498197	14498360	163	163	180.00	276.00	245.50	253.00	40016.00
chr14	93180167	93180230	63	63	173.00	225.00	196.57	202.00	12384.00
chr9	130984739	130984875	136	136	3006.00	4583.00	3759.32	3539.00	511267.00
chr13	31216764	31216894	130	130	33.00	46.00	39.81	40.00	5175.00
chr12	112614399	112614506	107	107	98.00	249.00	224.50	226.00	24021.00
chr12	57602865	57602982	117	117	397.00	593.00	470.75	457.00	55078.00
chr14	72976861	72976987	126	126	121.00	180.00	147.33	147.00	18563.00
chr1	155209406	155209553	147	147	131.00	199.00	158.62	152.00	23317.00
chr10	49633930	49634113	183	183	156.00	228.00	182.20	175.00	33343.00
chr16	84100093	84100218	125	125	189.00	258.00	223.82	226.00	27978.00
chr1	155207924	155208097	173	173	162.00	247.00	196.86	183.00	34057.00
chr12	2786898	2787033	135	135	24.00	78.00	50.02	47.00	6753.00
chr2	233755457	233756197	740	740	5.00	1531.00	269.00	26.00	199057.00
chr14	60631894	60632099	205	205	112.00	283.00	219.53	239.00	45003.00
chr1	11151549	11151654	105	105	65.00	102.00	82.63	80.00	8676.00
chr4	134076071	134076178	107	107	204.00	301.00	263.04	266.00	28145.00
chr15	91420364	91420441	77	77	175.00	213.00	195.66	194.00	15066.00
chr5	114961533	114961755	222	222	4.00	37.00	23.35	26.00	5183.00
chr16	1814047	1814211	164	164	9.00	785.00	361.41	544.00	59271.00
chr18	44250463	44252581	2118	2118	17.00	213.00	106.77	109.00	226131.00
chr6	158049380	158049518	138	138	78.00	111.00	90.01	88.00	12421.00
chr19	7675585	7675679	94	94	44.00	68.00	57.54	58.00	5409.00
chr13	99461604	99461719	115	115	7.00	259.00	191.82	188.00	22059.00
chr11	130010829	130011467	638	638	1.00	2079.00	227.39	9.00	145074.00
chr11	107526658	107526792	134	134	480.00	604.00	528.84	522.50	70864.00
chr16	1391294	1391490	196	196	366.00	460.00	412.13	411.50	80778.00
chr1	38182716	38184158	1442	1442	16.00	146.00	86.92	87.00	125337.00
chr5	179231023	179231323	300	300	9.00	25.00	17.47	18.00	5240.00
chr14	69814593	69814719	126	126	156.00	216.00	186.71	186.00	23526.00
chr14	69349174	69349309	135	135	363.00	481.00	429.29	431.00	57954.00
chr19	7614792	7614998	206	206	206.00	296.00	246.39	238.50	50757.00
chr1	228270375	228270466	91	91	6.00	1899.00	598.14	282.00	54431.00
chr1	38186022	38186315	293	293	9.00	72.00	47.47	61.00	13910.00
chr13	77641715	77641999	284	284	405.00	599.00	497.99	498.00	141429.00
chr14	100157417	100157498	81	81	240.00	406.00	309.35	293.00	25057.00
chr13	32978280	32979333	1053	1053	6.00	103.00	30.68	23.00	32308.00
chr12	7301567	7301794	227	227	854.00	1254.00	1101.28	1121.00	249990.00
chr9	123583116	123583257	141	141	39.00	56.00	49.59	51.00	6992.00
chr17	26883183	26883284	101	101	76.00	117.00	92.83	88.00	9376.00
chr12	6972993	6973137	144	144	275.00	401.00	347.91	356.50	50099.00
chr20	34322310	34322637	327	327	1.00	9.00	5.09	6.00	1664.00
chr19	7606407	7606570	163	163	148.00	262.00	201.38	201.00	32825.00
chr16	2333186	2333373	187	187	9.00	383.00	292.34	328.00	54668.00
chr12	113825548	113825711	163	163	119.00	246.00	173.31	173.00	28250.00
chr7	4802013	4807749	5736	5736	6.00	113.00	46.88	41.00	268884.00
chr1	43394880	43394985	105	105	190.00	255.00	228.90	239.00	24035.00
chr19	4554399	4554488	89	89	473.00	775.00	680.39	737.00	60555.00
chr16	31719139	31719372	233	233	10.00	30.00	22.13	23.00	5157.00
chr5	134060669	134061744	1075	1075	12.00	37.00	23.58	23.00	25347.00
chr1	202936318	202936371	53	53	10.00	141.00	82.74	108.00	4385.00
chr2	220087366	220087615	249	249	225.00	349.00	288.80	283.00	71910.00
chr2	36764494	36764689	195	195	82.00	130.00	111.10	113.00	21665.00
chr7	43519208	43519343	135	135	142.00	244.00	200.99	207.00	27133.00
chr10	51249585	51249993	408	408	2.00	23.00	11.33	11.00	4622.00
chr6	32123647	32123755	108	108	116.00	183.00	132.69	129.00	14331.00
chr3	118624442	118624692	250	250	2.00	43.00	21.26	10.00	5315.00
chr1	190129797	190130020	223	223	36.00	66.00	49.35	50.00	11006.00
chr9	131004491	131004624	133	133	4.00	4362.00	3444.17	3880.00	458074.00
chr22	33679187	33679334	147	147	236.00	275.00	254.35	255.00	37389.00
chr15	74709931	74710016	85	85	186.00	323.00	229.34	200.00	19494.00
chr7	6470110	6470238	128	128	47.00	68.00	53.58	51.00	6858.00
chr1	6640600	6641359	759	759	13.00	47.00	27.90	29.00	21176.00
chr16	31510622	31510728	106	106	187.00	256.00	228.86	238.00	24259.00
chr4	103710287	103711803	1516	1516	8.00	35.00	21.99	22.00	33336.00
chr19	2862339	2862746	407	407	2.00	17.00	8.55	8.00	3478.00
chr2	15467873	15467994	121	121	49.00	71.00	61.57	61.00	7450.00
chr2	36780721	36781492	771	771	3.00	15.00	8.78	9.00	6772.00
chr10	81070680	81070941	261	261	22.00	79.00	44.65	39.00	11653.00
chr2	217234866	217235986	1120	1120	31.00	113.00	65.47	64.00	73330.00
chr10	93786348	93786508	160	160	43.00	78.00	58.47	62.00	9355.00
chr17	20268785	20269076	291	291	4.00	24.00	12.56	14.00	3655.00
chr9	131002006	131002062	56	56	1.00	4493.00	3889.61	4182.50	217818.00
chr1	155208307	155208441	134	134	181.00	272.00	218.77	211.00	29315.00
chr2	162833877	162834373	496	496	3.00	857.00	74.56	14.00	36983.00
chr9	35799614	35799728	114	114	26.00	47.00	33.39	31.00	3807.00
chr20	62517856	62519234	1378	1378	6.00	193.00	30.06	27.00	41416.00
chr22	35942847	35943127	280	280	81.00	288.00	205.04	222.50	57410.00
chr13	26436438	26436546	108	108	73.00	90.00	80.70	80.00	8716.00
chr14	69371371	69371453	82	82	259.00	475.00	354.07	330.50	29034.00
chr7	44031274	44031581	307	307	3.00	25.00	14.05	16.00	4314.00
chr11	12274988	12275291	303	303	5.00	18.00	11.05	11.00	3347.00
chr5	1334403	1334498	95	95	151.00	210.00	173.02	166.00	16437.00
chr19	34868639	34868786	147	147	2601.00	3368.00	2873.69	2827.00	422432.00
chr16	1815960	1816143	183	183	405.00	695.00	553.55	571.00	101300.00
chr10	73578787	73578868	81	81	3561.00	4857.00	4178.20	4167.00	338434.00
chr17	37420427	37420640	213	213	24.00	37.00	29.65	30.00	6315.00
chr5	60835422	60835586	164	164	26.00	39.00	31.95	32.00	5240.00
chr15	79296143	79296517	374	374	401.00	725.00	497.38	472.00	186019.00
chr19	13039568	13039661	93	93	560.00	842.00	722.42	754.00	67185.00
chr12	49421585	49421713	128	128	69.00	151.00	122.89	126.50	15730.00
chr1	1661057	1662583	1526	1526	7.00	390.00	154.91	137.00	236392.00
chr2	207457340	207457460	120	120	512.00	624.00	549.33	545.00	65920.00
chr11	64542462	64543441	979	979	3.00	17.00	8.72	8.00	8538.00
chr20	61910250	61910347	97	97	168.00	215.00	186.52	181.00	18092.00
chr11	62394042	62394156	114	114	278.00	334.00	304.26	303.00	34686.00
chr5	37301538	37301652	114	114	16.00	28.00	20.28	20.00	2312.00
chr16	4733843	4733933	90	90	222.00	248.00	233.88	234.00	21049.00
chr15	43693913	43694048	135	135	61.00	80.00	70.56	71.00	9525.00
chr11	18764538	18764622	84	84	375.00	462.00	426.57	433.00	35832.00
chr17	57842331	57842499	168	168	123.00	173.00	144.66	146.00	24303.00
chr9	96076729	96078064	1335	1335	8.00	28.00	17.26	17.00	23041.00
chr11	12246219	12246367	148	148	455.00	662.00	567.99	559.50	84063.00
chr12	7030743	7031565	822	822	4.00	6397.00	2205.82	24.00	1813186.00
chr3	14523178	14523349	171	171	9.00	26.00	18.12	19.00	3098.00
chr5	758508	759483	975	975	7.00	51.00	28.68	28.00	27960.00
chr12	22635490	22635677	187	187	73.00	112.00	93.15	94.00	17419.00
chr5	14479369	14479459	90	90	175.00	218.00	184.07	182.50	16566.00
chr6	143655214	143656079	865	865	2.00	20.00	8.39	7.00	7254.00
chr7	75508360	75508578	218	218	149.00	1442.00	1124.01	1258.00	245034.00
chr11	60697981	60698131	150	150	229.00	367.00	293.66	280.00	44049.00
chr1	151400598	151400889	291	291	64.00	159.00	110.45	119.00	32140.00
chr5	172196431	172197309	878	878	1.00	194.00	54.58	19.00	47925.00
chr3	49152660	49152794	134	134	77.00	93.00	84.47	84.00	11319.00
chr7	5518281	5519950	1669	1669	42.00	160.00	109.25	109.00	182337.00
chr17	16691106	16691449	343	343	4.00	126.00	62.08	83.00	21292.00
chr2	220086993	220087172	179	179	217.00	335.00	287.80	290.00	51516.00
chr10	51746916	51748006	1090	1090	1.00	104.00	36.77	29.00	40082.00
chr12	7302118	7302289	171	171	1115.00	1368.00	1234.95	1224.00	211176.00
chr11	59562844	59562955	111	111	24.00	67.00	47.05	57.00	5222.00
chr12	6100984	6101184	200	200	40.00	79.00	55.84	53.00	11169.00
chr19	5683274	5683627	353	353	9.00	27.00	18.63	20.00	6575.00
chr12	2786259	2786387	128	128	31.00	79.00	55.74	58.00	7135.00
chr15	26812727	26812880	153	153	309.00	515.00	394.00	389.00	60282.00
chr1	149007980	149008798	818	818	0.00	20.00	6.20	4.00	5069.00
chr19	54965608	54965861	253	253	101.00	217.00	159.36	164.00	40317.00
chr8	27293259	27293310	51	51	490.00	656.00	558.14	556.00	28465.00
chr15	23014437	23014528	91	91	133.00	181.00	156.76	156.00	14265.00
chr1	111717500	111717585	85	85	75.00	125.00	102.28	101.00	8694.00
chr6	150157220	150157433	213	213	276.00	358.00	326.44	331.00	69531.00
chr13	114566547	114566670	123	123	41.00	108.00	71.45	62.00	8788.00
chr16	58539291	58539605	314	314	1.00	16.00	9.53	9.00	2992.00
chr1	21936612	21936768	156	156	618.00	1147.00	845.65	883.50	131921.00
chr1	17322880	17322991	111	111	376.00	633.00	502.88	554.00	55820.00
chr11	60699455	60699599	144	144	380.00	541.00	468.19	481.00	67419.00
chr5	6749669	6749770	101	101	53.00	74.00	61.28	59.00	6189.00
chr16	2156805	2156949	144	144	238.00	307.00	274.74	275.50	39563.00
chr15	34690834	34690930	96	96	102.00	151.00	127.18	126.00	12209.00
chr3	11074933	11075425	492	492	3.00	327.00	57.92	10.00	28496.00
chr5	74655222	74655381	159	159	181.00	272.00	218.16	213.00	34688.00
chr20	20022968	20023160	192	192	53.00	89.00	68.20	67.00	13094.00
chr2	39055481	39055578	97	97	32.00	41.00	37.35	38.00	3623.00
chr19	16793231	16793528	297	297	6.00	408.00	116.77	13.00	34681.00
chr2	219205450	219205509	59	59	153.00	174.00	166.56	169.00	9827.00
chr17	74087429	74087729	300	300	9.00	36.00	24.22	24.00	7265.00
chr3	184058150	184060036	1886	1886	7.00	1032.00	157.62	26.00	297272.00
chr6	90333128	90333263	135	135	68.00	93.00	83.87	85.00	11323.00
chr12	125267019	125267429	410	410	6.00	53.00	24.68	19.00	10118.00
chr1	207942580	207943104	524	524	13.00	96.00	68.38	73.00	35830.00
chr4	89356876	89357043	167	167	47.00	77.00	63.69	64.00	10636.00
chr7	101995498	101995736	238	238	7.00	24.00	15.56	16.00	3703.00
chr3	11067458	11067562	104	104	239.00	346.00	299.60	304.50	31158.00
chr5	95734582	95734740	158	158	209.00	306.00	253.39	253.00	40035.00
chr6	152529106	152529341	235	235	132.00	215.00	180.05	182.00	42311.00
chr5	102295578	102295763	185	185	182.00	301.00	240.50	238.00	44492.00
chr22	21072980	21073110	130	130	1392.00	2062.00	1751.05	1838.00	227637.00
chr12	121855306	121855714	408	408	102.00	207.00	136.97	137.00	55882.00
chr1	160326389	160326544	155	155	108.00	160.00	140.87	141.00	21835.00
chr11	60670930	60671007	77	77	478.00	573.00	532.32	539.00	40989.00
chr17	79804822	79804948	126	126	370.00	565.00	472.54	465.50	59540.00
chr16	18527204	18527332	128	128	762.00	995.00	898.35	920.00	114989.00
chr16	16372518	16372646	128	128	838.00	1082.00	970.32	992.00	124201.00
chr2	32750530	32750695	165	165	24.00	44.00	34.73	35.00	5730.00
chr14	69369193	69369279	86	86	390.00	560.00	458.45	454.00	39427.00
chr7	66418212	66418356	144	144	171.00	247.00	214.83	221.00	30935.00
chr6	44107988	44108097	109	109	154.00	184.00	170.74	173.00	18611.00
chr7	70885893	70886091	198	198	499.00	1070.00	718.17	647.50	142198.00
chr8	27295281	27295397	116	116	651.00	786.00	715.52	725.00	83000.00
chr7	73122918	73123018	100	100	1707.00	2317.00	2104.33	2091.50	210433.00
chr15	34698874	34699071	197	197	135.00	236.00	178.41	178.00	35146.00
chr8	22009343	22009513	170	170	311.00	633.00	435.04	443.50	73956.00
chr7	1526557	1526737	180	180	53.00	149.00	109.93	125.50	19787.00
chr5	178053946	178054065	119	119	12.00	163.00	85.53	89.00	10178.00
chr12	6103027	6103369	342	342	34.00	67.00	54.00	55.00	18468.00
chr2	3479491	3480482	991	991	2.00	22.00	9.83	10.00	9742.00
chr3	33883388	33883566	178	178	116.00	176.00	135.40	130.00	24101.00
chr19	11019778	11019883	105	105	219.00	292.00	252.64	253.00	26527.00
chr7	98446205	98446318	113	113	1870.00	3207.00	2543.81	2453.00	287451.00
chr8	106813274	106813932	658	658	18.00	41.00	29.24	28.00	19240.00
chr2	223795338	223795530	192	192	403.00	612.00	463.27	437.00	88947.00
chr7	75511146	75511554	408	408	984.00	1567.00	1256.54	1271.00	512670.00
chr21	40184926	40185038	112	112	193.00	301.00	250.17	272.00	28019.00
chr19	53383575	53385236	1661	1661	4.00	29.00	14.90	15.00	24748.00
chr19	14208130	14208295	165	165	7.00	698.00	476.18	622.00	78570.00
chr15	91461013	91461618	605	605	5.00	359.00	112.97	15.00	68344.00
chr8	145278010	145278133	123	123	57.00	79.00	67.78	68.00	8337.00
chr16	28132990	28133083	93	93	150.00	229.00	191.15	195.00	17777.00
chr11	125280091	125280221	130	130	128.00	211.00	163.65	162.00	21275.00
chr15	63128089	63128317	228	228	67.00	329.00	252.06	292.00	57470.00
chr9	131181435	131181557	122	122	5.00	266.00	225.15	244.00	27468.00
chr19	3281196	3281343	147	147	337.00	502.00	427.30	441.00	62813.00
chr11	6240200	6240280	80	80	73.00	104.00	91.51	96.00	7321.00
chr20	31019123	31019287	164	164	33.00	47.00	39.64	39.00	6501.00
chr6	46825865	46827260	1395	1395	40.00	100.00	71.86	72.00	100240.00
chr12	1672006	1672666	660	660	12.00	50.00	25.25	23.00	16666.00
chr12	9098824	9099001	177	177	190.00	291.00	239.25	235.00	42347.00
chr7	121738503	121738630	127	127	3.00	7.00	4.60	4.00	584.00
chr19	40875814	40875935	121	121	1626.00	2203.00	1847.96	1816.00	223603.00
chr20	3581592	3581671	79	79	72.00	122.00	91.65	92.00	7240.00
chr17	7226965	7227042	77	77	85.00	121.00	100.94	104.00	7772.00
chr2	74331800	74332809	1009	1009	10.00	39.00	18.67	17.00	18839.00
chr1	209785136	209785610	474	474	10.00	375.00	279.09	308.00	132291.00
chr9	35546426	35548532	2106	2106	142.00	418.00	246.29	242.00	518694.00
chr17	80040198	80040290	92	92	396.00	496.00	443.73	439.00	40823.00
chr11	73074791	73075284	493	493	17.00	251.00	88.68	27.00	43717.00
chr20	44674976	44675075	99	99	551.00	706.00	640.81	639.00	63440.00
chr20	5892091	5892328	237	237	121.00	780.00	482.34	573.00	114314.00
chr17	20316581	20317594	1013	1013	3.00	18.00	9.11	8.00	9230.00
chr12	99478702	99478801	99	99	256.00	312.00	286.05	286.00	28319.00
chr17	40842756	40842960	204	204	482.00	673.00	584.96	584.00	119331.00
chr11	107501142	107501288	146	146	351.00	492.00	415.75	415.00	60699.00
chr11	85429236	85429532	296	296	4.00	68.00	20.98	18.00	6209.00
chr20	9449217	9449319	102	102	59.00	91.00	79.38	82.00	8097.00
chr14	23371395	23371591	196	196	146.00	185.00	167.89	168.00	32906.00
chr7	716865	716957	92	92	2238.00	2958.00	2755.20	2763.50	253478.00
chr10	48862360	48862682	322	322	24.00	290.00	176.82	223.00	56935.00
chr10	68686678	68688210	1532	1532	36.00	164.00	80.37	76.00	123125.00
chr5	179674854	179674926	72	72	385.00	485.00	440.01	454.50	31681.00
chr1	209773327	209773456	129	129	255.00	330.00	302.98	311.00	39084.00
chr17	45691034	45691091	57	57	398.00	513.00	453.79	454.00	25866.00
chr1	19669871	19670118	247	247	9.00	18.00	12.74	12.00	3146.00
chr17	45664025	45664710	685	685	7.00	381.00	77.78	40.00	53280.00
chr19	2337634	2338840	1206	1206	13.00	59.00	29.31	26.00	35352.00
chr8	22011480	22011552	72	72	463.00	565.00	504.96	494.00	36357.00
