#chrom	start	end	size	num_data	min	max	mean	median	sum
chr12	1940100	1940691	591	591	36.00	114.00	73.33	73.00	43340.00
chr1	27480473	27481381	908	908	13.00	61.00	31.55	30.00	28645.00
chr15	63112684	63112809	125	125	292.00	397.00	344.93	347.00	43116.00
chr5	149231737	149232254	517	517	11.00	51.00	28.95	27.00	14968.00
chr5	140865429	140867182	1753	1753	6.00	68.00	25.52	24.00	44744.00
chr1	32209793	32209958	165	165	120.00	195.00	147.28	141.00	24302.00
chr16	87873307	87873431	124	124	133.00	231.00	181.00	181.00	22444.00
chr17	34157438	34158175	737	737	3.00	33.00	16.37	16.00	12065.00
chr2	127815619	127816088	469	469	5.00	44.00	23.46	23.00	11004.00
chr1	208212965	208213112	147	147	70.00	98.00	84.54	87.00	12427.00
chr22	19703883	19704666	783	783	3.00	51.00	34.03	34.00	26644.00
chr16	87872319	87872423	104	104	114.00	145.00	131.41	132.00	13667.00
chr9	140055740	140055868	128	128	1375.00	1730.00	1547.66	1547.00	198100.00
chr22	21096515	21096643	128	128	408.00	566.00	487.63	485.50	62417.00
chr9	140056321	140056540	219	219	2.00	2204.00	1373.77	1595.00	300856.00
chr11	78379981	78380253	272	272	0.00	27.00	12.40	9.50	3372.00
chr3	11070420	11070533	113	113	283.00	348.00	314.41	315.00	35528.00
chr1	109812554	109813222	668	668	4.00	339.00	152.92	193.50	102153.00
chr2	220161954	220162155	201	201	700.00	1220.00	999.97	1057.00	200994.00
chr15	74706887	74707086	199	199	124.00	202.00	157.54	151.00	31350.00
chr17	7318829	7319426	597	597	157.00	401.00	242.09	230.00	144526.00
chr1	21560050	21560154	104	104	38.00	55.00	47.13	46.00	4902.00
chr1	25573799	25573952	153	153	10.00	364.00	234.97	260.00	35951.00
chr14	93198993	93199160	167	167	124.00	220.00	175.37	177.00	29287.00
chr1	205554003	205554119	116	116	190.00	296.00	242.40	240.00	28118.00
chr1	9795005	9795232	227	227	1616.00	3227.00	2439.24	2490.00	553708.00
chr17	42426525	42426670	145	145	86.00	137.00	111.47	110.00	16163.00
chr18	70205887	70206179	292	292	6.00	438.00	162.13	17.00	47343.00
chr1	205553082	205553251	169	169	260.00	361.00	321.59	327.00	54349.00
chr9	140056623	140056766	143	143	21.00	1711.00	1078.08	1247.00	154165.00
chr6	33412147	33412394	247	247	11.00	716.00	402.24	551.00	99353.00
chr12	89992366	89992547	181	181	2.00	877.00	553.69	552.00	100218.00
chr2	220088827	220089576	749	749	91.00	242.00	159.48	156.00	119449.00
chr14	100763073	100765222	2149	2149	6.00	101.00	37.17	37.00	79883.00
chr1	110740697	110742543	1846	1846	11.00	1314.00	540.54	501.50	997829.00
chr1	149878201	149879758	1557	1557	16.00	1659.00	371.60	43.00	578575.00
chr3	197264139	197265259	1120	1120	3.00	58.00	21.13	19.00	23662.00
chr8	56449623	56450530	907	907	8.00	53.00	22.25	20.00	20177.00
chr9	139354208	139354326	118	118	40.00	79.00	55.31	52.50	6526.00
chr1	32204908	32205236	328	328	390.00	649.00	467.84	449.00	153451.00
chr7	75608768	75608897	129	129	134.00	184.00	165.73	167.00	21379.00
chr19	45161029	45161178	149	149	69.00	89.00	79.81	80.00	11891.00
chr19	5243911	5244493	582	582	34.00	88.00	57.25	57.00	33320.00
chr6	32119585	32119717	132	132	13.00	895.00	468.92	447.50	61898.00
chr3	42670878	42672067	1189	1189	0.00	15.00	5.80	6.00	6892.00
chr11	45892392	45892485	93	93	157.00	209.00	186.17	189.00	17314.00
chr17	80040789	80040991	202	202	320.00	623.00	418.20	403.00	84476.00
chr2	74902875	74903036	161	161	74.00	107.00	95.70	96.00	15408.00
chr17	38335969	38337946	1977	1977	6.00	213.00	33.24	23.00	65710.00
chr16	87870103	87870253	150	150	176.00	272.00	217.67	209.00	32651.00
chr1	32205947	32206142	195	195	350.00	554.00	463.93	468.00	90466.00
chr6	44117553	44117702	149	149	13.00	381.00	243.95	319.00	36348.00
chr1	159163659	159163830	171	171	1160.00	1473.00	1309.88	1311.00	223990.00
chr3	445565	446023	458	458	4.00	31.00	16.43	16.00	7524.00
chr2	25048913	25048995	82	82	192.00	247.00	218.32	214.00	17902.00
chr10	99504485	99504672	187	187	64.00	173.00	117.07	117.00	21893.00
chr4	54364807	54365010	203	203	94.00	139.00	119.04	120.00	24165.00
chr17	1634367	1634552	185	185	19.00	31.00	24.75	24.00	4578.00
chr7	72416124	72416247	123	123	112.00	151.00	130.45	130.00	16045.00
chr1	208212169	208212329	160	160	82.00	114.00	98.33	100.00	15732.00
chr9	140952500	140952702	202	202	33.00	71.00	52.32	55.00	10568.00
chr6	44197325	44197528	203	203	127.00	175.00	146.49	146.00	29737.00
chr6	44197643	44198218	575	575	56.00	184.00	99.10	79.00	56985.00
chr11	118981972	118982084	112	112	259.00	323.00	291.71	294.00	32671.00
chr5	150503846	150503952	106	106	6.00	2907.00	2071.20	2637.50	219547.00
chr11	118981761	118981878	117	117	269.00	342.00	297.08	294.00	34758.00
chr11	126314873	126315000	127	127	65.00	89.00	78.46	80.00	9964.00
chr1	159165808	159166244	436	436	6.00	1332.00	273.86	23.00	119401.00
chr7	134893542	134893750	208	208	25.00	55.00	37.01	36.00	7698.00
chr9	121976196	121976433	237	237	197.00	405.00	293.23	296.00	69496.00
chr19	54691042	54691169	127	127	300.00	588.00	420.92	393.00	53457.00
chr22	38621430	38621600	170	170	232.00	301.00	267.81	269.00	45527.00
chr13	42035681	42036205	524	524	7.00	25.00	14.27	14.00	7476.00
chr20	1915360	1915413	53	53	3.00	1837.00	1252.08	1571.00	66360.00
chr5	14496987	14497126	139	139	134.00	177.00	157.48	158.00	21890.00
chr12	56528125	56528212	87	87	135.00	159.00	148.39	149.00	12910.00
chr3	47466974	47467101	127	127	90.00	120.00	102.64	105.00	13035.00
chr17	7415476	7415663	187	187	127.00	210.00	173.16	171.00	32380.00
chr3	33588037	33589252	1215	1215	5.00	40.00	15.58	13.00	18924.00
chr7	887833	888615	782	782	5.00	85.00	33.20	25.00	25960.00
chr10	24813251	24813693	442	442	10.00	88.00	46.53	47.00	20567.00
chr1	109812045	109812213	168	168	148.00	288.00	217.12	207.00	36476.00
chr19	15276597	15276902	305	305	86.00	128.00	104.46	100.00	31860.00
chr16	2334779	2334999	220	220	194.00	330.00	257.38	251.00	56624.00
chr16	68404761	68405261	500	500	10.00	34.00	23.41	24.00	11705.00
chr4	110969111	110969871	760	760	16.00	76.00	47.36	49.00	35996.00
chr1	145693161	145693996	835	835	14.00	150.00	87.99	91.00	73470.00
chr7	44282848	44282932	84	84	608.00	746.00	678.07	677.50	56958.00
chr2	220164315	220164508	193	193	25.00	652.00	281.70	37.00	54368.00
chr12	50472203	50472360	157	157	93.00	124.00	110.84	110.00	17402.00
chr2	220163768	220163833	65	65	670.00	901.00	790.82	811.00	51403.00
chr2	222289928	222290862	934	934	136.00	344.00	230.49	234.50	215273.00
chr12	57599133	57599268	135	135	211.00	308.00	241.22	234.00	32565.00
chr7	157475416	157475629	213	213	217.00	322.00	272.11	276.00	57959.00
chr1	32203800	32203927	127	127	371.00	848.00	607.06	626.00	77097.00
chr1	109811731	109811912	181	181	169.00	300.00	235.09	237.00	42551.00
chr9	140052830	140052975	145	145	760.00	2594.00	1733.36	1875.00	251337.00
chr2	220161706	220161854	148	148	908.00	1615.00	1235.26	1225.00	182818.00
chr16	29896906	29897070	164	164	435.00	874.00	669.52	676.50	109801.00
chr16	47143393	47143622	229	229	81.00	143.00	111.93	111.00	25632.00
chr11	993753	993985	232	232	232.00	411.00	321.43	328.50	74571.00
chr9	124059698	124061137	1439	1439	1.00	44.00	16.41	15.00	23619.00
chr9	140350140	140350634	494	494	9.00	89.00	51.35	51.00	25368.00
chr11	14504577	14504697	120	120	90.00	132.00	110.45	110.00	13254.00
chr3	49898612	49898733	121	121	694.00	1096.00	906.70	910.00	109711.00
chr9	131811659	131811777	118	118	64.00	89.00	77.36	77.00	9129.00
chr9	131810705	131810818	113	113	51.00	80.00	66.93	67.00	7563.00
chr1	223400935	223401080	145	145	183.00	324.00	267.68	280.00	38814.00
chr12	125612185	125612820	635	635	10.00	297.00	71.12	32.00	45161.00
chr2	220088590	220088744	154	154	165.00	229.00	200.62	204.00	30896.00
chr9	70888487	70888750	263	263	11.00	66.00	40.30	42.00	10600.00
chr14	69813756	69813898	142	142	197.00	259.00	226.89	225.00	32218.00
chr2	47399145	47399890	745	745	15.00	664.00	55.91	42.00	41652.00
chr11	62688689	62689041	352	352	18.00	247.00	78.02	26.00	27463.00
chr6	43745205	43745407	202	202	11.00	136.00	102.84	102.00	20773.00
chr3	11072492	11072997	505	505	9.00	643.00	134.37	32.00	67859.00
chr7	2696031	2696168	137	137	106.00	193.00	158.51	162.00	21716.00
chr16	14969196	14969279	83	83	686.00	1152.00	970.66	1025.00	80565.00
chr17	7377847	7378026	179	179	1.00	6.00	3.32	3.00	594.00
chr12	65639640	65639719	79	79	84.00	163.00	128.92	131.00	10185.00
chr12	50294912	50295108	196	196	1108.00	2627.00	1509.67	1476.50	295896.00
chr19	42485653	42485788	135	135	2193.00	3313.00	2843.07	2813.00	383815.00
chr10	99509230	99509343	113	113	162.00	304.00	225.85	228.00	25521.00
chr22	38883877	38888120	4243	4243	17.00	1051.00	224.58	161.00	952902.00
chr12	49416372	49416658	286	286	63.00	144.00	98.69	94.00	28225.00
chr6	24843089	24843782	693	693	29.00	78.00	49.77	45.00	34493.00
chr5	176295561	176295665	104	104	199.00	279.00	223.30	214.00	23223.00
chr10	99510087	99510227	140	140	229.00	330.00	270.80	259.00	37912.00
chr1	159173658	159174770	1112	1112	26.00	180.00	64.10	51.00	71274.00
chr11	1780745	1780869	124	124	1253.00	2178.00	1794.15	1955.00	222474.00
chr19	42486059	42486258	199	199	1512.00	2978.00	2254.99	2283.00	448744.00
chr3	47465422	47465535	113	113	79.00	118.00	100.17	101.00	11319.00
chr1	21573713	21573856	143	143	21.00	42.00	31.21	31.00	4463.00
chr11	65320330	65320453	123	123	114.00	224.00	181.83	190.00	22365.00
chr3	47462420	47462519	99	99	133.00	218.00	187.75	197.00	18587.00
chr2	219204751	219204864	113	113	145.00	213.00	186.87	188.00	21116.00
chr1	43906123	43906257	134	134	16.00	33.00	23.50	23.00	3149.00
chr7	38785158	38785840	682	682	16.00	468.00	66.84	35.00	45584.00
chr2	153499932	153500058	126	126	136.00	167.00	152.56	152.00	19222.00
chr1	32203011	32203132	121	121	22.00	678.00	512.20	592.00	61976.00
chr22	42290823	42290941	118	118	548.00	1026.00	847.99	872.50	100063.00
chr19	47940718	47940818	100	100	367.00	728.00	557.98	563.50	55798.00
chr4	119539150	119539274	124	124	8.00	44.00	31.63	36.00	3922.00
chr17	44117067	44117250	183	183	70.00	115.00	90.00	90.00	16470.00
chr19	42485873	42485983	110	110	1676.00	2186.00	2046.65	2101.00	225132.00
chr6	44114583	44114664	81	81	96.00	143.00	121.33	125.00	9828.00
chr19	47941105	47941292	187	187	19.00	830.00	449.37	608.00	84032.00
chr11	73074250	73074500	250	250	172.00	218.00	192.61	191.00	48152.00
chr3	33418764	33418825	61	61	349.00	509.00	419.70	431.00	25602.00
chr1	700258	700505	247	247	12.00	73.00	38.78	35.00	9578.00
chr9	74319510	74319719	209	209	15.00	48.00	28.15	25.00	5884.00
chr16	2336694	2336968	274	274	91.00	362.00	229.26	215.50	62818.00
chr20	3575125	3575219	94	94	53.00	79.00	66.12	67.00	6215.00
chr9	139231377	139231529	152	152	72.00	97.00	84.59	85.00	12858.00
chr5	140515951	140516498	547	547	6.00	32.00	19.97	22.00	10924.00
chr1	21938208	21938309	101	101	557.00	718.00	647.90	657.00	65438.00
chr3	155659188	155659936	748	748	31.00	248.00	153.17	166.00	114569.00
chr16	27483068	27483241	173	173	94.00	146.00	123.66	126.00	21393.00
chr11	994071	994245	174	174	137.00	341.00	266.06	287.50	46295.00
chr7	71175745	71175913	168	168	478.00	695.00	601.74	621.00	101092.00
chr12	121204065	121204175	110	110	271.00	348.00	304.58	291.50	33504.00
chr7	73118679	73118753	74	74	1166.00	1634.00	1396.62	1392.50	103350.00
chr9	140972565	140972710	145	145	43.00	75.00	59.01	59.00	8556.00
chr12	121683329	121684024	695	695	6.00	27.00	15.29	15.00	10627.00
chr16	74493579	74493687	108	108	182.00	245.00	217.88	216.00	23531.00
chr2	36771518	36771641	123	123	145.00	227.00	184.47	179.00	22690.00
chr7	94187181	94187996	815	815	8.00	51.00	24.45	22.00	19930.00
chr14	94156951	94157239	288	288	5.00	18.00	11.20	11.00	3227.00
chr7	121739000	121739524	524	524	2.00	18.00	9.54	10.00	4997.00
chr1	19549117	19549328	211	211	98.00	149.00	115.55	112.00	24381.00
chr19	5214571	5214747	176	176	239.00	369.00	278.64	272.00	49040.00
chr19	42557753	42557861	108	108	139.00	219.00	185.32	187.00	20015.00
chr15	102510686	102510925	239	239	0.00	39.00	21.52	23.00	5143.00
chr5	167673761	167675376	1615	1615	15.00	125.00	47.83	37.00	77248.00
chr7	44282158	44282253	95	95	645.00	924.00	747.55	731.00	71017.00
chr2	160621061	160621717	656	656	4.00	246.00	35.27	20.00	23134.00
chr5	10426501	10426634	133	133	180.00	288.00	248.01	254.00	32985.00
chr16	1814301	1814460	159	159	377.00	452.00	417.82	422.00	66434.00
chr11	21581734	21581928	194	194	109.00	243.00	147.45	124.50	28606.00
chr3	126749085	126749255	170	170	75.00	130.00	99.10	98.00	16847.00
chr11	12237765	12237866	101	101	276.00	398.00	330.50	326.00	33381.00
chr6	31750872	31750963	91	91	141.00	221.00	195.69	199.00	17808.00
chr3	53124201	53124398	197	197	15.00	22.00	19.32	19.00	3806.00
chr2	220161470	220161544	74	74	1500.00	1743.00	1642.03	1660.50	121510.00
chr2	128951046	128951785	739	739	35.00	145.00	92.52	99.00	68372.00
chr5	24535811	24535931	120	120	96.00	160.00	131.19	138.00	15743.00
chr1	44083406	44083582	176	176	150.00	259.00	195.45	192.00	34399.00
chr1	32207653	32207818	165	165	195.00	303.00	248.68	242.00	41033.00
chr12	7293754	7294000	246	246	7.00	1002.00	587.96	837.00	144639.00
chr3	131442289	131442469	180	180	118.00	159.00	138.48	139.00	24927.00
chr3	49898871	49899298	427	427	39.00	1063.00	420.44	565.00	179528.00
chr16	66432358	66432464	106	106	52.00	75.00	62.22	61.00	6595.00
chr1	20982593	20982680	87	87	404.00	496.00	454.30	455.00	39524.00
chr16	68398653	68398809	156	156	16.00	41.00	26.57	26.00	4145.00
chr17	16676818	16678279	1461	1461	0.00	24.00	9.19	9.00	13424.00
chr1	109814899	109815027	128	128	269.00	371.00	307.87	302.50	39407.00
chr1	21940478	21940582	104	104	655.00	872.00	781.97	810.00	81325.00
chr20	57468284	57468793	509	509	4.00	19.00	10.17	9.00	5174.00
chr3	127358087	127358366	279	279	250.00	823.00	489.66	442.00	136615.00
chr3	126735359	126735527	168	168	30.00	50.00	42.24	43.00	7096.00
chr10	103869140	103869264	124	124	372.00	596.00	482.56	481.00	59838.00
chr20	44520554	44520666	112	112	142.00	209.00	179.29	177.00	20080.00
chr1	32203252	32203356	104	104	370.00	613.00	494.59	515.00	51437.00
chr21	40186196	40186316	120	120	227.00	344.00	268.59	254.50	32231.00
chr5	111067153	111068349	1196	1196	7.00	54.00	28.91	26.00	34582.00
chr9	128002954	128003186	232	232	276.00	434.00	353.13	361.50	81926.00
chr1	43408896	43408992	96	96	245.00	363.00	313.19	302.00	30066.00
chr3	47463931	47464026	95	95	104.00	137.00	117.60	117.00	11172.00
chr2	220161160	220161238	78	78	1538.00	1731.00	1619.72	1621.50	126338.00
chr11	62472772	62473089	317	317	1062.00	2823.00	1956.66	1931.00	620262.00
chr9	130986341	130986906	565	565	6.00	714.00	163.62	18.00	92443.00
chr14	69358769	69359000	231	231	177.00	264.00	218.90	223.00	50567.00
chr11	64416205	64416379	174	174	125.00	199.00	164.96	167.00	28703.00
chr17	8398454	8398559	105	105	190.00	282.00	241.94	239.00	25404.00
chr12	53572943	53574193	1250	1250	8.00	67.00	41.87	43.00	52332.00
chr17	17696544	17701827	5283	5283	4.00	211.00	59.30	44.00	313286.00
chr8	11705187	11705331	144	144	1628.00	2063.00	1899.15	1897.50	273478.00
chr19	54963829	54963931	102	102	118.00	150.00	133.73	134.00	13640.00
chr2	70451682	70456295	4613	4613	0.00	232.00	35.59	26.00	164189.00
chr11	118873959	118874169	210	210	8.00	23.00	16.04	16.50	3368.00
chr10	75548427	75548581	154	154	18.00	61.00	40.42	43.00	6225.00
chr6	33414351	33414563	212	212	372.00	789.00	614.39	646.50	130250.00
chr17	80042910	80043032	122	122	134.00	186.00	161.52	159.00	19705.00
chr11	11470290	11470483	193	193	74.00	125.00	95.05	94.00	18344.00
chr8	23294446	23294771	325	325	102.00	173.00	123.95	124.00	40284.00
chr1	116932060	116932663	603	603	12.00	2379.00	707.41	26.00	426569.00
chr15	83222627	83222741	114	114	138.00	171.00	151.32	151.00	17250.00
chr3	9841562	9841751	189	189	30.00	59.00	42.79	42.00	8087.00
chr1	116937731	116937907	176	176	2107.00	4304.00	2686.86	2395.50	472888.00
chr16	87868019	87868197	178	178	170.00	227.00	192.72	188.00	34305.00
chr3	124209540	124209731	191	191	562.00	1039.00	769.40	749.00	146956.00
chr7	71142195	71142291	96	96	499.00	747.00	589.12	564.00	56556.00
chr5	130497324	130497584	260	260	24.00	54.00	43.51	45.00	11313.00
chr13	100199238	100199358	120	120	404.00	587.00	495.85	477.50	59502.00
chr5	139943336	139943506	170	170	28.00	299.00	241.88	236.50	41120.00
chr17	74395529	74396002	473	473	55.00	114.00	80.05	79.00	37865.00
chr14	93179149	93179216	67	67	235.00	293.00	266.82	269.00	17877.00
chr4	160277004	160277310	306	306	21.00	452.00	199.28	186.50	60979.00
chr17	40666306	40666478	172	172	966.00	1622.00	1278.20	1278.00	219850.00
chr15	34828065	34828207	142	142	4.00	165.00	102.57	100.00	14565.00
chr14	100165802	100165876	74	74	608.00	717.00	654.26	648.50	48415.00
chr22	20128089	20128231	142	142	7.00	165.00	94.79	131.00	13460.00
chr12	3392210	3394421	2211	2211	15.00	134.00	62.94	57.00	139156.00
chr17	16687866	16690667	2801	2801	0.00	65.00	8.44	5.00	23636.00
chr6	31664724	31664810	86	86	182.00	263.00	233.28	234.00	20062.00
chr6	30627512	30627611	99	99	61.00	104.00	80.30	84.00	7950.00
chr11	18752834	18755060	2226	2226	5.00	1013.00	122.41	40.00	272494.00
chr12	109332602	109332731	129	129	396.00	589.00	495.24	516.00	63886.00
chr6	90072884	90073110	226	226	12.00	27.00	17.85	16.00	4035.00
chr16	2689371	2689711	340	340	0.00	1.00	0.19	0.00	65.00
chr1	20987373	20987484	111	111	356.00	533.00	445.18	452.00	49415.00
chr14	85985300	85986667	1367	1367	6.00	41.00	21.51	20.00	29404.00
chr13	32863769	32863880	111	111	146.00	174.00	161.21	163.00	17894.00
chr16	1510418	1510528	110	110	62.00	92.00	74.57	74.00	8203.00
chr19	54963269	54963444	175	175	126.00	210.00	157.13	152.00	27498.00
chr6	44224078	44224233	155	155	84.00	113.00	97.57	97.00	15123.00
chr20	3151172	3152285	1113	1113	4.00	39.00	17.23	15.00	19179.00
chr1	892273	892405	132	132	143.00	212.00	169.18	162.50	22332.00
chr16	90192167	90192724	557	557	1.00	47.00	31.69	35.00	17653.00
chr9	111663704	111663810	106	106	83.00	111.00	94.21	91.00	9986.00
chr6	44108764	44108835	71	71	131.00	188.00	159.51	162.00	11325.00
chr1	36028802	36029027	225	225	1921.00	3890.00	2686.48	2376.00	604458.00
chr11	66807259	66807674	415	415	14.00	140.00	103.32	103.00	42878.00
chr1	178426817	178427679	862	862	15.00	59.00	34.97	33.00	30145.00
chr19	42482302	42482478	176	176	2075.00	3717.00	2505.43	2371.50	440956.00
chr1	44084718	44084873	155	155	140.00	355.00	219.41	193.00	34009.00
chr1	109812315	109812442	127	127	180.00	273.00	225.46	225.00	28633.00
chr3	180324268	180324391	123	123	111.00	161.00	142.35	146.00	17509.00
chr15	63933668	63933842	174	174	109.00	180.00	140.72	137.00	24486.00
chr20	44521363	44521519	156	156	291.00	427.00	354.64	341.50	55324.00
chr3	33416779	33416910	131	131	139.00	350.00	209.02	191.00	27381.00
chr1	21934624	21934843	219	219	0.00	913.00	474.09	685.00	103825.00
chr14	69799801	69799886	85	85	103.00	220.00	163.71	165.00	13915.00
chr1	116936134	116936345	211	211	8.00	2520.00	2007.40	2235.00	423561.00
chr14	23634493	23634645	152	152	50.00	75.00	64.46	67.00	9798.00
chr16	1402538	1402947	409	409	18.00	85.00	42.45	41.00	17364.00
chr9	20331	25000	4669	4669	0.00	164.00	21.25	16.00	99194.00
chr17	43545574	43545959	385	385	10.00	32.00	20.58	22.00	7924.00
chr13	100201418	100201476	58	58	460.00	562.00	497.93	493.00	28880.00
chr15	41865505	41865665	160	160	402.00	847.00	587.36	558.00	93978.00
chr19	19641688	19642196	508	508	15.00	46.00	25.78	22.00	13095.00
chr11	134147593	134148159	566	566	12.00	39.00	25.58	25.00	14477.00
chr2	71656420	71657290	870	870	8.00	79.00	40.12	35.00	34903.00
chr7	97834775	97835016	241	241	63.00	141.00	108.82	111.00	26225.00
chr19	13363804	13363915	111	111	67.00	112.00	90.32	94.00	10025.00
chr18	31328383	31329011	628	628	6.00	23.00	12.26	12.00	7697.00
chr16	66431884	66432009	125	125	36.00	61.00	45.98	45.00	5748.00
chr19	47935155	47935702	547	547	13.00	777.00	296.48	378.00	162174.00
chr12	50291769	50291873	104	104	1199.00	1529.00	1386.12	1409.50	144157.00
chr11	1780198	1780317	119	119	1123.00	1983.00	1435.50	1381.00	170824.00
chr15	65392626	65393167	541	541	7.00	32.00	19.73	19.00	10674.00
chr2	86397871	86397967	96	96	168.00	256.00	211.31	214.00	20286.00
chr7	97866087	97866233	146	146	43.00	82.00	58.24	57.00	8503.00
chr11	60687157	60687402	245	245	152.00	241.00	198.27	199.00	48575.00
chr21	43307700	43309453	1753	1753	13.00	100.00	46.43	40.00	81393.00
chr14	24619269	24619657	388	388	28.00	64.00	42.39	43.00	16449.00
chr11	65320634	65320727	93	93	97.00	133.00	109.41	108.00	10175.00
chr16	29891184	29891385	201	201	626.00	976.00	796.51	783.00	160098.00
chr1	32207224	32207326	102	102	417.00	554.00	491.03	498.00	50085.00
chr11	72300218	72300394	176	176	2.00	351.00	107.76	7.00	18966.00
chr17	7608878	7609038	160	160	25.00	136.00	95.19	109.50	15231.00
chr19	7607646	7607814	168	168	100.00	140.00	122.49	124.00	20578.00
chr19	54966129	54966271	142	142	109.00	243.00	197.07	209.00	27984.00
chr12	57995027	57995131	104	104	243.00	294.00	265.67	265.50	27630.00
chr1	27428875	27429049	174	174	112.00	143.00	122.41	120.00	21300.00
chr2	27688277	27688385	108	108	37.00	62.00	52.70	56.50	5692.00
chr16	2691449	2692254	805	805	0.00	10.00	1.61	0.00	1300.00
chr9	131503813	131503933	120	120	416.00	650.00	538.32	545.00	64598.00
chr16	2347766	2347922	156	156	84.00	140.00	113.81	114.50	17754.00
chr17	80039884	80040036	152	152	458.00	575.00	503.60	496.00	76547.00
chr1	32204432	32204538	106	106	394.00	936.00	661.25	682.50	70093.00
chr12	9242951	9243078	127	127	279.00	348.00	313.58	313.00	39825.00
chr3	49702661	49702751	90	90	150.00	187.00	174.63	176.00	15717.00
chr19	35820359	35820837	478	478	6.00	47.00	20.13	17.00	9621.00
chr1	201456762	201457615	853	853	13.00	35.00	23.50	23.00	20046.00
chr16	2334279	2334438	159	159	212.00	356.00	281.10	289.00	44695.00
chr10	73578373	73578481	108	108	5968.00	7932.00	6960.56	6910.00	751740.00
chr16	18530550	18530756	206	206	2.00	774.00	350.76	490.00	72257.00
chr16	16369094	16369300	206	206	2.00	780.00	356.18	503.00	73374.00
chr13	113975636	113975785	149	149	23.00	683.00	291.22	33.00	43392.00
chr11	119293822	119294227	405	405	23.00	5998.00	579.24	66.00	234592.00
chr5	150505962	150506041	79	79	1828.00	2470.00	2069.90	2047.00	163522.00
chr22	44224939	44225078	139	139	1244.00	1767.00	1478.53	1460.00	205516.00
chr15	41865199	41865309	110	110	344.00	540.00	428.64	398.00	47150.00
chr17	25633807	25636298	2491	2491	17.00	998.00	332.15	365.00	827393.00
chr15	72495155	72495529	374	374	13.00	6472.00	2440.90	29.00	912896.00
chr9	42540272	42542124	1852	1852	2.00	50.00	19.75	20.00	36574.00
chr11	119290760	119291704	944	944	7.00	7841.00	2419.41	53.00	2283922.00
chr19	5219949	5220165	216	216	115.00	204.00	147.52	138.50	31865.00
chr15	63910769	63911153	384	384	0.00	9.00	5.21	6.00	2000.00
chr17	74393879	74393969	90	90	92.00	161.00	119.08	112.00	10717.00
chr10	104129467	104129532	65	65	101.00	127.00	115.26	116.00	7492.00
chr3	142454224	142454620	396	396	2.00	19.00	9.98	10.00	3951.00
chr12	121205196	121205396	200	200	236.00	331.00	274.06	273.00	54812.00
chr3	31705570	31705724	154	154	23.00	53.00	37.08	35.00	5710.00
chr6	118635190	118636593	1403	1403	37.00	256.00	117.73	111.00	165172.00
chr8	10339867	10340829	962	962	4.00	32.00	18.28	19.00	17587.00
chr19	16952578	16952779	201	201	80.00	196.00	146.90	151.00	29527.00
chr8	110984486	110985016	530	530	79.00	166.00	117.02	118.00	62022.00
chr9	128001219	128001610	391	391	507.00	1107.00	819.51	869.00	320430.00
chr11	73070878	73070997	119	119	149.00	186.00	170.35	172.00	20272.00
chr10	104130140	104130235	95	95	116.00	157.00	138.52	137.00	13159.00
chr5	95733039	95733173	134	134	109.00	162.00	139.32	139.00	18669.00
chr19	59059400	59059547	147	147	302.00	471.00	368.14	372.00	54116.00
chr5	139943169	139943255	86	86	19.00	221.00	170.29	190.50	14645.00
chr17	73487771	73487981	210	210	79.00	131.00	104.35	103.00	21913.00
chr1	154315588	154315777	189	189	26.00	40.00	32.30	32.00	6104.00
chr14	95652726	95653070	344	344	6.00	25.00	16.07	17.00	5527.00
chr12	123639801	123640772	971	971	14.00	67.00	35.58	35.00	34551.00
chr22	47064870	47065171	301	301	5.00	20.00	12.49	13.00	3760.00
chr5	24535220	24535388	168	168	59.00	149.00	88.05	77.00	14793.00
chr12	6806452	6806958	506	506	197.00	638.00	375.12	370.50	189810.00
chr22	29881711	29881836	125	125	367.00	532.00	439.30	437.00	54913.00
chr7	75894681	75894786	105	105	83.00	103.00	90.66	90.00	9519.00
chr12	121089007	121095893	6886	6886	5.00	380.00	71.24	60.00	490588.00
chr1	207940357	207942365	2008	2008	14.00	332.00	65.17	44.00	130869.00
chr7	154681166	154681240	74	74	469.00	623.00	553.47	562.00	40957.00
chr5	131696513	131697529	1016	1016	6.00	36.00	18.81	19.00	19116.00
chr11	1776135	1776258	123	123	855.00	1641.00	1162.24	1083.00	142955.00
chr8	11706554	11706673	119	119	1198.00	1558.00	1382.93	1401.00	164569.00
chr11	18759426	18759511	85	85	488.00	637.00	556.38	550.00	47292.00
chr16	61689373	61689625	252	252	69.00	116.00	94.35	95.00	23776.00
chr15	51750702	51750824	122	122	194.00	251.00	228.40	230.50	27865.00
chr9	35555056	35555698	642	642	225.00	458.00	313.00	301.50	200946.00
chr2	198356200	198356621	421	421	5.00	22.00	13.68	14.00	5758.00
chr9	131001723	131001794	71	71	3659.00	4946.00	4518.83	4685.00	320837.00
chr19	5214371	5214491	120	120	261.00	366.00	325.25	326.00	39030.00
chr22	35719488	35719623	135	135	179.00	262.00	223.62	225.00	30189.00
chr12	121678738	121679829	1091	1091	5.00	49.00	22.76	21.00	24829.00
chr14	23820960	23821064	104	104	2081.00	2627.00	2447.69	2493.50	254560.00
chr1	32205710	32205779	69	69	408.00	522.00	459.22	449.00	31686.00
chr3	33420176	33420326	150	150	22.00	464.00	168.66	28.00	25299.00
chr9	114820707	114820966	259	259	68.00	105.00	87.27	87.00	22604.00
chr15	41865876	41866023	147	147	10.00	1021.00	770.82	799.00	113311.00
chr19	55554308	55554637	329	329	10.00	46.00	33.00	36.00	10858.00
chr1	116933403	116933513	110	110	2071.00	2531.00	2308.17	2316.00	253899.00
chr19	15374230	15374359	129	129	61.00	94.00	78.22	76.00	10091.00
chr12	56090682	56090852	170	170	63.00	119.00	95.12	96.00	16170.00
chr14	69445668	69445876	208	208	41.00	174.00	113.62	125.50	23632.00
chr12	57603474	57603651	177	177	312.00	510.00	418.25	436.00	74031.00
chr22	32897492	32898946	1454	1454	14.00	218.00	92.73	83.00	134831.00
chr16	16367702	16367764	62	62	17.00	589.00	277.35	273.50	17196.00
chr19	5245786	5246056	270	270	34.00	102.00	61.93	57.00	16721.00
chr16	74345440	74345829	389	389	14.00	31.00	22.68	23.00	8824.00
chr6	107096899	107097076	177	177	34.00	82.00	57.21	59.00	10126.00
chr1	29641883	29642019	136	136	61.00	105.00	81.53	74.50	11088.00
chr8	97342440	97342509	69	69	405.00	467.00	436.54	439.00	30121.00
chr8	68116914	68117054	140	140	103.00	178.00	141.01	140.00	19742.00
chr22	22037470	22037546	76	76	63.00	85.00	75.24	78.00	5718.00
chr22	50682147	50683420	1273	1273	5.00	80.00	41.40	42.00	52700.00
chr20	44048971	44049069	98	98	203.00	275.00	238.87	237.00	23409.00
chr1	36904356	36904511	155	155	72.00	126.00	95.91	92.00	14866.00
chr12	71054719	71054877	158	158	78.00	224.00	135.74	121.00	21447.00
chr15	50654364	50655515	1151	1151	20.00	91.00	47.15	44.00	54268.00
chr2	234198499	234198620	121	121	99.00	141.00	122.70	123.00	14847.00
chr9	128001699	128001812	113	113	495.00	619.00	552.56	557.00	62439.00
chr8	38272296	38272419	123	123	122.00	201.00	167.30	167.00	20578.00
chr11	73068069	73068179	110	110	81.00	192.00	134.87	148.00	14836.00
chr16	28123137	28123327	190	190	170.00	323.00	241.45	218.50	45876.00
chr12	49424062	49424222	160	160	4.00	26.00	9.83	7.00	1573.00
chr19	50302885	50303023	138	138	368.00	682.00	488.22	440.50	67375.00
chr19	42480567	42480718	151	151	4987.00	6104.00	5499.63	5437.00	830444.00
chr3	197904395	197905301	906	906	0.00	41.00	20.83	22.00	18874.00
chr13	100189992	100190117	125	125	268.00	351.00	320.64	326.00	40080.00
chr19	14268062	14268272	210	210	189.00	337.00	268.84	283.00	56456.00
chr10	93786886	93787057	171	171	98.00	158.00	115.26	114.00	19709.00
chr1	109808726	109808828	102	102	85.00	133.00	104.51	100.00	10660.00
chr4	134075461	134075520	59	59	204.00	313.00	242.69	244.00	14319.00
chr1	22052268	22053864	1596	1596	4.00	47.00	20.60	19.00	32877.00
chr9	140056855	140056968	113	113	1205.00	1491.00	1320.98	1304.00	149271.00
chr19	42482087	42482224	137	137	3749.00	5110.00	4463.97	4534.00	611564.00
chr19	4556962	4557025	63	63	518.00	564.00	542.24	543.00	34161.00
chr19	14266921	14267013	92	92	249.00	337.00	295.55	295.50	27191.00
chr22	42273851	42274127	276	276	10.00	564.00	333.80	477.00	92128.00
chr1	205549788	205550049	261	261	143.00	286.00	218.54	232.00	57039.00
chr1	110765585	110766522	937	937	58.00	210.00	130.44	129.00	122221.00
chr19	55553595	55554158	563	563	30.00	91.00	51.29	46.00	28876.00
chr7	150929881	150931360	1479	1479	23.00	147.00	52.75	51.00	78016.00
chr3	124215157	124215260	103	103	664.00	904.00	784.71	791.00	80825.00
chr16	58220658	58220760	102	102	115.00	205.00	161.02	162.50	16424.00
chr3	10381925	10382033	108	108	368.00	492.00	458.10	469.50	49475.00
chr10	11356101	11356221	120	120	53.00	71.00	62.58	63.00	7510.00
chr22	42294652	42294785	133	133	571.00	1006.00	822.71	832.00	109420.00
chr1	2005531	2005714	183	183	34.00	98.00	77.82	82.00	14241.00
chr12	113722522	113722576	54	54	47.00	67.00	57.70	56.00	3116.00
chr9	131502198	131502398	200	200	10.00	701.00	566.58	588.50	113316.00
chr19	40873602	40873786	184	184	1580.00	2385.00	2062.85	2098.00	379565.00
chr2	220162606	220162825	219	219	359.00	713.00	527.26	509.00	115470.00
chr16	28270027	28270355	328	328	6.00	21.00	14.75	15.00	4838.00
chr4	3225718	3225858	140	140	111.00	145.00	129.21	131.00	18090.00
chr17	44127898	44128070	172	172	59.00	99.00	80.01	82.50	13762.00
chr3	47462043	47462262	219	219	98.00	186.00	119.67	109.00	26207.00
chr6	99873090	99873182	92	92	8.00	239.00	110.30	93.00	10148.00
chr7	142561723	142562504	781	781	264.00	604.00	422.53	422.00	329997.00
chr1	159169540	159169666	126	126	1170.00	1973.00	1637.02	1738.50	206264.00
chr19	7606869	7606953	84	84	80.00	101.00	88.54	88.00	7437.00
chr16	2811561	2818298	6737	6737	16.00	686.00	221.48	185.00	1492099.00
chr3	47450652	47450807	155	155	55.00	93.00	75.65	78.00	11725.00
chr11	118403631	118403922	291	291	178.00	238.00	204.95	202.00	59639.00
chr1	205555161	205555335	174	174	191.00	293.00	233.51	230.00	40631.00
chr12	125603186	125603311	125	125	96.00	151.00	117.18	114.00	14647.00
chr11	86658288	86659498	1210	1210	17.00	55.00	32.38	31.00	39178.00
chr22	37764946	37768745	3799	3799	16.00	838.00	208.75	153.00	793027.00
chr10	46345664	46346215	551	551	5.00	57.00	19.46	13.00	10721.00
chr22	33673045	33673241	196	196	189.00	519.00	308.69	255.50	60504.00
chr9	140042599	140042666	67	67	11.00	291.00	234.52	247.00	15713.00
chr3	48717233	48717320	87	87	192.00	269.00	217.94	212.00	18961.00
chr11	60681600	60681740	140	140	15.00	179.00	95.75	89.50	13405.00
chr10	93784512	93784724	212	212	38.00	77.00	60.12	61.00	12745.00
chr12	7289424	7290372	948	948	6.00	665.00	175.11	16.00	166004.00
chr3	132387062	132387526	464	464	10.00	27.00	19.52	20.00	9059.00
chr16	2335442	2335647	205	205	176.00	310.00	244.47	246.00	50117.00
chr16	1794782	1797276	2494	2494	4.00	343.00	41.51	19.00	103534.00
chr16	3786036	3786204	168	168	60.00	119.00	85.36	87.00	14340.00
chr9	141131209	141131766	557	557	0.00	36.00	17.51	19.00	9754.00
chr14	92965028	92966015	987	987	10.00	60.00	33.93	33.00	33493.00
chr19	54692070	54692200	130	130	232.00	573.00	368.68	282.00	47929.00
chr15	43866006	43866230	224	224	99.00	149.00	114.81	113.00	25718.00
chr3	40231316	40231954	638	638	30.00	87.00	54.13	47.00	34535.00
chr3	50148937	50149455	518	518	10.00	33.00	22.02	22.00	11406.00
chr4	81117505	81117755	250	250	45.00	86.00	65.16	63.00	16289.00
chr10	46740404	46740638	234	234	2.00	17.00	10.39	10.00	2432.00
chr3	124210169	124210271	102	102	530.00	839.00	657.07	621.50	67021.00
chr11	107488830	107488932	102	102	156.00	334.00	230.88	225.00	23550.00
chr9	130591965	130592106	141	141	71.00	92.00	80.79	80.00	11391.00
chr1	20981932	20982027	95	95	397.00	482.00	437.29	439.00	41543.00
chr12	75875613	75875859	246	246	32.00	70.00	50.05	48.00	12312.00
chr22	32046684	32046764	80	80	76.00	138.00	116.33	126.00	9306.00
chr11	70331418	70331658	240	240	17.00	58.00	38.52	43.00	9244.00
chr14	51079976	51080069	93	93	559.00	687.00	619.88	618.00	57649.00
chr17	80041077	80041301	224	224	310.00	640.00	470.89	480.00	105479.00
chr7	158540884	158540971	87	87	109.00	175.00	135.97	132.00	11829.00
chr1	21553651	21553719	68	68	63.00	86.00	73.74	72.00	5014.00
chr2	219206256	219206349	93	93	124.00	201.00	154.52	143.00	14370.00
chr17	18444211	18445242	1031	1031	0.00	26.00	10.82	10.00	11156.00
chr12	57599340	57599460	120	120	220.00	269.00	238.19	236.50	28583.00
chr11	64417919	64418110	191	191	160.00	291.00	247.17	268.00	47209.00
chr19	3274926	3275650	724	724	6.00	25.00	13.12	13.00	9497.00
chr16	18532086	18532305	219	219	519.00	1014.00	740.80	704.00	162236.00
chr17	3776702	3776756	54	54	624.00	782.00	736.09	738.00	39749.00
chr1	116932670	116933033	363	363	8.00	2772.00	1362.51	2290.00	494590.00
chr16	1505731	1505796	65	65	165.00	238.00	214.49	223.00	13942.00
chr1	9794029	9794200	171	171	2209.00	2924.00	2621.81	2643.00	448330.00
chr10	73579221	73579379	158	158	4501.00	6500.00	5247.78	5222.00	829150.00
chr11	6411684	6412146	462	462	19.00	140.00	92.17	97.00	42584.00
chr1	159163212	159163350	138	138	1040.00	1284.00	1131.08	1127.00	156089.00
chr16	1816723	1816804	81	81	543.00	733.00	650.15	647.00	52662.00
chr7	91722399	91722630	231	231	7.00	119.00	68.21	59.00	15756.00
chr7	44281816	44281939	123	123	819.00	1098.00	918.62	922.00	112990.00
chr2	220467189	220467297	108	108	25.00	35.00	30.57	31.00	3302.00
chr16	4494664	4494729	65	65	228.00	294.00	263.32	255.00	17116.00
chr15	34681844	34681986	142	142	4.00	192.00	142.51	154.00	20237.00
chr9	139995935	139996124	189	189	113.00	219.00	155.79	144.00	29444.00
chr3	180324040	180324160	120	120	80.00	121.00	97.47	95.00	11697.00
chr3	42678359	42681242	2883	2883	19.00	151.00	69.31	65.00	199827.00
chr7	131812776	131815333	2557	2557	0.00	87.00	27.65	26.00	70703.00
chr20	1585387	1585522	135	135	23.00	480.00	237.90	219.00	32117.00
chr3	126751229	126751442	213	213	114.00	255.00	179.02	178.00	38131.00
chr15	63920875	63921014	139	139	168.00	292.00	209.24	201.00	29084.00
chr16	2040128	2040202	74	74	74.00	209.00	138.96	142.00	10283.00
chr9	74324174	74324390	216	216	27.00	42.00	35.59	36.00	7687.00
chr20	44521858	44521950	92	92	323.00	408.00	364.96	363.00	33576.00
chr9	139911647	139911798	151	151	105.00	154.00	126.83	122.00	19151.00
chr9	140055507	140055649	142	142	1245.00	1970.00	1580.25	1441.00	224396.00
chr12	120148055	120148191	136	136	129.00	189.00	166.02	170.00	22579.00
chr12	50474280	50474372	92	92	138.00	190.00	170.42	174.50	15679.00
chr15	63125702	63125828	126	126	189.00	334.00	258.67	261.00	32593.00
chr9	20907148	20907241	93	93	94.00	126.00	113.87	115.00	10590.00
chr16	87874655	87874761	106	106	183.00	228.00	202.36	200.00	21450.00
chr2	162833269	162833460	191	191	4.00	897.00	432.03	631.00	82517.00
chr8	11704560	11704677	117	117	1442.00	1936.00	1674.38	1621.00	195903.00
chr15	63926931	63927087	156	156	177.00	305.00	252.06	258.00	39322.00
chr6	31668718	31668805	87	87	171.00	266.00	210.53	196.00	18316.00
chr7	148910792	148910906	114	114	19.00	48.00	36.14	37.00	4120.00
chr14	42355808	42357213	1405	1405	25.00	268.00	105.95	92.00	148857.00
chr10	88678928	88679226	298	298	13.00	56.00	28.53	28.00	8501.00
chr3	140998219	140998346	127	127	49.00	93.00	74.50	77.00	9461.00
chr1	144859758	144859998	240	240	120.00	285.00	185.91	192.00	44618.00
chr9	96054772	96055455	683	683	41.00	268.00	171.97	172.00	117454.00
chr19	7604803	7604944	141	141	75.00	107.00	89.45	89.00	12612.00
chr12	30906277	30907432	1155	1155	4.00	78.00	30.68	24.00	35438.00
chr9	131112762	131112854	92	92	176.00	349.00	269.63	271.00	24806.00
chr20	61981328	61982379	1051	1051	26.00	94.00	51.61	49.00	54243.00
chr7	38431348	38431618	270	270	454.00	772.00	572.83	534.50	154665.00
chr20	44521036	44521123	87	87	218.00	310.00	266.78	273.00	23210.00
chr11	64418726	64419108	382	382	110.00	269.00	170.54	165.00	65147.00
chr12	120148344	120150270	1926	1926	2.00	165.00	36.74	24.00	70766.00
chr12	6930971	6931066	95	95	19.00	517.00	266.71	259.00	25337.00
chr16	2339434	2339621	187	187	103.00	186.00	137.41	134.00	25695.00
chr2	27700083	27700187	104	104	35.00	51.00	41.26	41.00	4291.00
chr14	69805367	69805494	127	127	125.00	253.00	186.16	172.00	23642.00
chr12	9242497	9242619	122	122	285.00	416.00	365.69	379.00	44614.00
chr3	58256658	58256791	133	133	87.00	229.00	136.47	119.00	18150.00
chr10	79744927	79745098	171	171	60.00	118.00	87.16	88.00	14904.00
chr1	159161725	159161866	141	141	449.00	801.00	670.99	707.00	94609.00
chr16	31085202	31085519	317	317	12.00	32.00	21.92	22.00	6950.00
chr1	171755018	171755218	200	200	51.00	100.00	76.56	80.00	15311.00
chr9	130988124	130989280	1156	1156	5.00	2559.00	316.41	36.00	365772.00
chr15	63127935	63127998	63	63	193.00	235.00	212.51	212.00	13388.00
chr19	1917676	1917821	145	145	3.00	242.00	161.12	164.00	23363.00
chr22	25315792	25315960	168	168	99.00	150.00	123.14	123.00	20687.00
chr2	207943790	207945085	1295	1295	16.00	77.00	37.87	36.00	49040.00
chr11	47330706	47330952	246	246	10.00	850.00	374.25	30.00	92065.00
chr3	142743978	142746095	2117	2117	4.00	141.00	25.36	19.00	53692.00
chr7	44839492	44839694	202	202	12.00	54.00	36.10	38.00	7292.00
chr22	31688260	31688471	211	211	11.00	179.00	122.38	139.00	25822.00
chr11	66333492	66333638	146	146	1019.00	1408.00	1236.10	1273.50	180470.00
chr9	131114916	131115026	110	110	295.00	377.00	324.84	321.00	35732.00
chr1	20206	21013	807	807	14.00	126.00	61.20	61.00	49390.00
chr11	108216469	108216635	166	166	31.00	82.00	63.77	68.00	10585.00
chr1	209778880	209779019	139	139	329.00	438.00	380.19	379.00	52846.00
chr1	202935876	202936026	150	150	226.00	348.00	270.25	263.00	40537.00
chr12	57600255	57600524	269	269	267.00	366.00	312.78	308.00	84138.00
chr19	15233503	15233615	112	112	77.00	105.00	91.20	92.00	10214.00
chr8	68115317	68115486	169	169	128.00	199.00	169.62	173.00	28665.00
chr19	13419229	13419342	113	113	19.00	37.00	31.17	32.00	3522.00
chr6	33266815	33267130	315	315	4.00	39.00	21.79	22.00	6865.00
chr16	89780611	89781646	1035	1035	17.00	116.00	60.26	57.00	62370.00
chr12	109964162	109964221	59	59	63.00	84.00	74.05	73.00	4369.00
chr22	24491893	24492045	152	152	52.00	92.00	71.41	70.00	10854.00
chr2	242592926	242593025	99	99	243.00	369.00	287.83	272.00	28495.00
chr1	21937944	21938074	130	130	614.00	1210.00	957.10	991.00	124423.00
chr2	223789173	223789313	140	140	281.00	388.00	318.54	319.00	44595.00
chr20	3772318	3772535	217	217	14.00	26.00	19.47	19.00	4225.00
chr16	18531918	18532001	83	83	835.00	1189.00	1060.57	1102.00	88027.00
chr1	43396296	43396537	241	241	229.00	341.00	277.17	273.00	66797.00
chr2	100037960	100038115	155	155	50.00	77.00	64.86	65.00	10054.00
chr16	1500497	1500770	273	273	5.00	232.00	119.57	160.00	32642.00
chr19	40876016	40876144	128	128	1913.00	2822.00	2340.53	2346.50	299588.00
chr5	168112691	168112932	241	241	28.00	60.00	43.19	39.00	10409.00
chr2	127825738	127825831	93	93	562.00	632.00	596.34	596.00	55460.00
chr1	19232015	19234990	2975	2975	9.00	285.00	55.66	47.00	165583.00
chr16	1391129	1391196	67	67	159.00	217.00	182.24	171.00	12210.00
chr6	33410665	33411689	1024	1024	11.00	511.00	221.78	184.00	227099.00
chr9	95872033	95872266	233	233	18.00	41.00	31.17	31.00	7262.00
chr1	53378627	53378839	212	212	17.00	36.00	25.51	24.00	5408.00
chr2	80531276	80531693	417	417	12.00	70.00	48.50	55.00	20224.00
chr7	44286718	44286791	73	73	495.00	666.00	599.11	604.00	43735.00
chr7	157369304	157369471	167	167	471.00	671.00	597.83	611.00	99838.00
chr11	18755079	18755191	112	112	2.00	628.00	397.62	542.50	44534.00
chr6	86237979	86238080	101	101	280.00	365.00	330.87	335.00	33418.00
chr8	145000951	145001050	99	99	25.00	52.00	42.85	45.00	4242.00
chr19	45167680	45167966	286	286	19.00	40.00	28.47	29.00	8141.00
chr10	48930165	48930400	235	235	2.00	13.00	7.87	8.00	1850.00
chr16	87871450	87871547	97	97	137.00	267.00	206.49	226.00	20030.00
chr1	109815454	109815649	195	195	309.00	444.00	383.34	388.00	74751.00
chr1	208215442	208215711	269	269	58.00	104.00	80.62	80.00	21686.00
chr2	260866	261451	585	585	6.00	28.00	14.57	15.00	8525.00
chr5	180481266	180481724	458	458	3.00	34.00	16.74	17.00	7666.00
chr7	73119479	73119631	152	152	9.00	2120.00	882.16	19.00	134088.00
chr15	34677248	34677358	110	110	234.00	342.00	282.21	270.00	31043.00
chr16	57687114	57687247	133	133	123.00	175.00	155.47	160.00	20677.00
chr15	50649406	50649592	186	186	29.00	59.00	43.49	42.00	8090.00
chr22	21071995	21072066	71	71	2199.00	2467.00	2343.58	2352.00	166394.00
chr5	179200882	179201561	679	679	16.00	50.00	35.55	35.00	24138.00
chr10	98763824	98763979	155	155	132.00	202.00	167.97	174.00	26035.00
chr14	102963315	102963457	142	142	93.00	141.00	110.79	108.00	15732.00
chr1	21932558	21933138	580	580	8.00	1040.00	220.61	24.00	127951.00
chr16	28118842	28118998	156	156	239.00	382.00	304.35	307.00	47478.00
chr1	241767561	241767881	320	320	75.00	139.00	102.16	93.00	32691.00
chr11	66812063	66812184	121	121	123.00	244.00	177.18	174.00	21439.00
chr11	12248571	12248678	107	107	572.00	841.00	717.16	724.00	76736.00
chr9	130588788	130588951	163	163	41.00	90.00	63.69	63.00	10382.00
chr22	21068915	21068988	73	73	1970.00	2572.00	2298.92	2349.00	167821.00
chr1	43424304	43424531	227	227	29.00	396.00	269.27	280.00	61124.00
chr14	105852021	105853670	1649	1649	6.00	141.00	26.29	24.00	43344.00
chr15	34823469	34823579	110	110	240.00	351.00	294.84	279.00	32432.00
chr11	171365	172282	917	917	0.00	41.00	21.08	21.00	19328.00
chr22	24493976	24494155	179	179	53.00	127.00	91.56	84.00	16390.00
chr15	79291060	79291167	107	107	423.00	534.00	483.56	485.00	51741.00
chr16	2145904	2146194	290	290	2.00	42.00	29.17	29.00	8459.00
chr9	131503050	131503166	116	116	579.00	659.00	619.01	625.00	71805.00
chr11	61301983	61302579	596	596	8.00	28.00	16.23	17.00	9672.00
chr22	25308609	25308719	110	110	77.00	107.00	90.25	92.00	9928.00
chr12	63977826	63979986	2160	2160	0.00	74.00	24.22	19.00	52315.00
chr19	46928844	46930933	2089	2089	10.00	605.00	284.68	276.00	594698.00
chr16	56969146	56969224	78	78	230.00	358.00	295.73	302.00	23067.00
chr17	40665787	40665996	209	209	6.00	1759.00	772.13	1139.00	161376.00
chr9	131669435	131671600	2165	2165	58.00	378.00	165.35	157.00	357979.00
chr2	220164026	220164271	245	245	12.00	875.00	274.84	22.00	67335.00
chr19	7589846	7590052	206	206	48.00	157.00	92.97	91.00	19152.00
chr6	91260186	91260268	82	82	68.00	79.00	72.30	71.00	5929.00
chr9	124543742	124543830	88	88	228.00	277.00	255.06	258.50	22445.00
chr12	54071005	54071170	165	165	13.00	70.00	44.87	42.00	7403.00
chr2	40443	41212	769	769	8.00	44.00	31.48	33.00	24208.00
chr11	67852159	67852747	588	588	15.00	43.00	25.69	25.00	15108.00
chr8	8233762	8234810	1048	1048	0.00	64.00	28.27	28.00	29628.00
chr2	175671113	175672148	1035	1035	4.00	23.00	14.75	15.00	15266.00
chr7	138984922	138985438	516	516	3.00	13.00	8.49	8.00	4382.00
chr22	40816850	40817104	254	254	69.00	140.00	111.85	113.00	28411.00
chr19	14263120	14263249	129	129	289.00	399.00	339.79	331.00	43833.00
chr19	16962222	16962345	123	123	101.00	133.00	117.36	119.00	14435.00
chr1	109813838	109813918	80	80	154.00	216.00	182.43	183.00	14594.00
chr3	49898148	49898562	414	414	13.00	1233.00	566.39	794.50	234486.00
chr17	17131202	17131510	308	308	28.00	174.00	92.50	83.00	28489.00
chr1	21936067	21936139	72	72	441.00	597.00	512.26	507.50	36883.00
chr3	130424404	130424615	211	211	64.00	94.00	82.24	84.00	17352.00
chr12	56532710	56532797	87	87	156.00	195.00	169.86	166.00	14778.00
chr16	29888591	29888788	197	197	591.00	853.00	712.05	687.00	140274.00
chr2	114394588	114396196	1608	1608	5.00	76.00	38.82	35.00	62425.00
chr3	124180736	124180803	67	67	331.00	386.00	364.94	367.00	24451.00
chr9	111798485	111798660	175	175	51.00	74.00	61.69	62.00	10796.00
chr10	73847897	73848372	475	475	19.00	1201.00	455.95	458.00	216576.00
chr22	21075585	21075706	121	121	1136.00	1655.00	1426.38	1443.00	172592.00
chr22	20920753	20921104	351	351	43.00	139.00	94.13	101.00	33038.00
chr9	140953020	140953185	165	165	34.00	56.00	42.44	42.00	7002.00
chr22	41620970	41621075	105	105	114.00	184.00	155.13	155.00	16289.00
chr11	6243671	6243839	168	168	49.00	105.00	82.77	90.00	13905.00
chr15	74704225	74704353	128	128	165.00	215.00	193.01	196.00	24705.00
chr3	48719780	48719985	205	205	102.00	185.00	142.48	138.00	29208.00
chr1	222833247	222833348	101	101	133.00	195.00	156.90	149.00	15847.00
chr1	6583675	6584824	1149	1149	17.00	128.00	78.99	76.00	90758.00
chr11	126135857	126135976	119	119	301.00	366.00	332.24	329.00	39536.00
chr8	75156763	75157410	647	647	21.00	76.00	53.15	57.00	34386.00
chr15	83345212	83345389	177	177	245.00	322.00	289.00	292.00	51153.00
chr14	68031638	68032561	923	923	1.00	23.00	12.98	14.00	11978.00
chr19	42479780	42479949	169	169	3604.00	6031.00	5015.30	5079.00	847585.00
chr16	31503329	31503407	78	78	408.00	598.00	513.05	530.50	40018.00
chr17	1564564	1564700	136	136	195.00	336.00	242.99	223.50	33046.00
chr16	58717858	58718082	224	224	21.00	50.00	31.70	29.00	7100.00
chr14	71575320	71575763	443	443	25.00	91.00	57.60	58.00	25517.00
chr1	202934498	202934628	130	130	240.00	411.00	310.23	297.00	40330.00
chr7	73118477	73118586	109	109	1117.00	1300.00	1202.00	1202.00	131018.00
chr19	13365908	13366073	165	165	52.00	101.00	73.90	74.00	12193.00
chr10	102265117	102265958	841	841	15.00	48.00	33.62	34.00	28272.00
chr9	139983320	139983457	137	137	85.00	211.00	136.82	123.00	18745.00
chr18	29206245	29206347	102	102	95.00	163.00	125.96	123.00	12848.00
chr12	120578662	120578827	165	165	65.00	90.00	76.82	76.00	12675.00
chr5	757516	758226	710	710	1.00	17.00	7.68	7.00	5455.00
chr8	21632483	21632567	84	84	66.00	94.00	80.49	81.00	6761.00
chr4	54011499	54011749	250	250	76.00	171.00	107.60	103.50	26899.00
chr8	141680613	141681365	752	752	11.00	36.00	21.12	20.00	15880.00
chr11	57367351	57367850	499	499	76.00	214.00	131.60	124.00	65670.00
chr12	63980009	63980784	775	775	8.00	37.00	17.39	17.00	13481.00
chr9	140057042	140057203	161	161	8.00	1965.00	1592.24	1719.00	256350.00
chr2	7055953	7056098	145	145	91.00	109.00	101.49	102.00	14716.00
chr12	52387768	52389043	1275	1275	21.00	647.00	195.69	137.00	249503.00
chr19	50104931	50105175	244	244	24.00	117.00	51.84	40.00	12649.00
chr19	5218430	5218543	113	113	315.00	501.00	438.99	456.00	49606.00
chr16	29898969	29899138	169	169	338.00	481.00	397.17	381.00	67121.00
chr7	99030900	99031041	141	141	24.00	34.00	29.62	30.00	4176.00
chr17	36692926	36693212	286	286	4.00	16.00	10.02	10.00	2867.00
chr15	73857770	73859335	1565	1565	7.00	183.00	71.10	69.00	111273.00
chr6	44104085	44104176	91	91	113.00	167.00	142.41	143.00	12959.00
chr1	21938518	21938602	84	84	672.00	895.00	790.32	796.00	66387.00
chr19	13423482	13423595	113	113	15.00	28.00	23.81	25.00	2691.00
chr16	70292882	70293089	207	207	1102.00	1584.00	1334.38	1339.00	276217.00
chr18	61060641	61060782	141	141	114.00	153.00	135.61	137.00	19121.00
chr16	22269814	22270016	202	202	12.00	30.00	21.34	22.00	4311.00
chr1	21554423	21554534	111	111	44.00	82.00	63.39	62.00	7036.00
chr9	140057255	140057455	200	200	21.00	2638.00	1738.77	2161.50	347754.00
chr7	1488255	1488397	142	142	48.00	70.00	59.24	59.00	8412.00
chr14	100166351	100166438	87	87	633.00	720.00	683.36	685.00	59452.00
chr9	101065522	101065705	183	183	312.00	490.00	394.48	387.00	72190.00
chr5	68411752	68412041	289	289	37.00	87.00	63.35	66.00	18307.00
chr1	2452539	2452754	215	215	81.00	141.00	101.13	96.00	21742.00
chr1	21564626	21564737	111	111	48.00	76.00	58.67	59.00	6512.00
chr13	42037713	42039066	1353	1353	6.00	52.00	25.11	23.00	33969.00
chr2	114350236	114350443	207	207	6.00	61.00	32.94	31.00	6819.00
chr1	21939668	21939722	54	54	649.00	777.00	727.98	740.00	39311.00
chr9	139353895	139354007	112	112	31.00	68.00	46.20	42.50	5174.00
chr7	102176367	102176618	251	251	20.00	70.00	51.57	52.00	12943.00
chr3	51411753	51412018	265	265	4.00	239.00	83.54	13.00	22138.00
chr17	73888091	73888266	175	175	21.00	58.00	40.74	42.00	7129.00
chr13	103297258	103297435	177	177	5.00	82.00	43.01	56.00	7612.00
chr15	63922664	63922834	170	170	205.00	356.00	281.62	276.50	47876.00
chr3	33400774	33400849	75	75	181.00	263.00	226.85	223.00	17014.00
chr22	50671744	50671955	211	211	35.00	60.00	46.80	46.00	9875.00
chr1	21190968	21191205	237	237	195.00	285.00	249.78	248.00	59198.00
chr5	14481649	14481727	78	78	177.00	230.00	203.86	203.00	15901.00
chr15	101605556	101606410	854	854	14.00	56.00	28.04	27.00	23950.00
chr17	80040402	80040554	152	152	396.00	589.00	494.85	464.00	75217.00
chr2	132269293	132270897	1604	1604	8.00	52.00	26.11	28.00	41888.00
chr11	1778553	1778786	233	233	1415.00	2366.00	1866.59	1876.00	434915.00
chr11	1469616	1469808	192	192	4.00	19.00	12.77	15.00	2452.00
chr12	120138549	120138630	81	81	212.00	242.00	227.70	228.00	18444.00
chr7	901016	901101	85	85	164.00	242.00	205.02	209.00	17427.00
chr19	13372263	13372424	161	161	79.00	144.00	121.39	125.00	19543.00
chr17	40843154	40843311	157	157	229.00	349.00	300.13	310.00	47120.00
chr17	80039476	80039719	243	243	400.00	663.00	521.54	500.00	126734.00
chr17	16681109	16687365	6256	6256	0.00	116.00	19.02	12.00	118973.00
chr1	116935475	116935610	135	135	2226.00	2858.00	2446.76	2397.00	330312.00
chr6	128294808	128294972	164	164	214.00	393.00	318.07	328.50	52164.00
chr5	109189927	109190617	690	690	6.00	34.00	18.08	18.00	12476.00
chr15	40757533	40757634	101	101	31.00	92.00	71.50	73.00	7222.00
chr2	220164706	220164981	275	275	551.00	1083.00	790.63	758.00	217422.00
chr3	164905164	164908639	3475	3475	10.00	194.00	59.95	49.00	208336.00
chr11	60699157	60699356	199	199	143.00	621.00	437.66	398.00	87094.00
chr2	96680301	96680717	416	416	4.00	15.00	8.52	8.00	3543.00
chr17	40845314	40845554	240	240	303.00	502.00	380.00	364.00	91199.00
chr12	125264513	125265391	878	878	26.00	90.00	51.07	49.00	44843.00
chr1	156623704	156624158	454	454	3.00	36.00	19.42	19.00	8817.00
chr6	108370456	108370622	166	166	96.00	151.00	125.19	128.00	20782.00
chr11	19180486	19180587	101	101	48.00	72.00	55.51	55.00	5607.00
chr19	42489069	42489338	269	269	709.00	1547.00	1126.11	1147.00	302924.00
chr2	198274493	198274731	238	238	85.00	137.00	111.59	112.00	26558.00
chr6	47220991	47221257	266	266	137.00	302.00	212.91	208.50	56634.00
chr19	40872679	40872822	143	143	2174.00	3254.00	2806.44	2888.00	401321.00
chr19	54693278	54693627	349	349	5.00	144.00	75.40	76.00	26314.00
chr12	81929	82174	245	245	5.00	30.00	18.29	21.00	4480.00
chr21	45513943	45514114	171	171	79.00	126.00	107.87	109.00	18445.00
chr3	124201630	124201747	117	117	5.00	716.00	490.63	613.00	57404.00
chr17	79805118	79805223	105	105	425.00	555.00	493.89	487.00	51858.00
chr20	46307419	46307548	129	129	88.00	146.00	108.62	108.00	14012.00
chr17	38187790	38187873	83	83	162.00	211.00	188.08	188.00	15611.00
chr2	207452814	207452878	64	64	344.00	487.00	415.23	415.00	26575.00
chr17	45695715	45695823	108	108	643.00	733.00	682.93	681.50	73756.00
chr7	44283023	44283126	103	103	493.00	654.00	587.06	592.00	60467.00
chr20	62274975	62275284	309	309	8.00	3944.00	1930.43	2933.00	596503.00
chr11	108202605	108202764	159	159	35.00	65.00	53.08	55.00	8440.00
chr9	140051314	140051489	175	175	581.00	777.00	659.70	666.00	115448.00
chr22	45574118	45574781	663	663	43.00	151.00	92.31	100.00	61202.00
chr15	79312382	79312446	64	64	165.00	195.00	180.89	182.00	11577.00
chr1	21940120	21940199	79	79	636.00	713.00	678.65	682.00	53613.00
chr17	3775847	3775921	74	74	649.00	874.00	745.68	731.00	55180.00
chr7	73133931	73134019	88	88	23.00	1726.00	560.56	367.00	49329.00
chr11	72292920	72292991	71	71	509.00	583.00	541.28	539.00	38431.00
chr7	43547616	43547730	114	114	109.00	153.00	133.15	134.00	15179.00
chr16	58713760	58714145	385	385	21.00	44.00	32.13	31.00	12371.00
chr22	21083600	21083794	194	194	809.00	1343.00	1140.72	1182.00	221300.00
chr11	66457275	66457414	139	139	524.00	879.00	651.37	642.00	90541.00
chr15	91561034	91561115	81	81	66.00	85.00	76.05	77.00	6160.00
chr11	2968525	2969001	476	476	6.00	31.00	18.73	19.00	8915.00
chr19	34869838	34869910	72	72	2465.00	3022.00	2720.60	2705.00	195883.00
chr9	121970996	121971219	223	223	265.00	369.00	327.96	336.00	73135.00
chr3	47449772	47449980	208	208	7.00	76.00	46.37	55.00	9644.00
chr12	57601820	57601999	179	179	339.00	726.00	511.22	519.00	91508.00
chr16	2345590	2345741	151	151	159.00	214.00	185.93	185.00	28076.00
chr12	50471782	50471910	128	128	80.00	128.00	100.50	97.00	12864.00
chr1	109814221	109814344	123	123	324.00	487.00	423.70	436.00	52115.00
chr19	16942304	16942458	154	154	41.00	98.00	70.19	70.00	10809.00
chr11	66333301	66333398	97	97	895.00	1200.00	1002.84	997.00	97275.00
chr5	74026084	74026223	139	139	137.00	213.00	179.46	186.00	24945.00
chr5	68417520	68417722	202	202	75.00	114.00	90.87	90.00	18355.00
chr19	15272262	15272525	263	263	49.00	102.00	72.69	68.00	19118.00
chr3	45872404	45872482	78	78	183.00	246.00	215.09	216.00	16777.00
chr7	73123374	73123452	78	78	1737.00	2394.00	2172.85	2257.00	169482.00
chr5	14498197	14498360	163	163	135.00	218.00	179.63	175.00	29279.00
chr14	93180167	93180230	63	63	200.00	285.00	244.02	241.00	15373.00
chr9	130984739	130984875	136	136	2588.00	4045.00	3429.01	3348.50	466346.00
chr13	31216764	31216894	130	130	24.00	46.00	36.72	38.00	4773.00
chr12	112614399	112614506	107	107	46.00	169.00	136.21	133.00	14575.00
chr12	57602865	57602982	117	117	509.00	771.00	626.91	633.00	73348.00
chr14	72976861	72976987	126	126	123.00	206.00	161.43	154.50	20340.00
chr1	155209406	155209553	147	147	97.00	169.00	123.92	113.00	18216.00
chr10	49633930	49634113	183	183	170.00	272.00	221.65	219.00	40562.00
chr16	84100093	84100218	125	125	244.00	310.00	277.55	276.00	34694.00
chr1	155207924	155208097	173	173	175.00	271.00	226.46	226.00	39178.00
chr12	2786898	2787033	135	135	10.00	46.00	24.06	21.00	3248.00
chr2	233755457	233756197	740	740	1.00	1366.00	189.41	15.00	140161.00
chr14	60631894	60632099	205	205	127.00	369.00	260.20	274.00	53342.00
chr1	11151549	11151654	105	105	85.00	144.00	118.75	115.00	12469.00
chr4	134076071	134076178	107	107	292.00	421.00	350.74	340.00	37529.00
chr15	91420364	91420441	77	77	143.00	180.00	161.55	161.00	12439.00
chr5	114961533	114961755	222	222	5.00	34.00	22.33	23.00	4957.00
chr16	1814047	1814211	164	164	4.00	448.00	195.08	281.50	31993.00
chr18	44250463	44252581	2118	2118	24.00	186.00	93.46	84.00	197956.00
chr6	158049380	158049518	138	138	71.00	136.00	103.61	96.00	14298.00
chr19	7675585	7675679	94	94	44.00	63.00	52.07	50.50	4895.00
chr13	99461604	99461719	115	115	5.00	317.00	209.13	199.00	24050.00
chr11	130010829	130011467	638	638	11.00	2976.00	328.13	27.00	209347.00
chr11	107526658	107526792	134	134	499.00	759.00	596.81	574.00	79973.00
chr16	1391294	1391490	196	196	130.00	211.00	169.62	163.00	33245.00
chr1	38182716	38184158	1442	1442	17.00	232.00	95.70	83.00	137995.00
chr5	179231023	179231323	300	300	4.00	21.00	11.58	10.00	3474.00
chr14	69814593	69814719	126	126	239.00	320.00	283.40	290.00	35708.00
chr14	69349174	69349309	135	135	326.00	456.00	372.48	364.00	50285.00
chr19	7614792	7614998	206	206	149.00	239.00	189.81	185.00	39100.00
chr1	228270375	228270466	91	91	18.00	2678.00	874.73	388.00	79600.00
chr1	38186022	38186315	293	293	9.00	42.00	26.75	31.00	7839.00
chr13	77641715	77641999	284	284	282.00	520.00	402.81	428.00	114397.00
chr14	100157417	100157498	81	81	219.00	517.00	326.68	281.00	26461.00
chr13	32978280	32979333	1053	1053	24.00	216.00	62.09	46.00	65383.00
chr12	7301567	7301794	227	227	656.00	1547.00	1145.44	1127.00	260014.00
chr9	123583116	123583257	141	141	47.00	77.00	65.10	66.00	9179.00
chr17	26883183	26883284	101	101	147.00	204.00	174.65	177.00	17640.00
chr12	6972993	6973137	144	144	383.00	640.00	525.60	572.50	75686.00
chr20	34322310	34322637	327	327	4.00	22.00	12.57	13.00	4109.00
chr19	7606407	7606570	163	163	97.00	148.00	123.66	127.00	20157.00
chr16	2333186	2333373	187	187	3.00	487.00	345.86	390.00	64676.00
chr12	113825548	113825711	163	163	114.00	238.00	159.67	150.00	26027.00
chr7	4802013	4807749	5736	5736	8.00	246.00	48.11	30.00	275956.00
chr1	43394880	43394985	105	105	456.00	563.00	518.43	537.00	54435.00
chr19	4554399	4554488	89	89	467.00	588.00	516.35	520.00	45955.00
chr16	31719139	31719372	233	233	16.00	28.00	21.79	22.00	5077.00
chr5	134060669	134061744	1075	1075	22.00	75.00	43.99	42.00	47290.00
chr1	202936318	202936371	53	53	26.00	230.00	141.72	196.00	7511.00
chr2	220087366	220087615	249	249	273.00	364.00	307.16	301.00	76483.00
chr2	36764494	36764689	195	195	69.00	191.00	115.91	98.00	22602.00
chr7	43519208	43519343	135	135	95.00	191.00	151.47	159.00	20449.00
chr10	51249585	51249993	408	408	0.00	14.00	7.64	9.00	3119.00
chr6	32123647	32123755	108	108	136.00	181.00	157.06	156.50	16963.00
chr3	118624442	118624692	250	250	3.00	58.00	27.09	11.00	6773.00
chr1	190129797	190130020	223	223	54.00	83.00	68.46	69.00	15266.00
chr9	131004491	131004624	133	133	12.00	5881.00	4728.26	5463.00	628859.00
chr22	33679187	33679334	147	147	197.00	276.00	238.27	238.00	35025.00
chr15	74709931	74710016	85	85	112.00	212.00	157.18	147.00	13360.00
chr7	6470110	6470238	128	128	44.00	67.00	56.76	56.00	7265.00
chr1	6640600	6641359	759	759	17.00	65.00	38.13	36.00	28938.00
chr16	31510622	31510728	106	106	243.00	312.00	276.25	282.50	29282.00
chr4	103710287	103711803	1516	1516	19.00	60.00	37.82	37.00	57338.00
chr19	2862339	2862746	407	407	12.00	52.00	33.77	34.00	13746.00
chr2	15467873	15467994	121	121	65.00	86.00	73.79	72.00	8929.00
chr2	36780721	36781492	771	771	9.00	49.00	22.75	20.00	17538.00
chr10	81070680	81070941	261	261	12.00	75.00	30.21	24.00	7884.00
chr2	217234866	217235986	1120	1120	19.00	74.00	41.68	39.00	46678.00
chr10	93786348	93786508	160	160	47.00	169.00	107.60	109.00	17216.00
chr17	20268785	20269076	291	291	0.00	10.00	5.17	5.00	1504.00
chr9	131002006	131002062	56	56	2.00	5641.00	4875.95	5276.00	273053.00
chr1	155208307	155208441	134	134	174.00	295.00	241.90	241.50	32414.00
chr2	162833877	162834373	496	496	6.00	892.00	82.15	17.00	40744.00
chr9	35799614	35799728	114	114	31.00	52.00	41.27	40.00	4705.00
chr20	62517856	62519234	1378	1378	3.00	350.00	58.70	53.00	80887.00
chr22	35942847	35943127	280	280	71.00	192.00	146.25	158.00	40949.00
chr13	26436438	26436546	108	108	48.00	66.00	59.52	60.00	6428.00
chr14	69371371	69371453	82	82	174.00	228.00	201.01	200.50	16483.00
chr7	44031274	44031581	307	307	2.00	23.00	11.69	11.00	3590.00
chr11	12274988	12275291	303	303	6.00	38.00	21.03	20.00	6373.00
chr5	1334403	1334498	95	95	192.00	282.00	236.92	234.00	22507.00
chr19	34868639	34868786	147	147	2445.00	3665.00	3068.62	3087.00	451087.00
chr16	1815960	1816143	183	183	300.00	502.00	407.46	411.00	74566.00
chr10	73578787	73578868	81	81	4860.00	6721.00	5700.52	5634.00	461742.00
chr17	37420427	37420640	213	213	32.00	52.00	42.53	42.00	9058.00
chr5	60835422	60835586	164	164	26.00	44.00	34.98	33.00	5736.00
chr15	79296143	79296517	374	374	235.00	346.00	289.80	288.00	108384.00
chr19	13039568	13039661	93	93	652.00	956.00	814.43	873.00	75742.00
chr12	49421585	49421713	128	128	58.00	99.00	76.59	71.00	9804.00
chr1	1661057	1662583	1526	1526	13.00	197.00	89.70	94.00	136875.00
chr2	207457340	207457460	120	120	466.00	661.00	540.29	540.50	64835.00
chr11	64542462	64543441	979	979	5.00	25.00	15.05	15.00	14735.00
chr20	61910250	61910347	97	97	145.00	169.00	156.63	157.00	15193.00
chr11	62394042	62394156	114	114	336.00	443.00	384.17	381.50	43795.00
chr5	37301538	37301652	114	114	42.00	63.00	52.22	51.00	5953.00
chr16	4733843	4733933	90	90	238.00	279.00	258.06	256.00	23225.00
chr15	43693913	43694048	135	135	62.00	112.00	95.41	99.00	12880.00
chr11	18764538	18764622	84	84	266.00	359.00	327.29	335.50	27492.00
chr17	57842331	57842499	168	168	195.00	279.00	239.51	241.50	40237.00
chr9	96076729	96078064	1335	1335	9.00	75.00	33.14	32.00	44245.00
chr11	12246219	12246367	148	148	354.00	436.00	396.85	397.00	58734.00
chr12	7030743	7031565	822	822	20.00	7972.00	2800.44	42.00	2301960.00
chr3	14523178	14523349	171	171	15.00	37.00	23.78	23.00	4066.00
chr5	758508	759483	975	975	0.00	23.00	7.39	5.00	7202.00
chr12	22635490	22635677	187	187	47.00	85.00	63.76	63.00	11923.00
chr5	14479369	14479459	90	90	175.00	218.00	189.58	190.00	17062.00
chr6	143655214	143656079	865	865	0.00	19.00	7.73	8.00	6686.00
chr7	75508360	75508578	218	218	137.00	1183.00	874.88	976.50	190723.00
chr11	60697981	60698131	150	150	176.00	362.00	258.37	238.00	38755.00
chr1	151400598	151400889	291	291	43.00	99.00	67.15	70.00	19542.00
chr5	172196431	172197309	878	878	47.00	931.00	284.87	97.00	250117.00
chr3	49152660	49152794	134	134	49.00	89.00	70.11	73.00	9395.00
chr7	5518281	5519950	1669	1669	23.00	138.00	82.74	84.00	138099.00
chr17	16691106	16691449	343	343	2.00	50.00	17.78	21.00	6098.00
chr2	220086993	220087172	179	179	243.00	333.00	307.30	308.00	55006.00
chr10	51746916	51748006	1090	1090	2.00	106.00	39.94	31.00	43530.00
chr12	7302118	7302289	171	171	1174.00	1415.00	1294.55	1277.00	221368.00
chr11	59562844	59562955	111	111	42.00	72.00	60.92	63.00	6762.00
chr12	6100984	6101184	200	200	45.00	87.00	63.52	63.00	12705.00
chr19	5683274	5683627	353	353	17.00	71.00	43.02	44.00	15185.00
chr12	2786259	2786387	128	128	12.00	30.00	20.76	22.00	2657.00
chr15	26812727	26812880	153	153	133.00	196.00	161.95	162.00	24779.00
chr1	149007980	149008798	818	818	3.00	36.00	12.61	10.00	10315.00
chr19	54965608	54965861	253	253	79.00	124.00	102.94	107.00	26045.00
chr8	27293259	27293310	51	51	286.00	499.00	412.29	425.00	21027.00
chr15	23014437	23014528	91	91	158.00	250.00	202.00	195.00	18382.00
chr1	111717500	111717585	85	85	89.00	189.00	144.48	140.00	12281.00
chr6	150157220	150157433	213	213	269.00	382.00	338.91	343.00	72187.00
chr13	114566547	114566670	123	123	28.00	158.00	79.09	78.00	9728.00
chr16	58539291	58539605	314	314	10.00	58.00	33.91	34.00	10647.00
chr1	21936612	21936768	156	156	482.00	1202.00	775.78	754.00	121021.00
chr1	17322880	17322991	111	111	296.00	584.00	414.47	452.00	46006.00
chr11	60699455	60699599	144	144	378.00	621.00	492.94	484.00	70983.00
chr5	6749669	6749770	101	101	42.00	59.00	50.18	49.00	5068.00
chr16	2156805	2156949	144	144	47.00	97.00	68.38	68.00	9846.00
chr15	34690834	34690930	96	96	61.00	135.00	104.69	104.50	10050.00
chr3	11074933	11075425	492	492	9.00	623.00	123.45	20.00	60739.00
chr5	74655222	74655381	159	159	207.00	441.00	291.07	269.00	46280.00
chr20	20022968	20023160	192	192	40.00	92.00	60.92	53.00	11697.00
chr2	39055481	39055578	97	97	38.00	63.00	55.21	56.00	5355.00
chr19	16793231	16793528	297	297	9.00	319.00	97.46	39.00	28947.00
chr2	219205450	219205509	59	59	122.00	145.00	133.76	133.00	7892.00
chr17	74087429	74087729	300	300	6.00	31.00	19.62	18.00	5887.00
chr3	184058150	184060036	1886	1886	14.00	1308.00	190.63	55.00	359533.00
chr6	90333128	90333263	135	135	55.00	84.00	70.86	72.00	9566.00
chr12	125267019	125267429	410	410	15.00	97.00	49.30	45.00	20213.00
chr1	207942580	207943104	524	524	17.00	145.00	89.93	98.00	47124.00
chr4	89356876	89357043	167	167	72.00	141.00	108.80	108.00	18169.00
chr7	101995498	101995736	238	238	20.00	75.00	47.00	47.00	11185.00
chr3	11067458	11067562	104	104	250.00	356.00	309.28	311.00	32165.00
chr5	95734582	95734740	158	158	82.00	138.00	115.44	118.00	18239.00
chr6	152529106	152529341	235	235	101.00	151.00	129.77	131.00	30496.00
chr5	102295578	102295763	185	185	185.00	328.00	239.48	216.00	44303.00
chr22	21072980	21073110	130	130	1134.00	2408.00	1660.73	1761.00	215895.00
chr12	121855306	121855714	408	408	149.00	339.00	207.70	185.00	84742.00
chr1	160326389	160326544	155	155	179.00	286.00	255.30	260.00	39572.00
chr11	60670930	60671007	77	77	436.00	493.00	461.36	461.00	35525.00
chr17	79804822	79804948	126	126	524.00	774.00	671.02	658.00	84549.00
chr16	18527204	18527332	128	128	868.00	1227.00	997.12	996.50	127631.00
chr16	16372518	16372646	128	128	908.00	1261.00	1041.73	1044.50	133341.00
chr2	32750530	32750695	165	165	28.00	37.00	32.24	32.00	5319.00
chr14	69369193	69369279	86	86	204.00	281.00	237.00	229.00	20382.00
chr7	66418212	66418356	144	144	198.00	250.00	216.16	215.00	31127.00
chr6	44107988	44108097	109	109	138.00	169.00	154.03	155.00	16789.00
chr7	70885893	70886091	198	198	337.00	869.00	540.91	437.50	107100.00
chr8	27295281	27295397	116	116	472.00	628.00	543.62	540.00	63060.00
chr7	73122918	73123018	100	100	1918.00	2318.00	2053.83	2046.50	205383.00
chr15	34698874	34699071	197	197	100.00	164.00	124.09	121.00	24445.00
chr8	22009343	22009513	170	170	324.00	584.00	423.22	426.00	71948.00
chr7	1526557	1526737	180	180	47.00	76.00	62.41	63.00	11233.00
chr5	178053946	178054065	119	119	4.00	135.00	67.01	64.00	7974.00
chr12	6103027	6103369	342	342	66.00	104.00	88.97	91.00	30429.00
chr2	3479491	3480482	991	991	18.00	50.00	31.33	29.00	31050.00
chr3	33883388	33883566	178	178	119.00	212.00	165.58	177.00	29473.00
chr19	11019778	11019883	105	105	119.00	220.00	173.52	190.00	18220.00
chr7	98446205	98446318	113	113	1950.00	4302.00	3211.73	2931.00	362925.00
chr8	106813274	106813932	658	658	11.00	35.00	21.41	21.00	14087.00
chr2	223795338	223795530	192	192	555.00	901.00	698.52	684.00	134116.00
chr7	75511146	75511554	408	408	1009.00	2104.00	1527.64	1522.00	623277.00
chr21	40184926	40185038	112	112	163.00	333.00	263.42	286.00	29503.00
chr19	53383575	53385236	1661	1661	17.00	76.00	44.89	45.00	74555.00
chr19	14208130	14208295	165	165	7.00	841.00	558.47	708.00	92148.00
chr15	91461013	91461618	605	605	10.00	453.00	138.83	30.00	83990.00
chr8	145278010	145278133	123	123	37.00	56.00	46.22	45.00	5685.00
chr16	28132990	28133083	93	93	137.00	193.00	163.35	162.00	15192.00
chr11	125280091	125280221	130	130	93.00	176.00	122.58	116.00	15935.00
chr15	63128089	63128317	228	228	43.00	309.00	196.51	219.00	44805.00
chr9	131181435	131181557	122	122	5.00	508.00	404.33	446.50	49328.00
chr19	3281196	3281343	147	147	138.00	238.00	207.16	217.00	30452.00
chr11	6240200	6240280	80	80	72.00	87.00	80.24	81.00	6419.00
chr20	31019123	31019287	164	164	19.00	30.00	24.86	25.00	4077.00
chr6	46825865	46827260	1395	1395	28.00	137.00	71.41	68.00	99619.00
chr12	1672006	1672666	660	660	15.00	96.00	39.59	33.00	26127.00
chr12	9098824	9099001	177	177	226.00	332.00	277.02	278.00	49032.00
chr7	121738503	121738630	127	127	8.00	20.00	13.02	12.00	1653.00
chr19	40875814	40875935	121	121	1609.00	2049.00	1835.04	1835.00	222040.00
chr20	3581592	3581671	79	79	97.00	142.00	123.81	124.00	9781.00
chr17	7226965	7227042	77	77	70.00	85.00	77.99	78.00	6005.00
chr2	74331800	74332809	1009	1009	8.00	73.00	32.26	29.00	32551.00
chr1	209785136	209785610	474	474	27.00	534.00	400.87	450.00	190011.00
chr9	35546426	35548532	2106	2106	56.00	215.00	129.11	130.00	271907.00
chr17	80040198	80040290	92	92	436.00	531.00	474.39	468.00	43644.00
chr11	73074791	73075284	493	493	24.00	307.00	107.81	35.00	53151.00
chr20	44674976	44675075	99	99	239.00	329.00	282.26	279.00	27944.00
chr20	5892091	5892328	237	237	77.00	393.00	253.70	285.00	60126.00
chr17	20316581	20317594	1013	1013	0.00	11.00	4.07	2.00	4124.00
chr12	99478702	99478801	99	99	177.00	202.00	188.11	187.00	18623.00
chr17	40842756	40842960	204	204	291.00	433.00	366.70	366.50	74806.00
chr11	107501142	107501288	146	146	302.00	466.00	367.95	360.00	53720.00
chr11	85429236	85429532	296	296	5.00	57.00	18.03	14.00	5337.00
chr20	9449217	9449319	102	102	48.00	60.00	55.17	56.00	5627.00
chr14	23371395	23371591	196	196	154.00	254.00	208.90	211.00	40944.00
chr7	716865	716957	92	92	2375.00	4257.00	3393.82	3381.50	312231.00
chr10	48862360	48862682	322	322	33.00	512.00	323.70	396.00	104230.00
chr10	68686678	68688210	1532	1532	16.00	143.00	64.52	58.00	98844.00
chr5	179674854	179674926	72	72	343.00	442.00	396.43	403.00	28543.00
chr1	209773327	209773456	129	129	350.00	471.00	405.38	407.00	52294.00
chr17	45691034	45691091	57	57	622.00	732.00	676.84	684.00	38580.00
chr1	19669871	19670118	247	247	11.00	27.00	21.94	22.00	5418.00
chr17	45664025	45664710	685	685	13.00	372.00	107.38	92.00	73556.00
chr19	2337634	2338840	1206	1206	7.00	81.00	25.13	22.00	30303.00
chr8	22011480	22011552	72	72	424.00	515.00	471.58	466.50	33954.00
