#chrom	start	end	size	num_data	min	max	mean	median	sum
chr12	1940100	1940691	591	591	7.00	19.00	12.68	13.00	7491.00
chr1	27480473	27481381	908	908	4.00	28.00	17.73	18.00	16097.00
chr15	63112684	63112809	125	125	96.00	145.00	124.64	129.00	15580.00
chr5	149231737	149232254	517	517	0.00	5.00	2.13	2.00	1100.00
chr5	140865429	140867182	1753	1753	198.00	510.00	308.47	305.00	540745.00
chr1	32209793	32209958	165	165	119.00	223.00	169.01	172.00	27887.00
chr16	87873307	87873431	124	124	188.00	376.00	265.87	272.50	32968.00
chr17	34157438	34158175	737	737	0.00	7.00	3.36	3.00	2476.00
chr2	127815619	127816088	469	469	2.00	20.00	7.66	6.00	3592.00
chr1	208212965	208213112	147	147	115.00	161.00	137.97	137.00	20281.00
chr22	19703883	19704666	783	783	5.00	45.00	27.60	26.00	21613.00
chr16	87872319	87872423	104	104	174.00	228.00	201.83	199.00	20990.00
chr9	140055740	140055868	128	128	405.00	562.00	501.80	512.00	64231.00
chr22	21096515	21096643	128	128	141.00	174.00	159.30	160.00	20390.00
chr9	140056321	140056540	219	219	0.00	744.00	423.40	457.00	92725.00
chr11	78379981	78380253	272	272	23.00	65.00	42.27	39.00	11498.00
chr3	11070420	11070533	113	113	30.00	56.00	38.88	38.00	4394.00
chr1	109812554	109813222	668	668	2.00	298.00	113.55	137.00	75850.00
chr2	220161954	220162155	201	201	140.00	243.00	200.53	204.00	40306.00
chr15	74706887	74707086	199	199	110.00	190.00	135.79	134.00	27022.00
chr17	7318829	7319426	597	597	228.00	617.00	371.20	369.00	221607.00
chr1	21560050	21560154	104	104	27.00	37.00	32.38	32.00	3367.00
chr1	25573799	25573952	153	153	0.00	162.00	100.29	113.00	15344.00
chr14	93198993	93199160	167	167	64.00	121.00	100.09	105.00	16715.00
chr1	205554003	205554119	116	116	1.00	4.00	2.95	3.00	342.00
chr1	9795005	9795232	227	227	969.00	1456.00	1227.53	1252.00	278650.00
chr17	42426525	42426670	145	145	52.00	85.00	67.44	69.00	9779.00
chr18	70205887	70206179	292	292	31.00	896.00	368.43	44.50	107581.00
chr1	205553082	205553251	169	169	0.00	2.00	0.38	0.00	65.00
chr9	140056623	140056766	143	143	5.00	615.00	327.99	359.00	46903.00
chr6	33412147	33412394	247	247	4.00	1120.00	621.68	837.00	153554.00
chr12	89992366	89992547	181	181	0.00	192.00	134.42	137.00	24330.00
chr2	220088827	220089576	749	749	55.00	153.00	107.84	109.00	80771.00
chr14	100763073	100765222	2149	2149	6.00	182.00	21.57	19.00	46349.00
chr1	110740697	110742543	1846	1846	0.00	165.00	81.85	79.00	151102.00
chr1	149878201	149879758	1557	1557	2.00	1007.00	223.40	14.00	347837.00
chr3	197264139	197265259	1120	1120	0.00	6.00	2.04	1.00	2288.00
chr8	56449623	56450530	907	907	49.00	129.00	87.15	82.00	79042.00
chr9	139354208	139354326	118	118	77.00	110.00	87.89	88.00	10371.00
chr1	32204908	32205236	328	328	272.00	455.00	336.99	328.00	110533.00
chr7	75608768	75608897	129	129	356.00	438.00	391.10	387.00	50452.00
chr19	45161029	45161178	149	149	24.00	65.00	43.84	43.00	6532.00
chr19	5243911	5244493	582	582	169.00	428.00	269.05	261.00	156589.00
chr6	32119585	32119717	132	132	7.00	207.00	113.23	123.50	14947.00
chr3	42670878	42672067	1189	1189	0.00	10.00	3.81	4.00	4532.00
chr11	45892392	45892485	93	93	73.00	115.00	98.04	97.00	9118.00
chr17	80040789	80040991	202	202	1420.00	2132.00	1721.89	1743.00	347821.00
chr2	74902875	74903036	161	161	53.00	86.00	66.66	65.00	10733.00
chr17	38335969	38337946	1977	1977	0.00	63.00	3.92	1.00	7748.00
chr16	87870103	87870253	150	150	167.00	302.00	215.71	200.50	32357.00
chr1	32205947	32206142	195	195	277.00	334.00	307.70	310.00	60002.00
chr6	44117553	44117702	149	149	2.00	682.00	406.02	497.00	60497.00
chr1	159163659	159163830	171	171	1389.00	1825.00	1652.80	1664.00	282629.00
chr3	445565	446023	458	458	0.00	4.00	1.83	2.00	839.00
chr2	25048913	25048995	82	82	77.00	111.00	91.67	91.00	7517.00
chr10	99504485	99504672	187	187	111.00	174.00	146.22	152.00	27343.00
chr4	54364807	54365010	203	203	107.00	157.00	131.30	130.00	26654.00
chr17	1634367	1634552	185	185	24.00	41.00	33.56	34.00	6209.00
chr7	72416124	72416247	123	123	37.00	127.00	85.62	78.00	10531.00
chr1	208212169	208212329	160	160	134.00	176.00	154.76	153.00	24761.00
chr9	140952500	140952702	202	202	90.00	148.00	120.50	120.00	24341.00
chr6	44197325	44197528	203	203	28.00	46.00	37.26	36.00	7564.00
chr6	44197643	44198218	575	575	0.00	40.00	16.45	9.00	9457.00
chr11	118981972	118982084	112	112	114.00	163.00	141.71	141.00	15871.00
chr5	150503846	150503952	106	106	0.00	144.00	103.88	134.00	11011.00
chr11	118981761	118981878	117	117	132.00	192.00	163.09	165.00	19082.00
chr11	126314873	126315000	127	127	38.00	53.00	47.27	47.00	6003.00
chr1	159165808	159166244	436	436	12.00	1683.00	331.88	20.00	144700.00
chr7	134893542	134893750	208	208	20.00	35.00	27.69	28.00	5759.00
chr9	121976196	121976433	237	237	87.00	189.00	132.95	140.00	31509.00
chr19	54691042	54691169	127	127	114.00	232.00	165.20	160.00	20981.00
chr22	38621430	38621600	170	170	63.00	138.00	108.55	118.50	18453.00
chr13	42035681	42036205	524	524	0.00	1.00	0.13	0.00	70.00
chr20	1915360	1915413	53	53	0.00	86.00	55.72	66.00	2953.00
chr5	14496987	14497126	139	139	395.00	773.00	541.58	488.00	75280.00
chr12	56528125	56528212	87	87	12.00	21.00	16.39	16.00	1426.00
chr3	47466974	47467101	127	127	139.00	163.00	150.46	150.00	19109.00
chr17	7415476	7415663	187	187	109.00	160.00	129.43	125.00	24203.00
chr3	33588037	33589252	1215	1215	1.00	15.00	4.92	4.00	5973.00
chr7	887833	888615	782	782	5.00	79.00	21.23	11.00	16605.00
chr10	24813251	24813693	442	442	2.00	13.00	6.95	8.00	3070.00
chr1	109812045	109812213	168	168	132.00	276.00	188.12	171.00	31604.00
chr19	15276597	15276902	305	305	31.00	74.00	52.44	49.00	15994.00
chr16	2334779	2334999	220	220	218.00	356.00	272.35	248.50	59917.00
chr16	68404761	68405261	500	500	126.00	249.00	188.99	186.50	94497.00
chr4	110969111	110969871	760	760	63.00	172.00	110.21	102.00	83763.00
chr1	145693161	145693996	835	835	12.00	94.00	51.94	53.00	43371.00
chr7	44282848	44282932	84	84	414.00	497.00	463.49	464.00	38933.00
chr2	220164315	220164508	193	193	1.00	135.00	57.77	4.00	11150.00
chr12	50472203	50472360	157	157	174.00	268.00	227.28	233.00	35683.00
chr2	220163768	220163833	65	65	166.00	249.00	217.35	224.00	14128.00
chr2	222289928	222290862	934	934	119.00	251.00	175.08	171.00	163529.00
chr12	57599133	57599268	135	135	178.00	293.00	217.00	217.00	29295.00
chr7	157475416	157475629	213	213	167.00	286.00	223.90	211.00	47690.00
chr1	32203800	32203927	127	127	224.00	624.00	398.27	407.00	50580.00
chr1	109811731	109811912	181	181	147.00	290.00	214.71	222.00	38862.00
chr9	140052830	140052975	145	145	259.00	690.00	472.06	508.00	68449.00
chr2	220161706	220161854	148	148	163.00	321.00	234.54	224.00	34712.00
chr16	29896906	29897070	164	164	443.00	749.00	647.02	656.00	106111.00
chr16	47143393	47143622	229	229	353.00	484.00	413.38	416.00	94664.00
chr11	993753	993985	232	232	263.00	477.00	367.95	354.00	85365.00
chr9	124059698	124061137	1439	1439	0.00	2.00	0.14	0.00	200.00
chr9	140350140	140350634	494	494	4.00	32.00	19.12	19.00	9445.00
chr11	14504577	14504697	120	120	159.00	269.00	217.65	220.50	26118.00
chr3	49898612	49898733	121	121	1150.00	1833.00	1533.12	1575.00	185508.00
chr9	131811659	131811777	118	118	22.00	39.00	30.74	31.00	3627.00
chr9	131810705	131810818	113	113	26.00	45.00	34.76	34.00	3928.00
chr1	223400935	223401080	145	145	22.00	36.00	28.26	27.00	4098.00
chr12	125612185	125612820	635	635	0.00	189.00	31.71	3.00	20137.00
chr2	220088590	220088744	154	154	100.00	145.00	130.14	132.00	20041.00
chr9	70888487	70888750	263	263	5.00	17.00	9.92	9.00	2610.00
chr14	69813756	69813898	142	142	19.00	33.00	26.44	27.00	3754.00
chr2	47399145	47399890	745	745	1.00	688.00	41.42	15.00	30856.00
chr11	62688689	62689041	352	352	17.00	119.00	62.34	62.00	21944.00
chr6	43745205	43745407	202	202	2.00	61.00	46.19	46.00	9330.00
chr3	11072492	11072997	505	505	1.00	106.00	19.01	3.00	9599.00
chr7	2696031	2696168	137	137	677.00	948.00	851.76	888.00	116691.00
chr16	14969196	14969279	83	83	328.00	472.00	389.75	405.00	32349.00
chr17	7377847	7378026	179	179	0.00	0.00	0.00	0.00	0.00
chr12	65639640	65639719	79	79	93.00	164.00	125.03	118.00	9877.00
chr12	50294912	50295108	196	196	312.00	677.00	396.63	366.00	77739.00
chr19	42485653	42485788	135	135	1616.00	2654.00	2205.52	2173.00	297745.00
chr10	99509230	99509343	113	113	184.00	279.00	224.59	222.00	25379.00
chr22	38883877	38888120	4243	4243	6.00	747.00	73.63	36.00	312395.00
chr12	49416372	49416658	286	286	63.00	93.00	74.83	74.00	21401.00
chr6	24843089	24843782	693	693	16.00	41.00	26.19	25.00	18151.00
chr5	176295561	176295665	104	104	92.00	124.00	108.21	109.00	11254.00
chr10	99510087	99510227	140	140	178.00	281.00	225.94	216.50	31632.00
chr1	159173658	159174770	1112	1112	25.00	220.00	74.70	57.00	83070.00
chr11	1780745	1780869	124	124	267.00	383.00	337.47	349.50	41846.00
chr19	42486059	42486258	199	199	1393.00	2583.00	1992.13	2002.00	396433.00
chr3	47465422	47465535	113	113	152.00	187.00	166.42	165.00	18806.00
chr1	21573713	21573856	143	143	23.00	35.00	28.53	28.00	4080.00
chr11	65320330	65320453	123	123	31.00	76.00	57.71	59.00	7098.00
chr3	47462420	47462519	99	99	221.00	297.00	254.17	246.00	25163.00
chr2	219204751	219204864	113	113	10.00	20.00	15.50	16.00	1752.00
chr1	43906123	43906257	134	134	15.00	23.00	19.71	20.00	2641.00
chr7	38785158	38785840	682	682	1.00	249.00	23.70	5.00	16161.00
chr2	153499932	153500058	126	126	174.00	285.00	236.94	249.50	29855.00
chr1	32203011	32203132	121	121	2.00	432.00	319.83	369.00	38700.00
chr22	42290823	42290941	118	118	756.00	1238.00	1066.23	1080.00	125815.00
chr19	47940718	47940818	100	100	175.00	358.00	280.55	275.00	28055.00
chr4	119539150	119539274	124	124	0.00	26.00	17.53	20.00	2174.00
chr17	44117067	44117250	183	183	127.00	189.00	157.98	158.00	28910.00
chr19	42485873	42485983	110	110	1414.00	1848.00	1646.05	1614.00	181065.00
chr6	44114583	44114664	81	81	232.00	325.00	288.86	294.00	23398.00
chr19	47941105	47941292	187	187	1.00	385.00	215.76	293.00	40348.00
chr11	73074250	73074500	250	250	56.00	98.00	74.28	73.00	18571.00
chr3	33418764	33418825	61	61	229.00	286.00	250.56	246.00	15284.00
chr1	700258	700505	247	247	8.00	32.00	21.81	21.00	5387.00
chr9	74319510	74319719	209	209	20.00	42.00	28.65	27.00	5987.00
chr16	2336694	2336968	274	274	198.00	603.00	380.74	400.50	104324.00
chr20	3575125	3575219	94	94	69.00	117.00	81.44	79.00	7655.00
chr9	139231377	139231529	152	152	329.00	416.00	371.97	375.50	56540.00
chr5	140515951	140516498	547	547	36.00	98.00	65.29	64.00	35714.00
chr1	21938208	21938309	101	101	169.00	227.00	192.93	190.00	19486.00
chr3	155659188	155659936	748	748	38.00	150.00	101.32	103.00	75784.00
chr16	27483068	27483241	173	173	122.00	178.00	150.02	150.00	25954.00
chr11	994071	994245	174	174	113.00	309.00	244.64	272.00	42567.00
chr7	71175745	71175913	168	168	204.00	313.00	260.54	263.00	43771.00
chr12	121204065	121204175	110	110	247.00	318.00	277.18	280.00	30490.00
chr7	73118679	73118753	74	74	765.00	911.00	847.89	848.50	62744.00
chr9	140972565	140972710	145	145	90.00	150.00	116.32	114.00	16866.00
chr12	121683329	121684024	695	695	0.00	12.00	5.06	4.00	3520.00
chr16	74493579	74493687	108	108	149.00	183.00	164.19	162.00	17732.00
chr2	36771518	36771641	123	123	111.00	143.00	123.93	122.00	15244.00
chr7	94187181	94187996	815	815	13.00	80.00	42.00	35.00	34226.00
chr14	94156951	94157239	288	288	1.00	4.00	2.17	2.00	624.00
chr7	121739000	121739524	524	524	0.00	0.00	0.00	0.00	0.00
chr1	19549117	19549328	211	211	73.00	143.00	101.31	96.00	21376.00
chr19	5214571	5214747	176	176	444.00	787.00	527.09	508.00	92768.00
chr19	42557753	42557861	108	108	319.00	369.00	339.23	338.00	36637.00
chr15	102510686	102510925	239	239	0.00	28.00	14.23	15.00	3400.00
chr5	167673761	167675376	1615	1615	61.00	235.00	114.15	98.00	184353.00
chr7	44282158	44282253	95	95	429.00	640.00	507.41	480.00	48204.00
chr2	160621061	160621717	656	656	3.00	341.00	29.95	8.00	19649.00
chr5	10426501	10426634	133	133	182.00	250.00	216.87	221.00	28844.00
chr16	1814301	1814460	159	159	258.00	335.00	300.92	311.00	47846.00
chr11	21581734	21581928	194	194	136.00	191.00	157.68	157.50	30590.00
chr3	126749085	126749255	170	170	229.00	350.00	276.04	275.50	46927.00
chr11	12237765	12237866	101	101	23.00	42.00	30.56	30.00	3087.00
chr6	31750872	31750963	91	91	274.00	366.00	337.29	345.00	30693.00
chr3	53124201	53124398	197	197	13.00	28.00	21.76	22.00	4286.00
chr2	220161470	220161544	74	74	242.00	326.00	296.84	309.00	21966.00
chr2	128951046	128951785	739	739	44.00	148.00	94.78	92.00	70045.00
chr5	24535811	24535931	120	120	143.00	207.00	169.68	170.00	20361.00
chr1	44083406	44083582	176	176	226.00	351.00	278.39	274.50	48997.00
chr1	32207653	32207818	165	165	191.00	293.00	226.62	215.00	37392.00
chr12	7293754	7294000	246	246	0.00	561.00	339.42	488.00	83498.00
chr3	131442289	131442469	180	180	30.00	72.00	54.67	57.00	9840.00
chr3	49898871	49899298	427	427	73.00	2120.00	894.68	1176.00	382030.00
chr16	66432358	66432464	106	106	24.00	45.00	34.62	33.00	3670.00
chr1	20982593	20982680	87	87	543.00	657.00	592.49	584.00	51547.00
chr16	68398653	68398809	156	156	189.00	253.00	216.70	214.00	33805.00
chr17	16676818	16678279	1461	1461	1.00	23.00	11.00	11.00	16071.00
chr1	109814899	109815027	128	128	163.00	286.00	216.87	212.00	27759.00
chr1	21940478	21940582	104	104	208.00	255.00	227.10	225.00	23618.00
chr20	57468284	57468793	509	509	4.00	15.00	8.90	9.00	4529.00
chr3	127358087	127358366	279	279	923.00	1767.00	1465.49	1482.00	408871.00
chr3	126735359	126735527	168	168	124.00	194.00	151.10	142.00	25384.00
chr10	103869140	103869264	124	124	625.00	823.00	699.27	670.50	86710.00
chr20	44520554	44520666	112	112	55.00	85.00	66.13	65.00	7407.00
chr1	32203252	32203356	104	104	223.00	369.00	305.49	317.00	31771.00
chr21	40186196	40186316	120	120	19.00	32.00	25.24	25.00	3029.00
chr5	111067153	111068349	1196	1196	5.00	32.00	20.43	21.00	24435.00
chr9	128002954	128003186	232	232	266.00	438.00	342.67	343.50	79500.00
chr1	43408896	43408992	96	96	75.00	120.00	100.00	102.00	9600.00
chr3	47463931	47464026	95	95	193.00	248.00	227.76	228.00	21637.00
chr2	220161160	220161238	78	78	213.00	266.00	236.33	228.50	18434.00
chr11	62472772	62473089	317	317	595.00	1021.00	766.57	729.00	243004.00
chr9	130986341	130986906	565	565	1.00	326.00	73.34	5.00	41436.00
chr14	69358769	69359000	231	231	36.00	49.00	42.37	42.00	9788.00
chr11	64416205	64416379	174	174	310.00	490.00	403.10	403.00	70140.00
chr17	8398454	8398559	105	105	281.00	360.00	332.85	337.00	34949.00
chr12	53572943	53574193	1250	1250	6.00	34.00	17.57	17.00	21958.00
chr17	17696544	17701827	5283	5283	23.00	168.00	72.53	68.00	383164.00
chr8	11705187	11705331	144	144	408.00	573.00	498.24	508.00	71747.00
chr19	54963829	54963931	102	102	67.00	93.00	76.87	73.00	7841.00
chr2	70451682	70456295	4613	4613	3.00	231.00	33.39	27.00	154027.00
chr11	118873959	118874169	210	210	1.00	4.00	2.25	2.00	472.00
chr10	75548427	75548581	154	154	56.00	109.00	88.16	92.00	13577.00
chr6	33414351	33414563	212	212	536.00	1040.00	866.89	915.50	183781.00
chr17	80042910	80043032	122	122	725.00	854.00	789.16	789.50	96278.00
chr11	11470290	11470483	193	193	35.00	64.00	44.30	43.00	8550.00
chr8	23294446	23294771	325	325	52.00	92.00	69.37	68.00	22545.00
chr1	116932060	116932663	603	603	2.00	927.00	332.39	8.00	200430.00
chr15	83222627	83222741	114	114	1.00	4.00	2.33	2.00	266.00
chr3	9841562	9841751	189	189	25.00	77.00	46.29	46.00	8748.00
chr1	116937731	116937907	176	176	653.00	1193.00	783.74	714.00	137939.00
chr16	87868019	87868197	178	178	177.00	236.00	197.83	193.00	35214.00
chr3	124209540	124209731	191	191	45.00	82.00	63.93	63.00	12211.00
chr7	71142195	71142291	96	96	261.00	358.00	298.49	296.00	28655.00
chr5	130497324	130497584	260	260	2.00	9.00	6.31	7.00	1641.00
chr13	100199238	100199358	120	120	376.00	498.00	422.48	411.00	50697.00
chr5	139943336	139943506	170	170	19.00	160.00	133.88	138.00	22759.00
chr17	74395529	74396002	473	473	59.00	162.00	122.31	123.00	57854.00
chr14	93179149	93179216	67	67	116.00	146.00	130.70	132.00	8757.00
chr4	160277004	160277310	306	306	27.00	161.00	93.55	94.00	28627.00
chr17	40666306	40666478	172	172	321.00	497.00	409.66	412.50	70462.00
chr15	34828065	34828207	142	142	7.00	38.00	23.75	24.00	3372.00
chr14	100165802	100165876	74	74	37.00	62.00	53.49	56.00	3958.00
chr22	20128089	20128231	142	142	1.00	80.00	37.06	50.00	5262.00
chr12	3392210	3394421	2211	2211	6.00	191.00	73.44	71.00	162375.00
chr17	16687866	16690667	2801	2801	0.00	29.00	5.71	4.00	15997.00
chr6	31664724	31664810	86	86	110.00	187.00	135.17	131.00	11625.00
chr6	30627512	30627611	99	99	53.00	69.00	62.68	64.00	6205.00
chr11	18752834	18755060	2226	2226	0.00	609.00	53.14	10.00	118279.00
chr12	109332602	109332731	129	129	208.00	307.00	253.99	265.00	32765.00
chr6	90072884	90073110	226	226	11.00	33.00	21.04	19.00	4755.00
chr16	2689371	2689711	340	340	0.00	2.00	0.58	0.00	198.00
chr1	20987373	20987484	111	111	531.00	677.00	621.06	632.00	68938.00
chr14	85985300	85986667	1367	1367	11.00	41.00	24.69	24.00	33755.00
chr13	32863769	32863880	111	111	123.00	153.00	138.68	141.00	15394.00
chr16	1510418	1510528	110	110	69.00	104.00	81.48	80.00	8963.00
chr19	54963269	54963444	175	175	87.00	135.00	104.28	102.00	18249.00
chr6	44224078	44224233	155	155	107.00	165.00	132.65	130.00	20560.00
chr20	3151172	3152285	1113	1113	0.00	10.00	2.49	2.00	2773.00
chr1	892273	892405	132	132	256.00	379.00	301.61	298.50	39812.00
chr16	90192167	90192724	557	557	0.00	6.00	2.02	2.00	1124.00
chr9	111663704	111663810	106	106	41.00	59.00	50.54	52.00	5357.00
chr6	44108764	44108835	71	71	313.00	410.00	361.01	361.00	25632.00
chr1	36028802	36029027	225	225	780.00	1299.00	986.39	938.00	221937.00
chr11	66807259	66807674	415	415	0.00	6.00	2.89	2.00	1200.00
chr1	178426817	178427679	862	862	14.00	47.00	31.05	31.00	26767.00
chr19	42482302	42482478	176	176	1540.00	2291.00	1824.01	1802.00	321026.00
chr1	44084718	44084873	155	155	140.00	430.00	272.86	264.00	42293.00
chr1	109812315	109812442	127	127	144.00	194.00	171.68	173.00	21803.00
chr3	180324268	180324391	123	123	35.00	55.00	46.67	47.00	5740.00
chr15	63933668	63933842	174	174	105.00	173.00	141.66	139.50	24648.00
chr20	44521363	44521519	156	156	73.00	104.00	84.67	83.00	13209.00
chr3	33416779	33416910	131	131	105.00	241.00	161.41	166.00	21145.00
chr1	21934624	21934843	219	219	0.00	296.00	111.85	137.00	24495.00
chr14	69799801	69799886	85	85	17.00	30.00	25.14	26.00	2137.00
chr1	116936134	116936345	211	211	0.00	1008.00	806.60	886.00	170193.00
chr14	23634493	23634645	152	152	9.00	16.00	12.32	12.00	1873.00
chr16	1402538	1402947	409	409	0.00	4.00	1.49	1.00	610.00
chr9	20331	25000	4669	4669	0.00	194.00	14.98	11.00	69943.00
chr17	43545574	43545959	385	385	13.00	36.00	22.52	22.00	8670.00
chr13	100201418	100201476	58	58	393.00	452.00	415.81	409.50	24117.00
chr15	41865505	41865665	160	160	79.00	151.00	107.61	103.00	17217.00
chr19	19641688	19642196	508	508	0.00	5.00	2.62	2.00	1332.00
chr11	134147593	134148159	566	566	0.00	5.00	2.54	3.00	1437.00
chr2	71656420	71657290	870	870	0.00	5.00	1.64	1.00	1423.00
chr7	97834775	97835016	241	241	37.00	65.00	51.09	50.00	12312.00
chr19	13363804	13363915	111	111	98.00	119.00	108.48	109.00	12041.00
chr18	31328383	31329011	628	628	78.00	200.00	129.64	129.00	81412.00
chr16	66431884	66432009	125	125	19.00	43.00	29.34	25.00	3668.00
chr19	47935155	47935702	547	547	9.00	519.00	175.35	163.00	95915.00
chr12	50291769	50291873	104	104	209.00	316.00	254.65	252.00	26484.00
chr11	1780198	1780317	119	119	185.00	337.00	242.66	239.00	28876.00
chr15	65392626	65393167	541	541	1.00	6.00	3.16	3.00	1709.00
chr2	86397871	86397967	96	96	120.00	169.00	143.83	148.00	13808.00
chr7	97866087	97866233	146	146	103.00	150.00	124.86	130.00	18230.00
chr11	60687157	60687402	245	245	69.00	98.00	83.07	83.00	20351.00
chr21	43307700	43309453	1753	1753	2.00	38.00	15.15	14.00	26560.00
chr14	24619269	24619657	388	388	19.00	68.00	38.17	40.00	14811.00
chr11	65320634	65320727	93	93	36.00	55.00	44.47	44.00	4136.00
chr16	29891184	29891385	201	201	563.00	803.00	688.32	679.00	138352.00
chr1	32207224	32207326	102	102	354.00	490.00	429.51	440.00	43810.00
chr11	72300218	72300394	176	176	0.00	192.00	60.78	0.00	10697.00
chr17	7608878	7609038	160	160	90.00	391.00	291.38	341.50	46620.00
chr19	7607646	7607814	168	168	75.00	131.00	102.92	111.00	17291.00
chr19	54966129	54966271	142	142	57.00	105.00	86.42	88.00	12271.00
chr12	57995027	57995131	104	104	67.00	100.00	81.12	78.00	8437.00
chr1	27428875	27429049	174	174	24.00	33.00	28.13	28.00	4894.00
chr2	27688277	27688385	108	108	37.00	78.00	63.02	71.00	6806.00
chr16	2691449	2692254	805	805	0.00	19.00	2.68	1.00	2156.00
chr9	131503813	131503933	120	120	227.00	272.00	248.80	246.50	29856.00
chr16	2347766	2347922	156	156	206.00	324.00	263.17	267.00	41054.00
chr17	80039884	80040036	152	152	1207.00	1604.00	1363.12	1356.00	207195.00
chr1	32204432	32204538	106	106	287.00	636.00	454.98	444.50	48228.00
chr12	9242951	9243078	127	127	70.00	96.00	79.17	78.00	10054.00
chr3	49702661	49702751	90	90	77.00	106.00	95.56	94.50	8600.00
chr19	35820359	35820837	478	478	0.00	0.00	0.00	0.00	0.00
chr1	201456762	201457615	853	853	0.00	2.00	0.75	1.00	636.00
chr16	2334279	2334438	159	159	257.00	362.00	310.94	312.00	49440.00
chr10	73578373	73578481	108	108	1667.00	2283.00	1928.48	1920.50	208276.00
chr16	18530550	18530756	206	206	2.00	368.00	163.27	219.50	33634.00
chr16	16369094	16369300	206	206	2.00	368.00	163.76	220.00	33734.00
chr13	113975636	113975785	149	149	3.00	369.00	158.70	8.00	23647.00
chr11	119293822	119294227	405	405	0.00	1464.00	112.94	1.00	45739.00
chr5	150505962	150506041	79	79	71.00	91.00	86.32	87.00	6819.00
chr22	44224939	44225078	139	139	265.00	339.00	307.50	309.00	42743.00
chr15	41865199	41865309	110	110	91.00	122.00	106.95	106.50	11764.00
chr17	25633807	25636298	2491	2491	14.00	241.00	86.78	81.00	216174.00
chr15	72495155	72495529	374	374	5.00	1561.00	620.18	10.00	231947.00
chr9	42540272	42542124	1852	1852	0.00	2.00	0.32	0.00	600.00
chr11	119290760	119291704	944	944	0.00	1931.00	423.79	26.00	400056.00
chr19	5219949	5220165	216	216	313.00	481.00	378.66	367.00	81791.00
chr15	63910769	63911153	384	384	0.00	0.00	0.00	0.00	0.00
chr17	74393879	74393969	90	90	173.00	256.00	207.01	195.00	18631.00
chr10	104129467	104129532	65	65	115.00	138.00	126.03	127.00	8192.00
chr3	142454224	142454620	396	396	0.00	3.00	1.26	1.00	500.00
chr12	121205196	121205396	200	200	259.00	376.00	307.04	304.00	61408.00
chr3	31705570	31705724	154	154	29.00	44.00	36.29	34.00	5589.00
chr6	118635190	118636593	1403	1403	44.00	348.00	170.80	159.00	239632.00
chr8	10339867	10340829	962	962	3.00	26.00	12.68	13.00	12194.00
chr19	16952578	16952779	201	201	174.00	330.00	255.35	260.00	51325.00
chr8	110984486	110985016	530	530	71.00	161.00	110.70	109.00	58672.00
chr9	128001219	128001610	391	391	382.00	1012.00	715.14	759.00	279621.00
chr11	73070878	73070997	119	119	61.00	95.00	82.47	83.00	9814.00
chr10	104130140	104130235	95	95	96.00	118.00	104.84	103.00	9960.00
chr5	95733039	95733173	134	134	3.00	6.00	4.93	5.00	660.00
chr19	59059400	59059547	147	147	1189.00	1749.00	1506.85	1531.00	221507.00
chr5	139943169	139943255	86	86	19.00	119.00	98.30	109.00	8454.00
chr17	73487771	73487981	210	210	56.00	112.00	72.98	66.00	15326.00
chr1	154315588	154315777	189	189	14.00	25.00	19.49	19.00	3683.00
chr14	95652726	95653070	344	344	0.00	0.00	0.00	0.00	0.00
chr12	123639801	123640772	971	971	5.00	18.00	10.23	10.00	9930.00
chr22	47064870	47065171	301	301	0.00	8.00	3.07	3.00	925.00
chr5	24535220	24535388	168	168	101.00	167.00	138.36	144.00	23245.00
chr12	6806452	6806958	506	506	120.00	350.00	227.44	233.00	115085.00
chr22	29881711	29881836	125	125	2.00	6.00	4.32	5.00	540.00
chr7	75894681	75894786	105	105	48.00	92.00	67.01	66.00	7036.00
chr12	121089007	121095893	6886	6886	0.00	6.00	0.60	0.00	4098.00
chr1	207940357	207942365	2008	2008	5.00	94.00	18.49	12.00	37118.00
chr7	154681166	154681240	74	74	276.00	349.00	317.20	318.00	23473.00
chr5	131696513	131697529	1016	1016	0.00	11.00	4.86	4.00	4935.00
chr11	1776135	1776258	123	123	115.00	315.00	196.83	190.00	24210.00
chr8	11706554	11706673	119	119	374.00	461.00	420.96	422.00	50094.00
chr11	18759426	18759511	85	85	284.00	344.00	318.21	320.00	27048.00
chr16	61689373	61689625	252	252	36.00	72.00	51.50	52.00	12977.00
chr15	51750702	51750824	122	122	137.00	201.00	169.66	173.00	20698.00
chr9	35555056	35555698	642	642	258.00	677.00	436.51	432.00	280239.00
chr2	198356200	198356621	421	421	0.00	6.00	2.29	2.00	964.00
chr9	131001723	131001794	71	71	483.00	618.00	552.70	553.00	39242.00
chr19	5214371	5214491	120	120	759.00	952.00	818.20	799.00	98184.00
chr22	35719488	35719623	135	135	49.00	83.00	68.79	72.00	9287.00
chr12	121678738	121679829	1091	1091	0.00	6.00	1.25	0.00	1362.00
chr14	23820960	23821064	104	104	603.00	774.00	715.06	731.50	74366.00
chr1	32205710	32205779	69	69	290.00	357.00	319.57	323.00	22050.00
chr3	33420176	33420326	150	150	2.00	270.00	90.99	4.00	13649.00
chr9	114820707	114820966	259	259	30.00	57.00	44.60	46.00	11552.00
chr15	41865876	41866023	147	147	4.00	195.00	139.05	142.00	20441.00
chr19	55554308	55554637	329	329	1.00	12.00	7.32	8.00	2408.00
chr1	116933403	116933513	110	110	840.00	1046.00	929.35	907.00	102229.00
chr19	15374230	15374359	129	129	78.00	123.00	105.61	108.00	13624.00
chr12	56090682	56090852	170	170	7.00	12.00	9.45	9.00	1606.00
chr14	69445668	69445876	208	208	19.00	62.00	36.52	32.00	7596.00
chr12	57603474	57603651	177	177	256.00	369.00	311.72	316.00	55175.00
chr22	32897492	32898946	1454	1454	26.00	192.00	113.02	111.00	164331.00
chr16	16367702	16367764	62	62	3.00	186.00	95.29	107.00	5908.00
chr19	5245786	5246056	270	270	256.00	541.00	371.81	368.50	100390.00
chr16	74345440	74345829	389	389	0.00	9.00	5.00	6.00	1944.00
chr6	107096899	107097076	177	177	50.00	88.00	65.76	65.00	11640.00
chr1	29641883	29642019	136	136	87.00	113.00	99.49	98.50	13531.00
chr8	97342440	97342509	69	69	321.00	398.00	349.83	348.00	24138.00
chr8	68116914	68117054	140	140	159.00	206.00	183.97	180.00	25756.00
chr22	22037470	22037546	76	76	80.00	104.00	94.14	96.00	7155.00
chr22	50682147	50683420	1273	1273	7.00	80.00	52.01	55.00	66207.00
chr20	44048971	44049069	98	98	174.00	207.00	190.68	190.00	18687.00
chr1	36904356	36904511	155	155	19.00	56.00	29.81	30.00	4620.00
chr12	71054719	71054877	158	158	26.00	44.00	35.48	36.00	5606.00
chr15	50654364	50655515	1151	1151	4.00	26.00	13.87	13.00	15960.00
chr2	234198499	234198620	121	121	69.00	111.00	88.02	91.00	10651.00
chr9	128001699	128001812	113	113	436.00	523.00	475.76	475.00	53761.00
chr8	38272296	38272419	123	123	41.00	63.00	53.11	54.00	6532.00
chr11	73068069	73068179	110	110	49.00	79.00	64.69	65.00	7116.00
chr16	28123137	28123327	190	190	199.00	288.00	235.97	228.00	44834.00
chr12	49424062	49424222	160	160	11.00	33.00	22.97	24.00	3675.00
chr19	50302885	50303023	138	138	280.00	452.00	341.89	306.00	47181.00
chr19	42480567	42480718	151	151	2494.00	3543.00	3034.27	3083.00	458175.00
chr3	197904395	197905301	906	906	0.00	1.00	0.11	0.00	97.00
chr13	100189992	100190117	125	125	286.00	355.00	314.78	315.00	39348.00
chr19	14268062	14268272	210	210	272.00	512.00	391.42	391.50	82199.00
chr10	93786886	93787057	171	171	60.00	107.00	78.15	75.00	13363.00
chr1	109808726	109808828	102	102	92.00	119.00	107.85	108.50	11001.00
chr4	134075461	134075520	59	59	401.00	649.00	509.17	517.00	30041.00
chr1	22052268	22053864	1596	1596	1.00	15.00	5.98	5.00	9539.00
chr9	140056855	140056968	113	113	375.00	504.00	444.31	448.00	50207.00
chr19	42482087	42482224	137	137	2356.00	3333.00	2741.19	2755.00	375543.00
chr19	4556962	4557025	63	63	359.00	438.00	388.89	385.00	24500.00
chr19	14266921	14267013	92	92	365.00	485.00	423.20	430.50	38934.00
chr22	42273851	42274127	276	276	7.00	1482.00	683.97	788.50	188775.00
chr1	205549788	205550049	261	261	0.00	6.00	1.83	1.00	477.00
chr1	110765585	110766522	937	937	14.00	72.00	42.67	44.00	39982.00
chr19	55553595	55554158	563	563	6.00	17.00	11.80	12.00	6641.00
chr7	150929881	150931360	1479	1479	16.00	96.00	42.88	41.00	63424.00
chr3	124215157	124215260	103	103	45.00	59.00	50.93	51.00	5246.00
chr16	58220658	58220760	102	102	135.00	181.00	149.95	146.00	15295.00
chr3	10381925	10382033	108	108	116.00	193.00	163.81	168.00	17691.00
chr10	11356101	11356221	120	120	107.00	157.00	126.87	132.00	15224.00
chr22	42294652	42294785	133	133	886.00	1233.00	1088.58	1112.00	144781.00
chr1	2005531	2005714	183	183	5.00	22.00	16.20	18.00	2965.00
chr12	113722522	113722576	54	54	3.00	5.00	3.54	4.00	191.00
chr9	131502198	131502398	200	200	0.00	342.00	283.92	300.00	56784.00
chr19	40873602	40873786	184	184	721.00	1042.00	872.48	885.00	160536.00
chr2	220162606	220162825	219	219	61.00	169.00	107.89	100.00	23628.00
chr16	28270027	28270355	328	328	0.00	4.00	1.80	2.00	592.00
chr4	3225718	3225858	140	140	65.00	101.00	86.11	90.00	12055.00
chr17	44127898	44128070	172	172	110.00	165.00	143.63	148.00	24705.00
chr3	47462043	47462262	219	219	94.00	258.00	142.68	119.00	31247.00
chr6	99873090	99873182	92	92	6.00	264.00	98.47	80.00	9059.00
chr7	142561723	142562504	781	781	110.00	357.00	211.29	196.00	165017.00
chr1	159169540	159169666	126	126	1540.00	1898.00	1734.49	1742.00	218546.00
chr19	7606869	7606953	84	84	41.00	63.00	49.98	47.50	4198.00
chr16	2811561	2818298	6737	6737	0.00	455.00	218.25	207.00	1470358.00
chr3	47450652	47450807	155	155	91.00	133.00	114.73	115.00	17783.00
chr11	118403631	118403922	291	291	78.00	133.00	101.76	101.00	29611.00
chr1	205555161	205555335	174	174	1.00	3.00	2.03	2.00	354.00
chr12	125603186	125603311	125	125	107.00	149.00	128.66	130.00	16082.00
chr11	86658288	86659498	1210	1210	44.00	108.00	68.62	67.00	83032.00
chr22	37764946	37768745	3799	3799	14.00	918.00	319.80	267.00	1214902.00
chr10	46345664	46346215	551	551	1.00	12.00	4.80	4.00	2646.00
chr22	33673045	33673241	196	196	196.00	449.00	278.84	249.50	54653.00
chr9	140042599	140042666	67	67	0.00	49.00	35.03	36.00	2347.00
chr3	48717233	48717320	87	87	25.00	33.00	28.97	29.00	2520.00
chr11	60681600	60681740	140	140	7.00	61.00	26.57	19.00	3720.00
chr10	93784512	93784724	212	212	36.00	59.00	48.21	49.50	10221.00
chr12	7289424	7290372	948	948	0.00	521.00	126.43	7.00	119859.00
chr3	132387062	132387526	464	464	1.00	9.00	4.33	4.00	2010.00
chr16	2335442	2335647	205	205	231.00	420.00	326.58	323.00	66948.00
chr16	1794782	1797276	2494	2494	2.00	291.00	29.99	11.00	74800.00
chr16	3786036	3786204	168	168	200.00	281.00	235.88	233.00	39628.00
chr9	141131209	141131766	557	557	0.00	0.00	0.00	0.00	0.00
chr14	92965028	92966015	987	987	0.00	2.00	0.30	0.00	300.00
chr19	54692070	54692200	130	130	74.00	258.00	151.33	123.50	19673.00
chr15	43866006	43866230	224	224	8.00	19.00	12.58	13.00	2817.00
chr3	40231316	40231954	638	638	4.00	24.00	11.55	10.00	7366.00
chr3	50148937	50149455	518	518	2.00	17.00	8.54	9.00	4425.00
chr4	81117505	81117755	250	250	49.00	107.00	77.02	75.50	19256.00
chr10	46740404	46740638	234	234	1.00	33.00	11.81	7.00	2764.00
chr3	124210169	124210271	102	102	47.00	65.00	56.65	56.00	5778.00
chr11	107488830	107488932	102	102	344.00	515.00	409.57	402.00	41776.00
chr9	130591965	130592106	141	141	35.00	61.00	51.04	52.00	7197.00
chr1	20981932	20982027	95	95	594.00	728.00	646.54	642.00	61421.00
chr12	75875613	75875859	246	246	0.00	4.00	1.96	1.00	482.00
chr22	32046684	32046764	80	80	63.00	94.00	83.91	86.00	6713.00
chr11	70331418	70331658	240	240	20.00	72.00	47.53	54.00	11408.00
chr14	51079976	51080069	93	93	269.00	363.00	313.94	314.00	29196.00
chr17	80041077	80041301	224	224	890.00	2644.00	1770.98	1917.50	396699.00
chr7	158540884	158540971	87	87	69.00	87.00	76.36	76.00	6643.00
chr1	21553651	21553719	68	68	34.00	41.00	37.88	38.00	2576.00
chr2	219206256	219206349	93	93	13.00	27.00	19.65	21.00	1827.00
chr17	18444211	18445242	1031	1031	5.00	26.00	15.44	15.00	15919.00
chr12	57599340	57599460	120	120	186.00	292.00	226.22	225.00	27147.00
chr11	64417919	64418110	191	191	464.00	792.00	651.30	681.00	124399.00
chr19	3274926	3275650	724	724	1.00	17.00	7.69	7.00	5566.00
chr16	18532086	18532305	219	219	268.00	502.00	377.81	385.00	82741.00
chr17	3776702	3776756	54	54	121.00	153.00	139.80	139.00	7549.00
chr1	116932670	116933033	363	363	3.00	1024.00	492.17	795.00	178659.00
chr16	1505731	1505796	65	65	159.00	214.00	198.60	201.00	12909.00
chr1	9794029	9794200	171	171	1215.00	1464.00	1338.84	1330.00	228942.00
chr10	73579221	73579379	158	158	1347.00	2013.00	1622.54	1684.00	256362.00
chr11	6411684	6412146	462	462	19.00	121.00	73.29	79.00	33858.00
chr1	159163212	159163350	138	138	1268.00	1738.00	1445.25	1408.50	199444.00
chr16	1816723	1816804	81	81	262.00	355.00	307.64	304.00	24919.00
chr7	91722399	91722630	231	231	7.00	199.00	155.19	159.00	35850.00
chr7	44281816	44281939	123	123	548.00	656.00	606.56	610.00	74607.00
chr2	220467189	220467297	108	108	26.00	40.00	33.19	34.00	3584.00
chr16	4494664	4494729	65	65	105.00	137.00	123.58	123.00	8033.00
chr15	34681844	34681986	142	142	5.00	69.00	38.56	41.00	5476.00
chr9	139995935	139996124	189	189	126.00	234.00	174.70	175.00	33019.00
chr3	180324040	180324160	120	120	35.00	56.00	45.57	44.00	5468.00
chr3	42678359	42681242	2883	2883	7.00	79.00	30.59	27.00	88202.00
chr7	131812776	131815333	2557	2557	52.00	397.00	181.92	186.00	465159.00
chr20	1585387	1585522	135	135	1.00	14.00	9.21	10.00	1243.00
chr3	126751229	126751442	213	213	294.00	354.00	328.43	330.00	69956.00
chr15	63920875	63921014	139	139	105.00	206.00	155.40	165.00	21601.00
chr16	2040128	2040202	74	74	18.00	80.00	52.38	57.00	3876.00
chr9	74324174	74324390	216	216	26.00	42.00	31.66	32.00	6839.00
chr20	44521858	44521950	92	92	75.00	98.00	84.63	83.00	7786.00
chr9	139911647	139911798	151	151	50.00	73.00	60.58	59.00	9147.00
chr9	140055507	140055649	142	142	447.00	805.00	624.77	572.00	88718.00
chr12	120148055	120148191	136	136	4.00	9.00	7.01	7.00	954.00
chr12	50474280	50474372	92	92	236.00	326.00	277.54	273.50	25534.00
chr15	63125702	63125828	126	126	83.00	137.00	113.90	116.00	14351.00
chr9	20907148	20907241	93	93	58.00	76.00	67.91	67.00	6316.00
chr16	87874655	87874761	106	106	248.00	372.00	308.20	288.50	32669.00
chr2	162833269	162833460	191	191	0.00	88.00	36.72	52.00	7014.00
chr8	11704560	11704677	117	117	293.00	412.00	342.91	346.00	40121.00
chr15	63926931	63927087	156	156	162.00	253.00	214.60	223.00	33477.00
chr6	31668718	31668805	87	87	153.00	201.00	178.98	180.00	15571.00
chr7	148910792	148910906	114	114	86.00	194.00	153.49	171.50	17498.00
chr14	42355808	42357213	1405	1405	60.00	246.00	116.21	116.00	163280.00
chr10	88678928	88679226	298	298	54.00	80.00	63.91	64.00	19044.00
chr3	140998219	140998346	127	127	91.00	179.00	135.02	141.00	17148.00
chr1	144859758	144859998	240	240	81.00	138.00	108.47	112.00	26034.00
chr9	96054772	96055455	683	683	36.00	255.00	140.95	145.00	96272.00
chr19	7604803	7604944	141	141	56.00	112.00	78.11	77.00	11014.00
chr12	30906277	30907432	1155	1155	1.00	23.00	7.13	5.00	8235.00
chr9	131112762	131112854	92	92	78.00	132.00	108.95	117.00	10023.00
chr20	61981328	61982379	1051	1051	57.00	153.00	106.12	105.00	111528.00
chr7	38431348	38431618	270	270	178.00	388.00	263.59	255.00	71169.00
chr20	44521036	44521123	87	87	85.00	101.00	91.44	91.00	7955.00
chr11	64418726	64419108	382	382	400.00	750.00	545.56	532.00	208405.00
chr12	120148344	120150270	1926	1926	0.00	14.00	1.75	0.00	3370.00
chr12	6930971	6931066	95	95	6.00	562.00	289.08	276.00	27463.00
chr16	2339434	2339621	187	187	149.00	305.00	204.57	178.00	38255.00
chr2	27700083	27700187	104	104	29.00	42.00	35.29	35.00	3670.00
chr14	69805367	69805494	127	127	22.00	40.00	31.61	31.00	4014.00
chr12	9242497	9242619	122	122	71.00	127.00	97.93	98.50	11947.00
chr3	58256658	58256791	133	133	54.00	95.00	69.68	67.00	9267.00
chr10	79744927	79745098	171	171	121.00	216.00	160.85	159.00	27506.00
chr1	159161725	159161866	141	141	798.00	1329.00	1110.46	1210.00	156575.00
chr16	31085202	31085519	317	317	10.00	47.00	33.16	38.00	10512.00
chr1	171755018	171755218	200	200	67.00	109.00	84.17	81.00	16834.00
chr9	130988124	130989280	1156	1156	0.00	160.00	20.49	6.00	23689.00
chr15	63127935	63127998	63	63	79.00	99.00	90.05	89.00	5673.00
chr19	1917676	1917821	145	145	1.00	268.00	162.03	166.00	23494.00
chr22	25315792	25315960	168	168	22.00	46.00	33.16	31.00	5571.00
chr2	207943790	207945085	1295	1295	126.00	294.00	205.98	205.00	266742.00
chr11	47330706	47330952	246	246	1.00	527.00	226.39	3.00	55692.00
chr3	142743978	142746095	2117	2117	1.00	189.00	13.13	6.00	27791.00
chr7	44839492	44839694	202	202	4.00	16.00	10.28	10.00	2077.00
chr22	31688260	31688471	211	211	8.00	69.00	48.22	58.00	10175.00
chr11	66333492	66333638	146	146	245.00	304.00	281.31	286.00	41071.00
chr9	131114916	131115026	110	110	140.00	208.00	164.93	158.00	18142.00
chr1	20206	21013	807	807	5.00	64.00	32.98	39.00	26612.00
chr11	108216469	108216635	166	166	27.00	56.00	44.05	45.50	7312.00
chr1	209778880	209779019	139	139	27.00	51.00	40.37	43.00	5612.00
chr1	202935876	202936026	150	150	83.00	142.00	112.24	114.00	16836.00
chr12	57600255	57600524	269	269	225.00	342.00	282.17	289.00	75904.00
chr19	15233503	15233615	112	112	87.00	141.00	109.94	103.00	12313.00
chr8	68115317	68115486	169	169	204.00	280.00	244.55	249.00	41329.00
chr19	13419229	13419342	113	113	49.00	77.00	69.22	72.00	7822.00
chr6	33266815	33267130	315	315	12.00	132.00	60.30	47.00	18993.00
chr16	89780611	89781646	1035	1035	0.00	4.00	1.06	1.00	1099.00
chr12	109964162	109964221	59	59	53.00	72.00	63.92	64.00	3771.00
chr22	24491893	24492045	152	152	77.00	128.00	100.80	100.00	15321.00
chr2	242592926	242593025	99	99	264.00	364.00	302.34	299.00	29932.00
chr1	21937944	21938074	130	130	174.00	378.00	284.12	307.50	36935.00
chr2	223789173	223789313	140	140	238.00	290.00	260.78	257.00	36509.00
chr20	3772318	3772535	217	217	0.00	1.00	0.81	1.00	176.00
chr16	18531918	18532001	83	83	339.00	524.00	420.95	434.00	34939.00
chr1	43396296	43396537	241	241	88.00	144.00	116.90	115.00	28172.00
chr2	100037960	100038115	155	155	92.00	117.00	103.17	102.00	15992.00
chr16	1500497	1500770	273	273	0.00	155.00	80.08	112.00	21862.00
chr19	40876016	40876144	128	128	793.00	991.00	885.25	895.00	113312.00
chr5	168112691	168112932	241	241	7.00	14.00	9.74	10.00	2348.00
chr2	127825738	127825831	93	93	571.00	752.00	653.75	647.00	60799.00
chr1	19232015	19234990	2975	2975	9.00	213.00	50.55	43.00	150400.00
chr16	1391129	1391196	67	67	7.00	12.00	9.27	9.00	621.00
chr6	33410665	33411689	1024	1024	20.00	821.00	367.09	340.00	375900.00
chr9	95872033	95872266	233	233	0.00	1.00	0.49	0.00	115.00
chr1	53378627	53378839	212	212	0.00	0.00	0.00	0.00	0.00
chr2	80531276	80531693	417	417	43.00	225.00	138.49	133.00	57751.00
chr7	44286718	44286791	73	73	426.00	544.00	484.05	481.00	35336.00
chr7	157369304	157369471	167	167	253.00	356.00	296.74	293.00	49555.00
chr11	18755079	18755191	112	112	0.00	324.00	200.46	259.00	22451.00
chr6	86237979	86238080	101	101	222.00	296.00	260.04	268.00	26264.00
chr8	145000951	145001050	99	99	30.00	43.00	35.76	34.00	3540.00
chr19	45167680	45167966	286	286	10.00	45.00	31.23	34.00	8931.00
chr10	48930165	48930400	235	235	1.00	27.00	10.20	6.00	2398.00
chr16	87871450	87871547	97	97	210.00	291.00	258.72	271.00	25096.00
chr1	109815454	109815649	195	195	171.00	279.00	199.82	191.00	38965.00
chr1	208215442	208215711	269	269	101.00	157.00	133.55	137.00	35925.00
chr2	260866	261451	585	585	11.00	35.00	23.86	25.00	13957.00
chr5	180481266	180481724	458	458	0.00	2.00	0.44	0.00	200.00
chr7	73119479	73119631	152	152	1.00	1243.00	505.73	2.00	76871.00
chr15	34677248	34677358	110	110	31.00	81.00	56.48	58.00	6213.00
chr16	57687114	57687247	133	133	135.00	188.00	158.06	154.00	21022.00
chr15	50649406	50649592	186	186	8.00	19.00	13.49	14.00	2510.00
chr22	21071995	21072066	71	71	468.00	571.00	522.38	526.00	37089.00
chr5	179200882	179201561	679	679	6.00	53.00	41.32	43.00	28055.00
chr10	98763824	98763979	155	155	350.00	525.00	432.04	412.00	66966.00
chr14	102963315	102963457	142	142	32.00	55.00	40.46	38.00	5746.00
chr1	21932558	21933138	580	580	0.00	374.00	71.83	2.00	41663.00
chr16	28118842	28118998	156	156	265.00	335.00	299.02	299.00	46647.00
chr1	241767561	241767881	320	320	4.00	21.00	10.89	12.00	3485.00
chr11	66812063	66812184	121	121	3.00	5.00	3.93	4.00	476.00
chr11	12248571	12248678	107	107	27.00	48.00	39.10	39.00	4184.00
chr9	130588788	130588951	163	163	30.00	69.00	48.77	50.00	7950.00
chr22	21068915	21068988	73	73	425.00	563.00	501.14	504.00	36583.00
chr1	43424304	43424531	227	227	19.00	122.00	84.94	92.00	19282.00
chr14	105852021	105853670	1649	1649	1.00	17.00	7.37	7.00	12148.00
chr15	34823469	34823579	110	110	34.00	78.00	57.69	59.00	6346.00
chr11	171365	172282	917	917	0.00	1.00	0.11	0.00	97.00
chr22	24493976	24494155	179	179	61.00	147.00	99.70	113.00	17847.00
chr15	79291060	79291167	107	107	6.00	15.00	8.05	7.00	861.00
chr16	2145904	2146194	290	290	1.00	8.00	3.04	3.00	882.00
chr9	131503050	131503166	116	116	232.00	354.00	286.89	279.00	33279.00
chr11	61301983	61302579	596	596	0.00	4.00	1.06	1.00	629.00
chr22	25308609	25308719	110	110	35.00	48.00	42.17	43.00	4639.00
chr12	63977826	63979986	2160	2160	0.00	19.00	5.90	5.00	12741.00
chr19	46928844	46930933	2089	2089	4.00	232.00	113.82	116.00	237775.00
chr16	56969146	56969224	78	78	90.00	122.00	105.10	104.00	8198.00
chr17	40665787	40665996	209	209	0.00	657.00	279.56	419.00	58428.00
chr9	131669435	131671600	2165	2165	49.00	197.00	103.17	96.00	223359.00
chr2	220164026	220164271	245	245	1.00	250.00	77.32	5.00	18943.00
chr19	7589846	7590052	206	206	71.00	137.00	89.36	87.00	18409.00
chr6	91260186	91260268	82	82	79.00	98.00	87.76	87.00	7196.00
chr9	124543742	124543830	88	88	311.00	401.00	352.83	349.00	31049.00
chr12	54071005	54071170	165	165	2.00	19.00	11.98	13.00	1977.00
chr2	40443	41212	769	769	15.00	45.00	32.00	34.00	24610.00
chr11	67852159	67852747	588	588	0.00	5.00	1.70	1.00	1001.00
chr8	8233762	8234810	1048	1048	4.00	43.00	20.96	17.00	21965.00
chr2	175671113	175672148	1035	1035	0.00	2.00	0.29	0.00	300.00
chr7	138984922	138985438	516	516	1.00	18.00	9.26	9.00	4778.00
chr22	40816850	40817104	254	254	112.00	264.00	206.49	204.00	52448.00
chr19	14263120	14263249	129	129	327.00	437.00	384.53	383.00	49604.00
chr19	16962222	16962345	123	123	180.00	391.00	305.63	321.00	37592.00
chr1	109813838	109813918	80	80	133.00	171.00	150.51	151.00	12041.00
chr3	49898148	49898562	414	414	7.00	1676.00	807.35	1315.00	334244.00
chr17	17131202	17131510	308	308	0.00	93.00	69.15	76.00	21297.00
chr1	21936067	21936139	72	72	132.00	178.00	154.82	155.00	11147.00
chr3	130424404	130424615	211	211	36.00	70.00	55.27	56.00	11661.00
chr12	56532710	56532797	87	87	17.00	31.00	22.15	21.00	1927.00
chr16	29888591	29888788	197	197	466.00	823.00	614.13	563.00	120983.00
chr2	114394588	114396196	1608	1608	1.00	18.00	6.60	5.00	10613.00
chr3	124180736	124180803	67	67	39.00	55.00	48.09	48.00	3222.00
chr9	111798485	111798660	175	175	51.00	99.00	72.48	70.00	12684.00
chr10	73847897	73848372	475	475	7.00	128.00	37.70	27.00	17909.00
chr22	21075585	21075706	121	121	208.00	470.00	364.51	380.00	44106.00
chr22	20920753	20921104	351	351	60.00	130.00	89.98	86.00	31583.00
chr9	140953020	140953185	165	165	94.00	184.00	140.63	134.00	23204.00
chr22	41620970	41621075	105	105	107.00	128.00	118.82	119.00	12476.00
chr11	6243671	6243839	168	168	92.00	134.00	116.12	116.00	19508.00
chr15	74704225	74704353	128	128	138.00	251.00	205.90	224.00	26355.00
chr3	48719780	48719985	205	205	17.00	28.00	22.65	23.00	4644.00
chr1	222833247	222833348	101	101	89.00	214.00	149.40	146.00	15089.00
chr1	6583675	6584824	1149	1149	24.00	126.00	86.02	90.00	98832.00
chr11	126135857	126135976	119	119	77.00	105.00	91.20	92.00	10853.00
chr8	75156763	75157410	647	647	21.00	56.00	38.11	37.00	24656.00
chr15	83345212	83345389	177	177	263.00	385.00	327.95	326.00	58048.00
chr14	68031638	68032561	923	923	0.00	2.00	0.22	0.00	200.00
chr19	42479780	42479949	169	169	2284.00	3454.00	2796.89	2641.00	472674.00
chr16	31503329	31503407	78	78	167.00	248.00	202.05	206.00	15760.00
chr17	1564564	1564700	136	136	283.00	453.00	346.29	318.00	47096.00
chr16	58717858	58718082	224	224	41.00	98.00	69.50	71.00	15568.00
chr14	71575320	71575763	443	443	40.00	65.00	52.82	52.00	23398.00
chr1	202934498	202934628	130	130	106.00	175.00	125.91	115.00	16368.00
chr7	73118477	73118586	109	109	634.00	851.00	737.02	742.00	80335.00
chr19	13365908	13366073	165	165	63.00	116.00	84.28	82.00	13907.00
chr10	102265117	102265958	841	841	2.00	18.00	8.74	8.00	7350.00
chr9	139983320	139983457	137	137	141.00	221.00	185.22	187.00	25375.00
chr18	29206245	29206347	102	102	6.00	10.00	6.72	6.50	685.00
chr12	120578662	120578827	165	165	84.00	119.00	101.45	103.00	16740.00
chr5	757516	758226	710	710	0.00	4.00	0.97	1.00	686.00
chr8	21632483	21632567	84	84	100.00	124.00	110.42	109.50	9275.00
chr4	54011499	54011749	250	250	55.00	112.00	73.06	67.00	18264.00
chr8	141680613	141681365	752	752	0.00	2.00	0.61	0.00	455.00
chr11	57367351	57367850	499	499	14.00	78.00	34.36	24.00	17145.00
chr12	63980009	63980784	775	775	2.00	20.00	8.90	8.00	6899.00
chr9	140057042	140057203	161	161	7.00	516.00	440.52	475.00	70923.00
chr2	7055953	7056098	145	145	6.00	15.00	10.79	12.00	1564.00
chr12	52387768	52389043	1275	1275	25.00	1218.00	361.14	277.00	460451.00
chr19	50104931	50105175	244	244	29.00	260.00	82.44	49.50	20115.00
chr19	5218430	5218543	113	113	516.00	831.00	732.90	758.00	82818.00
chr16	29898969	29899138	169	169	397.00	545.00	463.43	466.00	78319.00
chr7	99030900	99031041	141	141	18.00	37.00	26.93	27.00	3797.00
chr17	36692926	36693212	286	286	1.00	8.00	4.42	4.50	1263.00
chr15	73857770	73859335	1565	1565	3.00	28.00	12.80	12.00	20025.00
chr6	44104085	44104176	91	91	353.00	546.00	446.38	448.00	40621.00
chr1	21938518	21938602	84	84	207.00	278.00	246.45	250.00	20702.00
chr19	13423482	13423595	113	113	37.00	50.00	43.00	43.00	4859.00
chr16	70292882	70293089	207	207	394.00	524.00	454.33	453.00	94046.00
chr18	61060641	61060782	141	141	46.00	79.00	63.45	64.00	8946.00
chr16	22269814	22270016	202	202	8.00	24.00	18.61	19.00	3760.00
chr1	21554423	21554534	111	111	24.00	39.00	30.57	30.00	3393.00
chr9	140057255	140057455	200	200	6.00	657.00	459.82	574.50	91965.00
chr7	1488255	1488397	142	142	0.00	7.00	4.12	4.00	585.00
chr14	100166351	100166438	87	87	30.00	44.00	38.11	38.00	3316.00
chr9	101065522	101065705	183	183	199.00	296.00	248.78	256.00	45526.00
chr5	68411752	68412041	289	289	49.00	96.00	76.24	79.00	22034.00
chr1	2452539	2452754	215	215	84.00	156.00	112.12	116.00	24105.00
chr1	21564626	21564737	111	111	35.00	52.00	42.83	43.00	4754.00
chr13	42037713	42039066	1353	1353	0.00	2.00	0.17	0.00	231.00
chr2	114350236	114350443	207	207	3.00	41.00	22.60	22.00	4679.00
chr1	21939668	21939722	54	54	204.00	244.00	225.30	226.00	12166.00
chr9	139353895	139354007	112	112	69.00	95.00	82.62	83.00	9254.00
chr7	102176367	102176618	251	251	33.00	113.00	80.37	86.00	20172.00
chr3	51411753	51412018	265	265	0.00	222.00	76.34	4.00	20230.00
chr17	73888091	73888266	175	175	9.00	27.00	19.22	19.00	3364.00
chr13	103297258	103297435	177	177	6.00	123.00	66.25	97.00	11726.00
chr15	63922664	63922834	170	170	177.00	227.00	200.50	197.00	34085.00
chr3	33400774	33400849	75	75	168.00	229.00	199.08	190.00	14931.00
chr22	50671744	50671955	211	211	32.00	59.00	47.69	48.00	10062.00
chr1	21190968	21191205	237	237	162.00	242.00	202.30	198.00	47944.00
chr5	14481649	14481727	78	78	469.00	553.00	515.73	514.00	40227.00
chr15	101605556	101606410	854	854	0.00	7.00	0.89	0.00	758.00
chr17	80040402	80040554	152	152	1237.00	1876.00	1589.67	1554.50	241630.00
chr2	132269293	132270897	1604	1604	1.00	23.00	11.01	11.00	17667.00
chr11	1778553	1778786	233	233	221.00	456.00	341.61	353.00	79595.00
chr11	1469616	1469808	192	192	1.00	4.00	2.17	2.00	416.00
chr12	120138549	120138630	81	81	7.00	12.00	9.35	9.00	757.00
chr7	901016	901101	85	85	146.00	213.00	185.12	199.00	15735.00
chr19	13372263	13372424	161	161	104.00	131.00	115.99	115.00	18674.00
chr17	40843154	40843311	157	157	8.00	24.00	15.27	15.00	2397.00
chr17	80039476	80039719	243	243	1149.00	1911.00	1466.30	1435.00	356310.00
chr17	16681109	16687365	6256	6256	0.00	88.00	22.03	20.00	137833.00
chr1	116935475	116935610	135	135	884.00	1198.00	1062.01	1064.00	143371.00
chr6	128294808	128294972	164	164	118.00	282.00	214.08	219.50	35109.00
chr5	109189927	109190617	690	690	0.00	2.00	0.61	0.00	422.00
chr15	40757533	40757634	101	101	51.00	188.00	139.95	136.00	14135.00
chr2	220164706	220164981	275	275	154.00	344.00	243.83	224.00	67053.00
chr3	164905164	164908639	3475	3475	11.00	119.00	48.48	41.00	168472.00
chr11	60699157	60699356	199	199	206.00	758.00	600.91	616.00	119582.00
chr2	96680301	96680717	416	416	0.00	0.00	0.00	0.00	0.00
chr17	40845314	40845554	240	240	17.00	33.00	24.15	25.00	5796.00
chr12	125264513	125265391	878	878	1.00	15.00	6.69	6.00	5873.00
chr1	156623704	156624158	454	454	0.00	4.00	1.59	1.00	723.00
chr6	108370456	108370622	166	166	105.00	148.00	124.20	127.00	20618.00
chr11	19180486	19180587	101	101	79.00	91.00	86.37	87.00	8723.00
chr19	42489069	42489338	269	269	658.00	1706.00	1303.93	1435.00	350756.00
chr2	198274493	198274731	238	238	161.00	258.00	211.81	210.00	50410.00
chr6	47220991	47221257	266	266	196.00	365.00	275.72	258.50	73342.00
chr19	40872679	40872822	143	143	955.00	1505.00	1228.77	1240.00	175714.00
chr19	54693278	54693627	349	349	0.00	56.00	27.70	31.00	9668.00
chr12	81929	82174	245	245	7.00	27.00	18.49	18.00	4529.00
chr21	45513943	45514114	171	171	50.00	70.00	59.82	60.00	10230.00
chr3	124201630	124201747	117	117	0.00	70.00	44.73	54.00	5233.00
chr17	79805118	79805223	105	105	426.00	528.00	481.53	486.00	50561.00
chr20	46307419	46307548	129	129	109.00	198.00	138.48	137.00	17864.00
chr17	38187790	38187873	83	83	252.00	334.00	287.36	275.00	23851.00
chr2	207452814	207452878	64	64	160.00	204.00	176.36	176.00	11287.00
chr17	45695715	45695823	108	108	595.00	707.00	653.93	656.00	70624.00
chr7	44283023	44283126	103	103	448.00	534.00	486.83	480.00	50143.00
chr20	62274975	62275284	309	309	0.00	3044.00	1440.65	1976.00	445161.00
chr11	108202605	108202764	159	159	7.00	20.00	14.38	15.00	2287.00
chr9	140051314	140051489	175	175	206.00	318.00	252.01	246.00	44102.00
chr22	45574118	45574781	663	663	50.00	128.00	83.56	82.00	55397.00
chr15	79312382	79312446	64	64	2.00	4.00	2.20	2.00	141.00
chr1	21940120	21940199	79	79	180.00	233.00	201.42	202.00	15912.00
chr17	3775847	3775921	74	74	116.00	161.00	135.01	136.50	9991.00
chr7	73133931	73134019	88	88	2.00	1316.00	403.83	270.00	35537.00
chr11	72292920	72292991	71	71	228.00	268.00	245.82	244.00	17453.00
chr7	43547616	43547730	114	114	102.00	156.00	128.04	128.00	14597.00
chr16	58713760	58714145	385	385	34.00	70.00	49.70	49.00	19134.00
chr22	21083600	21083794	194	194	268.00	397.00	338.53	343.50	65675.00
chr11	66457275	66457414	139	139	336.00	446.00	385.87	387.00	53636.00
chr15	91561034	91561115	81	81	72.00	106.00	88.35	88.00	7156.00
chr11	2968525	2969001	476	476	3.00	11.00	7.17	7.00	3412.00
chr19	34869838	34869910	72	72	877.00	1098.00	959.15	939.50	69059.00
chr9	121970996	121971219	223	223	125.00	169.00	148.04	151.00	33012.00
chr3	47449772	47449980	208	208	4.00	151.00	96.15	130.00	20000.00
chr12	57601820	57601999	179	179	271.00	541.00	402.32	388.00	72016.00
chr16	2345590	2345741	151	151	246.00	339.00	296.20	293.00	44726.00
chr12	50471782	50471910	128	128	224.00	305.00	267.08	267.00	34186.00
chr1	109814221	109814344	123	123	171.00	281.00	237.80	245.00	29250.00
chr19	16942304	16942458	154	154	125.00	194.00	163.24	167.50	25139.00
chr11	66333301	66333398	97	97	213.00	274.00	242.21	242.00	23494.00
chr5	74026084	74026223	139	139	93.00	128.00	112.82	113.00	15682.00
chr5	68417520	68417722	202	202	59.00	108.00	91.57	94.50	18497.00
chr19	15272262	15272525	263	263	16.00	45.00	30.49	28.00	8018.00
chr3	45872404	45872482	78	78	34.00	48.00	40.72	40.00	3176.00
chr7	73123374	73123452	78	78	1319.00	1873.00	1689.35	1775.50	131769.00
chr5	14498197	14498360	163	163	446.00	718.00	566.67	561.00	92368.00
chr14	93180167	93180230	63	63	135.00	167.00	149.37	150.00	9410.00
chr9	130984739	130984875	136	136	415.00	599.00	514.68	506.00	69997.00
chr13	31216764	31216894	130	130	62.00	91.00	73.28	71.00	9526.00
chr12	112614399	112614506	107	107	104.00	251.00	225.57	228.00	24136.00
chr12	57602865	57602982	117	117	346.00	458.00	394.65	390.00	46174.00
chr14	72976861	72976987	126	126	15.00	37.00	25.01	22.00	3151.00
chr1	155209406	155209553	147	147	56.00	87.00	71.90	71.00	10569.00
chr10	49633930	49634113	183	183	468.00	651.00	571.49	586.00	104582.00
chr16	84100093	84100218	125	125	199.00	251.00	224.86	226.00	28107.00
chr1	155207924	155208097	173	173	79.00	137.00	101.75	98.00	17603.00
chr12	2786898	2787033	135	135	23.00	35.00	28.86	29.00	3896.00
chr2	233755457	233756197	740	740	0.00	217.00	34.82	2.50	25766.00
chr14	60631894	60632099	205	205	74.00	166.00	127.69	136.00	26176.00
chr1	11151549	11151654	105	105	123.00	185.00	151.44	142.00	15901.00
chr4	134076071	134076178	107	107	468.00	685.00	614.78	624.00	65781.00
chr15	91420364	91420441	77	77	121.00	156.00	145.91	149.00	11235.00
chr5	114961533	114961755	222	222	1.00	48.00	29.27	37.00	6499.00
chr16	1814047	1814211	164	164	4.00	303.00	136.65	202.00	22411.00
chr18	44250463	44252581	2118	2118	8.00	34.00	19.56	20.00	41420.00
chr6	158049380	158049518	138	138	43.00	78.00	61.65	61.00	8508.00
chr19	7675585	7675679	94	94	293.00	326.00	311.13	312.00	29246.00
chr13	99461604	99461719	115	115	2.00	374.00	271.84	276.00	31262.00
chr11	130010829	130011467	638	638	3.00	928.00	103.21	8.00	65847.00
chr11	107526658	107526792	134	134	723.00	1077.00	878.14	839.00	117671.00
chr16	1391294	1391490	196	196	5.00	14.00	10.15	11.00	1990.00
chr1	38182716	38184158	1442	1442	10.00	102.00	49.38	48.00	71201.00
chr5	179231023	179231323	300	300	8.00	21.00	14.46	14.00	4337.00
chr14	69814593	69814719	126	126	33.00	47.00	41.79	43.00	5266.00
chr14	69349174	69349309	135	135	31.00	50.00	43.30	44.00	5846.00
chr19	7614792	7614998	206	206	98.00	144.00	127.46	129.00	26257.00
chr1	228270375	228270466	91	91	3.00	2249.00	651.13	273.00	59253.00
chr1	38186022	38186315	293	293	2.00	39.00	23.56	31.00	6902.00
chr13	77641715	77641999	284	284	182.00	298.00	227.11	225.00	64499.00
chr14	100157417	100157498	81	81	7.00	12.00	9.68	10.00	784.00
chr13	32978280	32979333	1053	1053	0.00	9.00	2.53	1.00	2666.00
chr12	7301567	7301794	227	227	375.00	607.00	505.28	500.00	114698.00
chr9	123583116	123583257	141	141	32.00	70.00	53.03	53.00	7477.00
chr17	26883183	26883284	101	101	78.00	156.00	109.37	104.00	11046.00
chr12	6972993	6973137	144	144	299.00	390.00	350.88	361.50	50526.00
chr20	34322310	34322637	327	327	0.00	3.00	1.22	1.00	400.00
chr19	7606407	7606570	163	163	68.00	113.00	90.75	92.00	14792.00
chr16	2333186	2333373	187	187	4.00	510.00	375.37	428.00	70194.00
chr12	113825548	113825711	163	163	21.00	69.00	42.84	42.00	6983.00
chr7	4802013	4807749	5736	5736	9.00	203.00	46.88	38.00	268875.00
chr1	43394880	43394985	105	105	116.00	186.00	157.02	170.00	16487.00
chr19	4554399	4554488	89	89	294.00	437.00	386.62	389.00	34409.00
chr16	31719139	31719372	233	233	3.00	15.00	8.34	8.00	1943.00
chr5	134060669	134061744	1075	1075	22.00	69.00	40.90	38.00	43964.00
chr1	202936318	202936371	53	53	7.00	89.00	47.96	60.00	2542.00
chr2	220087366	220087615	249	249	104.00	153.00	133.02	134.00	33122.00
chr2	36764494	36764689	195	195	60.00	111.00	79.69	73.00	15539.00
chr7	43519208	43519343	135	135	101.00	152.00	129.12	126.00	17431.00
chr10	51249585	51249993	408	408	0.00	3.00	1.74	2.00	710.00
chr6	32123647	32123755	108	108	72.00	119.00	91.85	89.50	9920.00
chr3	118624442	118624692	250	250	0.00	4.00	1.31	1.00	328.00
chr1	190129797	190130020	223	223	59.00	79.00	68.50	68.00	15276.00
chr9	131004491	131004624	133	133	0.00	607.00	474.02	550.00	63045.00
chr22	33679187	33679334	147	147	221.00	280.00	253.30	254.00	37235.00
chr15	74709931	74710016	85	85	204.00	397.00	262.27	219.00	22293.00
chr7	6470110	6470238	128	128	33.00	54.00	42.20	42.00	5401.00
chr1	6640600	6641359	759	759	28.00	70.00	46.68	48.00	35427.00
chr16	31510622	31510728	106	106	139.00	183.00	160.37	162.00	16999.00
chr4	103710287	103711803	1516	1516	5.00	26.00	12.84	12.00	19473.00
chr19	2862339	2862746	407	407	6.00	34.00	20.70	21.00	8423.00
chr2	15467873	15467994	121	121	73.00	107.00	90.83	89.00	10990.00
chr2	36780721	36781492	771	771	3.00	29.00	8.83	7.00	6808.00
chr10	81070680	81070941	261	261	114.00	310.00	176.41	160.00	46042.00
chr2	217234866	217235986	1120	1120	266.00	724.00	433.45	413.00	485464.00
chr10	93786348	93786508	160	160	40.00	82.00	59.78	60.00	9565.00
chr17	20268785	20269076	291	291	0.00	4.00	2.01	2.00	586.00
chr9	131002006	131002062	56	56	0.00	632.00	548.61	588.00	30722.00
chr1	155208307	155208441	134	134	81.00	152.00	112.21	111.00	15036.00
chr2	162833877	162834373	496	496	0.00	92.00	10.24	4.00	5079.00
chr9	35799614	35799728	114	114	59.00	82.00	69.69	70.00	7945.00
chr20	62517856	62519234	1378	1378	0.00	104.00	8.13	5.00	11197.00
chr22	35942847	35943127	280	280	7.00	39.00	23.47	22.00	6571.00
chr13	26436438	26436546	108	108	52.00	84.00	68.47	69.00	7395.00
chr14	69371371	69371453	82	82	46.00	65.00	55.15	56.00	4522.00
chr7	44031274	44031581	307	307	1.00	9.00	4.60	5.00	1411.00
chr11	12274988	12275291	303	303	0.00	3.00	1.65	2.00	499.00
chr5	1334403	1334498	95	95	164.00	216.00	197.71	203.00	18782.00
chr19	34868639	34868786	147	147	1055.00	1509.00	1252.37	1252.00	184099.00
chr16	1815960	1816143	183	183	218.00	323.00	257.66	256.00	47151.00
chr10	73578787	73578868	81	81	1461.00	1916.00	1658.02	1653.00	134300.00
chr17	37420427	37420640	213	213	46.00	72.00	57.95	56.00	12344.00
chr5	60835422	60835586	164	164	78.00	102.00	94.09	95.00	15430.00
chr15	79296143	79296517	374	374	5.00	15.00	10.84	11.00	4055.00
chr19	13039568	13039661	93	93	614.00	873.00	752.83	759.00	70013.00
chr12	49421585	49421713	128	128	57.00	103.00	81.91	83.00	10485.00
chr1	1661057	1662583	1526	1526	12.00	1211.00	287.11	194.00	438136.00
chr2	207457340	207457460	120	120	180.00	224.00	200.84	202.00	24101.00
chr11	64542462	64543441	979	979	0.00	6.00	2.07	1.00	2031.00
chr20	61910250	61910347	97	97	157.00	208.00	177.62	175.00	17229.00
chr11	62394042	62394156	114	114	306.00	405.00	342.85	341.00	39085.00
chr5	37301538	37301652	114	114	38.00	60.00	46.55	46.00	5307.00
chr16	4733843	4733933	90	90	214.00	302.00	275.62	282.50	24806.00
chr15	43693913	43694048	135	135	46.00	77.00	63.87	67.00	8623.00
chr11	18764538	18764622	84	84	195.00	242.00	220.73	227.00	18541.00
chr17	57842331	57842499	168	168	172.00	223.00	198.88	198.50	33412.00
chr9	96076729	96078064	1335	1335	3.00	24.00	11.18	11.00	14926.00
chr11	12246219	12246367	148	148	9.00	31.00	19.64	16.50	2907.00
chr12	7030743	7031565	822	822	2.00	3427.00	1116.41	12.00	917690.00
chr3	14523178	14523349	171	171	20.00	38.00	27.65	25.00	4728.00
chr5	758508	759483	975	975	0.00	10.00	2.15	1.00	2100.00
chr12	22635490	22635677	187	187	50.00	77.00	61.20	60.00	11444.00
chr5	14479369	14479459	90	90	569.00	638.00	599.69	602.00	53972.00
chr6	143655214	143656079	865	865	0.00	6.00	2.24	2.00	1941.00
chr7	75508360	75508578	218	218	2.00	602.00	391.96	458.50	85447.00
chr11	60697981	60698131	150	150	347.00	572.00	422.72	399.50	63408.00
chr1	151400598	151400889	291	291	76.00	152.00	116.72	122.00	33965.00
chr5	172196431	172197309	878	878	0.00	179.00	47.10	8.00	41353.00
chr3	49152660	49152794	134	134	93.00	142.00	115.62	115.50	15493.00
chr7	5518281	5519950	1669	1669	16.00	95.00	50.46	49.00	84225.00
chr17	16691106	16691449	343	343	0.00	20.00	6.55	7.00	2245.00
chr2	220086993	220087172	179	179	92.00	138.00	114.49	115.00	20493.00
chr10	51746916	51748006	1090	1090	0.00	25.00	7.43	7.00	8095.00
chr12	7302118	7302289	171	171	505.00	619.00	560.88	559.00	95910.00
chr11	59562844	59562955	111	111	22.00	61.00	43.41	52.00	4819.00
chr12	6100984	6101184	200	200	10.00	29.00	19.68	20.00	3935.00
chr19	5683274	5683627	353	353	6.00	17.00	9.70	9.00	3423.00
chr12	2786259	2786387	128	128	29.00	44.00	35.50	35.00	4544.00
chr15	26812727	26812880	153	153	163.00	267.00	202.97	200.00	31054.00
chr1	149007980	149008798	818	818	0.00	1.00	0.24	0.00	200.00
chr19	54965608	54965861	253	253	23.00	80.00	49.02	48.00	12401.00
chr8	27293259	27293310	51	51	132.00	181.00	161.55	161.00	8239.00
chr15	23014437	23014528	91	91	93.00	164.00	131.16	127.00	11936.00
chr1	111717500	111717585	85	85	47.00	77.00	61.72	57.00	5246.00
chr6	150157220	150157433	213	213	68.00	108.00	94.32	95.00	20090.00
chr13	114566547	114566670	123	123	39.00	155.00	88.40	72.00	10873.00
chr16	58539291	58539605	314	314	1.00	15.00	8.16	9.00	2562.00
chr1	21936612	21936768	156	156	150.00	382.00	229.68	227.00	35830.00
chr1	17322880	17322991	111	111	244.00	427.00	344.14	371.00	38199.00
chr11	60699455	60699599	144	144	541.00	750.00	635.31	622.00	91485.00
chr5	6749669	6749770	101	101	72.00	103.00	90.87	91.00	9178.00
chr16	2156805	2156949	144	144	26.00	44.00	33.95	30.00	4889.00
chr15	34690834	34690930	96	96	8.00	44.00	30.26	30.50	2905.00
chr3	11074933	11075425	492	492	0.00	114.00	17.73	1.00	8725.00
chr5	74655222	74655381	159	159	838.00	1236.00	1031.65	1031.00	164033.00
chr20	20022968	20023160	192	192	119.00	237.00	167.99	156.00	32254.00
chr2	39055481	39055578	97	97	127.00	171.00	154.43	157.00	14980.00
chr19	16793231	16793528	297	297	0.00	39.00	7.85	1.00	2331.00
chr2	219205450	219205509	59	59	17.00	23.00	19.32	19.00	1140.00
chr17	74087429	74087729	300	300	3.00	10.00	6.37	6.00	1912.00
chr3	184058150	184060036	1886	1886	0.00	303.00	44.04	8.00	83053.00
chr6	90333128	90333263	135	135	33.00	55.00	45.84	46.00	6188.00
chr12	125267019	125267429	410	410	0.00	29.00	8.72	4.00	3576.00
chr1	207942580	207943104	524	524	1.00	32.00	19.47	20.00	10202.00
chr4	89356876	89357043	167	167	2.00	6.00	3.88	4.00	648.00
chr7	101995498	101995736	238	238	4.00	21.00	8.92	8.00	2122.00
chr3	11067458	11067562	104	104	66.00	99.00	84.83	86.00	8822.00
chr5	95734582	95734740	158	158	1.00	6.00	4.19	4.00	662.00
chr6	152529106	152529341	235	235	65.00	105.00	82.72	79.00	19439.00
chr5	102295578	102295763	185	185	20.00	41.00	32.79	34.00	6067.00
chr22	21072980	21073110	130	130	315.00	556.00	425.52	437.50	55318.00
chr12	121855306	121855714	408	408	120.00	301.00	178.46	149.00	72813.00
chr1	160326389	160326544	155	155	124.00	168.00	147.00	148.00	22785.00
chr11	60670930	60671007	77	77	307.00	360.00	331.91	337.00	25557.00
chr17	79804822	79804948	126	126	486.00	646.00	571.59	580.50	72020.00
chr16	18527204	18527332	128	128	274.00	476.00	398.39	403.50	50994.00
chr16	16372518	16372646	128	128	290.00	509.00	429.69	440.50	55000.00
chr2	32750530	32750695	165	165	44.00	66.00	55.44	55.00	9148.00
chr14	69369193	69369279	86	86	51.00	65.00	58.97	59.00	5071.00
chr7	66418212	66418356	144	144	105.00	182.00	140.83	141.00	20279.00
chr6	44107988	44108097	109	109	341.00	458.00	396.31	392.00	43198.00
chr7	70885893	70886091	198	198	193.00	372.00	268.18	248.00	53100.00
chr8	27295281	27295397	116	116	168.00	212.00	188.39	189.00	21853.00
chr7	73122918	73123018	100	100	1207.00	1635.00	1434.98	1454.00	143498.00
chr15	34698874	34699071	197	197	28.00	50.00	36.12	35.00	7115.00
chr8	22009343	22009513	170	170	7.00	25.00	14.04	13.00	2386.00
chr7	1526557	1526737	180	180	54.00	143.00	104.53	119.00	18816.00
chr5	178053946	178054065	119	119	2.00	51.00	24.19	20.00	2879.00
chr12	6103027	6103369	342	342	8.00	28.00	18.06	20.00	6175.00
chr2	3479491	3480482	991	991	1.00	13.00	5.01	5.00	4968.00
chr3	33883388	33883566	178	178	84.00	137.00	108.35	106.00	19287.00
chr19	11019778	11019883	105	105	311.00	374.00	333.32	333.00	34999.00
chr7	98446205	98446318	113	113	282.00	520.00	406.23	418.00	45904.00
chr8	106813274	106813932	658	658	17.00	41.00	26.67	26.00	17547.00
chr2	223795338	223795530	192	192	334.00	532.00	420.11	433.00	80661.00
chr7	75511146	75511554	408	408	284.00	533.00	416.22	439.00	169819.00
chr21	40184926	40185038	112	112	15.00	32.00	23.51	25.00	2633.00
chr19	53383575	53385236	1661	1661	29.00	93.00	57.34	56.00	95237.00
chr19	14208130	14208295	165	165	0.00	557.00	333.24	418.00	54984.00
chr15	91461013	91461618	605	605	3.00	136.00	38.76	10.00	23448.00
chr8	145278010	145278133	123	123	30.00	44.00	37.20	38.00	4575.00
chr16	28132990	28133083	93	93	208.00	296.00	244.87	245.00	22773.00
chr11	125280091	125280221	130	130	81.00	116.00	96.85	94.50	12590.00
chr15	63128089	63128317	228	228	3.00	107.00	72.76	88.00	16590.00
chr9	131181435	131181557	122	122	0.00	0.00	0.00	0.00	0.00
chr19	3281196	3281343	147	147	434.00	623.00	520.84	533.00	76563.00
chr11	6240200	6240280	80	80	87.00	115.00	101.85	102.50	8148.00
chr20	31019123	31019287	164	164	69.00	112.00	90.37	93.50	14820.00
chr6	46825865	46827260	1395	1395	3.00	25.00	11.63	12.00	16217.00
chr12	1672006	1672666	660	660	1.00	10.00	4.49	4.00	2965.00
chr12	9098824	9099001	177	177	128.00	170.00	152.82	155.00	27050.00
chr7	121738503	121738630	127	127	1.00	3.00	1.69	2.00	215.00
chr19	40875814	40875935	121	121	621.00	803.00	726.88	721.00	87952.00
chr20	3581592	3581671	79	79	98.00	154.00	119.44	121.00	9436.00
chr17	7226965	7227042	77	77	90.00	115.00	104.71	104.00	8063.00
chr2	74331800	74332809	1009	1009	54.00	197.00	99.12	95.00	100015.00
chr1	209785136	209785610	474	474	1.00	31.00	18.35	19.00	8696.00
chr9	35546426	35548532	2106	2106	205.00	525.00	296.83	282.00	625128.00
chr17	80040198	80040290	92	92	1232.00	1549.00	1368.52	1343.50	125904.00
chr11	73074791	73075284	493	493	3.00	104.00	32.17	7.00	15860.00
chr20	44674976	44675075	99	99	34.00	44.00	38.84	39.00	3845.00
chr20	5892091	5892328	237	237	44.00	244.00	159.54	172.00	37810.00
chr17	20316581	20317594	1013	1013	0.00	9.00	4.45	4.00	4510.00
chr12	99478702	99478801	99	99	134.00	160.00	146.91	146.00	14544.00
chr17	40842756	40842960	204	204	12.00	22.00	16.07	16.00	3279.00
chr11	107501142	107501288	146	146	485.00	674.00	581.33	588.50	84874.00
chr11	85429236	85429532	296	296	0.00	0.00	0.00	0.00	0.00
chr20	9449217	9449319	102	102	21.00	34.00	26.48	26.00	2701.00
chr14	23371395	23371591	196	196	149.00	200.00	178.23	178.00	34934.00
chr7	716865	716957	92	92	1032.00	1440.00	1303.65	1314.50	119936.00
chr10	48862360	48862682	322	322	0.00	41.00	11.21	6.00	3610.00
chr10	68686678	68688210	1532	1532	23.00	83.00	43.02	41.00	65908.00
chr5	179674854	179674926	72	72	60.00	76.00	68.43	70.00	4927.00
chr1	209773327	209773456	129	129	18.00	41.00	30.74	31.00	3966.00
chr17	45691034	45691091	57	57	602.00	680.00	639.16	639.00	36432.00
chr1	19669871	19670118	247	247	1.00	5.00	2.72	3.00	673.00
chr17	45664025	45664710	685	685	2.00	499.00	71.37	8.00	48889.00
chr19	2337634	2338840	1206	1206	1.00	51.00	7.79	5.00	9391.00
chr8	22011480	22011552	72	72	15.00	19.00	16.96	17.00	1221.00
