#chrom	start	end	size	num_data	min	max	mean	median	sum
chr12	1940100	1940691	591	591	4.00	15.00	9.10	9.00	5379.00
chr1	27480473	27481381	908	908	3.00	56.00	28.19	27.00	25601.00
chr15	63112684	63112809	125	125	136.00	199.00	166.39	162.00	20799.00
chr5	149231737	149232254	517	517	1.00	7.00	3.64	3.00	1882.00
chr5	140865429	140867182	1753	1753	80.00	272.00	149.26	146.00	261651.00
chr1	32209793	32209958	165	165	296.00	457.00	359.80	354.00	59367.00
chr16	87873307	87873431	124	124	150.00	411.00	248.39	232.50	30800.00
chr17	34157438	34158175	737	737	58.00	146.00	101.95	104.00	75138.00
chr2	127815619	127816088	469	469	7.00	47.00	28.94	32.00	13574.00
chr1	208212965	208213112	147	147	392.00	494.00	445.10	446.00	65430.00
chr22	19703883	19704666	783	783	117.00	613.00	322.51	289.00	252528.00
chr16	87872319	87872423	104	104	159.00	238.00	201.95	196.00	21003.00
chr9	140055740	140055868	128	128	335.00	402.00	360.16	360.00	46100.00
chr22	21096515	21096643	128	128	218.00	313.00	265.81	269.00	34024.00
chr9	140056321	140056540	219	219	0.00	437.00	277.62	342.00	60799.00
chr11	78379981	78380253	272	272	91.00	207.00	131.40	130.00	35740.00
chr3	11070420	11070533	113	113	88.00	114.00	103.96	105.00	11748.00
chr1	109812554	109813222	668	668	29.00	912.00	325.69	317.00	217564.00
chr2	220161954	220162155	201	201	73.00	114.00	93.03	91.00	18699.00
chr15	74706887	74707086	199	199	102.00	157.00	125.09	121.00	24892.00
chr17	7318829	7319426	597	597	466.00	1354.00	798.33	764.00	476601.00
chr1	21560050	21560154	104	104	32.00	53.00	39.91	38.50	4151.00
chr1	25573799	25573952	153	153	38.00	1064.00	699.61	758.00	107041.00
chr14	93198993	93199160	167	167	121.00	213.00	172.47	176.00	28802.00
chr1	205554003	205554119	116	116	0.00	0.00	0.00	0.00	0.00
chr1	9795005	9795232	227	227	882.00	1458.00	1186.86	1183.00	269417.00
chr17	42426525	42426670	145	145	113.00	196.00	159.92	154.00	23188.00
chr18	70205887	70206179	292	292	10.00	64.00	33.21	21.00	9698.00
chr1	205553082	205553251	169	169	0.00	0.00	0.00	0.00	0.00
chr9	140056623	140056766	143	143	9.00	345.00	186.77	202.00	26708.00
chr6	33412147	33412394	247	247	31.00	898.00	505.63	647.00	124891.00
chr12	89992366	89992547	181	181	16.00	235.00	147.04	160.00	26614.00
chr2	220088827	220089576	749	749	95.00	240.00	150.36	143.00	112623.00
chr14	100763073	100765222	2149	2149	163.00	451.00	285.04	272.00	612547.00
chr1	110740697	110742543	1846	1846	7.00	143.00	70.70	71.00	130521.00
chr1	149878201	149879758	1557	1557	50.00	1124.00	282.21	114.00	439399.00
chr3	197264139	197265259	1120	1120	2.00	34.00	15.05	15.00	16856.00
chr8	56449623	56450530	907	907	34.00	135.00	68.62	72.00	62241.00
chr9	139354208	139354326	118	118	153.00	248.00	182.49	170.00	21534.00
chr1	32204908	32205236	328	328	388.00	734.00	485.36	448.00	159199.00
chr7	75608768	75608897	129	129	225.00	302.00	269.18	272.00	34724.00
chr19	45161029	45161178	149	149	46.00	82.00	67.21	69.00	10014.00
chr19	5243911	5244493	582	582	361.00	868.00	570.02	512.00	331754.00
chr6	32119585	32119717	132	132	1.00	20.00	9.43	10.00	1245.00
chr3	42670878	42672067	1189	1189	39.00	236.00	104.10	101.00	123776.00
chr11	45892392	45892485	93	93	86.00	112.00	98.05	99.00	9119.00
chr17	80040789	80040991	202	202	710.00	1233.00	876.07	848.50	176966.00
chr2	74902875	74903036	161	161	57.00	99.00	74.96	70.00	12068.00
chr17	38335969	38337946	1977	1977	7.00	73.00	25.63	23.00	50667.00
chr16	87870103	87870253	150	150	174.00	321.00	236.08	221.00	35412.00
chr1	32205947	32206142	195	195	522.00	748.00	627.89	600.00	122438.00
chr6	44117553	44117702	149	149	45.00	600.00	397.55	508.00	59235.00
chr1	159163659	159163830	171	171	850.00	1055.00	950.22	946.00	162487.00
chr3	445565	446023	458	458	26.00	43.00	33.87	33.00	15512.00
chr2	25048913	25048995	82	82	153.00	189.00	169.28	166.50	13881.00
chr10	99504485	99504672	187	187	104.00	162.00	136.67	139.00	25557.00
chr4	54364807	54365010	203	203	106.00	189.00	142.43	140.00	28913.00
chr17	1634367	1634552	185	185	31.00	65.00	52.03	55.00	9626.00
chr7	72416124	72416247	123	123	177.00	293.00	217.03	197.00	26695.00
chr1	208212169	208212329	160	160	391.00	558.00	476.43	483.00	76228.00
chr9	140952500	140952702	202	202	71.00	164.00	97.79	94.50	19753.00
chr6	44197325	44197528	203	203	29.00	39.00	34.30	34.00	6962.00
chr6	44197643	44198218	575	575	6.00	44.00	20.30	19.00	11671.00
chr11	118981972	118982084	112	112	84.00	136.00	112.52	111.50	12602.00
chr5	150503846	150503952	106	106	27.00	659.00	468.64	579.50	49676.00
chr11	118981761	118981878	117	117	124.00	172.00	146.62	147.00	17154.00
chr11	126314873	126315000	127	127	47.00	72.00	59.61	58.00	7570.00
chr1	159165808	159166244	436	436	95.00	1111.00	299.56	152.00	130606.00
chr7	134893542	134893750	208	208	58.00	93.00	76.75	77.00	15963.00
chr9	121976196	121976433	237	237	99.00	185.00	140.29	140.00	33249.00
chr19	54691042	54691169	127	127	128.00	277.00	190.96	170.00	24252.00
chr22	38621430	38621600	170	170	168.00	236.00	201.25	202.50	34212.00
chr13	42035681	42036205	524	524	8.00	38.00	19.66	17.00	10303.00
chr20	1915360	1915413	53	53	2.00	182.00	118.06	146.00	6257.00
chr5	14496987	14497126	139	139	590.00	958.00	736.60	728.00	102387.00
chr12	56528125	56528212	87	87	91.00	131.00	105.28	102.00	9159.00
chr3	47466974	47467101	127	127	203.00	280.00	239.81	234.00	30456.00
chr17	7415476	7415663	187	187	217.00	422.00	294.98	276.00	55162.00
chr3	33588037	33589252	1215	1215	52.00	192.00	114.92	115.00	139627.00
chr7	887833	888615	782	782	47.00	345.00	182.26	167.00	142529.00
chr10	24813251	24813693	442	442	6.00	43.00	26.06	31.00	11519.00
chr1	109812045	109812213	168	168	334.00	555.00	422.53	416.50	70985.00
chr19	15276597	15276902	305	305	255.00	416.00	342.54	346.00	104476.00
chr16	2334779	2334999	220	220	157.00	287.00	226.33	226.00	49792.00
chr16	68404761	68405261	500	500	112.00	218.00	163.04	164.00	81519.00
chr4	110969111	110969871	760	760	41.00	215.00	124.80	117.00	94851.00
chr1	145693161	145693996	835	835	30.00	282.00	105.46	89.00	88058.00
chr7	44282848	44282932	84	84	117.00	139.00	128.90	129.00	10828.00
chr2	220164315	220164508	193	193	11.00	79.00	40.62	18.00	7840.00
chr12	50472203	50472360	157	157	255.00	322.00	298.82	301.00	46914.00
chr2	220163768	220163833	65	65	88.00	111.00	102.43	103.00	6658.00
chr2	222289928	222290862	934	934	58.00	121.00	86.46	84.00	80753.00
chr12	57599133	57599268	135	135	320.00	571.00	407.34	394.00	54991.00
chr7	157475416	157475629	213	213	125.00	260.00	190.06	175.00	40482.00
chr1	32203800	32203927	127	127	343.00	788.00	590.81	626.00	75033.00
chr1	109811731	109811912	181	181	371.00	638.00	512.76	522.00	92809.00
chr9	140052830	140052975	145	145	170.00	627.00	421.48	430.00	61115.00
chr2	220161706	220161854	148	148	95.00	122.00	107.28	106.00	15878.00
chr16	29896906	29897070	164	164	190.00	341.00	281.66	296.00	46193.00
chr16	47143393	47143622	229	229	508.00	803.00	656.48	661.00	150333.00
chr11	993753	993985	232	232	224.00	510.00	358.31	321.00	83129.00
chr9	124059698	124061137	1439	1439	0.00	9.00	3.34	3.00	4800.00
chr9	140350140	140350634	494	494	63.00	279.00	177.13	175.00	87500.00
chr11	14504577	14504697	120	120	349.00	573.00	452.57	448.00	54308.00
chr3	49898612	49898733	121	121	1079.00	2316.00	1734.89	1768.00	209922.00
chr9	131811659	131811777	118	118	77.00	92.00	85.46	86.00	10084.00
chr9	131810705	131810818	113	113	82.00	115.00	96.37	96.00	10890.00
chr1	223400935	223401080	145	145	49.00	107.00	85.38	88.00	12380.00
chr12	125612185	125612820	635	635	14.00	191.00	49.76	31.00	31597.00
chr2	220088590	220088744	154	154	97.00	142.00	121.27	121.00	18675.00
chr9	70888487	70888750	263	263	11.00	107.00	59.91	66.00	15757.00
chr14	69813756	69813898	142	142	92.00	131.00	105.50	105.00	14981.00
chr2	47399145	47399890	745	745	65.00	1140.00	285.44	271.00	212655.00
chr11	62688689	62689041	352	352	2.00	31.00	14.01	13.00	4932.00
chr6	43745205	43745407	202	202	51.00	284.00	244.12	249.50	49312.00
chr3	11072492	11072997	505	505	38.00	258.00	109.10	98.00	55094.00
chr7	2696031	2696168	137	137	949.00	1437.00	1232.86	1288.00	168902.00
chr16	14969196	14969279	83	83	391.00	684.00	567.80	617.00	47127.00
chr17	7377847	7378026	179	179	6.00	18.00	12.26	13.00	2195.00
chr12	65639640	65639719	79	79	189.00	376.00	286.27	286.00	22615.00
chr12	50294912	50295108	196	196	129.00	277.00	174.68	171.00	34238.00
chr19	42485653	42485788	135	135	1006.00	1666.00	1356.17	1366.00	183083.00
chr10	99509230	99509343	113	113	189.00	313.00	245.44	239.00	27735.00
chr22	38883877	38888120	4243	4243	202.00	4232.00	1151.86	1014.00	4887360.00
chr12	49416372	49416658	286	286	192.00	294.00	244.12	244.50	69819.00
chr6	24843089	24843782	693	693	59.00	157.00	105.07	106.00	72815.00
chr5	176295561	176295665	104	104	81.00	160.00	105.21	92.00	10942.00
chr10	99510087	99510227	140	140	267.00	398.00	308.26	294.00	43156.00
chr1	159173658	159174770	1112	1112	29.00	271.00	90.79	73.00	100954.00
chr11	1780745	1780869	124	124	310.00	600.00	490.78	532.50	60857.00
chr19	42486059	42486258	199	199	797.00	1461.00	1129.87	1125.00	224844.00
chr3	47465422	47465535	113	113	226.00	279.00	255.75	257.00	28900.00
chr1	21573713	21573856	143	143	41.00	75.00	60.89	67.00	8707.00
chr11	65320330	65320453	123	123	219.00	350.00	295.59	316.00	36358.00
chr3	47462420	47462519	99	99	279.00	401.00	353.01	364.00	34948.00
chr2	219204751	219204864	113	113	23.00	35.00	29.71	31.00	3357.00
chr1	43906123	43906257	134	134	55.00	68.00	62.33	63.00	8352.00
chr7	38785158	38785840	682	682	43.00	414.00	111.70	90.00	76176.00
chr2	153499932	153500058	126	126	534.00	806.00	645.04	665.50	81275.00
chr1	32203011	32203132	121	121	79.00	624.00	491.48	561.00	59469.00
chr22	42290823	42290941	118	118	752.00	1507.00	1208.77	1200.00	142635.00
chr19	47940718	47940818	100	100	237.00	411.00	337.18	355.00	33718.00
chr4	119539150	119539274	124	124	31.00	135.00	81.48	93.50	10103.00
chr17	44117067	44117250	183	183	296.00	449.00	392.97	401.00	71913.00
chr19	42485873	42485983	110	110	914.00	1080.00	1014.15	1024.50	111556.00
chr6	44114583	44114664	81	81	214.00	311.00	264.35	264.00	21412.00
chr19	47941105	47941292	187	187	11.00	460.00	254.97	356.00	47680.00
chr11	73074250	73074500	250	250	116.00	185.00	141.65	138.50	35413.00
chr3	33418764	33418825	61	61	212.00	371.00	291.05	300.00	17754.00
chr1	700258	700505	247	247	31.00	109.00	75.36	82.00	18615.00
chr9	74319510	74319719	209	209	44.00	129.00	74.22	68.00	15513.00
chr16	2336694	2336968	274	274	132.00	397.00	251.83	251.00	69002.00
chr20	3575125	3575219	94	94	136.00	257.00	162.80	155.50	15303.00
chr9	139231377	139231529	152	152	443.00	561.00	499.57	503.50	75934.00
chr5	140515951	140516498	547	547	17.00	129.00	75.30	74.00	41187.00
chr1	21938208	21938309	101	101	113.00	169.00	133.93	128.00	13527.00
chr3	155659188	155659936	748	748	21.00	290.00	196.96	218.00	147324.00
chr16	27483068	27483241	173	173	197.00	297.00	236.84	224.00	40974.00
chr11	994071	994245	174	174	135.00	285.00	233.37	239.50	40606.00
chr7	71175745	71175913	168	168	69.00	107.00	88.15	88.50	14810.00
chr12	121204065	121204175	110	110	299.00	413.00	374.45	386.50	41189.00
chr7	73118679	73118753	74	74	362.00	508.00	417.59	404.50	30902.00
chr9	140972565	140972710	145	145	86.00	120.00	100.76	101.00	14610.00
chr12	121683329	121684024	695	695	31.00	130.00	61.23	57.00	42553.00
chr16	74493579	74493687	108	108	250.00	422.00	328.40	310.50	35467.00
chr2	36771518	36771641	123	123	98.00	158.00	126.70	120.00	15584.00
chr7	94187181	94187996	815	815	23.00	71.00	47.55	48.00	38753.00
chr14	94156951	94157239	288	288	16.00	32.00	22.44	22.00	6463.00
chr7	121739000	121739524	524	524	39.00	215.00	132.28	142.00	69316.00
chr1	19549117	19549328	211	211	102.00	156.00	122.83	119.00	25918.00
chr19	5214571	5214747	176	176	1102.00	2610.00	1498.33	1390.00	263706.00
chr19	42557753	42557861	108	108	390.00	502.00	455.20	460.00	49162.00
chr15	102510686	102510925	239	239	6.00	366.00	206.48	190.00	49348.00
chr5	167673761	167675376	1615	1615	8.00	54.00	24.22	24.00	39120.00
chr7	44282158	44282253	95	95	124.00	220.00	176.63	168.00	16780.00
chr2	160621061	160621717	656	656	91.00	667.00	184.97	144.00	121338.00
chr5	10426501	10426634	133	133	581.00	1078.00	889.49	960.00	118302.00
chr16	1814301	1814460	159	159	417.00	568.00	490.99	485.00	78068.00
chr11	21581734	21581928	194	194	40.00	111.00	64.98	57.00	12607.00
chr3	126749085	126749255	170	170	308.00	365.00	341.01	342.00	57972.00
chr11	12237765	12237866	101	101	51.00	74.00	61.71	61.00	6233.00
chr6	31750872	31750963	91	91	632.00	793.00	714.32	714.00	65003.00
chr3	53124201	53124398	197	197	27.00	64.00	42.40	42.00	8352.00
chr2	220161470	220161544	74	74	99.00	118.00	107.70	108.00	7970.00
chr2	128951046	128951785	739	739	28.00	315.00	165.38	179.00	122213.00
chr5	24535811	24535931	120	120	45.00	78.00	64.64	69.00	7757.00
chr1	44083406	44083582	176	176	270.00	576.00	387.01	348.50	68114.00
chr1	32207653	32207818	165	165	333.00	503.00	402.13	385.00	66351.00
chr12	7293754	7294000	246	246	6.00	406.00	229.15	318.00	56370.00
chr3	131442289	131442469	180	180	9.00	20.00	15.54	15.00	2797.00
chr3	49898871	49899298	427	427	306.00	2087.00	941.83	844.00	402162.00
chr16	66432358	66432464	106	106	55.00	96.00	73.34	69.50	7774.00
chr1	20982593	20982680	87	87	767.00	959.00	841.24	824.00	73188.00
chr16	68398653	68398809	156	156	154.00	210.00	177.79	171.00	27735.00
chr17	16676818	16678279	1461	1461	2.00	29.00	14.40	15.00	21043.00
chr1	109814899	109815027	128	128	416.00	560.00	486.60	502.50	62285.00
chr1	21940478	21940582	104	104	117.00	191.00	156.95	166.50	16323.00
chr20	57468284	57468793	509	509	47.00	134.00	87.83	89.00	44707.00
chr3	127358087	127358366	279	279	758.00	2089.00	1244.21	1210.00	347134.00
chr3	126735359	126735527	168	168	149.00	202.00	168.68	164.00	28338.00
chr10	103869140	103869264	124	124	1121.00	2446.00	1655.48	1529.00	205279.00
chr20	44520554	44520666	112	112	54.00	95.00	70.79	67.00	7928.00
chr1	32203252	32203356	104	104	321.00	519.00	430.82	466.00	44805.00
chr21	40186196	40186316	120	120	37.00	57.00	44.93	44.00	5392.00
chr5	111067153	111068349	1196	1196	117.00	514.00	347.88	346.00	416066.00
chr9	128002954	128003186	232	232	450.00	837.00	651.24	656.00	151088.00
chr1	43408896	43408992	96	96	208.00	326.00	270.39	264.00	25957.00
chr3	47463931	47464026	95	95	257.00	326.00	293.51	294.00	27883.00
chr2	220161160	220161238	78	78	108.00	127.00	115.28	115.00	8992.00
chr11	62472772	62473089	317	317	247.00	611.00	420.32	440.00	133243.00
chr9	130986341	130986906	565	565	42.00	304.00	116.42	71.00	65780.00
chr14	69358769	69359000	231	231	155.00	227.00	193.29	194.00	44649.00
chr11	64416205	64416379	174	174	163.00	268.00	218.97	229.50	38101.00
chr17	8398454	8398559	105	105	751.00	1222.00	1028.81	1072.00	108025.00
chr12	53572943	53574193	1250	1250	47.00	174.00	113.38	114.00	141724.00
chr17	17696544	17701827	5283	5283	46.00	429.00	177.46	172.00	937542.00
chr8	11705187	11705331	144	144	289.00	405.00	353.93	354.50	50966.00
chr19	54963829	54963931	102	102	833.00	1215.00	1027.85	993.50	104841.00
chr2	70451682	70456295	4613	4613	81.00	1963.00	483.82	452.00	2231883.00
chr11	118873959	118874169	210	210	21.00	55.00	36.97	35.50	7763.00
chr10	75548427	75548581	154	154	194.00	298.00	251.89	257.50	38791.00
chr6	33414351	33414563	212	212	539.00	973.00	811.00	837.50	171932.00
chr17	80042910	80043032	122	122	363.00	496.00	449.25	459.00	54808.00
chr11	11470290	11470483	193	193	20.00	51.00	30.27	29.00	5843.00
chr8	23294446	23294771	325	325	143.00	213.00	175.71	175.00	57105.00
chr1	116932060	116932663	603	603	14.00	918.00	296.38	36.00	178718.00
chr15	83222627	83222741	114	114	2.00	5.00	3.36	4.00	383.00
chr3	9841562	9841751	189	189	40.00	68.00	55.11	56.00	10416.00
chr1	116937731	116937907	176	176	498.00	955.00	611.11	551.50	107556.00
chr16	87868019	87868197	178	178	163.00	231.00	195.12	194.00	34731.00
chr3	124209540	124209731	191	191	97.00	148.00	121.35	119.00	23178.00
chr7	71142195	71142291	96	96	101.00	160.00	121.72	116.00	11685.00
chr5	130497324	130497584	260	260	42.00	87.00	72.12	74.00	18750.00
chr13	100199238	100199358	120	120	492.00	911.00	661.54	617.00	79385.00
chr5	139943336	139943506	170	170	172.00	374.00	317.02	332.00	53893.00
chr17	74395529	74396002	473	473	171.00	325.00	253.77	261.00	120033.00
chr14	93179149	93179216	67	67	155.00	185.00	172.30	172.00	11544.00
chr4	160277004	160277310	306	306	26.00	447.00	171.68	145.00	52535.00
chr17	40666306	40666478	172	172	261.00	426.00	338.94	318.00	58297.00
chr15	34828065	34828207	142	142	38.00	635.00	358.78	356.00	50947.00
chr14	100165802	100165876	74	74	11.00	16.00	13.61	14.00	1007.00
chr22	20128089	20128231	142	142	34.00	167.00	99.76	121.00	14166.00
chr12	3392210	3394421	2211	2211	11.00	96.00	49.38	49.00	109179.00
chr17	16687866	16690667	2801	2801	0.00	55.00	13.24	12.00	37094.00
chr6	31664724	31664810	86	86	248.00	417.00	335.66	337.00	28867.00
chr6	30627512	30627611	99	99	119.00	150.00	133.48	131.00	13215.00
chr11	18752834	18755060	2226	2226	27.00	546.00	149.41	117.00	332594.00
chr12	109332602	109332731	129	129	144.00	210.00	176.60	180.00	22781.00
chr6	90072884	90073110	226	226	6.00	17.00	12.92	13.00	2921.00
chr16	2689371	2689711	340	340	0.00	2.00	0.96	1.00	325.00
chr1	20987373	20987484	111	111	639.00	904.00	765.96	746.00	85022.00
chr14	85985300	85986667	1367	1367	1.00	18.00	6.90	6.00	9432.00
chr13	32863769	32863880	111	111	81.00	125.00	110.33	116.00	12247.00
chr16	1510418	1510528	110	110	106.00	178.00	142.68	146.50	15695.00
chr19	54963269	54963444	175	175	992.00	1403.00	1176.89	1161.00	205956.00
chr6	44224078	44224233	155	155	157.00	205.00	178.10	175.00	27605.00
chr20	3151172	3152285	1113	1113	10.00	84.00	47.23	51.00	52564.00
chr1	892273	892405	132	132	308.00	503.00	366.99	331.00	48443.00
chr16	90192167	90192724	557	557	5.00	48.00	23.60	21.00	13145.00
chr9	111663704	111663810	106	106	217.00	281.00	243.13	241.50	25772.00
chr6	44108764	44108835	71	71	271.00	348.00	313.94	324.00	22290.00
chr1	36028802	36029027	225	225	246.00	491.00	327.05	298.00	73587.00
chr11	66807259	66807674	415	415	0.00	4.00	1.96	2.00	815.00
chr1	178426817	178427679	862	862	101.00	267.00	167.74	162.00	144596.00
chr19	42482302	42482478	176	176	886.00	1415.00	1042.67	1034.00	183510.00
chr1	44084718	44084873	155	155	218.00	738.00	421.82	369.00	65382.00
chr1	109812315	109812442	127	127	380.00	558.00	446.37	443.00	56689.00
chr3	180324268	180324391	123	123	391.00	579.00	510.66	518.00	62811.00
chr15	63933668	63933842	174	174	215.00	463.00	311.03	257.50	54119.00
chr20	44521363	44521519	156	156	126.00	171.00	150.15	154.00	23424.00
chr3	33416779	33416910	131	131	123.00	222.00	163.15	152.00	21373.00
chr1	21934624	21934843	219	219	10.00	145.00	70.58	88.00	15458.00
chr14	69799801	69799886	85	85	85.00	140.00	118.38	115.00	10062.00
chr1	116936134	116936345	211	211	3.00	869.00	556.63	566.00	117449.00
chr14	23634493	23634645	152	152	13.00	25.00	20.68	22.00	3143.00
chr16	1402538	1402947	409	409	37.00	101.00	65.08	63.00	26617.00
chr9	20331	25000	4669	4669	2.00	1659.00	333.87	276.00	1558856.00
chr17	43545574	43545959	385	385	45.00	109.00	63.71	61.00	24530.00
chr13	100201418	100201476	58	58	536.00	764.00	622.83	622.00	36124.00
chr15	41865505	41865665	160	160	72.00	201.00	118.60	114.50	18976.00
chr19	19641688	19642196	508	508	56.00	137.00	101.67	105.00	51648.00
chr11	134147593	134148159	566	566	0.00	7.00	3.05	2.00	1729.00
chr2	71656420	71657290	870	870	18.00	100.00	69.42	70.00	60397.00
chr7	97834775	97835016	241	241	68.00	108.00	87.41	86.00	21067.00
chr19	13363804	13363915	111	111	162.00	215.00	190.05	191.00	21095.00
chr18	31328383	31329011	628	628	154.00	333.00	242.21	247.00	152107.00
chr16	66431884	66432009	125	125	51.00	85.00	66.04	64.00	8255.00
chr19	47935155	47935702	547	547	28.00	453.00	173.04	184.00	94652.00
chr12	50291769	50291873	104	104	80.00	158.00	117.82	120.50	12253.00
chr11	1780198	1780317	119	119	297.00	519.00	365.70	346.00	43518.00
chr15	65392626	65393167	541	541	17.00	49.00	29.21	29.00	15804.00
chr2	86397871	86397967	96	96	219.00	429.00	332.68	338.50	31937.00
chr7	97866087	97866233	146	146	106.00	231.00	154.23	155.00	22517.00
chr11	60687157	60687402	245	245	87.00	148.00	122.98	124.00	30131.00
chr21	43307700	43309453	1753	1753	1.00	49.00	17.48	16.00	30635.00
chr14	24619269	24619657	388	388	55.00	120.00	84.32	85.00	32717.00
chr11	65320634	65320727	93	93	209.00	243.00	225.16	225.00	20940.00
chr16	29891184	29891385	201	201	182.00	285.00	238.21	239.00	47881.00
chr1	32207224	32207326	102	102	742.00	1138.00	959.02	975.50	97820.00
chr11	72300218	72300394	176	176	5.00	148.00	50.56	11.00	8898.00
chr17	7608878	7609038	160	160	64.00	280.00	180.89	200.00	28942.00
chr19	7607646	7607814	168	168	62.00	117.00	82.26	81.00	13820.00
chr19	54966129	54966271	142	142	524.00	864.00	746.58	777.00	106014.00
chr12	57995027	57995131	104	104	67.00	78.00	73.16	74.00	7609.00
chr1	27428875	27429049	174	174	40.00	60.00	47.72	45.50	8303.00
chr2	27688277	27688385	108	108	68.00	144.00	106.35	110.00	11486.00
chr16	2691449	2692254	805	805	0.00	39.00	8.84	5.00	7119.00
chr9	131503813	131503933	120	120	261.00	307.00	283.68	286.50	34042.00
chr16	2347766	2347922	156	156	146.00	248.00	181.40	174.00	28298.00
chr17	80039884	80040036	152	152	760.00	1082.00	917.36	939.00	139438.00
chr1	32204432	32204538	106	106	400.00	821.00	620.11	665.50	65732.00
chr12	9242951	9243078	127	127	113.00	172.00	151.50	154.00	19240.00
chr3	49702661	49702751	90	90	120.00	153.00	137.68	135.00	12391.00
chr19	35820359	35820837	478	478	0.00	0.00	0.00	0.00	0.00
chr1	201456762	201457615	853	853	2.00	20.00	6.21	5.00	5299.00
chr16	2334279	2334438	159	159	154.00	258.00	194.29	194.00	30892.00
chr10	73578373	73578481	108	108	1870.00	2532.00	2251.91	2284.00	243206.00
chr16	18530550	18530756	206	206	21.00	393.00	158.51	192.00	32654.00
chr16	16369094	16369300	206	206	21.00	412.00	164.89	200.00	33968.00
chr13	113975636	113975785	149	149	34.00	544.00	251.85	51.00	37525.00
chr11	119293822	119294227	405	405	0.00	410.00	35.67	0.00	14445.00
chr5	150505962	150506041	79	79	364.00	450.00	391.42	387.00	30922.00
chr22	44224939	44225078	139	139	243.00	330.00	286.19	287.00	39781.00
chr15	41865199	41865309	110	110	71.00	98.00	80.87	79.00	8896.00
chr17	25633807	25636298	2491	2491	336.00	3858.00	1479.19	1142.00	3684657.00
chr15	72495155	72495529	374	374	66.00	786.00	355.24	97.00	132861.00
chr9	42540272	42542124	1852	1852	1.00	20.00	7.82	7.00	14489.00
chr11	119290760	119291704	944	944	1.00	529.00	157.43	38.00	148613.00
chr19	5219949	5220165	216	216	782.00	1181.00	930.93	885.50	201081.00
chr15	63910769	63911153	384	384	3.00	79.00	52.66	60.00	20221.00
chr17	74393879	74393969	90	90	224.00	315.00	263.13	254.00	23682.00
chr10	104129467	104129532	65	65	282.00	325.00	305.74	308.00	19873.00
chr3	142454224	142454620	396	396	10.00	59.00	35.77	39.50	14166.00
chr12	121205196	121205396	200	200	313.00	398.00	357.20	353.00	71440.00
chr3	31705570	31705724	154	154	65.00	160.00	100.21	89.00	15432.00
chr6	118635190	118636593	1403	1403	88.00	560.00	299.84	281.00	420675.00
chr8	10339867	10340829	962	962	28.00	243.00	124.68	119.00	119940.00
chr19	16952578	16952779	201	201	235.00	409.00	330.64	340.00	66458.00
chr8	110984486	110985016	530	530	46.00	76.00	59.18	59.00	31364.00
chr9	128001219	128001610	391	391	605.00	1802.00	1272.15	1380.00	497412.00
chr11	73070878	73070997	119	119	126.00	148.00	139.20	140.00	16565.00
chr10	104130140	104130235	95	95	287.00	387.00	348.97	352.00	33152.00
chr5	95733039	95733173	134	134	14.00	23.00	17.88	17.50	2396.00
chr19	59059400	59059547	147	147	1984.00	2642.00	2321.84	2358.00	341311.00
chr5	139943169	139943255	86	86	176.00	359.00	297.76	303.50	25607.00
chr17	73487771	73487981	210	210	267.00	401.00	318.05	306.00	66791.00
chr1	154315588	154315777	189	189	66.00	122.00	93.07	93.00	17591.00
chr14	95652726	95653070	344	344	1.00	8.00	3.24	4.00	1113.00
chr12	123639801	123640772	971	971	29.00	139.00	81.37	75.00	79009.00
chr22	47064870	47065171	301	301	62.00	85.00	73.79	74.00	22211.00
chr5	24535220	24535388	168	168	57.00	78.00	64.35	62.00	10810.00
chr12	6806452	6806958	506	506	98.00	434.00	241.40	247.50	122148.00
chr22	29881711	29881836	125	125	6.00	22.00	12.28	13.00	1535.00
chr7	75894681	75894786	105	105	88.00	136.00	114.86	117.00	12060.00
chr12	121089007	121095893	6886	6886	0.00	17.00	6.22	5.00	42801.00
chr1	207940357	207942365	2008	2008	104.00	429.00	258.42	242.00	518911.00
chr7	154681166	154681240	74	74	149.00	172.00	161.08	161.00	11920.00
chr5	131696513	131697529	1016	1016	37.00	93.00	61.26	61.00	62239.00
chr11	1776135	1776258	123	123	156.00	375.00	237.98	222.00	29272.00
chr8	11706554	11706673	119	119	234.00	307.00	276.58	279.00	32913.00
chr11	18759426	18759511	85	85	189.00	281.00	232.49	231.00	19762.00
chr16	61689373	61689625	252	252	4.00	13.00	8.52	8.00	2147.00
chr15	51750702	51750824	122	122	272.00	383.00	350.17	360.50	42721.00
chr9	35555056	35555698	642	642	210.00	465.00	351.57	362.50	225711.00
chr2	198356200	198356621	421	421	29.00	68.00	49.79	49.00	20962.00
chr9	131001723	131001794	71	71	630.00	812.00	732.83	749.00	52031.00
chr19	5214371	5214491	120	120	1883.00	2843.00	2503.14	2645.50	300377.00
chr22	35719488	35719623	135	135	51.00	74.00	63.90	66.00	8627.00
chr12	121678738	121679829	1091	1091	13.00	68.00	31.47	28.00	34335.00
chr14	23820960	23821064	104	104	673.00	895.00	814.02	834.50	84658.00
chr1	32205710	32205779	69	69	620.00	710.00	666.49	667.00	45988.00
chr3	33420176	33420326	150	150	32.00	380.00	144.83	43.50	21724.00
chr9	114820707	114820966	259	259	83.00	133.00	101.56	99.00	26304.00
chr15	41865876	41866023	147	147	16.00	213.00	171.59	180.00	25223.00
chr19	55554308	55554637	329	329	33.00	58.00	45.14	45.00	14852.00
chr1	116933403	116933513	110	110	624.00	964.00	814.63	815.00	89609.00
chr19	15374230	15374359	129	129	233.00	306.00	266.40	262.00	34365.00
chr12	56090682	56090852	170	170	64.00	88.00	75.38	75.00	12815.00
chr14	69445668	69445876	208	208	60.00	282.00	183.70	211.50	38209.00
chr12	57603474	57603651	177	177	400.00	689.00	526.74	543.00	93233.00
chr22	32897492	32898946	1454	1454	80.00	851.00	344.86	310.00	501426.00
chr16	16367702	16367764	62	62	8.00	325.00	166.66	183.50	10333.00
chr19	5245786	5246056	270	270	333.00	943.00	624.90	571.00	168724.00
chr16	74345440	74345829	389	389	54.00	140.00	97.77	94.00	38033.00
chr6	107096899	107097076	177	177	128.00	215.00	169.39	171.00	29982.00
chr1	29641883	29642019	136	136	76.00	134.00	105.76	104.50	14383.00
chr8	97342440	97342509	69	69	499.00	604.00	562.88	574.00	38839.00
chr8	68116914	68117054	140	140	190.00	339.00	279.74	295.00	39163.00
chr22	22037470	22037546	76	76	192.00	314.00	263.37	275.00	20016.00
chr22	50682147	50683420	1273	1273	69.00	360.00	193.05	186.00	245752.00
chr20	44048971	44049069	98	98	225.00	276.00	250.12	253.00	24512.00
chr1	36904356	36904511	155	155	24.00	56.00	38.53	39.00	5972.00
chr12	71054719	71054877	158	158	15.00	39.00	22.52	18.00	3558.00
chr15	50654364	50655515	1151	1151	90.00	273.00	142.50	134.00	164018.00
chr2	234198499	234198620	121	121	112.00	157.00	142.88	147.00	17288.00
chr9	128001699	128001812	113	113	770.00	1066.00	944.93	967.00	106777.00
chr8	38272296	38272419	123	123	324.00	456.00	403.72	415.00	49658.00
chr11	73068069	73068179	110	110	73.00	154.00	114.38	120.00	12582.00
chr16	28123137	28123327	190	190	270.00	441.00	343.93	320.00	65346.00
chr12	49424062	49424222	160	160	50.00	106.00	69.03	63.50	11045.00
chr19	50302885	50303023	138	138	389.00	681.00	499.99	458.50	68999.00
chr19	42480567	42480718	151	151	1521.00	2078.00	1807.18	1863.00	272884.00
chr3	197904395	197905301	906	906	0.00	24.00	10.03	11.00	9091.00
chr13	100189992	100190117	125	125	466.00	593.00	536.70	543.00	67088.00
chr19	14268062	14268272	210	210	434.00	650.00	541.79	529.00	113776.00
chr10	93786886	93787057	171	171	293.00	435.00	351.74	353.00	60147.00
chr1	109808726	109808828	102	102	193.00	262.00	222.78	220.50	22724.00
chr4	134075461	134075520	59	59	82.00	123.00	94.68	96.00	5586.00
chr1	22052268	22053864	1596	1596	27.00	117.00	77.59	76.00	123835.00
chr9	140056855	140056968	113	113	151.00	246.00	199.91	202.00	22590.00
chr19	42482087	42482224	137	137	1424.00	1928.00	1745.79	1789.00	239173.00
chr19	4556962	4557025	63	63	299.00	390.00	343.67	338.00	21651.00
chr19	14266921	14267013	92	92	370.00	573.00	486.52	500.00	44760.00
chr22	42273851	42274127	276	276	39.00	1195.00	703.56	954.00	194182.00
chr1	205549788	205550049	261	261	0.00	2.00	0.83	1.00	216.00
chr1	110765585	110766522	937	937	13.00	56.00	32.04	27.00	30021.00
chr19	55553595	55554158	563	563	31.00	89.00	55.24	53.00	31098.00
chr7	150929881	150931360	1479	1479	18.00	213.00	72.42	60.00	107116.00
chr3	124215157	124215260	103	103	77.00	98.00	87.01	87.00	8962.00
chr16	58220658	58220760	102	102	286.00	414.00	340.42	346.50	34723.00
chr3	10381925	10382033	108	108	86.00	107.00	99.05	100.00	10697.00
chr10	11356101	11356221	120	120	307.00	346.00	325.73	326.00	39087.00
chr22	42294652	42294785	133	133	633.00	1270.00	1004.38	1006.00	133583.00
chr1	2005531	2005714	183	183	0.00	3.00	1.23	1.00	226.00
chr12	113722522	113722576	54	54	54.00	62.00	59.52	59.00	3214.00
chr9	131502198	131502398	200	200	29.00	317.00	225.25	216.50	45049.00
chr19	40873602	40873786	184	184	556.00	744.00	665.31	665.50	122417.00
chr2	220162606	220162825	219	219	31.00	71.00	50.81	46.00	11127.00
chr16	28270027	28270355	328	328	0.00	4.00	1.22	1.00	400.00
chr4	3225718	3225858	140	140	130.00	184.00	164.35	167.00	23009.00
chr17	44127898	44128070	172	172	305.00	427.00	363.20	360.00	62471.00
chr3	47462043	47462262	219	219	161.00	346.00	211.12	193.00	46235.00
chr6	99873090	99873182	92	92	35.00	1406.00	662.47	630.50	60947.00
chr7	142561723	142562504	781	781	257.00	689.00	470.69	461.00	367610.00
chr1	159169540	159169666	126	126	850.00	1096.00	973.17	978.50	122619.00
chr19	7606869	7606953	84	84	72.00	89.00	77.58	77.00	6517.00
chr16	2811561	2818298	6737	6737	64.00	2364.00	1145.91	1139.00	7720023.00
chr3	47450652	47450807	155	155	144.00	251.00	192.80	201.00	29884.00
chr11	118403631	118403922	291	291	166.00	278.00	196.83	191.00	57278.00
chr1	205555161	205555335	174	174	0.00	1.00	0.01	0.00	1.00
chr12	125603186	125603311	125	125	87.00	139.00	112.74	112.00	14093.00
chr11	86658288	86659498	1210	1210	27.00	88.00	59.75	61.00	72299.00
chr22	37764946	37768745	3799	3799	42.00	1078.00	393.91	336.00	1496456.00
chr10	46345664	46346215	551	551	28.00	349.00	116.68	94.00	64292.00
chr22	33673045	33673241	196	196	144.00	502.00	255.45	196.00	50069.00
chr9	140042599	140042666	67	67	19.00	102.00	87.76	92.00	5880.00
chr3	48717233	48717320	87	87	81.00	106.00	94.75	95.00	8243.00
chr11	60681600	60681740	140	140	15.00	110.00	59.33	59.50	8306.00
chr10	93784512	93784724	212	212	221.00	397.00	294.07	277.50	62343.00
chr12	7289424	7290372	948	948	9.00	331.00	103.75	32.00	98358.00
chr3	132387062	132387526	464	464	44.00	106.00	67.28	63.00	31218.00
chr16	2335442	2335647	205	205	144.00	279.00	230.68	236.00	47290.00
chr16	1794782	1797276	2494	2494	41.00	448.00	153.49	124.00	382805.00
chr16	3786036	3786204	168	168	588.00	997.00	791.05	784.00	132896.00
chr9	141131209	141131766	557	557	0.00	22.00	7.05	4.00	3928.00
chr14	92965028	92966015	987	987	0.00	2.00	0.20	0.00	200.00
chr19	54692070	54692200	130	130	63.00	270.00	157.55	107.50	20482.00
chr15	43866006	43866230	224	224	59.00	113.00	75.90	74.00	17001.00
chr3	40231316	40231954	638	638	8.00	32.00	19.57	20.00	12485.00
chr3	50148937	50149455	518	518	57.00	270.00	155.10	179.00	80340.00
chr4	81117505	81117755	250	250	161.00	294.00	233.48	239.00	58370.00
chr10	46740404	46740638	234	234	7.00	91.00	54.50	57.00	12753.00
chr3	124210169	124210271	102	102	66.00	136.00	101.20	98.00	10322.00
chr11	107488830	107488932	102	102	325.00	546.00	434.75	435.50	44345.00
chr9	130591965	130592106	141	141	47.00	75.00	62.17	63.00	8766.00
chr1	20981932	20982027	95	95	675.00	862.00	760.03	744.00	72203.00
chr12	75875613	75875859	246	246	4.00	19.00	10.41	8.50	2561.00
chr22	32046684	32046764	80	80	133.00	227.00	190.20	207.00	15216.00
chr11	70331418	70331658	240	240	40.00	230.00	138.51	162.00	33243.00
chr14	51079976	51080069	93	93	232.00	318.00	266.75	268.00	24808.00
chr17	80041077	80041301	224	224	603.00	1238.00	933.67	995.50	209142.00
chr7	158540884	158540971	87	87	182.00	258.00	210.23	204.00	18290.00
chr1	21553651	21553719	68	68	68.00	80.00	74.94	76.00	5096.00
chr2	219206256	219206349	93	93	8.00	21.00	15.14	15.00	1408.00
chr17	18444211	18445242	1031	1031	9.00	36.00	24.42	25.00	25181.00
chr12	57599340	57599460	120	120	423.00	571.00	489.17	472.00	58700.00
chr11	64417919	64418110	191	191	227.00	534.00	420.82	432.00	80377.00
chr19	3274926	3275650	724	724	37.00	98.00	67.46	69.00	48843.00
chr16	18532086	18532305	219	219	239.00	541.00	364.48	341.00	79821.00
chr17	3776702	3776756	54	54	104.00	161.00	144.57	150.00	7807.00
chr1	116932670	116933033	363	363	7.00	1075.00	500.52	791.00	181687.00
chr16	1505731	1505796	65	65	149.00	248.00	205.05	204.00	13328.00
chr1	9794029	9794200	171	171	1079.00	1479.00	1292.30	1291.00	220983.00
chr10	73579221	73579379	158	158	1752.00	2722.00	2168.38	2156.50	342604.00
chr11	6411684	6412146	462	462	13.00	121.00	61.65	55.50	28480.00
chr1	159163212	159163350	138	138	732.00	1003.00	854.18	826.50	117877.00
chr16	1816723	1816804	81	81	373.00	502.00	436.62	445.00	35366.00
chr7	91722399	91722630	231	231	62.00	615.00	484.97	494.00	112028.00
chr7	44281816	44281939	123	123	154.00	220.00	176.36	177.00	21692.00
chr2	220467189	220467297	108	108	53.00	77.00	64.83	65.00	7002.00
chr16	4494664	4494729	65	65	200.00	239.00	218.43	213.00	14198.00
chr15	34681844	34681986	142	142	28.00	696.00	483.12	515.00	68603.00
chr9	139995935	139996124	189	189	146.00	264.00	204.71	211.00	38690.00
chr3	180324040	180324160	120	120	328.00	500.00	422.97	433.50	50756.00
chr3	42678359	42681242	2883	2883	295.00	1160.00	573.50	523.00	1653394.00
chr7	131812776	131815333	2557	2557	12.00	113.00	51.58	50.00	131880.00
chr20	1585387	1585522	135	135	4.00	40.00	25.27	27.00	3411.00
chr3	126751229	126751442	213	213	244.00	423.00	327.98	318.00	69859.00
chr15	63920875	63921014	139	139	192.00	435.00	278.97	276.00	38777.00
chr16	2040128	2040202	74	74	8.00	26.00	17.72	16.50	1311.00
chr9	74324174	74324390	216	216	69.00	134.00	96.98	93.00	20947.00
chr20	44521858	44521950	92	92	120.00	157.00	142.00	144.50	13064.00
chr9	139911647	139911798	151	151	97.00	136.00	116.95	115.00	17659.00
chr9	140055507	140055649	142	142	322.00	504.00	407.19	376.50	57821.00
chr12	120148055	120148191	136	136	41.00	58.00	50.68	51.00	6892.00
chr12	50474280	50474372	92	92	421.00	584.00	519.71	534.00	47813.00
chr15	63125702	63125828	126	126	73.00	146.00	108.90	110.00	13722.00
chr9	20907148	20907241	93	93	136.00	212.00	177.95	174.00	16549.00
chr16	87874655	87874761	106	106	267.00	460.00	374.38	351.50	39684.00
chr2	162833269	162833460	191	191	13.00	600.00	334.90	464.00	63966.00
chr8	11704560	11704677	117	117	218.00	292.00	246.83	244.00	28879.00
chr15	63926931	63927087	156	156	330.00	540.00	460.52	484.00	71841.00
chr6	31668718	31668805	87	87	312.00	395.00	350.90	350.00	30528.00
chr7	148910792	148910906	114	114	67.00	240.00	168.80	188.50	19243.00
chr14	42355808	42357213	1405	1405	24.00	97.00	53.15	53.00	74676.00
chr10	88678928	88679226	298	298	136.00	206.00	158.16	157.00	47131.00
chr3	140998219	140998346	127	127	163.00	361.00	243.37	255.00	30908.00
chr1	144859758	144859998	240	240	119.00	285.00	180.16	187.00	43239.00
chr9	96054772	96055455	683	683	98.00	396.00	239.73	246.00	163738.00
chr19	7604803	7604944	141	141	70.00	157.00	92.67	81.00	13066.00
chr12	30906277	30907432	1155	1155	21.00	314.00	142.02	133.00	164033.00
chr9	131112762	131112854	92	92	46.00	138.00	93.33	90.50	8586.00
chr20	61981328	61982379	1051	1051	65.00	282.00	134.81	114.00	141687.00
chr7	38431348	38431618	270	270	112.00	283.00	170.76	160.00	46104.00
chr20	44521036	44521123	87	87	97.00	135.00	116.89	117.00	10169.00
chr11	64418726	64419108	382	382	196.00	485.00	337.32	330.50	128857.00
chr12	120148344	120150270	1926	1926	2.00	93.00	18.60	12.00	35828.00
chr12	6930971	6931066	95	95	12.00	161.00	95.53	106.00	9075.00
chr16	2339434	2339621	187	187	118.00	250.00	162.10	138.00	30312.00
chr2	27700083	27700187	104	104	113.00	152.00	132.81	133.00	13812.00
chr14	69805367	69805494	127	127	90.00	165.00	126.87	114.00	16112.00
chr12	9242497	9242619	122	122	148.00	202.00	178.20	183.00	21741.00
chr3	58256658	58256791	133	133	138.00	203.00	165.70	163.00	22038.00
chr10	79744927	79745098	171	171	172.00	305.00	221.77	202.00	37923.00
chr1	159161725	159161866	141	141	470.00	772.00	680.04	704.00	95885.00
chr16	31085202	31085519	317	317	10.00	86.00	55.09	56.00	17465.00
chr1	171755018	171755218	200	200	84.00	175.00	128.07	125.50	25615.00
chr9	130988124	130989280	1156	1156	37.00	262.00	160.00	168.00	184962.00
chr15	63127935	63127998	63	63	66.00	94.00	78.56	78.00	4949.00
chr19	1917676	1917821	145	145	34.00	316.00	203.19	202.00	29463.00
chr22	25315792	25315960	168	168	23.00	44.00	33.83	32.00	5684.00
chr2	207943790	207945085	1295	1295	207.00	702.00	433.54	421.00	561439.00
chr11	47330706	47330952	246	246	34.00	655.00	316.15	69.00	77774.00
chr3	142743978	142746095	2117	2117	28.00	728.00	140.92	113.00	298332.00
chr7	44839492	44839694	202	202	71.00	148.00	107.17	107.50	21649.00
chr22	31688260	31688471	211	211	9.00	113.00	79.19	86.00	16709.00
chr11	66333492	66333638	146	146	385.00	545.00	464.28	473.00	67785.00
chr9	131114916	131115026	110	110	130.00	182.00	161.04	166.50	17714.00
chr1	20206	21013	807	807	138.00	1313.00	602.25	525.00	486015.00
chr11	108216469	108216635	166	166	180.00	265.00	231.03	236.00	38351.00
chr1	209778880	209779019	139	139	20.00	51.00	35.52	39.00	4937.00
chr1	202935876	202936026	150	150	133.00	230.00	177.01	173.50	26551.00
chr12	57600255	57600524	269	269	380.00	598.00	493.55	505.00	132764.00
chr19	15233503	15233615	112	112	118.00	192.00	149.33	142.00	16725.00
chr8	68115317	68115486	169	169	278.00	541.00	434.99	439.00	73513.00
chr19	13419229	13419342	113	113	179.00	343.00	282.78	277.00	31954.00
chr6	33266815	33267130	315	315	50.00	357.00	186.52	173.00	58753.00
chr16	89780611	89781646	1035	1035	4.00	69.00	28.17	27.00	29158.00
chr12	109964162	109964221	59	59	116.00	154.00	133.37	137.00	7869.00
chr22	24491893	24492045	152	152	84.00	163.00	115.59	111.00	17570.00
chr2	242592926	242593025	99	99	379.00	484.00	415.34	405.00	41119.00
chr1	21937944	21938074	130	130	118.00	252.00	200.37	222.00	26048.00
chr2	223789173	223789313	140	140	176.00	302.00	249.61	264.50	34946.00
chr20	3772318	3772535	217	217	5.00	13.00	9.68	10.00	2101.00
chr16	18531918	18532001	83	83	418.00	649.00	553.94	584.00	45977.00
chr1	43396296	43396537	241	241	155.00	254.00	193.56	185.00	46647.00
chr2	100037960	100038115	155	155	205.00	281.00	244.88	241.00	37956.00
chr16	1500497	1500770	273	273	21.00	171.00	100.96	136.00	27561.00
chr19	40876016	40876144	128	128	607.00	773.00	684.74	679.00	87647.00
chr5	168112691	168112932	241	241	27.00	50.00	39.03	40.00	9406.00
chr2	127825738	127825831	93	93	161.00	198.00	175.89	175.00	16358.00
chr1	19232015	19234990	2975	2975	9.00	106.00	25.09	18.00	74632.00
chr16	1391129	1391196	67	67	4.00	10.00	6.76	7.00	453.00
chr6	33410665	33411689	1024	1024	18.00	646.00	320.05	303.50	327730.00
chr9	95872033	95872266	233	233	16.00	39.00	26.50	26.00	6174.00
chr1	53378627	53378839	212	212	1.00	10.00	5.87	7.00	1245.00
chr2	80531276	80531693	417	417	25.00	107.00	72.60	73.00	30276.00
chr7	44286718	44286791	73	73	122.00	164.00	145.22	149.00	10601.00
chr7	157369304	157369471	167	167	220.00	292.00	246.76	246.00	41209.00
chr11	18755079	18755191	112	112	35.00	299.00	190.13	232.00	21295.00
chr6	86237979	86238080	101	101	220.00	286.00	256.29	262.00	25885.00
chr8	145000951	145001050	99	99	66.00	104.00	86.83	86.00	8596.00
chr19	45167680	45167966	286	286	13.00	57.00	31.75	33.00	9081.00
chr10	48930165	48930400	235	235	5.00	72.00	44.49	51.00	10455.00
chr16	87871450	87871547	97	97	189.00	312.00	260.74	283.00	25292.00
chr1	109815454	109815649	195	195	396.00	539.00	459.06	461.00	89517.00
chr1	208215442	208215711	269	269	350.00	632.00	490.35	485.00	131903.00
chr2	260866	261451	585	585	32.00	147.00	97.60	100.00	57095.00
chr5	180481266	180481724	458	458	5.00	71.00	33.88	30.00	15519.00
chr7	73119479	73119631	152	152	0.00	576.00	252.29	2.00	38348.00
chr15	34677248	34677358	110	110	735.00	1122.00	908.71	865.00	99958.00
chr16	57687114	57687247	133	133	429.00	674.00	570.51	597.00	75878.00
chr15	50649406	50649592	186	186	63.00	158.00	111.52	111.00	20742.00
chr22	21071995	21072066	71	71	614.00	1031.00	826.23	777.00	58662.00
chr5	179200882	179201561	679	679	77.00	243.00	189.16	198.00	128438.00
chr10	98763824	98763979	155	155	322.00	462.00	404.30	416.00	62666.00
chr14	102963315	102963457	142	142	54.00	111.00	75.52	70.00	10724.00
chr1	21932558	21933138	580	580	3.00	176.00	45.34	15.00	26298.00
chr16	28118842	28118998	156	156	374.00	512.00	445.22	445.00	69455.00
chr1	241767561	241767881	320	320	31.00	80.00	53.18	55.00	17017.00
chr11	66812063	66812184	121	121	1.00	2.00	1.56	2.00	189.00
chr11	12248571	12248678	107	107	47.00	74.00	60.36	58.00	6459.00
chr9	130588788	130588951	163	163	33.00	58.00	49.47	51.00	8064.00
chr22	21068915	21068988	73	73	570.00	707.00	637.14	639.00	46511.00
chr1	43424304	43424531	227	227	28.00	350.00	250.41	255.00	56842.00
chr14	105852021	105853670	1649	1649	72.00	183.00	118.78	114.00	195873.00
chr15	34823469	34823579	110	110	767.00	1138.00	944.60	909.50	103906.00
chr11	171365	172282	917	917	0.00	24.00	10.60	11.00	9721.00
chr22	24493976	24494155	179	179	64.00	166.00	124.34	119.00	22256.00
chr15	79291060	79291167	107	107	46.00	62.00	54.21	55.00	5801.00
chr16	2145904	2146194	290	290	41.00	87.00	67.95	70.00	19705.00
chr9	131503050	131503166	116	116	262.00	318.00	289.55	290.50	33588.00
chr11	61301983	61302579	596	596	8.00	69.00	37.70	34.00	22468.00
chr22	25308609	25308719	110	110	10.00	19.00	14.19	14.00	1561.00
chr12	63977826	63979986	2160	2160	11.00	425.00	122.25	107.00	264068.00
chr19	46928844	46930933	2089	2089	4.00	210.00	90.50	84.00	189059.00
chr16	56969146	56969224	78	78	101.00	173.00	134.63	132.50	10501.00
chr17	40665787	40665996	209	209	32.00	766.00	324.41	393.00	67801.00
chr9	131669435	131671600	2165	2165	102.00	330.00	189.00	179.00	409175.00
chr2	220164026	220164271	245	245	6.00	112.00	40.10	14.00	9824.00
chr19	7589846	7590052	206	206	68.00	160.00	122.10	130.00	25152.00
chr6	91260186	91260268	82	82	220.00	263.00	244.96	247.00	20087.00
chr9	124543742	124543830	88	88	385.00	507.00	448.25	451.00	39446.00
chr12	54071005	54071170	165	165	18.00	74.00	48.85	46.00	8061.00
chr2	40443	41212	769	769	0.00	4.00	1.01	0.00	779.00
chr11	67852159	67852747	588	588	18.00	70.00	43.17	42.00	25383.00
chr8	8233762	8234810	1048	1048	48.00	156.00	101.52	107.00	106389.00
chr2	175671113	175672148	1035	1035	4.00	21.00	12.00	12.00	12422.00
chr7	138984922	138985438	516	516	30.00	69.00	48.09	47.00	24816.00
chr22	40816850	40817104	254	254	123.00	296.00	233.13	240.00	59216.00
chr19	14263120	14263249	129	129	337.00	763.00	514.11	519.00	66320.00
chr19	16962222	16962345	123	123	191.00	359.00	278.68	284.00	34278.00
chr1	109813838	109813918	80	80	304.00	383.00	341.85	343.00	27348.00
chr3	49898148	49898562	414	414	93.00	1866.00	1074.38	1414.00	444795.00
chr17	17131202	17131510	308	308	9.00	126.00	88.03	90.00	27114.00
chr1	21936067	21936139	72	72	52.00	72.00	62.83	63.00	4524.00
chr3	130424404	130424615	211	211	76.00	121.00	105.73	110.00	22310.00
chr12	56532710	56532797	87	87	75.00	110.00	95.94	98.00	8347.00
chr16	29888591	29888788	197	197	136.00	283.00	204.22	199.00	40231.00
chr2	114394588	114396196	1608	1608	7.00	152.00	60.41	55.00	97134.00
chr3	124180736	124180803	67	67	59.00	77.00	66.45	67.00	4452.00
chr9	111798485	111798660	175	175	93.00	155.00	121.60	120.00	21280.00
chr10	73847897	73848372	475	475	1.00	55.00	23.53	22.00	11178.00
chr22	21075585	21075706	121	121	396.00	624.00	521.60	529.00	63114.00
chr22	20920753	20921104	351	351	73.00	196.00	123.88	118.00	43482.00
chr9	140953020	140953185	165	165	112.00	193.00	154.76	150.00	25536.00
chr22	41620970	41621075	105	105	125.00	176.00	151.12	148.00	15868.00
chr11	6243671	6243839	168	168	125.00	163.00	142.28	142.00	23903.00
chr15	74704225	74704353	128	128	139.00	187.00	161.13	156.00	20625.00
chr3	48719780	48719985	205	205	54.00	88.00	68.51	69.00	14044.00
chr1	222833247	222833348	101	101	138.00	379.00	272.70	258.00	27543.00
chr1	6583675	6584824	1149	1149	32.00	192.00	125.58	126.00	144296.00
chr11	126135857	126135976	119	119	178.00	271.00	219.39	214.00	26108.00
chr8	75156763	75157410	647	647	61.00	151.00	101.62	102.00	65749.00
chr15	83345212	83345389	177	177	299.00	453.00	394.11	403.00	69757.00
chr14	68031638	68032561	923	923	6.00	30.00	16.29	15.00	15032.00
chr19	42479780	42479949	169	169	1040.00	1890.00	1414.88	1393.00	239114.00
chr16	31503329	31503407	78	78	289.00	360.00	328.86	333.00	25651.00
chr17	1564564	1564700	136	136	767.00	1393.00	984.58	881.00	133903.00
chr16	58717858	58718082	224	224	78.00	152.00	114.79	114.00	25713.00
chr14	71575320	71575763	443	443	142.00	351.00	233.35	222.00	103372.00
chr1	202934498	202934628	130	130	134.00	255.00	170.34	151.50	22144.00
chr7	73118477	73118586	109	109	287.00	394.00	347.05	352.00	37828.00
chr19	13365908	13366073	165	165	142.00	225.00	172.58	163.00	28475.00
chr10	102265117	102265958	841	841	59.00	163.00	101.23	98.00	85131.00
chr9	139983320	139983457	137	137	175.00	244.00	205.94	204.00	28214.00
chr18	29206245	29206347	102	102	79.00	99.00	87.20	87.00	8894.00
chr12	120578662	120578827	165	165	374.00	453.00	412.13	414.00	68001.00
chr5	757516	758226	710	710	3.00	18.00	10.08	10.00	7158.00
chr8	21632483	21632567	84	84	42.00	63.00	53.15	56.00	4465.00
chr4	54011499	54011749	250	250	82.00	144.00	106.24	103.00	26559.00
chr8	141680613	141681365	752	752	7.00	71.00	44.49	46.00	33459.00
chr11	57367351	57367850	499	499	41.00	156.00	86.25	89.00	43041.00
chr12	63980009	63980784	775	775	38.00	145.00	88.29	89.00	68421.00
chr9	140057042	140057203	161	161	12.00	286.00	234.91	253.00	37820.00
chr2	7055953	7056098	145	145	10.00	16.00	12.46	13.00	1807.00
chr12	52387768	52389043	1275	1275	67.00	1490.00	428.21	329.00	545966.00
chr19	50104931	50105175	244	244	57.00	319.00	125.91	77.00	30721.00
chr19	5218430	5218543	113	113	1889.00	3021.00	2549.62	2585.00	288107.00
chr16	29898969	29899138	169	169	151.00	233.00	179.08	171.00	30265.00
chr7	99030900	99031041	141	141	44.00	79.00	64.78	67.00	9134.00
chr17	36692926	36693212	286	286	20.00	76.00	44.77	48.00	12805.00
chr15	73857770	73859335	1565	1565	22.00	180.00	81.05	75.00	126839.00
chr6	44104085	44104176	91	91	376.00	607.00	496.90	506.00	45218.00
chr1	21938518	21938602	84	84	149.00	195.00	176.96	179.00	14865.00
chr19	13423482	13423595	113	113	122.00	188.00	154.81	153.00	17494.00
chr16	70292882	70293089	207	207	465.00	729.00	585.47	564.00	121193.00
chr18	61060641	61060782	141	141	140.00	181.00	162.45	163.00	22905.00
chr16	22269814	22270016	202	202	21.00	35.00	27.53	28.00	5561.00
chr1	21554423	21554534	111	111	56.00	85.00	73.25	76.00	8131.00
chr9	140057255	140057455	200	200	25.00	381.00	268.04	319.00	53607.00
chr7	1488255	1488397	142	142	16.00	28.00	20.92	20.00	2970.00
chr14	100166351	100166438	87	87	7.00	12.00	9.32	9.00	811.00
chr9	101065522	101065705	183	183	90.00	128.00	112.79	116.00	20640.00
chr5	68411752	68412041	289	289	96.00	226.00	162.42	171.00	46939.00
chr1	2452539	2452754	215	215	141.00	300.00	221.31	224.00	47582.00
chr1	21564626	21564737	111	111	64.00	96.00	80.67	81.00	8954.00
chr13	42037713	42039066	1353	1353	6.00	40.00	20.69	20.00	27998.00
chr2	114350236	114350443	207	207	40.00	614.00	352.21	362.00	72908.00
chr1	21939668	21939722	54	54	137.00	158.00	148.65	148.00	8027.00
chr9	139353895	139354007	112	112	157.00	212.00	184.69	184.00	20685.00
chr7	102176367	102176618	251	251	31.00	123.00	94.85	100.00	23807.00
chr3	51411753	51412018	265	265	14.00	140.00	61.63	21.00	16333.00
chr17	73888091	73888266	175	175	44.00	75.00	60.06	60.00	10510.00
chr13	103297258	103297435	177	177	25.00	283.00	164.85	245.00	29178.00
chr15	63922664	63922834	170	170	289.00	495.00	393.70	384.00	66929.00
chr3	33400774	33400849	75	75	207.00	268.00	239.52	242.00	17964.00
chr22	50671744	50671955	211	211	127.00	159.00	141.06	140.00	29763.00
chr1	21190968	21191205	237	237	367.00	578.00	494.73	507.00	117252.00
chr5	14481649	14481727	78	78	486.00	577.00	525.81	516.50	41013.00
chr15	101605556	101606410	854	854	0.00	5.00	1.94	2.00	1656.00
chr17	80040402	80040554	152	152	649.00	1139.00	853.45	774.00	129725.00
chr2	132269293	132270897	1604	1604	40.00	188.00	114.55	111.00	183745.00
chr11	1778553	1778786	233	233	343.00	550.00	440.91	450.00	102731.00
chr11	1469616	1469808	192	192	35.00	68.00	51.90	51.50	9964.00
chr12	120138549	120138630	81	81	56.00	79.00	69.53	69.00	5632.00
chr7	901016	901101	85	85	424.00	668.00	550.89	552.00	46826.00
chr19	13372263	13372424	161	161	221.00	350.00	281.99	278.00	45401.00
chr17	40843154	40843311	157	157	3.00	16.00	7.11	6.00	1117.00
chr17	80039476	80039719	243	243	689.00	1153.00	891.89	885.00	216730.00
chr17	16681109	16687365	6256	6256	0.00	127.00	22.05	11.00	137943.00
chr1	116935475	116935610	135	135	798.00	1278.00	1021.50	979.00	137903.00
chr6	128294808	128294972	164	164	117.00	164.00	142.65	143.50	23395.00
chr5	109189927	109190617	690	690	2.00	17.00	7.09	6.00	4893.00
chr15	40757533	40757634	101	101	97.00	190.00	167.59	173.00	16927.00
chr2	220164706	220164981	275	275	72.00	162.00	108.93	100.00	29957.00
chr3	164905164	164908639	3475	3475	2.00	31.00	15.23	15.00	52919.00
chr11	60699157	60699356	199	199	243.00	1555.00	1000.96	860.00	199192.00
chr2	96680301	96680717	416	416	9.00	38.00	22.57	23.00	9391.00
chr17	40845314	40845554	240	240	5.00	19.00	10.74	9.00	2577.00
chr12	125264513	125265391	878	878	17.00	138.00	61.44	57.00	53944.00
chr1	156623704	156624158	454	454	28.00	56.00	39.40	39.00	17889.00
chr6	108370456	108370622	166	166	170.00	239.00	207.36	204.50	34421.00
chr11	19180486	19180587	101	101	137.00	169.00	155.36	157.00	15691.00
chr19	42489069	42489338	269	269	451.00	988.00	735.14	757.00	197754.00
chr2	198274493	198274731	238	238	587.00	922.00	758.99	765.50	180640.00
chr6	47220991	47221257	266	266	169.00	264.00	216.09	210.00	57479.00
chr19	40872679	40872822	143	143	765.00	1217.00	1030.72	1056.00	147393.00
chr19	54693278	54693627	349	349	0.00	90.00	43.07	45.00	15032.00
chr12	81929	82174	245	245	82.00	268.00	195.64	215.00	47931.00
chr21	45513943	45514114	171	171	102.00	150.00	122.51	124.00	20950.00
chr3	124201630	124201747	117	117	1.00	129.00	87.36	104.00	10221.00
chr17	79805118	79805223	105	105	695.00	864.00	760.33	751.00	79835.00
chr20	46307419	46307548	129	129	37.00	48.00	41.31	41.00	5329.00
chr17	38187790	38187873	83	83	420.00	621.00	514.92	510.00	42738.00
chr2	207452814	207452878	64	64	198.00	253.00	221.80	221.50	14195.00
chr17	45695715	45695823	108	108	889.00	1041.00	955.31	954.50	103174.00
chr7	44283023	44283126	103	103	103.00	146.00	125.10	127.00	12885.00
chr20	62274975	62275284	309	309	14.00	1209.00	573.47	835.00	177201.00
chr11	108202605	108202764	159	159	128.00	208.00	168.64	168.00	26813.00
chr9	140051314	140051489	175	175	122.00	201.00	157.89	157.00	27631.00
chr22	45574118	45574781	663	663	131.00	338.00	208.76	199.00	138407.00
chr15	79312382	79312446	64	64	24.00	35.00	27.73	27.00	1775.00
chr1	21940120	21940199	79	79	122.00	146.00	136.44	138.00	10779.00
chr17	3775847	3775921	74	74	100.00	160.00	141.47	151.00	10469.00
chr7	73133931	73134019	88	88	1.00	530.00	184.81	108.00	16263.00
chr11	72292920	72292991	71	71	118.00	144.00	132.21	135.00	9387.00
chr7	43547616	43547730	114	114	189.00	257.00	222.39	227.00	25353.00
chr16	58713760	58714145	385	385	43.00	97.00	63.37	60.00	24399.00
chr22	21083600	21083794	194	194	320.00	644.00	461.47	476.00	89525.00
chr11	66457275	66457414	139	139	456.00	702.00	543.88	540.00	75600.00
chr15	91561034	91561115	81	81	89.00	126.00	104.93	104.00	8499.00
chr11	2968525	2969001	476	476	65.00	227.00	112.30	92.00	53457.00
chr19	34869838	34869910	72	72	642.00	786.00	719.49	720.50	51803.00
chr9	121970996	121971219	223	223	140.00	187.00	167.30	167.00	37309.00
chr3	47449772	47449980	208	208	70.00	318.00	213.47	248.50	44401.00
chr12	57601820	57601999	179	179	378.00	959.00	643.51	627.00	115188.00
chr16	2345590	2345741	151	151	209.00	270.00	239.13	241.00	36109.00
chr12	50471782	50471910	128	128	250.00	457.00	342.18	345.50	43799.00
chr1	109814221	109814344	123	123	485.00	618.00	560.91	561.00	68992.00
chr19	16942304	16942458	154	154	180.00	327.00	259.26	277.50	39926.00
chr11	66333301	66333398	97	97	254.00	362.00	292.40	293.00	28363.00
chr5	74026084	74026223	139	139	170.00	219.00	191.49	191.00	26617.00
chr5	68417520	68417722	202	202	128.00	242.00	193.60	199.00	39108.00
chr19	15272262	15272525	263	263	92.00	287.00	182.30	149.00	47946.00
chr3	45872404	45872482	78	78	135.00	171.00	155.24	155.50	12109.00
chr7	73123374	73123452	78	78	521.00	702.00	620.76	626.00	48419.00
chr5	14498197	14498360	163	163	594.00	829.00	728.51	738.00	118747.00
chr14	93180167	93180230	63	63	152.00	203.00	176.08	170.00	11093.00
chr9	130984739	130984875	136	136	310.00	488.00	420.38	441.50	57172.00
chr13	31216764	31216894	130	130	118.00	167.00	148.95	153.00	19364.00
chr12	112614399	112614506	107	107	194.00	538.00	452.77	443.00	48446.00
chr12	57602865	57602982	117	117	695.00	1103.00	865.21	867.00	101229.00
chr14	72976861	72976987	126	126	45.00	71.00	56.03	52.00	7060.00
chr1	155209406	155209553	147	147	90.00	152.00	110.09	101.00	16183.00
chr10	49633930	49634113	183	183	740.00	1056.00	893.23	883.00	163461.00
chr16	84100093	84100218	125	125	352.00	491.00	425.10	429.00	53138.00
chr1	155207924	155208097	173	173	99.00	233.00	142.32	144.00	24621.00
chr12	2786898	2787033	135	135	18.00	40.00	28.17	25.00	3803.00
chr2	233755457	233756197	740	740	10.00	163.00	49.91	31.00	36932.00
chr14	60631894	60632099	205	205	62.00	235.00	168.50	190.00	34542.00
chr1	11151549	11151654	105	105	360.00	428.00	394.55	394.00	41428.00
chr4	134076071	134076178	107	107	104.00	137.00	120.57	122.00	12901.00
chr15	91420364	91420441	77	77	188.00	220.00	202.53	205.00	15595.00
chr5	114961533	114961755	222	222	12.00	126.00	80.32	87.50	17831.00
chr16	1814047	1814211	164	164	22.00	520.00	219.45	258.50	35990.00
chr18	44250463	44252581	2118	2118	8.00	50.00	26.50	26.00	56117.00
chr6	158049380	158049518	138	138	27.00	58.00	43.39	45.00	5988.00
chr19	7675585	7675679	94	94	202.00	280.00	245.52	253.50	23079.00
chr13	99461604	99461719	115	115	18.00	376.00	217.88	200.00	25056.00
chr11	130010829	130011467	638	638	33.00	1682.00	242.94	86.00	154994.00
chr11	107526658	107526792	134	134	740.00	1232.00	975.14	944.50	130669.00
chr16	1391294	1391490	196	196	3.00	12.00	7.72	8.00	1513.00
chr1	38182716	38184158	1442	1442	2.00	39.00	23.49	24.00	33878.00
chr5	179231023	179231323	300	300	24.00	45.00	35.25	37.00	10576.00
chr14	69814593	69814719	126	126	111.00	145.00	131.29	131.00	16542.00
chr14	69349174	69349309	135	135	182.00	308.00	240.06	245.00	32408.00
chr19	7614792	7614998	206	206	144.00	199.00	171.98	172.00	35428.00
chr1	228270375	228270466	91	91	4.00	1794.00	568.51	248.00	51734.00
chr1	38186022	38186315	293	293	12.00	34.00	18.18	16.00	5326.00
chr13	77641715	77641999	284	284	242.00	423.00	329.76	336.00	93652.00
chr14	100157417	100157498	81	81	5.00	14.00	9.70	10.00	786.00
chr13	32978280	32979333	1053	1053	8.00	47.00	20.19	18.00	21260.00
chr12	7301567	7301794	227	227	174.00	391.00	285.78	283.00	64873.00
chr9	123583116	123583257	141	141	120.00	161.00	140.12	140.00	19757.00
chr17	26883183	26883284	101	101	134.00	225.00	169.19	157.00	17088.00
chr12	6972993	6973137	144	144	241.00	361.00	304.96	324.00	43914.00
chr20	34322310	34322637	327	327	11.00	38.00	23.39	25.00	7648.00
chr19	7606407	7606570	163	163	76.00	136.00	101.99	102.00	16624.00
chr16	2333186	2333373	187	187	41.00	291.00	219.04	226.00	40961.00
chr12	113825548	113825711	163	163	86.00	273.00	164.51	166.00	26815.00
chr7	4802013	4807749	5736	5736	18.00	392.00	95.88	81.00	549955.00
chr1	43394880	43394985	105	105	246.00	313.00	275.66	273.00	28944.00
chr19	4554399	4554488	89	89	185.00	308.00	249.81	265.00	22233.00
chr16	31719139	31719372	233	233	34.00	70.00	55.65	58.00	12966.00
chr5	134060669	134061744	1075	1075	64.00	237.00	130.09	123.00	139842.00
chr1	202936318	202936371	53	53	22.00	178.00	112.98	157.00	5988.00
chr2	220087366	220087615	249	249	153.00	231.00	184.47	185.00	45932.00
chr2	36764494	36764689	195	195	50.00	121.00	74.34	64.00	14496.00
chr7	43519208	43519343	135	135	197.00	428.00	335.16	345.00	45246.00
chr10	51249585	51249993	408	408	2.00	69.00	34.53	36.00	14090.00
chr6	32123647	32123755	108	108	266.00	327.00	289.03	284.00	31215.00
chr3	118624442	118624692	250	250	8.00	72.00	37.23	16.00	9308.00
chr1	190129797	190130020	223	223	58.00	92.00	70.79	71.00	15787.00
chr9	131004491	131004624	133	133	11.00	1062.00	790.73	875.00	105167.00
chr22	33679187	33679334	147	147	148.00	242.00	197.80	209.00	29077.00
chr15	74709931	74710016	85	85	129.00	239.00	175.69	158.00	14934.00
chr7	6470110	6470238	128	128	43.00	72.00	58.26	60.00	7457.00
chr1	6640600	6641359	759	759	48.00	133.00	90.37	91.00	68594.00
chr16	31510622	31510728	106	106	234.00	259.00	246.40	245.50	26118.00
chr4	103710287	103711803	1516	1516	9.00	40.00	24.24	24.00	36755.00
chr19	2862339	2862746	407	407	11.00	44.00	25.44	25.00	10354.00
chr2	15467873	15467994	121	121	145.00	186.00	162.67	162.00	19683.00
chr2	36780721	36781492	771	771	24.00	83.00	52.49	52.00	40466.00
chr10	81070680	81070941	261	261	400.00	722.00	562.11	579.00	146712.00
chr2	217234866	217235986	1120	1120	161.00	581.00	353.24	357.00	395624.00
chr10	93786348	93786508	160	160	176.00	448.00	308.83	328.50	49413.00
chr17	20268785	20269076	291	291	3.00	21.00	13.43	13.00	3909.00
chr9	131002006	131002062	56	56	5.00	890.00	770.09	825.00	43125.00
chr1	155208307	155208441	134	134	168.00	277.00	228.48	235.00	30616.00
chr2	162833877	162834373	496	496	11.00	476.00	59.56	26.00	29544.00
chr9	35799614	35799728	114	114	170.00	211.00	192.52	195.00	21947.00
chr20	62517856	62519234	1378	1378	28.00	303.00	120.39	116.00	165897.00
chr22	35942847	35943127	280	280	6.00	16.00	11.29	11.00	3161.00
chr13	26436438	26436546	108	108	59.00	85.00	76.94	80.00	8309.00
chr14	69371371	69371453	82	82	139.00	235.00	187.89	189.50	15407.00
chr7	44031274	44031581	307	307	22.00	120.00	81.36	95.00	24978.00
chr11	12274988	12275291	303	303	1.00	13.00	8.43	10.00	2553.00
chr5	1334403	1334498	95	95	256.00	372.00	329.85	332.00	31336.00
chr19	34868639	34868786	147	147	800.00	1170.00	995.22	1022.00	146298.00
chr16	1815960	1816143	183	183	267.00	461.00	359.73	367.00	65830.00
chr10	73578787	73578868	81	81	1946.00	2325.00	2149.44	2133.00	174105.00
chr17	37420427	37420640	213	213	84.00	138.00	104.86	102.00	22336.00
chr5	60835422	60835586	164	164	169.00	217.00	187.49	186.00	30748.00
chr15	79296143	79296517	374	374	33.00	70.00	49.79	48.00	18621.00
chr19	13039568	13039661	93	93	525.00	985.00	783.89	849.00	72902.00
chr12	49421585	49421713	128	128	226.00	371.00	297.62	291.00	38096.00
chr1	1661057	1662583	1526	1526	23.00	1366.00	416.16	315.50	635066.00
chr2	207457340	207457460	120	120	213.00	311.00	266.78	268.00	32014.00
chr11	64542462	64543441	979	979	48.00	155.00	110.41	110.00	108095.00
chr20	61910250	61910347	97	97	179.00	209.00	196.00	197.00	19012.00
chr11	62394042	62394156	114	114	500.00	713.00	580.72	567.50	66202.00
chr5	37301538	37301652	114	114	121.00	154.00	136.43	135.00	15553.00
chr16	4733843	4733933	90	90	285.00	345.00	307.71	307.00	27694.00
chr15	43693913	43694048	135	135	106.00	158.00	136.59	141.00	18440.00
chr11	18764538	18764622	84	84	98.00	155.00	129.35	135.50	10865.00
chr17	57842331	57842499	168	168	273.00	367.00	319.54	320.50	53683.00
chr9	96076729	96078064	1335	1335	79.00	243.00	139.65	130.00	186438.00
chr11	12246219	12246367	148	148	26.00	51.00	36.32	35.50	5375.00
chr12	7030743	7031565	822	822	42.00	2564.00	859.83	80.00	706777.00
chr3	14523178	14523349	171	171	37.00	138.00	95.95	90.00	16408.00
chr5	758508	759483	975	975	1.00	19.00	6.92	6.00	6743.00
chr12	22635490	22635677	187	187	318.00	387.00	352.34	350.00	65888.00
chr5	14479369	14479459	90	90	542.00	717.00	598.32	594.50	53849.00
chr6	143655214	143656079	865	865	3.00	20.00	10.18	10.00	8809.00
chr7	75508360	75508578	218	218	22.00	295.00	181.30	195.50	39523.00
chr11	60697981	60698131	150	150	466.00	628.00	536.49	524.00	80474.00
chr1	151400598	151400889	291	291	388.00	1066.00	694.88	743.00	202210.00
chr5	172196431	172197309	878	878	19.00	657.00	194.40	56.50	170681.00
chr3	49152660	49152794	134	134	175.00	275.00	220.12	223.50	29496.00
chr7	5518281	5519950	1669	1669	4.00	87.00	42.78	40.00	71401.00
chr17	16691106	16691449	343	343	1.00	37.00	10.60	6.00	3635.00
chr2	220086993	220087172	179	179	116.00	161.00	140.53	139.00	25155.00
chr10	51746916	51748006	1090	1090	20.00	361.00	137.41	108.00	149774.00
chr12	7302118	7302289	171	171	227.00	359.00	305.00	319.00	52155.00
chr11	59562844	59562955	111	111	69.00	142.00	116.50	130.00	12931.00
chr12	6100984	6101184	200	200	26.00	46.00	37.15	37.00	7429.00
chr19	5683274	5683627	353	353	39.00	164.00	97.94	96.00	34574.00
chr12	2786259	2786387	128	128	17.00	26.00	21.69	22.00	2776.00
chr15	26812727	26812880	153	153	444.00	737.00	554.93	544.00	84905.00
chr1	149007980	149008798	818	818	0.00	26.00	7.74	2.00	6328.00
chr19	54965608	54965861	253	253	237.00	759.00	484.13	475.00	122486.00
chr8	27293259	27293310	51	51	21.00	33.00	30.25	30.00	1543.00
chr15	23014437	23014528	91	91	302.00	466.00	359.86	347.00	32747.00
chr1	111717500	111717585	85	85	138.00	269.00	206.22	206.00	17529.00
chr6	150157220	150157433	213	213	120.00	219.00	176.65	181.00	37627.00
chr13	114566547	114566670	123	123	14.00	99.00	49.11	48.00	6040.00
chr16	58539291	58539605	314	314	10.00	135.00	74.04	83.00	23250.00
chr1	21936612	21936768	156	156	39.00	239.00	118.98	116.50	18561.00
chr1	17322880	17322991	111	111	257.00	439.00	355.78	398.00	39492.00
chr11	60699455	60699599	144	144	862.00	1614.00	1118.78	1007.50	161105.00
chr5	6749669	6749770	101	101	182.00	255.00	203.90	195.00	20594.00
chr16	2156805	2156949	144	144	187.00	296.00	224.16	221.00	32279.00
chr15	34690834	34690930	96	96	290.00	919.00	640.40	676.50	61478.00
chr3	11074933	11075425	492	492	39.00	244.00	92.09	55.00	45310.00
chr5	74655222	74655381	159	159	524.00	944.00	675.91	625.00	107469.00
chr20	20022968	20023160	192	192	283.00	508.00	381.86	366.00	73318.00
chr2	39055481	39055578	97	97	192.00	255.00	225.97	226.00	21919.00
chr19	16793231	16793528	297	297	15.00	38.00	24.22	25.00	7193.00
chr2	219205450	219205509	59	59	18.00	35.00	27.15	28.00	1602.00
chr17	74087429	74087729	300	300	59.00	188.00	137.62	144.00	41287.00
chr3	184058150	184060036	1886	1886	16.00	259.00	85.59	66.50	161420.00
chr6	90333128	90333263	135	135	61.00	96.00	79.33	80.00	10709.00
chr12	125267019	125267429	410	410	40.00	85.00	61.85	65.00	25359.00
chr1	207942580	207943104	524	524	90.00	573.00	426.11	478.00	223280.00
chr4	89356876	89357043	167	167	13.00	25.00	17.65	17.00	2948.00
chr7	101995498	101995736	238	238	76.00	205.00	112.27	90.50	26721.00
chr3	11067458	11067562	104	104	165.00	211.00	186.62	190.00	19408.00
chr5	95734582	95734740	158	158	11.00	17.00	14.11	14.00	2230.00
chr6	152529106	152529341	235	235	84.00	177.00	126.82	124.00	29803.00
chr5	102295578	102295763	185	185	276.00	418.00	355.44	353.00	65756.00
chr22	21072980	21073110	130	130	319.00	1026.00	661.61	728.50	86009.00
chr12	121855306	121855714	408	408	152.00	437.00	259.59	240.00	105912.00
chr1	160326389	160326544	155	155	271.00	334.00	303.17	303.00	46991.00
chr11	60670930	60671007	77	77	410.00	483.00	448.52	444.00	34536.00
chr17	79804822	79804948	126	126	789.00	1168.00	981.60	968.50	123682.00
chr16	18527204	18527332	128	128	327.00	443.00	388.94	393.00	49784.00
chr16	16372518	16372646	128	128	365.00	487.00	419.06	420.00	53640.00
chr2	32750530	32750695	165	165	151.00	188.00	170.42	169.00	28120.00
chr14	69369193	69369279	86	86	231.00	289.00	254.22	250.50	21863.00
chr7	66418212	66418356	144	144	304.00	404.00	362.80	366.00	52243.00
chr6	44107988	44108097	109	109	310.00	439.00	368.49	357.00	40165.00
chr7	70885893	70886091	198	198	71.00	243.00	134.28	94.00	26587.00
chr8	27295281	27295397	116	116	22.00	36.00	30.63	32.00	3553.00
chr7	73122918	73123018	100	100	482.00	601.00	544.98	545.50	54498.00
chr15	34698874	34699071	197	197	526.00	764.00	604.19	597.00	119026.00
chr8	22009343	22009513	170	170	0.00	3.00	0.94	0.00	159.00
chr7	1526557	1526737	180	180	68.00	247.00	151.47	152.00	27265.00
chr5	178053946	178054065	119	119	11.00	590.00	264.99	238.00	31534.00
chr12	6103027	6103369	342	342	38.00	71.00	53.25	53.00	18212.00
chr2	3479491	3480482	991	991	26.00	121.00	60.55	53.00	60006.00
chr3	33883388	33883566	178	178	381.00	597.00	510.24	521.50	90822.00
chr19	11019778	11019883	105	105	374.00	587.00	499.56	546.00	52454.00
chr7	98446205	98446318	113	113	101.00	282.00	197.22	175.00	22286.00
chr8	106813274	106813932	658	658	137.00	335.00	235.91	246.00	155231.00
chr2	223795338	223795530	192	192	345.00	576.00	430.38	427.00	82633.00
chr7	75511146	75511554	408	408	204.00	584.00	354.49	346.50	144631.00
chr21	40184926	40185038	112	112	26.00	60.00	46.21	53.00	5175.00
chr19	53383575	53385236	1661	1661	74.00	328.00	215.77	220.00	358395.00
chr19	14208130	14208295	165	165	5.00	459.00	303.28	388.00	50042.00
chr15	91461013	91461618	605	605	70.00	366.00	159.75	110.00	96650.00
chr8	145278010	145278133	123	123	28.00	55.00	41.90	45.00	5154.00
chr16	28132990	28133083	93	93	317.00	514.00	436.96	447.00	40637.00
chr11	125280091	125280221	130	130	71.00	94.00	80.95	80.00	10524.00
chr15	63128089	63128317	228	228	2.00	110.00	70.78	79.00	16138.00
chr9	131181435	131181557	122	122	0.00	19.00	13.31	13.00	1624.00
chr19	3281196	3281343	147	147	302.00	595.00	505.28	536.00	74276.00
chr11	6240200	6240280	80	80	121.00	159.00	141.26	139.00	11301.00
chr20	31019123	31019287	164	164	242.00	314.00	278.64	282.00	45697.00
chr6	46825865	46827260	1395	1395	15.00	44.00	29.11	30.00	40605.00
chr12	1672006	1672666	660	660	0.00	27.00	11.39	9.00	7518.00
chr12	9098824	9099001	177	177	176.00	279.00	230.86	229.00	40862.00
chr7	121738503	121738630	127	127	181.00	252.00	206.35	204.00	26207.00
chr19	40875814	40875935	121	121	548.00	695.00	613.84	610.00	74275.00
chr20	3581592	3581671	79	79	169.00	246.00	205.58	204.00	16241.00
chr17	7226965	7227042	77	77	151.00	211.00	194.22	203.00	14955.00
chr2	74331800	74332809	1009	1009	141.00	542.00	241.23	215.00	243400.00
chr1	209785136	209785610	474	474	2.00	41.00	21.69	22.00	10282.00
chr9	35546426	35548532	2106	2106	193.00	539.00	324.07	309.00	682483.00
chr17	80040198	80040290	92	92	681.00	851.00	767.96	774.50	70652.00
chr11	73074791	73075284	493	493	34.00	172.00	77.46	47.00	38186.00
chr20	44674976	44675075	99	99	21.00	38.00	30.29	32.00	2999.00
chr20	5892091	5892328	237	237	37.00	135.00	96.21	102.00	22802.00
chr17	20316581	20317594	1013	1013	3.00	45.00	24.34	24.00	24657.00
chr12	99478702	99478801	99	99	118.00	150.00	131.73	131.00	13041.00
chr17	40842756	40842960	204	204	5.00	21.00	13.98	16.00	2852.00
chr11	107501142	107501288	146	146	495.00	715.00	600.57	597.50	87683.00
chr11	85429236	85429532	296	296	0.00	2.00	0.44	0.00	130.00
chr20	9449217	9449319	102	102	84.00	101.00	93.82	94.00	9570.00
chr14	23371395	23371591	196	196	323.00	490.00	419.43	423.50	82209.00
chr7	716865	716957	92	92	541.00	710.00	661.21	665.50	60831.00
chr10	48862360	48862682	322	322	0.00	4.00	0.44	0.00	141.00
chr10	68686678	68688210	1532	1532	85.00	198.00	130.45	129.00	199855.00
chr5	179674854	179674926	72	72	135.00	175.00	154.36	158.00	11114.00
chr1	209773327	209773456	129	129	27.00	41.00	34.98	36.00	4513.00
chr17	45691034	45691091	57	57	904.00	1058.00	985.07	1001.00	56149.00
chr1	19669871	19670118	247	247	58.00	121.00	100.86	108.00	24913.00
chr17	45664025	45664710	685	685	32.00	952.00	222.58	137.00	152467.00
chr19	2337634	2338840	1206	1206	44.00	298.00	111.54	110.00	134513.00
chr8	22011480	22011552	72	72	2.00	4.00	2.93	3.00	211.00
